1.338957286623646610e+02 3.784712169362101122e+02 -3.903600412694920464e-03 -9.770865216746687978e-04
2.654641658671745859e+02 6.844679283166449295e+02 5.333210066108375405e-03 -6.611193482995932763e-03
2.518012764079727503e+02 4.673671530572952406e+02 -5.454257457210817499e-03 -6.071569177194224322e-03
3.214868176388211509e+02 4.719092161330791555e+02 4.689815504272503159e-04 2.996320360038865274e-03
5.692762960703009867e+02 3.827596168026086048e+02 4.576187095889877967e-04 7.812358994346307699e-03
5.623207607159785084e+02 3.820370912566399966e+02 -1.330534172443504325e-03 4.898885088125260086e-03
2.744130589052174400e+02 4.454010291149751879e+02 3.265443978377822326e-02 -1.422185738552552980e-01
2.876463715045563845e+02 6.529915648954124663e+02 6.359503695907418354e-03 2.265330513986586747e-02
8.299446054737156828e+02 4.080399739969391817e+02 3.427034706636606243e-03 -4.824556732906371253e-04
7.049956933584222725e+02 4.160081582288094637e+02 -5.160595557197549671e-02 -1.560977998453194800e-02
2.337984297656362855e+02 6.976311463267657018e+02 5.630941458143820175e-03 -2.411591819756974796e-03
3.548199024936664046e+02 9.918033423437856300e+02 1.784546269283957820e-01 5.201040297218428865e-01
3.596840306393988840e+02 9.940119892067078808e+02 1.531133716462035055e-01 5.305127509087438353e-01
3.167138119517859423e+02 9.860560157209999943e+02 1.358042590600656851e-01 4.194646514844146412e-01
3.022673794719594866e+02 9.943978494325257316e+02 1.205596675883643665e-01 4.094663493253779540e-01
3.289174771569526570e+02 9.921594024405897017e+02 1.095631466598863679e-01 4.144877696696879776e-01
3.357347153267090221e+02 9.901653665160374658e+02 1.030691540000039791e-01 4.373114177151263826e-01
3.068750351739002440e+02 1.002894023124414844e+03 1.111021560618103698e-01 4.139951787097183034e-01
3.374113729128753221e+02 1.006924366123890309e+03 6.810112497519150987e-02 4.655185113929438678e-01
3.787260367612320238e+02 1.073364973319650289e+03 4.106503485344251830e-02 3.418163964709713398e-01
3.869508845943815345e+02 1.075520831355489463e+03 5.629754691667000072e-02 2.888814137096156753e-01
3.456003321338370142e+02 1.085260690154010717e+03 6.440525451093473408e-02 3.883311565586793912e-01
3.542802472682152484e+02 1.085345905612779688e+03 7.735195850068296575e-02 3.922076055118670634e-01
6.343757727257791430e+02 8.220157714913826794e+02 -1.827176344799191169e-04 3.275545738028770408e-04
9.124018793628162030e+02 8.060195862335511947e+02 -1.481003061400932241e-04 -4.824657750370335845e-04
4.599704090819666362e+02 9.416071432638210581e+02 1.022578865379926145e-04 8.779872977039294285e-04
9.072853332490237790e+02 9.245284817695475112e+02 1.822404761392901109e-03 -2.994981391201699799e-03
9.001454547376736173e+02 9.266838288513143880e+02 -5.222733393794658577e-03 -2.272142233919967596e-03
7.073824105378540708e+02 9.930952754141029573e+02 3.567104959850187374e-03 -7.400123291734074602e-04
7.149494592085546856e+02 1.011702902673323138e+03 1.193239739376000927e-04 6.702376583509231074e-04
7.048908903624031836e+02 1.023803800290450795e+03 -9.862754591763000633e-04 1.380576280163752119e-03
9.847216957353235784e+02 8.459855757210275442e+02 3.439492665059936533e-03 -3.681398936138147258e-03
4.816178260472827333e+02 1.099044721792652354e+03 -2.447160386616428090e-04 -3.788400087664245148e-04
7.044706334889889376e+02 1.036423239376105130e+03 1.037431957386859062e-04 6.241673886146564213e-05
7.518623543495359627e+02 1.067599435934953362e+03 -3.282913145380241308e-04 -3.751080408723156509e-04
7.455365664062392170e+02 1.071419101720937761e+03 -6.715526144174387580e-04 -1.182916943061271872e-03
1.312393578669796739e+02 3.254464652073538105e+02 9.967319450770401133e-04 3.608942421186555217e-03
1.238661010982292055e+03 3.980077658698234018e+02 1.863260800377526671e-02 -3.370177007401694430e-02
8.997409344464392689e+02 1.102165396835591309e+03 3.619769051661788999e-04 -7.786724119328163095e-04
3.819617918386078372e+02 1.030558815727422598e+03 1.719686745035347575e-01 3.573921989870264548e-01
1.347282193416163523e+02 4.002261380626494542e+02 -6.641472848061181653e-04 -5.136805671668861518e-03
3.212126225009344580e+02 5.482010496887405679e+02 -6.230630337421472946e-04 -1.433448413926685606e-03
8.071986900098769411e+02 8.764923884597591268e+02 3.767038422083849973e-03 -1.836311817609754182e-03
3.064805255235816048e+02 9.719335004082938667e+02 1.731082172193459390e-01 4.101823499193297806e-01
5.636758885276788078e+02 4.582991293357219433e+02 1.048522907711744176e-03 -1.068733094262208118e-02
3.672843482529023618e+02 1.057898795605281975e+03 1.492259716858016227e-01 3.111713321880613670e-01
2.628626591853330297e+02 7.410986413894511315e+02 7.375998250694518893e-03 4.035338244428806481e-03
2.738182484954997449e+02 6.195953023088864029e+02 -1.983474774052446793e-02 2.789414182385902864e-03
4.091535407440675840e+02 1.065280438129368804e+03 -1.285838931683469695e-02 3.268910666497729274e-03
3.338605768059262573e+02 1.017647283395224690e+03 -1.549839302845590627e-01 3.711795482032066995e-01
1.008655103931096164e+03 8.158845859075210001e+02 -1.472340538130353796e-03 -6.524159140289300871e-03
4.868977429160750034e+02 4.485986037080404571e+02 6.938580899031876470e-04 1.350600131031164412e-03
2.236537051666800267e+02 7.511599884472685744e+02 -3.820321688829491063e-04 -4.380975785942168611e-03
3.175528275520492798e+02 9.526864269292343579e+02 1.262260779883698780e-01 5.727534739040900380e-01
6.022362272072991800e+02 4.352108946971185333e+02 -1.508021097834664516e-02 5.762578738247247159e-03
8.276321386219084388e+02 3.227288839180247351e+02 1.587099161056222674e-02 4.046530615641478340e-02
3.219141932288929979e+02 1.052746306476752125e+03 4.954973880511893969e-02 3.030711411693332580e-01
4.660914876814443915e+02 4.556032792379371585e+02 2.281573313561383043e-02 2.539482889350964945e-02
2.492863879284494146e+02 7.198111494569940305e+02 4.943732309025018626e-04 8.567857010304335413e-03
4.939195574561870785e+02 4.303575875843331460e+02 -3.633463872724500277e-03 3.554349662990581755e-03
1.202428193353668348e+03 2.175000274781845917e+02 -4.603968853528628974e-02 2.348589837969634192e-02
3.296124922505954373e+02 9.794344935609781260e+02 1.327658260413089319e-01 4.292132966587823839e-01
3.350337433757840131e+02 1.065452062961225238e+03 5.172117622004179793e-02 3.472473393539625142e-01
2.294162380939727370e+02 6.986546269783184471e+02 1.382924298751234300e-02 -2.068642402262880695e-02
2.600909153790963728e+02 4.266496269208347485e+02 -3.916796227157633842e-02 -1.481201601336494811e-01
9.706577730324592039e+02 8.446938863109985505e+02 1.046815830314284978e-03 1.718888174123814772e-03
1.020429441209773586e+03 8.151519509289494181e+02 1.123166580654388653e-04 -5.634324505857839574e-03
2.947820321088794344e+02 9.955021379429043691e+02 1.056513078490607105e-01 4.051121971518323317e-01
2.016613980663260008e+02 5.091063077697684207e+02 -7.423016803372910026e-03 -1.332830027437487130e-02
9.570994262695515999e+02 8.497637371147902741e+02 -1.390917878890183699e-03 9.727600062780027796e-04
8.277369433933633900e+02 3.440547731623281607e+02 6.983742168205647359e-04 9.183705644958725222e-04
5.062408637508049765e+02 4.420707680885502100e+02 4.374961926720232798e-03 2.998168130123659517e-03
1.003428013539236645e+03 8.321182393942993940e+02 -4.113682243241378010e-03 -2.167060563944106857e-02
5.089283520822670539e+02 4.558880094989765439e+02 -3.458259434192894732e-03 5.203206236315774391e-03
4.960230134420222043e+02 4.399014126785626217e+02 -3.813975237220586212e-04 1.491463348630455397e-03
2.563170166510754484e+02 7.432360086791287586e+02 4.288666064273585592e-03 -1.260080776123483938e-02
1.913991696961196567e+02 5.809993972060631222e+02 -2.335972048272050381e-03 1.571293717296891237e-03
9.847820504164376416e+02 8.248316052343690217e+02 1.804477191165073432e-03 -7.231141442958904106e-04
1.016885144566960776e+03 8.107486922263351516e+02 -3.984826458546726104e-04 -3.870787807083687741e-03
9.838798249583865072e+02 8.164863211331884258e+02 -6.534737690572001156e-03 -2.297247810977949382e-03
5.859517586641034086e+02 4.526931340844201372e+02 3.271231108097182039e-02 2.351597698498716221e-02
2.773723169162457225e+02 4.058763146649612281e+02 6.042286826178577819e-02 1.869397317249031909e-01
1.243795550073214827e+03 3.972655865999201978e+02 1.936230261203535953e-03 -5.777825904176822278e-03
1.183317003093447511e+03 2.484048272643345001e+02 7.655225430351780824e-02 9.624548269120042354e-03
2.682700291444062941e+02 4.075912631408839388e+02 8.130438809846250725e-02 1.562373677983096565e-01
2.722664218188093059e+02 6.776811890391305724e+02 1.009780168764526018e-02 9.001496989527584544e-04
2.586411908134743385e+02 4.423897822723135960e+02 -3.211281902585511744e-02 -1.198143111066667515e-01
2.601672749647832461e+02 6.131159713127923396e+02 -7.997993777391428083e-02 1.935319081968859545e-01
3.315053136860703944e+02 1.039463973165109564e+03 1.186044364470981993e-01 3.615254853354030184e-01
7.231017930054347289e+02 9.756168692705908825e+02 -9.676900641668701245e-03 5.026827713918194732e-03
9.479736966992857106e+02 8.361699817232868099e+02 -1.303112495198245971e-02 -7.280506419171147402e-03
8.085343313663365734e+02 8.809994778836567093e+02 5.269716552193401057e-03 -1.798397060444432635e-03
9.235056998809841389e+02 8.360198572191666244e+02 -1.014403869220190622e-02 6.309050872612778638e-02
5.832782181235390908e+02 4.467614317160111455e+02 -5.592473078024232623e-03 8.718224561399024602e-03
9.219197919117239053e+02 8.577789141883280308e+02 7.885273809506543330e-03 -6.257530428453071496e-03
1.175122688283169055e+03 1.438997064262549088e+02 -4.457909333221341495e-03 5.513674595827542128e-04
2.599842311032600151e+02 3.874629782115020475e+02 5.912678762722672204e-02 1.585978187489045510e-01
7.975174277160739393e+02 3.664299009996808536e+02 3.202319563275289171e-03 -9.025092798481744883e-04
9.489242224078858499e+02 8.458430726007488829e+02 -2.648571183126792981e-03 -1.437165453638152663e-03
5.313533546665848917e+02 4.815888903270521268e+02 5.037015921989043427e-04 -8.304084774493677296e-03
1.031621303102567481e+03 8.323315425912810497e+02 -5.166536682130897992e-03 -6.992158597259361867e-05
2.365252129236988026e+02 3.705729231437164799e+02 -6.255411340555186439e-02 -1.897948354141313354e-01
9.141565974500240372e+02 8.320669603806087480e+02 1.306938703966338891e-02 1.288349793300186744e-02
9.823166446559231417e+02 8.686051575551451833e+02 -1.750332398470695085e-03 4.905323100979105781e-04
2.937503003623399991e+02 4.129148726443747819e+02 3.221901931375655524e-03 -3.043171051354866003e-03
9.617534192853441937e+02 8.678567313876101252e+02 5.995380642234927372e-03 -1.403156500284446920e-03
9.764043012486163207e+02 8.644879200138982469e+02 -2.254852031571749887e-03 1.371208504301220897e-02
9.001112904075845336e+02 8.542133281229650947e+02 -1.995601873089765366e-04 2.450961369887220010e-04
9.700413451125529036e+02 8.836075020470516392e+02 9.607866687374417430e-03 4.029608272520421655e-03
3.280789403374145650e+02 5.648000615731735934e+02 7.696303955279037935e-05 -1.882755265038181525e-02
2.466547231724822495e+02 4.010293219588968441e+02 -4.221254787648690693e-02 -2.068387200871281695e-01
2.336028465491042709e+02 3.357542600709383009e+02 -5.187285954211363209e-02 -1.846954905798782465e-01
9.922101922134875167e+02 8.501304087966933594e+02 1.773402320945776170e-02 -2.397447811713481272e-02
9.665176241090913436e+02 8.737480798153907244e+02 7.676868892893721303e-04 3.440785497114030519e-03
9.569952435238327553e+02 8.623940968328851113e+02 9.380498175554712829e-04 1.020232812288443145e-03
1.964083172225346914e+02 5.716271288960170978e+02 5.150247184672318394e-03 -1.770057359010367148e-02
1.052036180189007837e+03 8.300960328309159877e+02 1.122132266566563171e-03 -9.051221218181009203e-04
2.592972781721420006e+02 3.453528179791705952e+02 1.610451171457426278e-02 1.107807544774346981e-01
1.971628562110381608e+02 5.121455630692677232e+02 2.276430935294167235e-02 3.791562162889184294e-04
5.113501954765916935e+02 4.226869972433925113e+02 -3.930590578560517502e-03 4.824568777832490690e-02
2.210580157445455427e+02 6.389346255551932927e+02 -6.498843898275605269e-02 -1.047890414790034197e-02
8.026266630259827934e+02 3.543962005431955049e+02 6.257773612687607574e-03 -5.623641080072358869e-03
3.325190703005428077e+02 9.588711549596292798e+02 2.058844166184571056e-01 5.051438397059329066e-01
8.020592576843770303e+02 3.464201619025323566e+02 4.643374905371464023e-03 -4.885022390534223165e-03
5.407197318841210745e+02 4.648118783621307557e+02 1.138276843493605389e-02 -1.671775793736310009e-02
9.426636584104197709e+02 8.725816908501278704e+02 6.558483704388396070e-03 -1.961215115921722835e-03
1.135055356899062645e+03 2.237591329633114583e+02 -6.963787383013071708e-03 1.002299916468323698e-02
1.171002400906586900e+03 2.251227204288569794e+02 3.007783897970232878e-02 -8.509865857047203743e-04
3.345834193114135360e+02 1.050822983212463214e+03 1.056027189177100728e-01 3.230621808865268285e-01
2.575976165276635470e+02 3.673786250365127444e+02 6.122248784160404939e-02 1.228847176748020936e-01
5.658518874029130075e+02 4.635530633017283435e+02 -9.054395856154959232e-03 -1.139068764542281072e-02
2.835794593795292826e+02 6.324701054276837340e+02 -9.823289277308319342e-03 3.462506245888773843e-02
1.025221086668485441e+03 8.266426924945591281e+02 -4.028017933127431283e-03 6.409259845537631497e-04
5.150476181929888071e+02 5.086541937334662862e+02 7.075541974216159428e-03 5.099518513020484534e-03
7.362750849462667020e+02 9.640187307053905670e+02 3.056145577573999433e-02 3.920677790171731014e-03
9.955359550623034011e+02 8.787794129512798236e+02 2.690147400969207969e-04 9.998449094811380500e-03
5.524268263633781544e+02 5.239318418152842014e+02 -1.018487871619126479e-03 4.951196825540236371e-04
2.096865488613147761e+02 7.006610942524021084e+02 3.819637254965451388e-03 1.780696950532337230e-02
4.713742032497185050e+02 4.363117455923635930e+02 -7.276634166513272928e-04 3.927073835519300990e-03
1.080054663869680326e+03 2.220746376413928260e+02 -1.146259327681648936e-04 -9.439165138927322132e-03
2.586465637799299202e+02 3.593005732372484999e+02 3.507859759074501149e-02 1.551394075868633982e-01
7.869153742005197500e+02 3.387901607118806169e+02 -6.425273204175675561e-05 2.655041507130653788e-03
9.445736323738801730e+02 8.589524647301177538e+02 2.267856061992839199e-03 -2.332761844593616001e-03
9.702914967391997152e+02 8.926320295538874916e+02 -1.595368634494968157e-02 -8.872337229226248331e-04
2.211829843376949327e+02 7.733739653268909251e+02 -2.865496327532293108e-01 -2.028339580060955494e-01
5.703360822999613902e+02 4.309705122047399755e+02 -1.107452572665297910e-02 -5.284906893739344056e-04
3.419416119128919718e+02 1.003944569463275911e+03 5.259267347986676389e-02 4.581082982134108139e-01
2.167834840103297722e+02 6.996012864739175257e+02 -2.871805971295489845e-04 3.676205274631017678e-03
9.265677016457804029e+02 8.397273409185362425e+02 2.842444281230713590e-03 3.732082257293219347e-04
9.705457625089597968e+02 8.233890539993140010e+02 -1.424530733384197535e-02 -5.100333132621935432e-03
1.988274550107415735e+02 7.032580428253788796e+02 -2.139383932645256507e-03 4.990956622556482446e-03
3.145311621517496405e+02 4.713769703007736211e+02 -1.215683614988717024e-03 -7.032305472018878824e-03
1.007005695825574662e+03 8.720487277183916603e+02 -7.282297927884986803e-03 -5.715532434369199194e-03
2.528432487071921457e+02 4.056486562142672483e+02 -5.978725404799400955e-02 -1.819594986315677398e-01
5.725477279992495596e+02 4.770066763318193352e+02 8.653115149835648515e-03 -7.730636143049754265e-03
5.091400484799601145e+02 4.850974389697129254e+02 1.180582459873072898e-03 4.067860272791316845e-03
4.751914229896346455e+02 4.466008868147268913e+02 -1.375308691952044013e-02 1.081204963863156843e-02
2.944445631064271538e+02 6.617823374025123258e+02 9.125279589231314811e-03 2.061171415157962705e-02
2.313698555211341557e+02 7.217965877380842130e+02 -2.296891577163218470e-02 7.078010661865675145e-03
3.299894762692350128e+02 1.025360166640081161e+03 1.000340684001889968e-01 3.843677571034533891e-01
9.014472554515040201e+02 8.590754353435943358e+02 2.897361829727427597e-03 -1.625757748287793517e-03
2.569454336501291323e+02 3.251680765969922504e+02 3.417714848473165506e-02 1.148146805424747757e-01
2.111954998449681682e+02 7.372238550514935014e+02 -1.819476633424038040e-04 5.446402879816461366e-03
7.943107238628036839e+02 3.671900851380481186e+02 1.306154367660716450e-03 -4.562421366740794515e-03
3.042342345735407321e+02 6.409868993102871855e+02 -1.021971445427965553e-03 -4.380103196924642166e-03
1.267031067199920926e+03 2.921226439252832847e+02 -3.760143921330255765e-04 -3.368794364529557883e-02
3.178593822954292705e+02 1.013762983298896415e+03 1.337011344935782886e-01 3.577173128606043750e-01
4.919011539059382585e+02 4.623835096538899734e+02 5.331881968979724704e-03 -3.032966766128727520e-03
1.271144106273168973e+03 2.967174196919014548e+02 -1.567625569085669829e-02 2.317667594743487837e-04
1.254129420934310247e+03 3.062450830295555875e+02 -2.102514803606828769e-02 -1.077538915780728093e-02
1.031438354150815258e+03 8.708846311457207321e+02 -9.093216900793670010e-03 6.324551299863598666e-03
1.002196271874699050e+03 8.158478332954736061e+02 -4.540705144535476384e-03 -2.101957255354361745e-02
2.633393688845910106e+02 3.500786863468419483e+02 3.924480722902937840e-02 9.975847118439649941e-02
1.155907849492650485e+03 1.409073898571929533e+02 -1.124570900500576317e-03 4.370018936423220035e-03
3.593482690071508046e+02 1.044923631717095077e+03 1.895376647172030415e-01 4.650416923519382073e-01
1.023650240508649972e+03 8.596104541517612461e+02 1.162438701116530297e-02 -1.780946116528835110e-02
6.203129060654470095e+02 3.945689797150413369e+02 -3.224979387442040990e-02 -8.626675104588203691e-02
3.958023652219168866e+02 1.071356297560372013e+03 1.850771509892899444e-02 5.070311081762255041e-03
9.512399319545861545e+02 8.228120254402588216e+02 -1.893189016827098291e-03 -5.310065305354895546e-04
2.433601711711477549e+02 5.001256784604182144e+02 5.344495602656706978e-03 -5.665242484259452871e-03
7.171799681524830703e+02 9.543092707899213565e+02 -7.721770562328190285e-03 -1.416393351171291691e-02
5.357466983387444088e+02 5.164196676323552992e+02 8.152113135280962541e-03 -1.704470723602258221e-03
1.115914375949369287e+03 2.367178095169333858e+02 1.798912942843902685e-02 -6.811713847106589358e-03
1.036376654176575585e+03 2.823956155986579120e+02 -1.043554392734870676e-02 2.072586848121678663e-02
4.884434179817021118e+02 4.588791527820959573e+02 5.262468403449056028e-04 -3.201533111248161621e-03
1.585856167569468482e+02 5.154949763474704696e+02 -2.103337655773040438e-01 -1.848220478180164217e-01
2.456706645150529482e+02 4.896152618549897397e+02 1.560671071139566220e-02 -4.339293134199750240e-02
2.191599752567514372e+02 7.411554885865103870e+02 -1.267620568771543783e-02 -1.745173075104872662e-03
4.241987986334766561e+02 1.073605289189769110e+03 -6.066142692390874731e-03 -4.508873056233869171e-03
2.537488680900325448e+02 4.133587394440568801e+02 -3.574520184717094179e-02 -1.921434795854516375e-01
4.952213802440167569e+02 4.726291053067628241e+02 1.222949347161847748e-03 -1.517620876633922261e-04
2.368387836435651082e+02 7.149580547938334121e+02 -3.320890378989928369e-03 -4.207590265231923865e-03
8.247360741666425383e+02 1.102270702994544308e+03 -5.267339828254863327e-05 -8.730302673903130516e-05
2.143503798576854251e+02 5.823775986532725710e+02 2.221466845830180701e-03 -9.232666873017343579e-04
3.200092539558526710e+02 6.116467135341962376e+02 -3.411164547932377111e-02 -5.653773481585495919e-02
3.368102117928008283e+02 5.625543500582153911e+02 2.872749060359881118e-03 -1.478762808120890303e-02
6.490280429059437211e+02 4.083489172116985060e+02 4.881324700885026902e-01 1.743288797733907186e-02
2.163244937302695234e+02 7.341461035919268170e+02 -5.861745665013154589e-03 -5.276595840350277455e-03
7.189177897055195672e+02 9.177730560815090257e+02 -2.971980123130595064e-02 3.292998299378939453e-02
1.105171092834785668e+03 2.985596365450606413e+02 1.855346252289852560e-01 1.512680387616074373e-01
2.498699296434747623e+02 6.578287206199023558e+02 -1.943797134164231000e-02 6.970269258795044713e-03
3.140661677325039705e+02 1.065089002791881057e+03 -3.594112418571480949e-02 1.686632977976540437e-01
2.681143625082920039e+02 3.002755641730220759e+02 1.060704698430202901e-04 -3.886134198278521495e-03
2.460980290980651546e+02 3.664593106232778723e+02 -2.536962781362187350e-02 -2.931852456021365461e-01
1.141767385834539482e+03 2.320963021184463457e+02 -1.286028814338396366e-02 7.172562099511264888e-02
2.321184226823151562e+02 3.511356917384236453e+02 -5.823336857531107719e-02 -1.750306572525926196e-01
4.015509293776479467e+02 1.092693787734554689e+03 2.636167963451144791e-01 4.022410312664593812e-01
1.961843668601010791e+02 6.768371326717370948e+02 -9.550104094497026755e-03 3.584419989993371716e-03
1.163583172544254012e+03 2.131726110001558823e+02 1.174832955375407391e-02 -1.856740329282384949e-03
2.617222638677017699e+02 6.310347040285936373e+02 -3.491390498074433725e-03 1.010421082278163858e-02
8.507179182124511954e+02 9.314861358949876831e+02 1.345675741808152943e-04 -4.270522059112697279e-04
3.182256577387706784e+02 5.400371429770538043e+02 -1.818352091292315797e-03 -4.619418693638667472e-03
2.103423395139379011e+02 5.835589456614396795e+02 2.401810506494718878e-03 -5.283760884807552939e-03
1.127466865589549798e+03 2.582724899246376822e+02 -2.197524410167864817e-01 -3.236847051200229530e-01
2.615550478407248534e+02 4.606736199012846100e+02 5.328398701569238283e-02 -1.584034733933917527e-01
5.753426777939301928e+02 4.837600152816359582e+02 -1.182494469038703139e-03 1.196828188669612093e-03
1.093083414961033895e+03 2.139854687478540143e+02 3.477410014692179641e-02 -1.577884475848797541e-01
1.138116786379699988e+03 2.433995468743000004e+02 -6.094434516714077044e-03 4.582242225089401370e-03
1.167617901227329639e+03 2.605345931662390626e+02 -1.931215849816219354e-01 -2.633154790353121610e-01
2.504133946957699095e+02 7.275010477374188440e+02 -1.650112214740388251e-03 5.864808057232481124e-04
4.451691980179189727e+02 1.094370527960470326e+03 -1.775003351502790067e-02 2.717065055704362842e-03
3.318830567053150844e+02 1.076275186130986867e+03 -2.614150323270763763e-04 3.421694491844706754e-01
6.704121946747653737e+02 4.969081598782196352e+02 9.726280597140493644e-03 -1.654951386883443676e-02
2.233568938180166299e+02 6.786276693406942968e+02 1.571963804168479019e-06 2.561235423934361821e-02
2.380741934495184466e+02 6.696785147155970890e+02 1.460669465827164025e-02 -7.538144937751273429e-03
2.637195727202956164e+02 4.234632655349755623e+02 -4.553645546934772387e-02 -1.553684343689304415e-01
7.758040463735860612e+02 4.874850380732369217e+02 9.587260012681732627e-03 -1.026805974848315692e-02
2.636112272558324889e+02 3.753394767945509329e+02 5.995337190303796915e-02 1.586288286346932142e-01
1.091732561821502941e+03 2.954317166762974693e+02 -9.154263331710678353e-02 -1.909547489051177660e-01
2.801596097189731154e+02 5.314149472074781215e+02 1.663216046939725240e-03 3.178053608358273607e-03
2.897033158211852424e+02 6.337886478452279562e+02 -1.006509595710649782e-02 2.059187067671511620e-02
1.260288382398797921e+03 1.956549028957335565e+02 -5.342736540610125298e-04 1.310862755346561001e-03
1.205236616924420105e+03 3.744284289349214419e+02 4.050478705980507278e-03 -5.955775070835425157e-03
1.077894567908477711e+03 2.907142376619418087e+02 -1.397806914296824687e-01 -2.687851701485784450e-01
4.501704825883019225e+02 1.095515562012745249e+03 -6.222035783609233817e-03 -2.860380556002256949e-02
2.406310231278166043e+02 5.064891202235359060e+02 6.738902628648650237e-03 -2.641887616755749218e-03
2.510176011424009346e+02 7.107292364009640551e+02 1.296688961318857337e-02 1.355176916965459416e-02
1.244837041262125922e+03 3.778393644782618139e+02 -6.378823137684676856e-04 6.586757280493400583e-03
7.195407223126464942e+02 9.605280939649298944e+02 1.765443115456298171e-03 -7.121453148585876920e-03
2.990969516444407077e+02 6.459742273160326249e+02 -7.728525314992494739e-03 -3.737646310228363682e-03
5.217859518758879176e+02 5.323657374338823729e+02 4.044781960497983997e-03 -3.791426081961887340e-04
4.262848859559030075e+02 1.080610141590179865e+03 -2.897361216115665393e-04 -2.851299223966454605e-03
1.146352273271673539e+03 3.565632776314214425e+02 -1.579596786909590392e-02 6.718740240458290214e-02
2.275948820881039012e+02 7.106259292123866089e+02 3.668244655260211734e-03 -2.499299884086870083e-03
1.097502474654223533e+03 3.230684490061664178e+02 -1.186283038954151908e-01 -2.139769962805908865e-01
3.773724369678936910e+02 1.047551239135863852e+03 1.689565949050159666e-01 3.934787648861536868e-01
2.002071584983152377e+02 6.869309583407198261e+02 -1.583390735196878521e-02 -1.977733777705385082e-02
2.272980625668255925e+02 3.229692872530678756e+02 -5.203674357225189506e-02 -2.258843586555918936e-01
9.705819670229763005e+02 8.295094243350035867e+02 -3.163148524597072554e-03 -3.413123554357280244e-03
2.728335365706896027e+02 4.681878563273930354e+02 6.599431394149160579e-02 -9.017898636672483370e-02
2.185733373103605857e+02 6.460830703057165465e+02 -3.841097933172256829e-03 3.261159329906604398e-02
2.567848733397062233e+02 7.178876769470016370e+02 4.461499397001996120e-04 1.910006191632653439e-03
2.540487201606747192e+02 7.228622582605399884e+02 -9.848138803168314179e-03 4.917332656927470708e-03
2.656243585525204480e+02 4.530897337744002016e+02 -1.451909543105233454e-03 -1.334182951415696650e-01
3.200808174370151278e+02 1.034738759732622839e+03 9.903325802245113718e-02 3.555512340437421703e-01
2.972405831576235187e+02 6.547976081414802820e+02 2.926839923502214461e-03 -3.699984030997328747e-03
2.352471499405522479e+02 7.101037453412367313e+02 9.641159449949502844e-03 -3.999710011325447595e-03
1.019698024108168624e+03 2.277790868043122998e+02 -3.140365660606615483e-01 -7.543000844993419385e-01
6.124834440423595652e+02 3.812136114620294620e+02 -1.314601167601848475e-01 -7.418019725886246252e-02
1.197545408259866008e+03 1.866871095289274649e+02 3.217770541341721455e-03 -5.339060416010942131e-04
2.540474642619022632e+02 7.358004352090757720e+02 8.970668245195715512e-03 2.194822707846838788e-03
1.117860141495023527e+03 1.981217931166780204e+02 3.299210765099040710e-02 -5.624003229838358230e-03
2.579899982524399888e+02 4.955286609936950413e+02 -1.386323546838560440e-02 -1.087771384333683549e-03
2.418888463215992033e+02 3.322935393526051371e+02 3.321825534427692156e-02 1.409088415669493277e-01
3.923888098967964311e+02 1.092522018683759597e+03 2.673745482943666318e-01 1.712763128373353538e-01
2.689601867488093490e+02 3.958775976834243124e+02 5.605079422415001206e-02 1.775509396346993118e-01
2.186664973173291742e+02 6.624397784545233208e+02 1.525938625323954414e-03 -9.279994052658682713e-03
8.157242869645648398e+02 3.989474357840713878e+02 -4.041303607501089794e-03 3.056508331929247424e-02
2.180532574757568796e+02 6.520423374643864918e+02 4.075765952614607279e-02 -1.500247955283553515e-02
3.976867871670209524e+02 1.054210291934707584e+03 2.632973739576526806e-01 6.393191405104696745e-01
1.177824496986462918e+03 3.749254288195881486e+02 -1.292996410149345743e-01 -2.325864168685621847e-01
2.943323938538923699e+02 6.399654220846271073e+02 -6.684168371457485311e-03 1.032002106198167887e-02
1.001808312735980508e+03 8.550663460333547619e+02 7.312308529973583250e-03 4.705856709732654172e-03
1.022344960342727063e+03 1.694153746286040416e+02 2.501866106436270026e-02 3.585043147954859732e-02
1.168527730968777860e+03 3.034673891795025042e+02 8.631975593644791375e-03 -9.232230157745715052e-03
8.672054852047322981e+01 3.142978322548177630e+02 1.080984243752186082e-03 4.554317610702672894e-03
8.316306775277623728e+02 3.203714347698729057e+02 1.820744194335452773e-02 3.526594240261744090e-02
1.160278770251275091e+03 2.706915880359289872e+02 -1.879092630348114246e-01 -2.470120061773551090e-01
4.026038340875185781e+02 1.084820424128943841e+03 2.553114641359880421e-01 5.540193243393471967e-01
1.192317573822347413e+03 2.443962571171428237e+02 7.429643811058955771e-02 2.657635965784992983e-03
1.186569039470064808e+03 3.459410738096346449e+02 1.814274394422961401e-02 -2.971713641991182153e-01
1.224555765720973568e+03 3.968413184237703604e+02 4.770665045392582376e-03 2.272372633484283572e-04
7.530835680142056390e+02 8.451009620290865314e+02 -1.035281507526660547e-03 3.603150684259864974e-04
1.122964210143264381e+03 2.207240470660157143e+02 -5.199689570699234792e-03 4.649153271129920217e-03
2.615290201484564250e+02 6.217244284858840047e+02 -6.770378198126311697e-02 2.144758304529697790e-01
2.087326361539965944e+02 7.254753341142665022e+02 -1.630024386552032453e-03 1.232973909369919352e-02
1.191833361457382352e+03 1.785452766094047092e+02 9.489966856466311787e-03 -1.960325638538755466e-02
1.209248096578278137e+03 2.220457582764112203e+02 -1.442431990488168315e-02 1.358532694225439430e-02
3.857037929194119670e+02 1.097486398171962946e+03 2.581886787746247025e-01 1.620940862605250721e-01
2.347136232353034018e+02 6.618270617679941097e+02 -2.998958963545160505e-02 1.957059208403691686e-01
2.187058448455365465e+02 6.949253186562813198e+02 3.619692551993828993e-03 -4.892297804380321344e-03
4.136613129057990363e+02 1.068384911832218904e+03 4.838011668256274669e-03 -1.578482749005836669e-02
5.497555355952322316e+02 5.131695437596154079e+02 -8.700933156809120481e-03 -2.976911967129248007e-02
1.097607400808777356e+03 3.012460849725297294e+02 -1.596287606449203755e-01 -2.424041920662929339e-01
2.620832343042477532e+02 4.387189195746350379e+02 -5.231984017426116740e-02 -1.373340670627559990e-01
1.138596995702782124e+03 1.904853368756562872e+02 2.106642578799365791e-03 1.180317349961554872e-02
8.227944301522796877e+02 3.405763343933716669e+02 -5.165685061042090374e-03 1.107088899311072482e-02
3.322155693091744411e+02 1.057174763008355967e+03 1.128495856781606410e-01 2.243584014137567362e-01
2.070288476484726630e+02 6.813799943812795163e+02 3.209759674113080857e-02 7.984146866990591423e-03
2.388856261282991227e+02 3.661067389184528906e+02 -4.767000486032117734e-02 -1.749335095067547918e-01
1.202622188070067068e+03 2.536110939206042758e+02 9.557838091558380766e-02 -6.662277998793234013e-02
1.067821395212445168e+03 1.798499895655159833e+02 -1.580102177105782366e-02 6.807804898281711800e-03
2.471205774013905625e+02 7.355993245406656342e+02 -4.181390856470585532e-03 7.005451390384250963e-04
2.443773823673220136e+02 3.918220679843134349e+02 -5.518646844596238055e-02 -2.139156208323462482e-01
1.148345776993051913e+03 1.743577848410145634e+02 -8.850648872735877512e-03 -1.276273378844525489e-03
2.124492074876758068e+02 6.799134206335011186e+02 -1.360785400290700879e-02 -3.203034146785699050e-03
1.115881622096150977e+03 3.329041045431493444e+02 -1.649663620386072338e-01 -2.131467540807810424e-01
2.757759902110508961e+02 7.010008053525174319e+02 -1.399772062634923805e-02 -9.346622662122279924e-04
3.032370506294333268e+02 5.311542889238221505e+02 1.944557474701031075e-01 -2.014410455951601009e-01
3.412992788982272145e+02 1.053838570020742281e+03 1.004324774067126280e-01 3.506061796785834295e-01
2.606836046754477820e+02 6.852533494224484230e+02 -3.542905819378827214e-03 -2.316953626577156981e-03
1.110579702058043722e+03 3.271539460798478558e+02 -1.304122070297049352e-01 -2.050348689574615635e-01
2.288349098891579843e+02 7.465298325120862728e+02 -8.348288333432846153e-03 6.383829244608176315e-04
2.904882473972601247e+02 4.969835431073073551e+02 -2.779837502682406744e-02 4.304866179062986076e-01
1.091976724977771255e+03 3.084683348068641067e+02 -1.597558664138234441e-01 -2.154845743021073512e-01
2.997514947885970287e+02 9.503226054342214866e+02 1.771157590487774380e-01 4.552001498926002143e-01
2.234176872479636415e+02 3.097911766270798353e+02 -5.190104318270785666e-02 -2.390808830780050964e-01
1.052509016566165656e+03 8.377957764217314889e+02 5.120720846020553572e-03 4.132318587357085120e-03
2.321073764825889896e+02 3.008139319869232509e+02 1.419558040127262034e-02 1.327342881592637192e-02
2.147609574952690537e+02 7.119107633134938169e+02 -3.439043257042900988e-03 5.051059091748933208e-03
3.125997558622918291e+02 1.072907823691786234e+03 5.752151846660252810e-02 2.606167517550949109e-01
2.964792781657505998e+02 5.149002196511128204e+02 1.357192232280277251e-02 1.451336299941777958e-02
1.221264713530959853e+03 2.468601136658832615e+02 -2.318177401172428001e-03 5.144548348178743305e-03
3.013010787845076379e+02 5.505557955877382028e+02 2.764090951339797653e-01 -9.178097346064011119e-02
1.038789774709394806e+03 1.693418267063594840e+02 6.648459934146584704e-02 2.727182315439757952e-03
2.988131544879535113e+02 9.641876105966081241e+02 8.495062614341206131e-02 4.714538155624234395e-01
3.071563951144179896e+02 6.190577532844419011e+02 1.350895454884615612e-02 3.822504936160141947e-02
1.160270024080757594e+03 1.696103189519505463e+02 -7.635947824858046150e-03 -5.901640269854905663e-04
1.199226547276675774e+03 2.310361613782120855e+02 -2.275596778755504916e-03 -3.772175697409324308e-03
1.265904593221767527e+03 2.037683755579034539e+02 4.294300693566196364e-04 8.504417204367448321e-04
3.269530413702958640e+02 1.061405413357579391e+03 1.196477153003242949e-01 2.443443139402821651e-01
2.538657785339376858e+02 4.839985917902686765e+02 1.565040705239872584e-02 -2.498729792732842098e-02
3.700789897815855056e+02 1.087020542166457517e+03 2.897938965703914654e-02 6.947020665153635921e-01
4.356782830005641358e+02 1.090625715607271104e+03 -4.125359690293196185e-03 -4.994956682749754785e-04
2.248324505706038678e+02 3.028646440660280064e+02 -7.164681685549956214e-02 -2.268487699812954672e-01
3.151610195609393372e+02 9.998688927973141745e+02 1.176321967919177619e-01 4.044143434812663140e-01
3.003861542399955624e+02 1.011848452367322352e+03 1.232331686241835006e-01 4.083340605453398275e-01
2.399464217334540024e+02 3.221163852315193026e+02 3.531395364194763603e-02 1.334274412642508234e-01
2.566903997922980238e+02 5.133249721476122431e+02 -7.243505879857663199e-04 -1.356969482801537435e-03
2.175335095476343952e+02 2.951481481575984844e+02 -8.456925060843112352e-02 -2.270487519495779649e-01
2.967269224313666882e+02 5.616294025064355537e+02 3.371015881085544508e-01 -9.977676646247454761e-02
1.151692002816767626e+03 1.522786267627398331e+02 1.004287723808734928e-03 -7.855530621564993377e-03
2.663820639253224272e+02 7.203179202103864327e+02 9.878900551044433528e-03 1.358562424747947889e-02
1.438102202159399781e+02 3.926775012956805426e+02 6.679463248799088169e-03 5.702051120946148577e-03
3.226709109102968114e+02 1.001078833850722958e+03 1.070889383619811619e-01 3.875371408757601888e-01
1.180960758938158506e+03 1.977118542063442703e+02 1.073406369548165172e-02 2.746294626381972151e-02
2.810271699721157574e+02 6.208765561658698289e+02 -9.684817652837431762e-03 -1.058606255408264633e-02
2.054452311528590656e+02 7.307862409521634390e+02 9.976767799985969062e-03 -9.735988245768224456e-03
5.167113977460744536e+02 4.753450165542579953e+02 -3.407595916510532640e-03 -5.637993038395745782e-02
2.718561124452730837e+02 6.710788255902275523e+02 -5.643399632948096177e-03 3.207513094200141121e-04
2.987540298566143520e+02 5.099853022686968984e+02 -1.429670144213361811e-03 7.342309913140228350e-03
2.658972969807286404e+02 6.754159234555401099e+02 -6.257327617173485306e-04 -1.786176038924037687e-02
3.246947710662520876e+02 9.504884159636104641e+02 1.292010753099890885e-01 5.308689436267748363e-01
2.701321659416334455e+02 6.976384877851237434e+02 -1.459192201286558599e-03 4.859499903047192560e-04
3.654188046831644101e+02 1.041345381566092783e+03 1.801562023413090519e-01 4.534479607945948176e-01
9.181937306644053933e+02 1.102617472759577140e+03 -1.167871671721667018e-03 -5.758089173693883530e-05
2.617483177302726176e+02 6.596489935800162812e+02 -1.942729297081656394e-03 -3.147901178159813983e-03
3.761320858130849274e+02 1.034119369680963928e+03 1.708688220218000930e-01 4.070213666833423227e-01
8.202503407307651742e+02 3.845565258687270784e+02 -1.993100969368449913e-03 -4.036424238080090409e-04
1.165348045777746847e+03 1.612595391127474613e+02 -5.224057707745585928e-03 5.467977803785441585e-03
1.093062056481773652e+03 1.565686246162383384e+02 8.929583825219836093e-04 -7.309774465196338267e-04
1.199972220214513754e+03 2.134604043411882799e+02 6.926428300380618915e-03 -4.393133989335953025e-03
2.200805497069398768e+02 7.841394447911230827e+02 -3.145206473759785681e-01 -2.866187429353289073e-01
2.236877310074620766e+02 6.595213138440411740e+02 -1.859599436115510693e-02 7.875112819255543697e-03
8.280760329917875424e+02 3.356714791784727936e+02 -5.149907899903659846e-03 1.053697834995636143e-03
1.130307260378183855e+03 2.708818983780477652e+02 -9.248470028824788691e-02 -2.122664100177082680e-01
2.678704400419428566e+02 4.689512536997145276e+02 5.964590530886247632e-02 -1.651557054880163633e-01
5.056114864894344123e+02 4.499447539832893881e+02 -4.178604450923066940e-03 2.314966828678977767e-03
1.281030535892947910e+03 3.385908872234198270e+02 4.783806164209141176e-01 7.163431318727672692e-02
2.658579020266382713e+02 6.627735919510789699e+02 1.593436281024365178e-03 -1.620095398887918398e-02
2.346970158697665170e+02 7.023055810663537386e+02 -3.822009677848107849e-03 -8.868371355137835699e-03
1.030322431053468563e+03 2.914134144703464244e+02 9.297842143316284143e-04 -2.368768461186483709e-02
2.726437148073132448e+02 6.607988575674784215e+02 -5.762189948372883723e-03 2.366085276715392330e-03
1.154571359267334856e+03 1.592575108152607015e+02 1.529262915960091394e-03 -1.287977031738743797e-02
3.793638823346777826e+02 1.085015676958714266e+03 1.187372668777702533e-01 2.240141083297415014e-01
1.238118724143064810e+03 2.914616083010595844e+02 2.802376083636457654e-02 -6.331410767717947363e-02
2.500862585002645915e+02 3.795823750756144932e+02 -6.558158521533759278e-02 -1.876634154602052906e-01
1.027462737852956934e+03 2.656657540396547574e+02 8.261084400416647891e-03 -8.085884017346681163e-03
8.245357170184145161e+02 3.312290633024299495e+02 8.402019059021182193e-03 9.288681463591602627e-03
6.964223754541283142e+02 4.217531683782366940e+02 -1.001776730316974486e-02 2.694871671037212067e-03
2.790616541154800530e+02 6.840966738152611697e+02 -7.175014793276232204e-04 -9.142067918203496124e-04
2.385038495424554128e+02 5.609901445871594206e+02 -2.202158842881740131e-01 3.101093401111538195e-01
3.499834730420708979e+02 9.719621069752628273e+02 1.870276295669493216e-01 4.570533590674641933e-01
2.746195876499141946e+02 5.242332347393584087e+02 3.823538517837737124e-03 -3.227096445673643867e-03
1.175001696142334140e+03 1.761728973119521697e+02 -2.908156363509357880e-03 1.387199888009628054e-03
2.617423145780778100e+02 4.111689691626514787e+02 -3.323955367595558125e-02 -1.821944612642776573e-01
2.400209061041063876e+02 7.406104762214060884e+02 -2.035734557976260663e-03 -3.592851699195172450e-03
3.483852603936552441e+02 1.055688452134617819e+03 7.713743742442208395e-02 3.852443550761288638e-01
2.517346017482552725e+02 3.919755716138173511e+02 -6.083253627265479413e-02 -1.909024548189981185e-01
2.289916680225215657e+02 5.827197325788544049e+02 1.419776018633011616e-01 3.761835546805198938e-01
1.140960513797535214e+03 1.489157742178024648e+02 -2.914868036680105714e-03 -8.693374827715832096e-04
2.477632272042503985e+02 3.298025170937074790e+02 -7.513364201861293980e-03 1.592158461697976146e-01
1.195506583840776557e+03 3.887545933077732343e+02 -1.648768147316615751e-01 -1.983531595647323731e-01
2.650137669110819161e+02 7.304959425424989377e+02 8.524772730211090067e-04 2.920613013454592547e-04
2.452623009050435883e+02 3.007985452120493619e+02 1.384920453124250002e-02 2.483266027939470821e-02
2.623289101469088109e+02 7.083529014658170126e+02 2.150374635604212960e-03 -1.216165101751168643e-03
8.578384385827957885e+02 1.101683813573360794e+03 1.394635486386361280e-03 -1.465898412129492843e-03
2.310548516102815029e+02 7.401594024282187547e+02 -1.249100945765540486e-03 3.406832263703342845e-03
2.242731307802169454e+02 5.732767346509739355e+02 1.640598141485657691e-01 3.616316996726416932e-01
3.512733021438368723e+02 1.014723260331142228e+03 1.393234010935607836e-01 3.839054438285732229e-01
1.402259788177052258e+02 3.898426367407200246e+02 5.989537379348359655e-03 9.874055743361987922e-03
2.139736195703676174e+02 6.673677158012829977e+02 -1.864119971002094070e-03 -1.305970151380765609e-03
7.170777259203082394e+02 8.771151047235119904e+02 7.354581697627779122e-03 -4.867944327617518101e-03
2.395518527019216037e+02 6.612327950528348310e+02 -2.335753422430244391e-02 1.854522564274259377e-01
2.668918895733228851e+02 5.714984707934031576e+02 -1.551736580568959245e-01 3.580666087838524914e-01
1.186453482579356205e+03 3.160004504141547841e+02 6.593872269020874255e-02 -2.212447416412985091e-01
1.125973793962000627e+03 2.040329995316794225e+02 -1.198897001775477101e-03 1.633893046115479641e-02
2.380670844528418399e+02 5.935945834495601048e+02 1.987163087411638329e-01 2.847024643030269253e-01
3.042907970314923318e+02 9.832207806889647372e+02 3.156894161610364069e-01 4.856449404552810045e-01
2.579691831311909596e+02 6.380984503511291450e+02 -1.430663909931836029e-02 -5.361352260354237086e-03
2.340084059147961284e+02 5.078547843380417817e+02 4.548975478796465216e-02 -3.030585712851769919e-01
1.534495779573840366e+02 5.179888207908444429e+02 -2.051697927212310091e-01 -1.695319546516670661e-01
2.498279204223899228e+02 5.070649325662818114e+02 -1.066519638377845742e-04 -3.044954886975614894e-02
9.456162777705472990e+02 8.532398833740930968e+02 -2.009980522474830947e-03 -5.596955264234854512e-04
1.090535947234768855e+03 2.055447232077537194e+02 -1.964691308038448228e-02 -1.290744388884776904e-02
1.181829450980372712e+03 2.296386561155070183e+02 -1.979619154872800865e-02 -9.916379698142187629e-03
1.000402937410170125e+03 2.238607542501898422e+02 1.092500702440819295e-02 -6.532863504242015194e-03
1.072711274222207749e+03 2.896208336415407416e+02 -2.158499487637901282e-01 -1.839812769891357724e-01
1.146160552568102503e+03 1.873251728357753905e+02 1.436087937317196469e-03 4.028064149044140348e-03
1.208910512871445462e+03 2.559837243573234105e+02 2.196214590068200183e-03 -2.734585584567475469e-03
1.110941287691069874e+03 1.703820112806212137e+02 5.335355032643476769e-02 5.700943879394580749e-02
2.397773203038723580e+02 3.490270916623053949e+02 -3.025320534407181100e-02 -1.952896824609299531e-01
3.491564007814274646e+02 1.033127827670297620e+03 1.758721373785597786e-01 4.526413627483942825e-01
1.081369672772132844e+03 2.085590292406891706e+02 -5.435673546833073855e-02 4.227257937572061197e-02
1.173837375858965515e+03 3.527877903582220256e+02 5.411292239027445938e-02 1.381368189905770871e-01
1.220242189763668421e+03 3.607518672147566576e+02 -4.081136030632109141e-02 -2.433698823051487405e-03
1.195717439207222469e+03 3.115382594257002324e+02 6.523567112502869081e-02 -2.142108036428364559e-01
2.822410475447435374e+02 6.769797988804076567e+02 -8.083278704684362242e-03 -1.416108983592872204e-03
1.056718683535163564e+03 1.908271977708825204e+02 9.801741542236016604e-04 -1.058331306068686266e-03
1.124284558903923198e+03 1.839131026493961087e+02 2.612457100322665426e-01 -3.731470290669748613e-02
2.751779834932626727e+02 4.167056543491199250e+02 3.133789787718323921e-02 1.710188991290547411e-01
1.114260013360813218e+03 1.935729949490534239e+02 2.665282922162257734e-02 7.034628724556854854e-03
1.243997448114652343e+03 2.746346343177918357e+02 -7.983751262082198694e-03 8.900131412437220155e-03
1.071871760227933009e+03 3.416648746371559469e+02 -1.002657187567446428e-01 -1.618693502980713683e-01
9.157505189837080479e+02 8.436503696322608903e+02 -1.475259829379469388e-02 2.640599173581913497e-02
1.236632635483867489e+03 2.781639604829871359e+02 1.789456537217390050e-02 6.870850774056058360e-03
1.123321626498336400e+03 3.545634711725135730e+02 -1.622401573622685444e-01 -2.510569512603321729e-01
1.189194737712070719e+03 2.287973353435711203e+02 1.400684129831992510e-03 3.347730373834261440e-03
1.178282387573020287e+03 3.085364253439190065e+02 -6.805869742328747932e-03 -1.112431616476349944e-01
1.032428960607070849e+03 2.744724223112122559e+02 9.607742408031236031e-04 -6.838958336552626062e-03
2.305663203228198483e+02 3.170078076822894673e+02 -5.587158923253388032e-02 -2.259668642229567259e-01
1.170740331942591411e+03 1.708250557586574985e+02 6.184880819107389793e-03 -6.033717488120396606e-03
2.793710421486210294e+02 6.919631674948113869e+02 -5.363715853284044786e-03 -1.577484286787180986e-02
2.619802217696637854e+02 6.966558410164622046e+02 1.069798076891609329e-02 7.042014857044777247e-04
1.079699857436718048e+03 2.768849436647194011e+02 3.088534228535050330e-01 3.129208548706387538e-01
1.000687178249925523e+03 2.267110181275119487e+02 -1.146604172416654417e-02 -3.145473553867403631e-05
1.772756581658068455e+02 5.461539467279134215e+02 -2.507300652284032427e-01 -3.066423524699379288e-01
3.488910422379049123e+02 1.066904654438556918e+03 1.936973293993565770e-01 1.792770710783113119e-01
1.147784398209201754e+03 2.879131721066709133e+02 -9.977452852746576673e-02 -1.220236981248951774e-01
1.861747554117268635e+02 5.740897886144833819e+02 -4.727954956853699930e-03 -5.214126537553191547e-03
1.303832919369520141e+03 3.453123707954277961e+02 3.845912868732041523e-01 1.151665588304015206e-02
1.194646287893148838e+03 2.273082369701979530e+02 9.835527920550152757e-04 3.017825025940318925e-03
1.173474555885316249e+03 3.149235651020323985e+02 -1.012933551621497154e-02 -3.823923816061817332e-02
2.531623198925404949e+02 4.245601234133043818e+02 -5.092641054219900626e-02 -1.602282588811257125e-01
1.183162374654855967e+03 3.349377630924609548e+02 5.530795861234242411e-02 -2.529229702174964900e-01
2.323501870559516078e+02 5.975710376030748421e+02 1.860002311425578980e-01 2.750034967128671681e-01
1.206156314378748675e+03 2.382967168430745346e+02 2.020909505155923588e-02 2.324232151531895052e-02
1.147572130104956159e+03 1.667977727958195260e+02 8.413994529735303526e-03 8.585365129885509650e-02
3.162483294377575476e+02 1.020959610239521226e+03 1.565763953135169695e-01 3.803268585190869300e-01
2.768680324330451867e+02 4.573522876704128066e+02 -2.358249291947317125e-02 -1.404999610827407097e-01
1.102391737879040420e+03 1.826699411197563734e+02 2.760104001656217554e-02 1.276010523056173851e-01
2.890565109386795370e+02 9.473512080449247605e+02 1.360752169847011528e-01 5.897193503399092984e-01
1.174889850512689691e+03 1.926072386119827229e+02 -1.298021482531148182e-03 1.004006203421320409e-02
2.104043860530880181e+02 6.444845616074394457e+02 -1.953647813392047142e-02 4.151993822407316903e-02
2.409790612949037438e+02 3.587406197171544591e+02 -7.596886079471068531e-02 -2.067459460940448135e-01
1.101128432580909703e+03 2.310142257317461656e+02 -1.988418510093129671e-02 2.361192414812650353e-02
1.171215563228207657e+03 2.130695120354457686e+02 3.647547650778974054e-02 -1.940540965503910475e-02
2.466914212012992778e+02 6.932043964790578912e+02 -4.637849727348532410e-03 -1.048111482762101570e-03
1.169172268222729144e+03 2.532126719053966610e+02 7.611567133409098684e-02 2.744521200150140325e-02
1.008195746242381574e+03 9.275015721590840485e+02 -9.101512561782967772e-04 -4.568802847690658616e-04
2.501390711120843662e+02 3.629821621492886266e+02 7.677501610932647991e-02 1.735962875824360596e-01
2.731345179710304478e+02 6.538207098527246899e+02 -2.001097788105189474e-03 1.142534089097415988e-02
2.908221133096125754e+02 6.481947988101302371e+02 1.911830143919161958e-03 9.439666123331100743e-04
1.114449631908684751e+03 2.242471471010183279e+02 -2.924979875875929891e-02 7.043558939690627851e-02
1.133859379724599876e+03 2.082929971183927478e+02 2.472237333234594478e-02 2.604194997461558442e-02
5.040824904455326418e+02 4.689158555598433509e+02 1.499534456990326073e-03 3.331140819746492270e-03
5.273366160953667077e+02 4.759558321563316667e+02 -2.398169290882374519e-03 -4.184172403210937620e-03
4.402459533281511312e+02 1.084853629339705776e+03 -4.812498235683299388e-03 1.261524427716289882e-03
1.155937906814889402e+03 3.676734047183576877e+02 -6.432892158980367536e-02 1.271544321138385891e-01
2.688146645790423008e+02 6.389062394926543220e+02 -3.953237410252142224e-03 3.913714447331712032e-03
1.120958027928730189e+03 3.359977648991226147e+02 -1.722079285406614424e-01 -2.534900472838944041e-01
2.195932252810155205e+02 5.964738384518341263e+02 2.175009644151544852e-01 -3.348699817184799254e-01
1.060048737832978532e+03 2.539118392963838176e+02 2.702080680200161233e-01 3.401621423389860621e-01
8.235608545737646864e+02 3.784495307067058434e+02 2.487698101266561535e-03 1.000922028314301217e-03
1.244339009785615190e+03 4.226268118850741757e+02 3.663473248798277404e-01 -9.444956203925404525e-02
2.830402014682417757e+02 4.416642149809581497e+02 1.286724452916442052e-01 2.649759341052371764e-01
1.280073187876946122e+03 3.726355971399585769e+02 8.307006774290616295e-05 7.955816908377929403e-03
2.275021242675821611e+02 7.832496247700029244e+02 2.670392596678904801e-02 1.241324776277003689e-01
1.002137535219723873e+03 8.652582491703077494e+02 7.353632096316804062e-03 -1.487533630002457925e-02
2.284917969495844829e+02 6.882071541683014857e+02 9.004882963005297544e-03 2.049870296613704162e-03
2.789134026248626697e+02 9.403701634781504026e+02 1.808228370489804449e-01 5.370900538521559131e-01
9.225828267709553074e+02 8.642148086290694664e+02 -3.592066170505526027e-03 -4.948658891479870703e-03
1.247199162247568438e+03 3.086896287065384286e+02 -8.464321980580839094e-03 -1.104872741521574324e-02
3.722437632699765118e+02 1.072993694559119376e+03 -5.812652321822155133e-02 5.891416216799750805e-01
1.174136497790641215e+03 2.122845746216543148e+02 9.765598390190867797e-03 -5.597180586882962577e-03
1.223413726991386739e+03 3.398566317854626959e+02 3.675909969396150001e-01 -1.595967189528843533e-01
2.403965956975413576e+02 6.765180188087960005e+02 -4.319618543429768094e-03 -1.274558899932470499e-02
1.081614079267471880e+03 1.673695925437163794e+02 3.328776301847514996e-02 7.066783228044658249e-02
2.709222708056201441e+02 4.602986694302753676e+02 -1.730818235278835937e-02 -1.349432240106665792e-01
1.159491283704610396e+03 1.986165249988746382e+02 4.688876463543499400e-03 2.896293626541605361e-03
2.187241572788281587e+02 6.013534114658535827e+02 2.294553151556492088e-01 -3.824424436648467540e-01
2.129094787214089877e+02 7.611908166454414868e+02 -3.644191801644073303e-01 -1.622954330360802389e-01
1.154576088014329571e+03 3.261478765593729463e+02 1.364699766500435396e-01 1.930984583890561768e-02
2.294746623760582906e+02 6.502091168454287526e+02 -2.923862884964614425e-02 1.731147779197938358e-02
1.945355133798592533e+02 6.603617266855968637e+02 -3.474555680506023481e-01 3.516303680458311431e-01
3.724555303149402903e+02 9.702861490879713529e+02 -1.496712025929769312e-02 -1.915837385239467375e-03
9.200526724540095529e+02 1.102548171799781358e+03 -5.262679288548362212e-04 5.363576767199401771e-04
2.503585749677029355e+02 5.345609694596167856e+02 1.790258050764919062e-01 -3.322293227224600853e-01
1.157120258225268799e+03 2.099446439426854454e+02 6.420962936664353395e-03 -4.038739216568753426e-02
2.780909291251717832e+02 6.591621652525176387e+02 -5.126683043808142595e-04 -3.481088235145248996e-03
1.127985281093386675e+03 3.266218722832234675e+02 1.847023807978066465e-02 5.899097640513509266e-03
1.147580491725902220e+03 2.194608841585317407e+02 2.732752496364477049e-02 2.111486206463679752e-02
2.210803580530068473e+02 6.975115875985557068e+02 -4.060211234729541561e-03 -1.051400283799493705e-02
1.035532020761475678e+03 2.954073362398274867e+02 -3.837830083540832993e-02 -6.433192938880321482e-03
2.502679657935062210e+02 7.616426877981373309e+02 3.388318654364443072e-02 1.043015857327204629e-02
1.140323079064750118e+03 3.125713306166273355e+02 8.026406081810116833e-02 9.177063152630675347e-02
2.273377244517461975e+02 7.307827581958205201e+02 -1.211706420185905929e-03 -1.962681400221632827e-04
2.592112444406705549e+02 5.426811246262041095e+02 -2.719023037025406486e-01 5.134073025907951449e-01
2.114635203893291475e+02 5.297768968780335399e+02 2.232509902355123421e-01 2.088979520046291838e-01
9.840021232674602061e+02 2.004947540108780686e+02 -2.508917955849775897e-03 9.365775424879417901e-03
3.262183376732172064e+02 1.027393790290959942e+03 1.327310856960783048e-01 3.716055652242767904e-01
1.163629825671401477e+03 1.877599872788944424e+02 -3.582562486833399621e-03 4.259391376968938228e-03
3.058974281415391374e+02 6.289734542562569004e+02 2.245198690584323392e-02 1.475639707083394904e-02
1.221921949509854585e+03 3.715605797503276335e+02 -2.879367006781955590e-02 7.432461951487082281e-03
2.439195075064111506e+02 7.011141520648342293e+02 -1.762338540506710322e-02 6.717691025295436345e-03
1.251691018981016441e+03 2.503682073107637223e+02 -2.006228475524363900e-03 -1.543624782848135313e-02
2.484278652871146846e+02 5.305966280352969306e+02 4.281682597779774835e-02 -7.794175544689430080e-02
1.955998409664059352e+02 5.239016266881811816e+02 1.193555532300556860e-01 2.208101511798742089e-01
1.039022912204206705e+03 1.743546677775979674e+02 -3.512979449608495241e-03 2.144598226607060884e-02
1.050600613889444503e+03 1.855798659165151037e+02 -3.996438889875081335e-03 7.022827234974352191e-03
3.154566387964474643e+02 9.652590059020230910e+02 1.684519867958245709e-01 4.217365957279904376e-01
1.035232531461292183e+03 2.877743528731693345e+02 -2.241015538134834631e-02 8.761367106348918760e-04
2.491493230388666689e+02 6.808357903572415353e+02 -6.179575688204047221e-03 -7.642784280773916826e-03
2.250937675290588516e+02 5.210898381168886999e+02 3.809355642803546327e-01 4.507210492596245427e-02
1.306051440011628301e+03 3.519835234347000892e+02 2.417338087145821102e-01 7.706877566490596965e-02
2.720843084706622221e+02 7.168347127840177109e+02 -1.112428349270741523e-02 -1.535630712588625588e-02
2.583173645154923861e+02 5.667730521375655144e+02 -7.359780680759896165e-02 3.412911440156546350e-01
1.059830583374156959e+03 2.887517633336991594e+02 2.683625177976162266e-03 -1.166495793118221824e-02
6.167626780496437959e+02 5.572272313306225442e+02 4.346148399983940785e-02 2.251940491484195062e-01
2.842770957859846135e+02 6.716229840646211642e+02 -3.384631790051215779e-03 -5.543648548313745081e-03
2.906643338455686489e+02 9.707764123608127420e+02 1.636124770846471010e-01 5.284380921189096858e-01
2.524162280427999860e+02 6.430077559972631889e+02 -1.348651356905472033e-02 1.962931267222653431e-02
1.846578103898122265e+02 5.307067384756994670e+02 1.617415217577627129e-01 8.463606944464779902e-02
1.102363422895966551e+03 2.127221753036267842e+02 -8.853760789924587996e-03 1.494786902939006581e-02
9.631790177244200777e+02 8.574025158634149193e+02 9.393863177921398877e-04 -5.393238441377767520e-03
1.043467010068788568e+03 1.814947000514776505e+02 1.271195109239165941e-02 2.403554208796668777e-03
3.065837307167263361e+02 9.452156051420847689e+02 1.678306712574790249e-01 4.759784603525358260e-01
2.725572209637174410e+02 4.140941206102202727e+02 6.935179026707335992e-02 2.071534119964715814e-01
2.493939692155519197e+02 5.182308150005939069e+02 1.585082287532295353e-01 -6.511509483819209743e-02
1.186169091648229596e+03 2.574297452642104531e+02 8.334791108806559323e-02 1.079506082591632013e-02
2.831747628754498010e+02 5.429133843671380646e+02 -5.565582081695619188e-02 3.693133892485421788e-01
3.171940932394507513e+02 5.354616296006612401e+02 1.963828353439675024e-03 4.502944535164319154e-03
1.189553100618715689e+03 2.137589696401060451e+02 3.068134284727546800e-03 6.955138977417112123e-02
1.121817639573982660e+03 3.163789188837401980e+02 3.235086212314647325e-02 3.152754266021601248e-02
1.170059948400237090e+03 1.588312562985033196e+02 1.042312503957396226e-02 -3.458267682673024992e-03
9.291618582939085513e+01 3.684709458752427622e+02 -2.245587421338207657e-01 -2.322221662327176028e-01
1.678483747764473435e+02 5.734936181617083548e+02 -1.248932622200168985e-01 4.991472266095966365e-02
2.829894685660948994e+02 6.504833184693051180e+02 7.428682411685231732e-03 1.195537624636526172e-02
1.203199735539046060e+03 3.633857941645440519e+02 -3.142520948239336653e-03 -1.238350148184682101e-02
2.487937098611731130e+02 4.075447379404572530e+02 -5.444210234352514499e-02 -1.872006693310391823e-01
1.054882281142583452e+03 2.042911250783449475e+02 -2.241326144039613652e-03 3.456549146485125628e-04
1.120307402674847935e+03 2.853586750912336356e+02 -3.227863625803874537e-01 -2.532205064600540623e-01
1.264116497121066516e+02 4.367565050761636485e+02 2.015932793947942947e-01 3.573404496994667667e-01
1.047643436025594156e+03 1.754626497208664659e+02 -4.730209100610562392e-03 8.237844653032682860e-03
2.022612289519258297e+02 6.418356607382337415e+02 -2.169761225381480474e-01 4.686183803981255336e-01
1.971489544635725508e+02 6.369038287996620511e+02 6.990984263176593105e-02 -2.716333752932150181e-01
3.420043576603551969e+02 1.073996414672795026e+03 1.836226555751934997e-01 1.516660592704751898e-01
4.931456897606429379e+02 4.722793430137871837e+02 9.900378251247708445e-04 -6.475820159288118473e-03
2.640829433333091174e+02 3.850712897835869626e+02 6.692823553357969690e-02 1.501930578393717297e-01
1.215715968840267351e+03 3.470264900097647569e+02 1.019442121287081338e-01 -2.610176287896367672e-02
1.801873125235152600e+02 5.664433769938017349e+02 -7.879088321637661707e-02 3.122346355112403174e-02
1.847094613578411213e+02 5.266920514624706584e+02 1.701022083008439656e-01 9.535233933095443870e-02
3.054717461900410740e+02 1.025733925419793877e+03 1.537790410368854999e-01 3.489321741564904711e-01
1.178609283830429604e+03 2.128679745140403554e+02 -3.533772821054587294e-03 1.067197244905730875e-02
1.152923399079257479e+03 3.306045496500977379e+02 2.219158392226475499e-02 4.545498747175390208e-02
1.102877278605026277e+03 2.911327385729214825e+02 2.444564502254774341e-01 -1.174848132176124910e-01
1.211496076750815973e+03 3.922006948890319222e+02 1.608849637581767286e-02 -3.725477063778275671e-02
2.566635848911379867e+02 7.142311615650686463e+02 -3.825865010610144182e-03 6.444433861858696669e-03
2.797365960333285102e+02 9.610258345340603228e+02 1.379071013037184157e-01 5.185503083587454931e-01
3.488066202404585283e+02 1.095919114214220144e+03 -3.842650318111761470e-02 4.010710559737883374e-01
1.060481517952156167e+02 3.891280201111993051e+02 -1.733356841912802038e-01 -2.768503818591276366e-01
5.675178040981456888e+02 4.246701743304732872e+02 -2.741947511204369595e-02 4.979904301799454626e-03
1.122202289204270755e+03 1.616370790746035482e+02 1.162873459569718632e-01 9.635703650886003058e-02
1.176582506637948200e+03 2.418515066614026523e+02 5.798668762871568572e-02 -3.989207810748201036e-03
3.431739077926251866e+02 1.097588096789297424e+03 -3.162658774321714522e-02 3.971932563018112372e-01
1.106516470109332658e+03 3.407437018530624755e+02 -1.537142561013265796e-01 -2.574396507893078612e-01
1.128626421166601403e+03 1.685980505908571274e+02 5.548107452841127482e-03 -6.631919415657241273e-03
3.143280891330924760e+02 5.049508557649425029e+02 3.089906483071366144e-02 -1.814355523416871178e-03
6.058566566435043796e+02 4.391444719629505471e+02 -7.182324711386559382e-03 4.819107814939505192e-03
4.630914455325178665e+02 4.527429289495797207e+02 7.096367968203329268e-03 7.671429759811713989e-03
1.022239299480482941e+03 2.395649728756533250e+02 -1.027749164952840820e-02 2.661250099150168965e-03
1.110365413137825954e+03 3.049520283587745553e+02 1.543102740612120882e-01 2.209657767243090043e-01
1.157743477917013024e+03 1.922160779311576277e+02 -1.354841599444544901e-02 1.221346709536954081e-02
1.250647982497683870e+03 3.243897029850747913e+02 3.670569435605152142e-01 5.937860342763567195e-02
2.147876884018043597e+02 2.934016805193338655e+02 -7.085132195521652576e-02 -2.558079190824832927e-01
1.038540427299177054e+03 2.220101882744211821e+02 1.876445976056908826e-01 3.269673413542255602e-01
8.816603501714927233e+02 1.100607184791922919e+03 1.891308630414605899e-04 3.226206771556138332e-04
2.901900639937622941e+02 5.304623149960497130e+02 -2.441895347737898375e-02 3.463689345013377108e-01
2.753367552362820447e+02 4.273979953607242805e+02 1.099181454285850096e-01 2.869046432420605530e-01
1.131758603744556012e+03 3.025157946241203604e+02 8.812339694495811837e-02 1.645433540599971767e-01
3.119398519981510276e+02 4.968865995733086720e+02 2.279586272008335066e-02 2.240368199786284265e-03
1.113828842731861641e+03 3.462799932028665353e+02 -1.861144384638081795e-01 -2.419919172497906057e-01
1.018163679766565565e+03 2.524473109153254029e+02 -2.588816084820372981e-02 1.388427909582906107e-02
1.110245085932955135e+03 2.333654403347099162e+02 1.528915239208403784e-03 -3.121753641798448269e-03
3.061535756286710352e+02 4.586980505117170992e+02 5.921516877633914260e-03 -1.242347235439852059e-03
2.349265234280007633e+02 7.780187329889151897e+02 4.154990899397092291e-02 -2.806612431146785977e-02
2.857266754021688371e+02 9.552550536674700652e+02 1.459254698699448405e-01 5.790455727828603960e-01
1.514956251279448907e+02 4.546406267211808085e+02 2.629942306222040477e-03 2.214347950535459995e-03
8.177537319471960018e+02 3.334304968248952150e+02 -2.164118838276755247e-02 -2.151486415947498343e-02
1.115344405218453176e+03 2.104774940415769606e+02 8.400752051676982357e-02 -8.104581825072687540e-02
2.306168295260949890e+02 6.318902587304246481e+02 -7.957726439250611961e-02 3.356761323972486943e-01
1.064151945591397634e+03 2.138886288325677469e+02 1.169283949075134409e-02 -4.321654686792315847e-02
1.204863145111343556e+03 2.563383918476981194e+02 -6.557630872831927450e-03 4.078113456577794199e-02
1.718128303690477594e+02 5.542618340957906184e+02 -3.186575989582277613e-01 -1.522822993381159895e-01
1.182295508536527677e+03 3.380014134222221855e+02 2.555001326506255860e-02 -3.241323885832939067e-01
2.479967110747051890e+02 3.540985487488643457e+02 6.624553896819740384e-02 2.201876905284221309e-01
1.129604093688499006e+03 2.197074362088426085e+02 2.176493090735558480e-02 -6.567497900942700917e-02
1.267633497263894014e+03 2.611547691936990532e+02 -5.818053835424048109e-02 2.216564535602529723e-02
4.085481944460808563e+02 1.098502926436620783e+03 2.917781501675230094e-01 3.885312738349408664e-03
1.092128867503397714e+03 3.150681273345148838e+02 -1.651618918458372665e-01 -2.075783495247468524e-01
1.093044546303671495e+03 1.822355527920577742e+02 9.729243693503590584e-02 1.461746834303031053e-02
2.310598614574609257e+02 7.351004232017231743e+02 -5.472522453599444094e-03 -2.775051987160253881e-03
9.416921214489460681e+02 8.510217263480507199e+02 1.179341922114746305e-03 6.707640907820004239e-04
2.322786378219930157e+02 7.148166113110473816e+02 1.548087536925980097e-03 -1.683118272085671859e-03
1.998983269565305534e+02 7.217070610572634450e+02 -2.410377647905333556e-03 -5.479535109838487052e-03
2.907274276091552565e+02 6.635087011630826055e+02 -6.772753107289681326e-04 1.283183003194590319e-02
2.570795213495511575e+02 7.044994076419141038e+02 9.234751963257023868e-03 -7.941422801670594339e-04
1.073128265561849872e+02 3.823550130946173340e+02 -2.119990318005133823e-01 -2.926681478236692890e-01
1.157724768192828378e+03 3.376194623518473463e+02 1.960969734726417946e-01 -1.220262208889418692e-01
1.832543696634473918e+02 5.359409233530218444e+02 -3.641513308183017550e-01 2.531871459201274696e-02
1.066149948918237669e+03 2.839467517481914456e+02 -1.282927989577188621e-01 -1.304402813175841447e-01
1.128311945800052627e+03 3.113629624539254337e+02 4.855199761598642111e-02 3.411927886780982688e-02
2.134406065984192935e+02 6.335063872078400209e+02 -3.702605767438642004e-01 4.054459536949225895e-01
2.388180838390532585e+02 6.419618962410019094e+02 -2.490106433900898530e-01 3.760115920130541189e-01
1.132165862431535288e+03 1.823290746080243991e+02 -1.568290202393348570e-02 -1.244992516975717937e-02
2.009935363148241834e+02 6.033000061346195935e+02 2.008206542608926004e-01 -4.192958504107314188e-01
1.913880009113317726e+02 6.473441131895967828e+02 4.870054047598126878e-02 -2.849437506082360128e-01
1.393171000333537677e+02 3.977880602506145351e+02 -8.354500137386366987e-04 1.651724393115169788e-03
1.086674837368036378e+03 1.946914710525127248e+02 7.628042982926419580e-02 4.331802421861432467e-02
2.842164562957166254e+02 4.717724708598484540e+02 6.582586603973661354e-02 3.877118952922656292e-01
1.226120135251473329e+02 4.445221595322551593e+02 2.151647943824370190e-01 3.719871977203094704e-01
1.128879270460906355e+03 2.377326728114240098e+02 -4.067154167066994175e-02 7.128612199427313001e-02
1.204118330012701790e+03 3.281883083175675893e+02 3.384841599297735426e-01 2.850298169401666581e-01
3.608356784562179769e+02 1.058596826999135601e+03 1.580210382291382110e-01 2.779295197705557441e-01
1.157948732687841584e+03 2.493138044176966446e+02 4.211576030276080462e-02 2.761691211509399724e-02
2.192622049198817820e+02 6.174927096289953852e+02 -4.839621694929414075e-01 4.180353510230834235e-01
1.124443732444885427e+03 3.053215339146195788e+02 8.450692814193923319e-02 1.293144744360124609e-01
1.229158297674403912e+03 4.080341604822751265e+02 1.079097661224120153e-01 -5.299305032799780241e-02
1.130245483403355593e+03 2.312036869367064469e+02 9.451974303666958732e-02 1.639447513905550602e-01
1.180022164869446442e+03 3.957720701116358555e+02 1.701198823376793082e-02 7.413784876584851233e-03
1.129492830880659085e+03 2.874592475735206563e+02 -2.461643665029252526e-01 -3.586421527234862072e-01
8.554876769078257439e+02 1.101631514774686366e+03 -3.666277967739114550e-04 -1.374343584858603263e-03
1.206342046941638728e+03 2.062504742101197337e+02 2.994881415728255225e-03 -1.836783386205288488e-03
1.065313628098896515e+03 2.259718809308222660e+02 -2.936273443097632274e-01 -1.927845667846865285e-01
1.162486984395128047e+03 2.947041956284830917e+02 -2.250139253858761401e-02 -1.254252096345589707e-01
1.171728351401478903e+03 3.439107614978942706e+02 1.515486823723874998e-01 3.897854489846428599e-02
1.203796267466691688e+03 2.021583735001688922e+02 3.270586237281349756e-03 -5.763469043369013473e-03
1.201496730559047819e+03 3.724272343761754769e+02 -8.430530780833578666e-03 5.699680637098936044e-04
1.096867258375109031e+03 2.158229244884501554e+02 7.682101311871167293e-02 -1.132188819792404738e-01
1.207376673151504292e+03 3.549028665182344184e+02 -9.056210979888047741e-03 6.274211338258775181e-03
2.426554423874058841e+02 3.746307121006340708e+02 -2.255322068494535273e-02 -1.703336859325782493e-01
2.745000523528121903e+02 4.908670368240333346e+02 -6.601774899060960933e-02 3.761952110473650857e-01
2.568095192004877845e+02 5.309060063542572152e+02 -2.780751262595119733e-01 3.981354306587609471e-01
1.097239880657950607e+03 2.489772218994299351e+02 7.913524407808601724e-02 1.196040887336790627e-02
1.977351964784467100e+02 6.050646030678742591e+02 2.325093153620379494e-01 -4.029927360758751576e-01
1.076045298494749204e+03 2.094670466789948762e+02 2.096951694487832803e-03 -1.061289013049056783e-02
1.068093645048418466e+03 2.350025672212343864e+02 1.098579966371744376e-01 5.018893056681061893e-02
1.213858701286806081e+03 2.803332917079282538e+02 1.097238817103611021e-02 1.768495733253535110e-02
1.225752076285842577e+03 2.941661156665859380e+02 -1.023993461208192457e-01 -2.045101101726013934e-02
2.573727955659227860e+02 6.491818154769487137e+02 -6.789340769804456943e-02 5.045232206324357094e-02
1.200846556065617733e+03 3.846179737389538218e+02 -6.981682434481259469e-03 -1.987844884291024294e-01
1.082848164323385390e+03 2.294963486163760251e+02 -7.997129428809380972e-04 6.653714903023910665e-02
1.134323679610868339e+03 3.312187776467307003e+02 6.031431344312194326e-02 4.059260369326630341e-02
1.190419706593150750e+03 3.697993055234992426e+02 -9.697761426447565336e-02 1.062710186575095139e-01
1.063991986225976007e+03 2.907143774783045842e+02 -7.879443981187506107e-02 -1.256021675793117798e-01
1.128149714200944118e+03 3.536027033739412104e+02 -1.414345772167165394e-01 -2.767943677126165070e-01
2.205216418298673773e+02 6.866331455673655455e+02 -7.586250138882952299e-02 2.270388694129262322e-02
2.356117043943256419e+02 3.664075842741278279e+02 -2.809198508277637243e-02 -1.103724120395263159e-01
1.009801244680722561e+03 8.372379353011740477e+02 -8.530492674807824615e-04 2.358550342117676692e-03
1.118774458116843789e+03 2.549386351498117165e+02 -2.609263152836256358e-03 1.668273015560715888e-01
2.229124933697174811e+02 2.935512797127802855e+02 -7.616139663092352796e-02 -2.840358736055149658e-01
1.206603613870146319e+03 3.859596632999483177e+02 1.057369613360392355e-02 -4.110800009531136471e-04
3.240219074199334273e+02 1.037225694569240204e+03 1.117068111005183328e-01 3.542262200856786114e-01
3.079783554371062451e+02 9.617361923636915435e+02 1.061437132308431369e-01 4.802019770395459242e-01
2.792978436174351486e+02 4.928909277555267181e+02 -8.134522645567045240e-02 3.745932320257161496e-01
3.233922570401562666e+02 4.803438708500850680e+02 -4.417107651897960938e-03 -5.888203619523077470e-02
1.101776706981218695e+03 1.954800073537176957e+02 2.173016717172619738e-02 1.242406836437648238e-01
1.193066857809691555e+03 1.842376841518624815e+02 -3.332187234416490468e-03 -6.334415360652305427e-02
2.010135460488115484e+02 5.391716014019276599e+02 -3.309764312541920717e-01 3.718248464388153318e-02
2.400850800163895542e+02 7.050001559184753432e+02 8.727337964367413124e-04 2.511062115269585213e-02
1.155779741230083118e+03 1.673774682734327541e+02 8.594531553985745170e-03 -1.360632606335027833e-02
2.550150610866139402e+02 6.704425985206936502e+02 -2.077841754275012217e-03 -2.779526446998255643e-02
3.213257703697703960e+02 1.078819975469528117e+03 6.359095427756228380e-02 2.522601320833226524e-01
3.192539450036386484e+02 1.095185962589328938e+03 -1.252590590966373750e-03 -1.269733821811067608e-02
1.189878144486277051e+03 3.850178077954794844e+02 3.353886835231858869e-03 5.734546731360259247e-02
2.464289369325568373e+02 3.881839382233958418e+02 -1.250345015109589064e-01 -2.331950439238717476e-01
1.125401535616479350e+03 1.855728261075819034e+02 1.763502785162274558e-02 2.789084200360328336e-02
1.071482521102266674e+03 1.920895897951833149e+02 7.245076043490464301e-03 -7.874113635349015705e-02
1.075562797987574413e+03 2.033736685568918290e+02 6.561806116620480522e-03 1.066666452125712879e-02
1.226117424134973362e+03 2.658826929535340469e+02 -6.994169360378831024e-02 3.353843780630919730e-02
2.565196212004319705e+02 3.996097436322781959e+02 -9.867603553599027522e-02 -2.150899155053770939e-01
1.105866875723115527e+03 2.095972138427877667e+02 -5.947765426266674559e-03 7.577297048678502400e-02
1.123273680165798623e+03 2.619397829921459220e+02 -9.577045663487982613e-03 2.831049186397114337e-01
1.109724710200149275e+03 3.522192805759332828e+02 -1.668892207484171941e-01 -1.744039768971268611e-01
3.138452254288765744e+02 1.053759594862752465e+03 2.811193664018674099e-02 2.863848343100190430e-01
3.034311836255748176e+02 1.045989037006419721e+03 5.467228486489603134e-02 3.208490687963740373e-01
1.063256700321329390e+03 2.532342859329158102e+02 2.855817966528283458e-01 3.595356351062471978e-01
1.162869945469273716e+03 1.695246750179627497e+02 -4.610263458935273673e-02 5.583317007694682532e-02
9.722794242930298196e+02 8.593528594396998415e+02 4.594788680770528315e-03 1.032313530238851071e-02
1.159003335996071200e+03 3.457766791749539834e+02 1.443893280640672627e-01 -7.036148890290716898e-03
2.946682285718103458e+02 4.530367908300823387e+02 2.146365733782257951e-02 2.589682937528981488e-01
9.993519215396337358e+02 2.408949429044441217e+02 -2.842692774238899951e-03 -1.021355526187287845e-02
1.088201540282571841e+03 2.911002848053365710e+02 -3.686042132703922641e-02 -2.641218852150828411e-01
2.763686099359354671e+02 5.104621167762498430e+02 -2.264083252675477553e-01 3.783672726018197929e-01
1.115584188630523386e+03 2.977388909605141976e+02 1.439491611898369716e-01 -8.892486905751130141e-03
3.062021135599161425e+02 5.873930354231631554e+02 8.909289099115572444e-03 4.930309415231688419e-01
2.109522099693286634e+02 5.375630595976085715e+02 -2.597408585813588133e-01 1.343330266699002962e-01
2.416336791630193943e+02 5.233524943093206048e+02 3.059507877422158392e-02 -7.863831826103799549e-02
1.156889431346030051e+03 3.144444891543692506e+02 -1.771277369712586647e-01 -2.264105062545558322e-01
1.162581976932358884e+03 3.157916710103947935e+02 -1.738351947404239428e-01 -3.146537897066202794e-01
1.181990124157199261e+03 3.572012793058050306e+02 2.722756159193175096e-02 -2.304324421006465062e-01
1.191472764333397890e+03 3.715925849400796892e+02 -6.544502357897767630e-02 1.138631483517771742e-01
1.195857728704223518e+03 3.910114368170063699e+02 -9.324749575377856703e-03 -1.994484113447917983e-01
3.504372964589296089e+02 1.058686822563222677e+03 5.676599493550456288e-02 4.035802582648964076e-01
1.080699732466871410e+03 1.978765875236495901e+02 5.114630969469894338e-03 -5.329300798323358124e-02
1.153610817259287160e+03 3.226848024304274531e+02 1.691899197094384188e-01 -5.427638331883162699e-03
2.950837574066477487e+02 1.014842286099463763e+03 1.389190249483537865e-01 3.858591406237337762e-01
8.082043859106175887e+01 3.309776232931100708e+02 -1.368077177321060057e-03 1.743939213962322418e-02
1.147403389664816814e+03 2.431155504504833686e+02 6.831164294409597382e-02 -3.317125746052724394e-02
1.172170628144963075e+03 3.866660875321279605e+02 5.713775536320561677e-03 2.763288554342219205e-02
1.054565997727111153e+03 1.851730234659151222e+02 -1.988346469514625306e-02 6.038273786883996798e-04
1.188108515995945254e+03 2.047058985164695173e+02 1.778873144543781024e-02 5.940715655139020349e-03
2.666552989103526556e+02 6.167798890260122562e+02 -4.331701586209154436e-03 4.094782870048448153e-02
9.863921029002185605e+02 8.758115427998511677e+02 -3.535304037385837445e-03 -3.132470221405962187e-03
2.521513474923681599e+02 3.012644433593632698e+02 6.465743251696014215e-02 1.669848172616408000e-01
1.086524022864994322e+03 3.413596101603239390e+02 -5.452845543563313718e-03 2.022523422644873642e-02
1.295719033801638261e+03 3.376584556619013711e+02 4.940390394478634817e-01 -3.359801522022664022e-01
2.505909533765661763e+02 6.640425597914418177e+02 -2.137300742002881324e-02 -1.879647101328042053e-02
2.062335833219360666e+02 7.058763461773382915e+02 -9.098664573848470709e-04 -2.093746508743496784e-02
2.884688620022789678e+02 6.685484287552253591e+02 -2.162813938388265939e-02 -2.312251867447868633e-02
2.674998114648477667e+02 4.359407004733312192e+02 -6.382061509708185365e-02 -1.460986315498869481e-01
1.138745729409805563e+03 2.237170437992166399e+02 -2.561211842478477302e-02 2.349145431327670508e-02
3.586127539378587130e+02 1.013668894099499425e+03 1.969293033217862088e-01 3.890385216133343538e-01
2.324207710894761192e+02 2.932484315215470474e+02 -1.338251423999710496e-03 1.987735103516419938e-02
1.103336053120818178e+03 2.032222183749928206e+02 -1.311366115202512173e-01 2.406120855003869019e-01
1.157234395984685534e+03 2.157619143286602821e+02 -4.430127786948980656e-02 6.941496602087011969e-02
3.776019597639304379e+02 1.058859608669582030e+03 2.884690900932990187e-02 5.058808072363452091e-01
2.828103511823199483e+02 4.162941564751973260e+02 7.254436392683298596e-02 2.272674182453663649e-01
1.097041459516390205e+03 2.038880045648360522e+02 -3.006274816056354621e-03 8.174520906013740817e-02
1.089716186137700788e+03 2.311921256044236941e+02 2.849836704207714833e-03 -7.775655579297001234e-03
2.153208793329693833e+02 7.498105083646514686e+02 -1.476742729412129813e-02 -6.487988803905418017e-03
1.216689477478115577e+03 2.244846651702054601e+02 2.271095311135013645e-02 -5.622787682798388760e-03
1.275095050178189467e+03 3.206377329475149054e+02 -2.879862660829212717e-01 4.911676385306236459e-02
1.307851355618103298e+03 3.564341022207460128e+02 4.147891284759726016e-01 -9.738479336331237746e-02
2.402750283845482784e+02 7.367765066281397139e+02 -2.120133317543491241e-03 1.226895054767282922e-03
1.107182150938082259e+03 1.738130636201410653e+02 5.445790298348167184e-03 2.672915884703345665e-02
1.207686864687889965e+03 2.153649689495716473e+02 -9.040399904574286313e-03 6.990513495534069789e-03
1.114422689007139752e+03 3.087142502398412489e+02 8.470028951471268719e-02 1.234048464577772730e-01
1.199854341372743875e+03 3.572955091790856272e+02 -2.390616943462385222e-02 2.443877991768349245e-02
2.372737937114384579e+02 2.902466525365383063e+02 1.114583544409635668e-02 7.321504094158587557e-03
1.196798462715954201e+03 3.704774892048697552e+02 -6.447276515473276959e-03 2.151864636214856005e-02
2.405891637002977745e+02 6.959643219006802610e+02 -7.361095701838848981e-03 2.013495337401612420e-02
2.254624789194168955e+02 7.395788501998164293e+02 1.034371266468194113e-02 -1.233457376185671979e-02
2.408877378574534021e+02 5.175198464881340215e+02 1.033828817820625079e-01 -2.497470434902156287e-03
1.147075616837452344e+03 1.583683395521842385e+02 -1.561954113955463068e-03 -1.989335989129870086e-02
1.856706765434359738e+02 6.354894599329309131e+02 1.461814363336680356e-01 -4.330090887893980334e-01
2.873854469399472578e+02 6.644280362389305310e+02 1.175459115535979664e-03 -1.838323312956514433e-03
1.010773358181665571e+03 1.886552609418563122e+02 3.576991947474869593e-01 2.981453590617338945e-01
1.293056577313684329e+03 3.309362044568628107e+02 3.252619237971271504e-01 -9.241051197941778372e-02
2.721800503868669807e+02 3.857904950177772889e+02 5.111938528299441592e-02 1.415958717347399198e-01
1.159136245797590846e+03 1.844202698836577667e+02 -7.604706809040419346e-02 7.982440422948468284e-02
1.156306878100097947e+03 2.227946631153418195e+02 1.395023212497627785e-01 -4.121271979762211601e-02
1.204088256665551853e+03 3.439345176918475886e+02 -3.542320619754134314e-02 1.769642415502449273e-01
1.048381222240406714e+03 1.601485783225564887e+02 2.397167407209896683e-01 -1.559393023356038799e-01
1.093973575039299021e+03 2.370186627011740370e+02 2.541174002104392912e-02 -1.245727774015011405e-02
2.905507236156747695e+02 5.219557199073361744e+02 -5.820372092630918953e-02 3.251758421234981489e-01
1.173658377825664274e+03 2.326200027696861241e+02 7.760659818796966473e-03 -5.873698001350647138e-03
2.264245974117902733e+02 6.773014788007194511e+02 -1.741943071911350727e-01 7.130753120949293034e-02
3.554740936283677684e+02 1.017527122300479277e+03 1.969836705181876313e-01 3.216153685573857612e-01
1.270099127535626621e+03 3.284462355675337903e+02 -2.613020260547938012e-01 5.506023683052664597e-02
1.314054847367587172e+03 3.361353885990207004e+02 -8.763646362408741841e-02 -1.417034107585153913e-01
3.235851868487289380e+02 1.012634220119689189e+03 1.232011354886970722e-01 3.443851535538938191e-01
2.327854937167896878e+02 3.600244991507358350e+02 -7.493740868345055706e-02 -1.549224062440932859e-01
2.888584780873193836e+02 4.802422031555940407e+02 -6.048144614290525654e-03 3.798732243217901594e-01
3.214247388683578492e+02 9.859585306619608218e+02 9.361389608911820093e-02 3.949773147794440886e-01
2.715324772687573613e+02 3.776536325972079453e+02 1.548790187499017069e-02 1.005422759807165500e-01
2.679776449646545871e+02 4.603551344300773280e+02 2.364347289026503748e-02 -1.513695747102465072e-01
6.408611352615160968e+02 4.187021369735051621e+02 4.833299648721395836e-01 -5.567360938689366878e-02
1.154038364505966001e+03 2.451952902039770095e+02 1.443176077677398549e-02 1.100462299775845643e-01
1.148923541509550432e+03 3.505740645193704381e+02 1.907893991207512685e-02 4.196570103988966904e-02
1.212959862735585148e+03 3.863051972365848314e+02 -4.935190659350426057e-02 1.928471295104674035e-02
2.373283857053737620e+02 3.584997789012550697e+02 -6.789066570951815538e-02 -7.120156342662022075e-02
2.920977708301472830e+02 4.434636242300942968e+02 1.526448600645218256e-01 3.296738812714904432e-01
3.126257429842088982e+02 5.203136415005308208e+02 1.125394588903207288e-01 -9.139255827227381335e-02
1.125971676651830876e+03 2.122868905660445193e+02 1.214442895964176761e-01 -8.445082090256132712e-02
1.256421906229778187e+03 3.073243829422091835e+02 1.357570744075928780e-02 3.209309060261083483e-03
2.104873821689762110e+02 7.122166950216460464e+02 -4.622757064998950574e-03 -4.040898797360828638e-03
3.420135151884470588e+02 9.716068134172104465e+02 2.036366985979936595e-01 4.630833894670851048e-01
1.144003842855114044e+03 2.992387725783343058e+02 -2.102169605500755767e-01 -2.652806838011639856e-01
1.963321874002321294e+02 5.200502899719391507e+02 -3.699056597806753971e-02 -1.680142309059344183e-02
2.871767122230336895e+02 5.126372204562620709e+02 -3.057397686442765439e-01 3.592190634292261597e-01
1.310525054615288127e+03 3.564935858422645083e+02 3.606588970175325093e-01 -6.511976256161812471e-02
1.058005429355352817e+03 2.297920796746744543e+02 3.983944536912531476e-02 -7.969238610245721333e-02
1.141357860134584371e+03 2.374738760274940716e+02 3.103847326422481956e-02 1.616636261449526657e-01
1.144984470299998975e+03 2.376151933918712302e+02 -1.592163880317798430e-03 8.166136684540337143e-02
1.273395181431283390e+03 3.342379351546030648e+02 4.804066751866713503e-01 8.171755047645490322e-02
2.461146667083661725e+02 6.660436656569157776e+02 6.100328221477546720e-03 1.354468242602990813e-03
1.120002760140544069e+03 2.446393818440081986e+02 -8.564701460339517458e-02 2.898337429829633827e-01
1.081286385423676393e+03 2.609664753564404123e+02 2.606894597475847286e-01 2.903707676772877555e-01
1.124617390320983986e+03 2.764082270116764448e+02 -6.313045413596609853e-03 1.100016051967457054e-01
3.067870193111220942e+02 6.232265045715089400e+02 1.684488990781207382e-02 -4.788139707280210378e-02
2.530548632380840957e+02 7.005148589579499685e+02 4.313338430093212328e-02 4.905824315281484549e-02
1.169882032324221882e+03 1.862236532876366084e+02 1.009416416601046224e-01 -2.401648574816211690e-01
1.224561332262644555e+03 2.160840063820105286e+02 -1.393854782011961363e-02 1.318833206084567104e-02
1.223286968766810787e+03 2.938173685937085793e+02 8.149901175875129758e-03 -8.962539250740064398e-03
1.178452452991149130e+03 3.305344391764954821e+02 -7.881690197181494273e-02 -1.803418505408956318e-01
2.404779404930993394e+02 3.303745536583671196e+02 2.713444142713977367e-02 2.111954343371064968e-01
1.062320439037808228e+03 2.200879510404402879e+02 -7.254982852795176240e-02 1.880048789098676121e-01
2.287173513713343311e+02 6.838507686330935940e+02 1.251177085581718640e-02 6.270297789562610802e-02
3.101725776579958165e+02 1.046683263492154538e+03 6.093493508988221535e-02 3.016233512752290458e-01
3.815892763341577165e+02 1.060183439002508976e+03 2.469091940645480945e-02 4.864257659506808218e-01
2.854260172738516417e+02 5.001320493782096150e+02 -2.211642679853521865e-01 4.230895762811063276e-01
3.545459941693831070e+02 1.037812705391686677e+03 1.668427666479033178e-01 4.334396615952788023e-01
3.386390987327065432e+02 1.038327388935381350e+03 8.222479161206511233e-02 2.598215008644046975e-01
1.136783090300819140e+03 3.190443410205853638e+02 5.458447943775960459e-02 1.508601444152696258e-01
2.697582433240913815e+02 6.822840375250144689e+02 1.228899303497301906e-02 2.043585057734802549e-02
2.535591442996548324e+02 6.876570579151430138e+02 -2.186538484968360285e-02 -1.681389984023300838e-02
2.476491937169278685e+02 7.065461428979357379e+02 -5.689007128180660795e-03 -1.834213648404177735e-02
2.089233511213012662e+02 5.355525815030031254e+02 -3.265776054286981256e-01 9.376586330971839467e-02
1.115614359959726926e+03 2.468618955569429545e+02 -1.787230841112064927e-01 5.214899755939217396e-01
1.131111230682318592e+03 3.301797077171673891e+02 4.792550798345893148e-02 1.861235161618861322e-02
2.559600111653488455e+02 6.864284678482855497e+02 7.779048692481838577e-03 -1.240623627478061423e-03
1.027412589691110043e+03 1.689545171242695289e+02 1.089872040794034533e-02 1.672048067492392098e-01
2.455424439118536100e+02 5.181752282765030486e+02 -1.222301064026846441e-02 -1.896154002433074080e-03
5.052545767094044322e+02 4.768832652799679295e+02 1.247017924137831281e-02 -1.426947919497460228e-02
1.126593406940958403e+03 1.545689584235697964e+02 4.502325450964880099e-02 2.107961414776629849e-01
1.049712286071709059e+03 1.999141047944824265e+02 1.796146209083341813e-02 -3.032107936388565503e-02
4.133539411415982272e+02 1.099380131930485049e+03 1.841798463631600102e-01 -3.805142449130963916e-02
1.774326714035720727e+02 6.347131544645062604e+02 1.163268939545601954e-01 -3.523920214257417749e-01
2.183411217604597425e+02 7.670518055522828718e+02 -2.556506269316610735e-01 -8.984958203644588526e-02
1.135279247130253452e+03 3.379259860014494166e+02 6.219322913165632044e-02 -1.168296358880783481e-01
1.304462678184266906e+03 3.387309162279582324e+02 -3.540049293503051003e-02 2.108609232134442124e-01
2.508723242260290931e+02 7.094433888685463216e+02 5.808478643739466629e-04 3.851296777642429004e-04
1.142148323695618274e+03 1.765881960403934841e+02 5.016025499158092982e-02 -1.024772148142114037e-01
1.213301908971966668e+03 2.250732949782885157e+02 6.422270726519248296e-02 -8.933724269102699678e-02
2.372649746771026855e+02 6.322496030175568649e+02 -8.706439054196835059e-02 1.152097581778900315e-01
1.859183949907230442e+02 6.644426880119270891e+02 1.819350386501458194e-01 -5.573079748514720572e-02
9.767142002275602408e+02 8.542658378477400447e+02 3.861751311194439040e-02 -3.160278938029629364e-02
7.052599958734605252e+02 1.000188408504000336e+03 -5.254156639612769276e-03 -3.150673823191547148e-03
2.514967172800678554e+02 3.767500168770208120e+02 1.592110668227663187e-02 -1.672308061920435573e-01
1.122829055077315843e+03 3.218536425456622396e+02 6.678708294010136937e-02 5.773766827731283309e-03
2.458031682562186973e+02 6.815613451360853787e+02 6.321770889901233426e-03 -1.246015859622897660e-02
1.039708048290774514e+03 8.493543879179036367e+02 1.947453253566029663e-02 -2.868518337882769095e-02
1.119628536721369755e+03 2.097275282646794778e+02 -4.722895602213207644e-02 7.739705800347312925e-02
1.163727113430514237e+03 2.022165918704409364e+02 5.590462473499731993e-02 -2.551899062985430455e-01
1.204123714551169769e+03 2.779817613980700912e+02 9.908376946011938913e-03 -1.949831282230560583e-02
1.266003627034772762e+03 2.685828693225672055e+02 1.411814765502109881e-01 -2.846012792372221156e-01
1.245971172238835379e+03 3.294653973268576692e+02 1.436583722136725028e-01 1.405761806302242289e-01
1.205494265629840811e+03 3.482717409248833746e+02 -1.029341354452021212e-01 9.095246177869222015e-02
1.194105061041335603e+03 3.553616259457925821e+02 4.505238599237296887e-02 1.282530763328458730e-02
1.187480846079251933e+03 3.683222114467519077e+02 8.881254046387867390e-03 5.849790439945144749e-02
2.260560994124038245e+02 7.454029065701163290e+02 9.824856183499264262e-03 -4.954450538603952237e-02
3.120247747791215716e+02 1.035153713043723201e+03 -2.149139610047730645e-02 2.830379513277926362e-01
1.245268475915844647e+03 2.978696821690379011e+02 1.215326232663488382e-01 -9.413910129646797798e-02
1.100188323237620580e+03 2.004188345104961684e+02 3.593717927957129632e-02 -2.269746720652321414e-02
1.147280015156014542e+03 3.167490594160169053e+02 9.750551603715962301e-03 1.921711643742050057e-01
4.930849906010882364e+02 4.300990006919384996e+02 -8.105180465418016650e-03 4.565194945917028582e-03
1.261326588822506210e+03 2.005190169799180353e+02 1.777435108715508336e-03 -8.578711367590585724e-03
1.164380066099689884e+03 3.411983305555095853e+02 1.789891088526777141e-01 -2.831573193809996600e-02
2.696403224632379647e+02 6.562276432729607905e+02 -2.153375044032751831e-02 5.721446342863601049e-03
1.111129092804251968e+03 2.712585956188107730e+02 9.792320842408182291e-02 -1.110481534852526958e-01
1.147737567513948079e+03 2.399644605438306542e+02 4.536976076233908278e-02 -1.720496663959636408e-02
1.175551647861411766e+03 3.447254389642085926e+02 2.424597710366762360e-01 1.121923952330519114e-01
3.306842738648609838e+02 1.030339595932289967e+03 1.185170326749178903e-02 4.281855155136327085e-02
1.064375467240070293e+03 1.892047603760387062e+02 4.156379007099531009e-03 -9.979054104334093844e-02
1.143544417809366450e+03 2.240928587479117198e+02 1.504507216229215572e-01 -3.872888537364797823e-02
1.178475259638960097e+03 3.832537473704365993e+02 -3.545472759186360512e-02 5.925859448387008066e-02
2.132186179942488877e+02 5.907297607913485535e+02 -2.969134456439912785e-03 4.562763272121209135e-02
2.223201890053003638e+02 7.161292462704000172e+02 -1.956613029855921310e-02 -1.540795917443259742e-02
1.023832117160726398e+03 8.668100086812174823e+02 -2.361219309058854368e-02 1.208999667498853944e-02
1.205639445136206632e+03 1.998003225025982488e+02 1.020228032784113205e-02 -4.882522728548129715e-02
1.110225955239761333e+03 3.134125156434108135e+02 -8.887841941920365807e-01 1.347926814578078281e+00
1.148028557071320847e+03 3.243035304021677803e+02 -4.720677362951164469e-02 2.131131250348043127e-01
1.186773090199162880e+03 4.068431100925009218e+02 -2.290320865207604584e-01 -1.545909482879987140e-01
2.850118797264568116e+02 6.363416820694109219e+02 1.276491423601555653e-02 -1.857810942415956791e-03
1.054141697254187193e+03 6.487268978730587605e+02 -7.139921992829083297e-02 1.088334281727535748e-02
3.703644538153162102e+02 1.058646423028592153e+03 1.040226539808770667e-01 2.629954018493094736e-01
1.939952380765594455e+02 3.192774356654681469e+02 -2.730165023550057413e-02 -2.164979487578090351e-03
1.043971871611338884e+03 1.839408413688419728e+02 9.320743685128201825e-03 1.553477382569212750e-02
1.109413251639286500e+03 1.811872189658587615e+02 3.173079569750453799e-01 5.425037634689353766e-02
1.146285287982650061e+03 2.131877036103716705e+02 1.315085768914576181e-01 1.296563147848814879e-01
2.337228423485208850e+02 6.873267319806292335e+02 -1.315297562934409368e-03 2.096448775515372294e-03
1.113676832214227943e+03 2.387388758140509708e+02 2.980230126959213660e-02 -5.125781785668550444e-02
2.504543383925600608e+02 2.940775484355670528e+02 7.241938760459890045e-02 -5.239420734044920869e-02
1.027372762302638648e+03 2.416686279938230655e+02 1.208981595885537247e-01 2.661314435737046624e-01
1.083040157808609138e+03 3.410770148940835043e+02 -3.446171851068255410e-02 2.162107081775654083e-01
2.173955411275901781e+02 6.773973504249786401e+02 -3.942792830367396473e-01 3.816491273170817544e-02
2.460806930430316868e+02 6.881706272648638105e+02 -2.228040671229476050e-02 -2.227553116756553209e-02
2.914393612091619161e+02 5.267671647934447492e+02 3.303723731146845921e-02 9.300323571279989210e-02
1.141559614039886355e+03 1.973498542420682327e+02 1.456136720159406650e-02 -4.980475447342556095e-01
1.126623247642195565e+03 2.268241681005869452e+02 2.181359619228260271e-01 -6.710099044124753220e-01
1.254881892315920368e+03 2.862025638624461976e+02 -7.380553507857712248e-03 2.335004106963367576e-02
1.216835893132642468e+03 3.281602752068357063e+02 2.975390340213266427e-01 -1.445133976543289123e-01
1.844064802535395131e+02 6.685867423574104578e+02 1.121851872769674685e-01 -2.017278182611477177e-01
2.469481719014408441e+02 7.182296535108707758e+02 -8.918621964149053838e-03 6.724820203615422542e-03
2.532500520836824194e+02 3.520616706516966588e+02 2.434731685294114559e-02 1.778475764674080362e-01
1.084534320331082881e+03 1.670008399731644886e+02 -9.817821750857547158e-03 2.565530239612395791e-01
1.113894168489784079e+03 2.639192336393049345e+02 9.743922950886892143e-02 1.462126826884205533e-01
1.165811744909360641e+03 2.247340427219859578e+02 -2.794339004740322707e-01 6.980344926658890725e-02
1.227081771787821936e+03 3.064501289556071129e+02 -9.179871578096156226e-02 -3.474659409521661541e-03
1.299632845462269870e+03 3.383543727427628482e+02 7.580692597513072339e-01 -6.930169635324189281e-01
1.242522593602666575e+03 4.334598969407936693e+02 7.123658068167060264e-02 -3.099490954022193073e-02
2.200718488672227409e+02 3.058677752524288280e+02 7.583284537966032690e-02 -2.499941703525602674e-02
1.108262215130184359e+03 2.227113757666553795e+02 1.811829374947819815e-01 -2.418169614396011372e-02
1.071078746595943812e+03 3.448601655168015441e+02 -4.499852538337260205e-02 -4.196001076566631127e-01
1.166502679245983927e+03 1.814302893131876431e+02 -4.126952447184824985e-02 7.121442526999526013e-02
1.189213491652208859e+03 2.081369210258607154e+02 -2.817056115168270480e-02 5.725920308068074144e-02
2.392429033102294511e+02 6.614957564795001872e+02 -3.334001612470179760e-02 -2.487556727428833978e-02
2.625759014468739565e+02 6.676522810645165009e+02 4.091956120794293383e-02 -5.900830343724313689e-04
1.536512531237754615e+02 4.729222402420288631e+02 -8.286838956223618879e-02 -1.958776711074619870e-01
2.372606313148938000e+02 5.175777876768305532e+02 -2.399649864776165487e-02 -2.191594739880429188e-01
1.119942364356633107e+03 2.170279575264223411e+02 -3.417469796749628697e-01 3.314329785327970734e-01
3.066459820386594970e+02 9.452779072973276016e+02 1.783427006088004474e-01 4.466886231146872666e-01
3.818274264692014981e+02 1.029788478530796738e+03 1.061056531356712185e-01 7.838825957310291415e-02
3.245432429398877616e+02 1.084263923821052458e+03 1.353064989553559028e-01 2.271104860966715877e-01
8.357566511473271476e+02 1.091523512072256835e+03 1.197749719651710655e-02 2.990883610227683745e-02
2.435486241095995865e+02 3.577140708230211317e+02 -6.220962690591846922e-02 -1.591323054418580796e-01
2.752580533855337990e+02 4.355464260873164335e+02 -5.117138293940115545e-03 1.449154131032912574e-01
2.895094946687263473e+02 4.349181805109542438e+02 -7.575473474769012228e-02 7.237410592009041466e-02
1.016220356500367075e+03 2.382245046369027079e+02 -4.887846376297204642e-01 -2.478447282565880982e-01
1.123382570806400508e+03 2.357824299721193881e+02 -1.985783260167863773e-01 2.495355952634596974e-01
1.151947287091854605e+03 1.928719023804654285e+02 -2.324154388647343694e-01 1.473358007455658480e-01
9.040948458821982285e+02 8.548669244076673976e+02 1.050661779048596145e-01 -8.775490943321528903e-02
3.395023631507436903e+02 1.011196984639476568e+03 4.877062273516230562e-02 3.344436165978095232e-01
3.320690409239058454e+02 1.017861495319721371e+03 1.285751660009282205e-02 2.372507247923749674e-02
3.347308836512862626e+02 1.041973632375652642e+03 8.677785676186999808e-02 2.243360209151887830e-01
8.469073222621516095e+01 3.482016761058296765e+02 -7.239402380200488096e-02 -4.793954412873517867e-01
2.670487269367968679e+02 4.002764236439687693e+02 2.500682243131298679e-02 1.775091704657825176e-01
1.085350580425389580e+03 1.605759514019798360e+02 -9.314901996428185402e-04 1.885023025140052655e-01
1.065661765856521697e+03 2.740397410813969827e+02 1.125328872330252777e-01 -8.976771577655047463e-02
1.133641769154221038e+03 2.386117705780641245e+02 6.362818112863048714e-02 -1.452570086439948227e-01
1.206990084297852036e+03 2.519867231992900543e+02 -1.768985170083396952e-01 1.292190761374740759e-01
1.154063283398388648e+03 3.132673593510302794e+02 1.031862818323740251e-02 2.823612414192666620e-02
1.251326613481720187e+03 3.411615675560008185e+02 7.225120698869129388e-02 1.902963956859859140e-01
2.652029224653022652e+02 6.546014275400813176e+02 -5.468091009254294477e-02 1.863357313460104192e-01
2.296510034346565021e+02 6.986908065202478610e+02 -2.875613704389934355e-03 -4.042435299425051198e-03
3.825922092168749487e+02 1.029594642982002142e+03 9.216931494279378967e-02 3.755358190475514141e-02
3.491197414258600134e+02 1.040312212600553039e+03 7.450642823435298101e-02 3.371866875146831144e-01
2.750028626079671312e+02 4.543564780728641495e+02 -2.767006672118554889e-02 4.389932208991353946e-02
1.137705165520432047e+03 2.063751232633038057e+02 -7.269548414660675917e-02 1.249061922160876748e-01
1.131677766689150303e+03 2.218298620902403115e+02 -6.011782075756855193e-02 2.375371536977297637e-01
1.125907517045636951e+03 2.416910907545643568e+02 -4.530172604404469894e-02 6.834356978507116764e-02
1.071020406085532386e+03 2.765876484842104901e+02 1.558128841592179015e-01 -2.845075611368770296e-01
1.139658462038007428e+03 2.233024075616641824e+02 8.730330490959659073e-02 -1.372009386566190869e-01
1.185467818798832241e+03 2.196343657327122685e+02 1.123906919104911140e-01 -9.011307367330800844e-02
1.158135901423305995e+03 2.702823702100718606e+02 -1.143403132174398706e-01 1.604745947570052067e-01
1.127666724821388925e+03 3.392720781498716178e+02 -3.737029193121088610e-02 -1.857074267599045925e-02
1.169810669799589505e+03 3.327069026343265818e+02 1.861263900173071306e-02 2.573400290681320257e-01
1.258136779174308003e+03 3.303711739359160333e+02 6.110079435393345193e-02 2.582216359671178907e-01
1.158440894187930553e+03 3.635946267218628805e+02 3.662200349390332121e-02 -2.639055969362402720e-02
1.222273777829832625e+03 3.705570539838023478e+02 -1.758734768219483158e-01 7.685980240697176669e-02
1.188775711789733350e+03 3.969141899888079479e+02 1.254975107489144648e-01 -3.677293363997762299e-01
2.588586021250577005e+02 5.399735018879279096e+02 -9.077180740644053003e-02 -1.288836915716160547e-01
1.801023883100227181e+02 6.595452584844674675e+02 -1.266780980249393451e-02 -1.474932641007171696e-01
2.669267297302358202e+02 6.822246873182133413e+02 4.721055308058907940e-02 1.208264655467701232e-01
2.594733475631192050e+02 6.943630544052125515e+02 1.284663612392193954e-01 2.438234346323042701e-02
2.226327945131638160e+02 7.160581876248876370e+02 -1.113119728233158412e-01 -4.996747862725214873e-02
3.366900838447385809e+02 9.797221322365681999e+02 6.902991073874886752e-02 1.512188230818196644e-01
3.908399666527093359e+02 1.049451551960099323e+03 4.377823429624072560e-02 5.018656582991525283e-01
2.988344493626044596e+02 4.353469194533319637e+02 0.000000000000000000e+00 0.000000000000000000e+00
5.109939364097172643e+02 4.595705447970281057e+02 0.000000000000000000e+00 0.000000000000000000e+00
1.063179637577971334e+03 1.968527267453839897e+02 0.000000000000000000e+00 0.000000000000000000e+00
1.069246227694920208e+03 2.680176990822043308e+02 0.000000000000000000e+00 0.000000000000000000e+00
1.068952420350146440e+03 3.449990173786036962e+02 0.000000000000000000e+00 0.000000000000000000e+00
1.219737593285040930e+03 3.443538266584251346e+02 0.000000000000000000e+00 0.000000000000000000e+00
1.296807422583220159e+03 3.544479688914198618e+02 0.000000000000000000e+00 0.000000000000000000e+00
1.304752830882735680e+03 3.673356228465071354e+02 0.000000000000000000e+00 0.000000000000000000e+00
1.178665470113627180e+03 3.963038844096921594e+02 0.000000000000000000e+00 0.000000000000000000e+00
2.580240777663839822e+02 5.665949759345807024e+02 0.000000000000000000e+00 0.000000000000000000e+00
1.060703995460252600e+03 6.740285588103084820e+02 0.000000000000000000e+00 0.000000000000000000e+00
7.168620603782961780e+02 8.770820489813540917e+02 0.000000000000000000e+00 0.000000000000000000e+00
9.706806802953625493e+02 8.446869659043964020e+02 0.000000000000000000e+00 0.000000000000000000e+00
2.884460972524505564e+02 9.571250064735476144e+02 0.000000000000000000e+00 0.000000000000000000e+00
3.312445042397385464e+02 1.039703036018172043e+03 0.000000000000000000e+00 0.000000000000000000e+00
