1.340726215666244912e+02 3.785356516877271247e+02 1.751414893661684983e-03 6.379678368021039813e-04
2.658154053093687139e+02 6.832210451121657115e+02 3.477618239545822443e-03 -1.234537826217047517e-02
2.526407375132980349e+02 4.680981539692571687e+02 8.311496092329550070e-03 7.237632791702258359e-03
3.166997976739268665e+02 4.754775082374010822e+02 -4.739623727618103022e-02 3.532962479526659955e-02
5.674627484749520363e+02 3.885278534493794496e+02 -1.795591678563317195e-02 5.711125392842420628e-02
5.631696336406769205e+02 3.820282207441442210e+02 8.404682422756555582e-03 -8.782685639381711728e-05
2.651866111055952047e+02 4.275409084936709974e+02 -9.135096831309144627e-02 -1.768328774386553615e-01
8.303023888322785524e+02 4.069725838264648701e+02 3.542409490721481081e-03 -1.056821950964664976e-02
7.092478387466319418e+02 4.170935899681959427e+02 4.210044938821454891e-02 1.074684890481662422e-02
2.343720619692812193e+02 6.977962468425947691e+02 5.679526768761719926e-03 1.634658572565022509e-03
3.709430377577631930e+02 1.040600267129952726e+03 1.596350026148196932e-01 4.831378691699712569e-01
3.760835509987997511e+02 1.039034748706936170e+03 1.623714887069392654e-01 4.457698960418642331e-01
3.281454270542688505e+02 1.015091387050101389e+03 1.131843079453753315e-01 2.874789240505088439e-01
3.101451717609710386e+02 1.024547345481261573e+03 7.799794345555992325e-02 2.985098618686716776e-01
3.398757991473060542e+02 1.031009995276262771e+03 1.084982375282514538e-01 3.846593350066640493e-01
3.470974392032523497e+02 1.030813486683174460e+03 1.125022165994388895e-01 4.024566353181880385e-01
3.132544672336834424e+02 1.029801161237877295e+03 6.316269366121977924e-02 2.664073080540836913e-01
3.487237051170914128e+02 1.051004228282368103e+03 1.120032891506543699e-01 4.364342787968098492e-01
6.343265450066023732e+02 8.220929971152135067e+02 -4.874031601660378443e-04 7.646101369388843714e-04
9.123983658471761373e+02 8.060317024213741206e+02 -3.478728356500627842e-05 1.199622556725336148e-04
4.599773319988444200e+02 9.415880478050665943e+02 6.854373146320585290e-05 -1.890639480639983491e-04
9.072749981343315540e+02 9.245486348268626671e+02 -1.023278682398518250e-04 1.995352209421368255e-04
8.998382197264456863e+02 9.266598266051645396e+02 -3.041930804236940046e-03 -2.376460014836471297e-04
7.072346802139376223e+02 9.932679217799084199e+02 -1.462676474420281916e-03 1.709369958469927420e-03
7.149270686066802227e+02 1.011643944595058997e+03 -2.216891274699291548e-04 -5.837433491499066434e-04
7.050254652244180988e+02 1.023727306136674201e+03 1.332424376385299035e-03 -7.573678591741932718e-04
9.847345483505765742e+02 8.459183403463671311e+02 1.272536163662945339e-04 -6.656967788159710419e-04
4.816844744685118371e+02 1.099095359013065945e+03 6.598853587039986077e-04 5.013586179563507290e-04
7.044780183084779992e+02 1.036465401302763667e+03 7.311702464417382536e-05 4.174448184013533018e-04
7.518783937158383424e+02 1.067630244720526889e+03 1.588056069542542260e-04 3.050374809260061318e-04
7.456353838665897911e+02 1.071456198207101806e+03 9.783906965403371160e-04 3.672919422182764951e-04
1.311403776708694124e+02 3.249415164332801282e+02 -9.800019416857568087e-04 -4.999492812610715174e-03
1.236948414576451796e+03 3.979327682930331207e+02 -1.695640005782434248e-02 -7.425502652503076367e-04
8.997604211823874039e+02 1.102199841867360874e+03 1.929379796845048659e-04 3.410399185105405335e-04
3.981060065819158922e+02 1.064130616137251764e+03 1.598437103297827289e-01 3.323940634636551317e-01
1.347555113791897554e+02 4.001191300733945013e+02 2.702181937960707915e-04 -1.059485042128246622e-03
8.063140705307218923e+02 8.764311771464441563e+02 -8.758608704505434217e-03 -6.060526070789162617e-04
3.325441765626659958e+02 1.001738432495922098e+03 2.580559508820236547e-01 2.950983375012696253e-01
5.634314169714991749e+02 4.582459343879941116e+02 -2.420510457224088301e-03 -5.266826507706112237e-04
3.787022075383513879e+02 1.085309497018847424e+03 1.130481117371190669e-01 2.713930833026281797e-01
2.624663729575541993e+02 7.424254232419722257e+02 -3.923626017612182049e-03 1.313645398535736794e-02
2.727937897060982095e+02 6.225991532593297961e+02 -1.014315633070827019e-02 2.974109851924151837e-02
4.097967168799196429e+02 1.065735633540970184e+03 6.368080552990681813e-03 4.506885263380003108e-03
1.007928978301014240e+03 8.166527717083139351e+02 -7.189362674078456604e-03 7.605800007850840871e-03
4.867418752619673228e+02 4.487630407821330323e+02 -1.543244100076046231e-03 1.628089842500743964e-03
2.226886518459629087e+02 7.518806788607539602e+02 -9.554983373436810520e-03 7.135548648370156413e-03
3.291535816542435100e+02 9.902327948232854169e+02 1.148589515068735717e-01 3.717462167727827449e-01
6.033468985592312492e+02 4.343888260257265870e+02 1.099674605873335841e-02 -8.139293776157883326e-03
8.295148789429189264e+02 3.238099187002744088e+02 1.864099327733156203e-02 1.070331467573934492e-02
3.311903950316395253e+02 1.084622444773283860e+03 9.184358220541116724e-02 3.156053296686310294e-01
4.651850292181625832e+02 4.557100595688493740e+02 -8.974836270116913137e-03 1.057230999130846566e-03
2.490190908474334037e+02 7.198545256412324989e+02 -2.646505752633771229e-03 4.294671706779043725e-04
4.939061444045039480e+02 4.297440865861334487e+02 -1.328024919121837636e-04 -6.074267308907893570e-03
3.418777614113268442e+02 1.016693762638201747e+03 1.214383085220931413e-01 3.689036542299368171e-01
2.301353057706915308e+02 6.994108838153338183e+02 7.119481947710829504e-03 7.487691455597735198e-03
2.537265456916753976e+02 4.068369181679804569e+02 -6.301356126159381177e-02 -1.961654331965771436e-01
9.708129605416302184e+02 8.448202046694667615e+02 1.536509991792222056e-03 1.250676816516941127e-03
1.020948855017596770e+03 8.151009488699108942e+02 5.142710968546381108e-03 -5.049708815695429362e-04
3.053218511602348713e+02 1.026580546844471201e+03 1.043546440728261027e-01 3.077070188273943740e-01
2.016355960615969138e+02 5.080790537891816143e+02 -2.554653933572970602e-04 -1.017083149095847870e-02
9.572022243126467629e+02 8.498716291284556519e+02 1.017802406882801266e-03 1.068237759063146632e-03
8.272514126531963257e+02 3.430832333531341192e+02 -4.807235051159052669e-03 -9.619206031624173703e-03
5.056723684941920283e+02 4.412610031065759699e+02 -5.628665907058892984e-03 -8.017475069051881870e-03
1.003836355002282517e+03 8.320870635747388633e+02 4.042984782632394990e-03 -3.086714807973339118e-04
5.107507910952192560e+02 4.556624352418703552e+02 1.804395062328912822e-02 -2.233408486199888170e-03
4.961574820471444696e+02 4.396264804313946684e+02 1.331372327943220043e-03 -2.722101457108449390e-03
2.559469264792030856e+02 7.433050683377413179e+02 -3.664259127449136753e-03 6.837589961639540821e-04
1.916910932581690190e+02 5.809055599545060886e+02 2.890332297518438936e-03 -9.290816985844910399e-04
9.848914876555542151e+02 8.251843909428396273e+02 1.083537020956172646e-03 3.492927806639659852e-03
1.017036440999046476e+03 8.107805586825708133e+02 1.497984476096048167e-03 3.155094676798182707e-04
9.840145051046032449e+02 8.164970762572410194e+02 1.333466794225126152e-03 1.064863767583524857e-04
5.813229270441927383e+02 4.542531598640423454e+02 -4.583001603871950796e-02 1.544579979823968406e-02
1.244293234498745505e+03 3.971913044680101734e+02 4.927568569610680030e-03 -7.354666525744991534e-04
1.184490812717406470e+03 2.483456350001096382e+02 1.162187746494019319e-02 -5.860620220283356855e-04
2.785868294373308345e+02 4.413548410704730145e+02 1.021465375537083248e-01 3.342928507880106315e-01
2.725795128352037864e+02 6.779086387809643384e+02 3.099911053410697639e-03 2.251977641918475031e-03
2.536968333801704887e+02 4.245098946463043035e+02 -4.895403399310742365e-02 -1.770285903565276542e-01
2.607412993602854954e+02 6.138313261785034456e+02 5.683409856457913648e-03 7.082721442684217564e-03
3.333655953202540445e+02 1.063503202293638878e+03 1.841863004142227714e-02 2.380121695893991363e-01
7.244296343060487970e+02 9.766796848232803541e+02 1.314694357043631745e-02 1.052292626425219320e-02
9.479976602137863892e+02 8.365019245925184350e+02 2.372625198086998470e-04 3.286563061699258274e-03
8.082223512692681879e+02 8.812872986745484241e+02 -3.088911852162232446e-03 2.849710800908066954e-03
9.237703325238221623e+02 8.365377436032687228e+02 2.620125176614093634e-03 5.127587961406915307e-03
5.784107627155345881e+02 4.447778243021780327e+02 -4.819262780202478169e-02 -1.963967736468428399e-02
9.218616775235826708e+02 8.584119573404816492e+02 -5.753899815963810444e-04 6.267753981718994331e-03
1.175082244031471191e+03 1.433632770573102562e+02 -4.004381356224095468e-04 -5.311181870739135197e-03
2.717283259605948729e+02 4.174662784945454632e+02 1.162781669043055216e-01 2.970623790400337971e-01
7.983322961200450436e+02 3.652488073136883600e+02 8.068003999713904348e-03 -1.169399689101478790e-02
9.491104463718477291e+02 8.455903817035253951e+02 1.843801623384943005e-03 -2.501890071519681340e-03
5.314210485233713825e+02 4.817142037028609707e+02 6.702362058068402637e-04 1.240726493156869663e-03
1.032115376502476693e+03 8.316909518338586622e+02 4.891815840685264337e-03 -6.342482746756311282e-03
2.311501908536082794e+02 3.534025495415043565e+02 -5.321804029792596979e-02 -1.700036990318032071e-01
9.118075473640454902e+02 8.318754304730791773e+02 -2.325792164335195242e-02 -1.896335718114560949e-03
9.836343321011623857e+02 8.696466295138213809e+02 1.304641034890340577e-02 1.031160355124948087e-02
2.934056286441808084e+02 4.140437990778579547e+02 -3.412591268902878672e-03 1.117748944042745371e-02
9.621826569640869593e+02 8.675979356979086106e+02 4.249878007354115049e-03 -2.562333561401135187e-03
9.773517078415241031e+02 8.675178539408063898e+02 9.380263296116657032e-03 2.999934581097171010e-02
9.021350953150168834e+02 8.548305975754523161e+02 2.003767235081534495e-02 6.111578737497240683e-03
9.697835968381748444e+02 8.838593389474232254e+02 -2.551963112654051860e-03 2.493434657144417109e-03
3.286525391756198928e+02 5.656321539569311199e+02 5.679196417874533657e-03 8.238538453044817050e-03
2.446352639197100700e+02 3.891387947724161336e+02 -1.999464606705128253e-02 -1.177279919453535634e-01
2.268772318922553666e+02 3.086966027087851785e+02 -6.659024412721686881e-02 -2.678975976450804208e-01
9.902963132749601982e+02 8.512276903665633654e+02 -1.894929642106256071e-02 1.086417395910897060e-02
9.667677948151883811e+02 8.734456944571650183e+02 2.476937684129084348e-03 -2.993914437878278205e-03
9.574281382114357939e+02 8.620120867291351487e+02 4.286086015871669146e-03 -3.782278254950124409e-03
1.971281084828331700e+02 5.700101712643363499e+02 7.126646141569095358e-03 -1.600948150178958460e-02
1.051820746076878550e+03 8.303302025453182296e+02 -2.133011011181062348e-03 2.318512023784573273e-03
2.635048744730138424e+02 3.546250387892817457e+02 4.165936931556279282e-02 9.180416643674406407e-02
1.975813758420642330e+02 5.117153511795591498e+02 4.143758723030417646e-03 -4.259523660480924595e-03
5.120425828337373559e+02 4.226216332703704097e+02 6.855320367778835848e-03 -6.471680497237784204e-04
2.020225154951679372e+02 6.410494061425663403e+02 -1.884702994987881852e-01 2.093842165715888853e-02
8.026995369097381854e+02 3.561487678918655320e+02 7.215236015385341093e-04 1.735215196702996968e-02
3.468760445586638639e+02 9.947801677759071026e+02 1.421482599813966019e-01 3.555347803591863420e-01
8.018997803679862955e+02 3.469756956552050156e+02 -1.578983330601334886e-03 5.500334184877810929e-03
5.417176341691358630e+02 4.650369454237389846e+02 9.880220643710777711e-03 2.228386748596325288e-03
9.423708895397696779e+02 8.724927243834881665e+02 -2.898701689604881501e-03 -8.808561053436026128e-04
1.141054392168932964e+03 2.281881112453936282e+02 5.939638881059721570e-02 4.385127011962544619e-02
1.169937344508104161e+03 2.260590359533410094e+02 -1.054511285626473852e-02 9.270450737465643631e-03
3.314743318454625864e+02 1.075525623304013379e+03 -3.078304421733613419e-02 2.445805949658432232e-01
2.673063095555673954e+02 3.906429252732054920e+02 9.612567354360246341e-02 2.303396063038885833e-01
5.660801850286384251e+02 4.637136066089851738e+02 2.260372531934828292e-03 1.589537695612181162e-03
1.025629361373872598e+03 8.267367406026604613e+02 4.042323815714427004e-03 9.311693871419121984e-04
5.147440807950642920e+02 5.059016164443706316e+02 -3.005320771529852285e-03 -2.725324048609558888e-02
7.363995986905747486e+02 9.650517454006755997e+02 1.232809349584620007e-03 1.022786827014883840e-02
9.956868799314203216e+02 8.779628460745602752e+02 1.494305634820995059e-03 -8.084820561579686773e-03
5.526218685379034241e+02 5.233751348815677602e+02 1.931110638864056697e-03 -5.511949838776645724e-03
2.090464030994152722e+02 6.995871316905490858e+02 -6.338076850490137297e-03 -1.063329269161408623e-02
4.711478695671816581e+02 4.359758736461232616e+02 -2.240927549869771440e-03 -3.325464814260707669e-03
1.079776758732041799e+03 2.236446737917817416e+02 -2.751536016223038277e-03 1.554491238008827263e-02
2.653721105972800842e+02 3.783410062401699747e+02 6.658957244901152206e-02 1.885191386427868820e-01
7.871853873769305210e+02 3.390947264450911689e+02 2.673397786245256934e-03 3.015502309015366447e-03
9.444010244169797943e+02 8.588541989847440163e+02 -1.708989672280976932e-03 -9.729281720172024226e-04
9.698842776998825457e+02 8.930166407691719996e+02 -4.031871676407619391e-03 3.808031834500079631e-03
5.705589584678988331e+02 4.305832750558617477e+02 2.206694732053890093e-03 -3.834031177012156566e-03
2.170931773961816873e+02 6.989066872032741458e+02 3.066271147048664231e-03 -6.877220501419602748e-03
9.263027761774698092e+02 8.394008918542328956e+02 -2.623024438718749539e-03 -3.232168953498483835e-03
9.702714886251490043e+02 8.231295734514694686e+02 -2.715583008027649004e-03 -2.569114335094379708e-03
1.986817887926386845e+02 7.025068221536339479e+02 -1.442239783196920186e-03 -7.437828433118135601e-03
3.143734745387811813e+02 4.724953250054779232e+02 -1.561263494737220175e-03 1.107281885845843618e-02
1.007404966042381034e+03 8.724837394707335534e+02 3.953170463429421348e-03 4.307047052890030508e-03
2.476393279564282466e+02 3.869093422151888149e+02 -5.152396782934553360e-02 -1.855377623671131959e-01
5.722154171185975429e+02 4.758443337546027578e+02 -3.290206739128878708e-03 -1.150834234867898452e-02
5.088382308135052199e+02 4.847486984953864635e+02 -2.988293727276184093e-03 -3.452875983430316129e-03
4.754646143633185034e+02 4.464211715989839036e+02 2.704865085978790367e-03 -1.779358571712750256e-03
2.961447626134686857e+02 6.607941646216667095e+02 1.683365848555972225e-02 -9.783888919263527412e-03
3.336407689897753244e+02 1.052775989466822011e+03 3.615141307465655207e-02 2.714437903637708094e-01
9.024029040362066780e+02 8.598065199201129190e+02 9.461867175273841121e-03 7.238461153649337898e-03
2.602628195012651418e+02 3.385497362429946975e+02 3.284540446669316494e-02 1.324916796633905658e-01
2.116845465958803914e+02 7.372753232318258370e+02 4.842047038734882854e-03 5.095859438845107064e-04
7.938553303572666664e+02 3.665097665074775364e+02 -4.508846589475421114e-03 -6.735828025451308723e-03
3.037984495816286312e+02 6.404197617343392039e+02 -4.314702890218820655e-03 -5.615223524237440700e-03
1.265034594426864487e+03 2.891659185808737789e+02 -1.976705715897464355e-02 -2.927450836049015626e-02
3.186189279125045459e+02 1.036774787849978566e+03 7.520253634408668141e-03 2.278396490206153480e-01
4.915197675572390494e+02 4.624104405866055458e+02 -3.776102462368406514e-03 2.666428981739846628e-04
1.270680947111451815e+03 2.955434476603951452e+02 -4.585734274427306564e-03 -1.162348546045851097e-02
1.255446586833995752e+03 3.071091561451053735e+02 1.304124653153966064e-02 8.555179361879069674e-03
1.031134642771763993e+03 8.715218293983610920e+02 -3.007043356943216780e-03 6.308893590498612994e-03
1.001906398670516978e+03 8.167843118850178143e+02 -2.870031724574971955e-03 9.272065243011962457e-03
2.679373430649951047e+02 3.634507554965472309e+02 4.552449683568410288e-02 1.323967242545077416e-01
1.156022804557110476e+03 1.415486878830237174e+02 1.138168955049418405e-03 6.349485404264991473e-03
3.764719046366912494e+02 1.075160149021168309e+03 1.695409468271331099e-01 2.993714584561706360e-01
1.023521327814653432e+03 8.587326744220296177e+02 -1.276363306896434891e-03 -8.690888413184438832e-03
6.205472147242647907e+02 3.822369563910389161e+02 2.319887711067140576e-03 -1.220992408317071315e-01
3.943887376701883909e+02 1.072038726218515194e+03 -1.399631239335144377e-02 6.756719387556244481e-03
9.509837697618163475e+02 8.230325383662046761e+02 -2.536259334354524879e-03 2.183296296493608679e-03
2.446096443354025496e+02 4.967629924868640501e+02 1.237102142826529416e-02 -3.329392053023925296e-02
7.172969868142217820e+02 9.549633290735629316e+02 1.158600611274372997e-03 6.475824590510645407e-03
5.362472540912326622e+02 5.173118958133593424e+02 4.955997549388646735e-03 8.833942386178645495e-03
1.125911714833868473e+03 2.366579567530904740e+02 9.898355331187312645e-02 -5.926016222070478205e-04
1.036913392344840304e+03 2.814164711681083304e+02 5.314239289749694839e-03 -9.694499312372093988e-03
4.886350607852944563e+02 4.591373794748208184e+02 1.897453500914302342e-03 2.556699927968921707e-03
2.459318286976854324e+02 4.889976870996363800e+02 2.585783986460239801e-03 -6.114601538152076611e-03
2.193221720913075501e+02 7.410922683049062698e+02 1.605909253030820671e-03 -6.259433822189820577e-04
4.242409946326428098e+02 1.073822850109866522e+03 4.177821699619187852e-04 2.154068515815962728e-03
2.490850509989868158e+02 3.946418422976686884e+02 -4.617640684203692253e-02 -1.853158133305761457e-01
4.952463054620056937e+02 4.726053009318835620e+02 2.467843365241263829e-04 -2.356868799926931958e-04
2.365684117520163170e+02 7.152534111027066501e+02 -2.676949421275159804e-03 2.924319889834040096e-03
8.247213868108568704e+02 1.102280084678373669e+03 -1.454193642145339778e-04 9.288795870654014677e-05
2.157609436720069027e+02 5.831099954043718299e+02 1.396597835961859053e-02 7.251452981180780966e-03
3.219841379783190973e+02 6.095705226325256945e+02 1.955330715313293583e-02 -2.055634556109448702e-02
3.368572337799674301e+02 5.626777427531549165e+02 4.655642293722948291e-04 1.221709850886390286e-03
6.967847574852340813e+02 3.914100269776643017e+02 4.728387582107956288e-01 -1.677117844953881498e-01
2.164926227786276911e+02 7.339703283082799317e+02 1.664644043150174902e-03 -1.740349343038468484e-03
7.210589061659369463e+02 9.124654010644288746e+02 2.119917287541959669e-02 -5.255103977307080260e-02
2.507915521384206841e+02 6.587499966403893268e+02 9.124975197484373052e-03 9.121544757296743203e-03
2.683314651324171223e+02 2.998615508321580592e+02 2.149530931931865202e-03 -4.099141988752641116e-03
2.403247335348389413e+02 3.436518255269905353e+02 -5.716134221016052480e-02 -2.258166841216568133e-01
1.152253815297769734e+03 2.287515657214728719e+02 1.038260342894084393e-01 -3.311620195023241148e-02
2.264621901659237437e+02 3.272616117638461333e+02 -5.600230214248923255e-02 -2.363770294512624881e-01
1.907866617208472633e+02 6.848338042534799115e+02 -5.344262514112688850e-02 7.917496615586946951e-02
1.163454063570412245e+03 2.137359348652423705e+02 -1.278306671700661125e-03 5.577464010757308965e-03
2.609072879819163973e+02 6.314447937073693993e+02 -8.069068176092798750e-03 4.060293849264970389e-03
8.508373865668083909e+02 9.315277229359955982e+02 1.182854993635599041e-03 4.117528812664862019e-04
3.183602509720411717e+02 5.404878459275689693e+02 1.332606270004884404e-03 4.462405450645197391e-03
2.108432015689374452e+02 5.839609731270265911e+02 4.959030247520239236e-03 3.980469956306055546e-03
1.123351027197272060e+03 2.473330459970499930e+02 -4.075087517106670831e-02 -1.083113260157196889e-01
2.576844482022418674e+02 4.459205683956718644e+02 -3.832276869785134626e-02 -1.460698168872548997e-01
5.742883221781437442e+02 4.905727523826749916e+02 -1.043916451273711569e-02 6.745284258454488369e-02
1.096196414729041635e+03 1.977291686256245669e+02 3.082177988126474574e-02 -1.609534665567272094e-01
1.151423892567315988e+03 2.370944776890265757e+02 1.317535266100594016e-01 -6.242642757696460071e-02
1.136672729110240198e+03 2.480261322465487410e+02 -3.063878427434598151e-01 -1.238461477197061594e-01
2.506503250162752749e+02 7.277665801345840464e+02 2.345844757478865797e-03 2.629033635299033670e-03
4.452246427203847361e+02 1.094875684225126861e+03 5.489574501560730985e-04 5.001547174817172307e-03
6.695590092016240078e+02 4.971904515035106442e+02 -8.447380922191742234e-03 2.794966587039693622e-03
2.069045515288843831e+02 6.826222054895862357e+02 -1.628944781102202588e-01 3.954986286031622611e-02
2.373351672941688264e+02 6.693632971777842613e+02 -7.317090647025943292e-03 -3.120965720919085997e-03
2.576355969476689438e+02 4.042886731739079664e+02 -6.023738388739279664e-02 -1.898474491194811486e-01
7.718546580921636178e+02 4.916945305626122149e+02 -3.910285427150934218e-02 4.167814345916132091e-02
2.737665309337590998e+02 3.981095161922008288e+02 1.005475611675901992e-01 2.254459346301969924e-01
2.802796303005911795e+02 5.315443497527111276e+02 1.188322590277863166e-03 1.281213319138674268e-03
2.907982422800742484e+02 6.311677911364359943e+02 1.084085602860401960e-02 -2.594907632467289074e-02
1.260399560034133629e+03 1.956401991074579882e+02 1.100768666690170750e-03 -1.455820621343394518e-04
1.205092758176471762e+03 3.707675883393724803e+02 -1.424344039092505839e-03 -3.624594649058377610e-02
1.067006183628669305e+03 2.751806719091929381e+02 -1.078057849485980768e-01 -1.537976807202858509e-01
4.503031998844932104e+02 1.097232693252887657e+03 1.314032635557306136e-03 1.700129940735056744e-02
2.409410745308973105e+02 5.024514160517426831e+02 3.069815872086200173e-03 -3.997726902765567220e-02
2.507968873745095664e+02 7.109420101778976004e+02 -2.185284830607606144e-03 2.106671058747973998e-03
1.245796960459445245e+03 3.765979307064980048e+02 9.504150468508146613e-03 -1.229142348280999088e-02
7.193599154759558587e+02 9.613573073087376315e+02 -1.790166699907281807e-03 8.210033107007299116e-03
2.993785621865611120e+02 6.459892515224649969e+02 2.788223189310933079e-03 1.487545191323961613e-04
5.210711924254798078e+02 5.320443219545526290e+02 -7.076826241664453676e-03 -3.182331478512315757e-03
4.260692349709619862e+02 1.081177464285592123e+03 -2.135158266742785260e-03 5.617056390220379058e-03
2.276070935724630715e+02 7.106013539323598707e+02 1.209057857343593940e-04 -2.433196042251312521e-04
1.081741475307107521e+03 3.024983273468655511e+02 -1.560494984862971501e-01 -2.036645708841670066e-01
3.896119519876219783e+02 1.077409815808004623e+03 1.211833170270127519e-01 2.956294720013937782e-01
2.017950774095759243e+02 6.871615065605534483e+02 1.572196941842263912e-02 2.282655641917051385e-03
2.205061915583193581e+02 2.964968237485489908e+02 -6.724624760897261744e-02 -2.621035990546424221e-01
9.702544061777036859e+02 8.304853566944315162e+02 -3.243176685867471716e-03 9.662696627999301999e-03
2.606812041422568882e+02 4.549537214949978647e+02 -1.203201230537892519e-01 -1.310310379445066287e-01
2.189051062910419603e+02 6.462273815006249151e+02 3.284841392884897075e-03 1.428823711964045950e-03
2.570200917396153955e+02 7.177864290853691500e+02 2.328895048605664729e-03 -1.002454075569178147e-03
2.549784967943169249e+02 7.224125796411370857e+02 9.205709243982234877e-03 -4.452263558444581951e-03
2.613511630193164592e+02 4.346058462578200761e+02 -4.230886666538602459e-02 -1.830087872928725379e-01
3.241018345837513834e+02 1.060815747547308774e+03 3.981205095778470732e-02 2.581879981652072664e-01
2.970175365416614568e+02 6.546210761606854476e+02 -2.208382336258038394e-03 -1.747841394008261976e-03
2.346630867204394519e+02 7.101145195885130761e+02 -5.782804159532633527e-03 1.066757156073742111e-04
6.127864469297501273e+02 3.749350308804512224e+02 3.000028588025367617e-03 -6.216416417404197620e-02
1.198218260861236331e+03 1.875961458743898334e+02 6.661906944260624977e-03 9.000359856063053221e-03
2.531225604911375058e+02 7.354976203866152673e+02 -9.157463076878785690e-03 -2.998166559014898199e-03
1.124055924039215370e+03 2.116342341970293432e+02 6.134438162566181046e-02 1.337865453500131085e-01
2.552741860848236399e+02 4.912894369860427446e+02 -2.688922938234008728e-02 -4.197251492725045940e-02
2.485630856966778879e+02 3.465159967702994095e+02 6.608157797107608311e-02 1.408164100761809256e-01
2.802305071627333746e+02 4.205651284284490998e+02 1.115873308309309475e-01 2.444309974754929338e-01
2.185361570172246672e+02 6.628151094104251797e+02 -1.290498020836702104e-03 3.716148078236227240e-03
8.143300035708633686e+02 3.992654790877292044e+02 -1.380478607625218977e-02 3.148943600572440705e-03
2.175773904723346277e+02 6.515044775958507444e+02 -4.711554489329226186e-03 -5.325345233027202127e-03
1.179991031170344741e+03 3.533625628722586498e+02 2.145083350378041917e-02 -2.134937222507871102e-01
2.972337819543257638e+02 6.382013119133258670e+02 2.872661485577617663e-02 -1.746643733961624270e-02
1.001309090333659128e+03 8.554872534181200763e+02 -4.942796062587915054e-03 4.167399849161528870e-03
1.021555078481779560e+03 1.654444614181960560e+02 -7.820612484628741007e-03 -3.931597238027708524e-02
1.164826970387259053e+03 3.023721569138425593e+02 -3.664119387642383180e-02 -1.084388381841529594e-02
8.680046842472970070e+01 3.140440398325627598e+02 7.912861807571374339e-04 -2.512796259950526682e-03
8.323415486287959766e+02 3.195782437736356201e+02 7.038327733005977568e-03 -7.853376200369164423e-03
1.127120495239831143e+03 2.583964417688209778e+02 -3.282997525885539281e-01 -1.217341214565149377e-01
1.191665574955049124e+03 2.468365309964843846e+02 -6.455434329686029690e-03 2.416112751823327673e-02
1.177682071830169889e+03 3.248751206763100186e+02 -8.798977861282097912e-02 -2.085737933992537207e-01
1.223930107329190605e+03 3.984858671988909009e+02 -6.194637542405574682e-03 1.628266113980733273e-02
7.531908281358570321e+02 8.451233403479606068e+02 1.061981402489040613e-03 2.215675136047066853e-04
1.124383748265925306e+03 2.225977591654103094e+02 1.405483289763291392e-02 1.855160494450094205e-02
2.608345466183373560e+02 6.209164048689812034e+02 -6.875975545733356391e-03 -8.000233830720803602e-03
2.068660980008500871e+02 7.250112169875108066e+02 -1.848057577372779620e-02 -4.595219076789065771e-03
1.190456286813627912e+03 1.799737318668336741e+02 -1.363440241341030111e-02 1.414312136068282023e-02
1.212231613227058915e+03 2.212509562355944013e+02 2.953976879980968473e-02 -7.869327136800188111e-03
2.331283432756098364e+02 6.619872344471017414e+02 -1.569584118508480716e-02 1.585868109976551130e-03
2.202198745187604345e+02 6.953181398933505761e+02 1.499039280419691214e-02 3.889319178903527865e-03
4.144649347391720653e+02 1.068684609992363221e+03 7.956651815574544012e-03 2.967308516280363611e-03
5.510442968611189372e+02 5.158165875677784697e+02 1.276001253353173902e-02 2.620835453626793946e-02
2.541865910210441086e+02 4.199583140702356445e+02 -7.818458696241231687e-02 -1.857485693504890567e-01
1.138214794758815287e+03 1.909594886468985351e+02 -3.784167762047884603e-03 4.694571992497503267e-03
8.233622898704812769e+02 3.401335400398803017e+02 5.622373447540487262e-03 -4.384102509815497074e-03
3.485628668703974427e+02 1.080653510263568933e+03 1.618544312992376277e-01 2.324628441110194732e-01
2.350272547354475137e+02 3.485783821720665969e+02 -3.820169695892682016e-02 -1.735480865978840936e-01
1.204126229493620713e+03 2.571556466148987283e+02 1.489149924310539247e-02 3.509458113162824272e-02
1.067667305952600373e+03 1.810700793548171532e+02 -1.525636236087082962e-03 1.208009692377396034e-02
2.475036928441120097e+02 7.360005494217984960e+02 3.793222205162843051e-03 3.972523575572889203e-03
2.401796007797417190e+02 3.777094596111354576e+02 -4.156219393643856286e-02 -1.397287957740393771e-01
1.146567564561160452e+03 1.751276264241118952e+02 -1.760606368209367487e-02 7.622193892052789473e-03
2.770868656579726803e+02 7.015326299842657818e+02 1.297896482100776433e-02 5.265590413349998875e-03
3.103936646125271182e+02 5.234527791253071882e+02 7.085756418904744225e-02 -7.625257226252438181e-02
3.377082856077587394e+02 1.076194275083445746e+03 -3.555438901453935457e-02 2.213436144822125140e-01
2.600986246843413028e+02 6.845733637471120119e+02 -5.791881100064151001e-03 -6.732531438974367205e-03
2.293249776095737502e+02 7.459656894117230195e+02 4.852155647680851148e-03 -5.585575251121319661e-03
2.672840011922378949e+02 5.326470344179290350e+02 -2.297450119309131789e-01 3.531038743625908860e-01
3.175248978409770757e+02 9.903751844215482834e+02 1.759742876473271989e-01 3.965601879933346452e-01
1.052993436320429737e+03 8.378782261560683082e+02 4.796235190733478745e-03 8.163340033348450353e-04
2.374474517192761311e+02 3.164452172182463983e+02 5.287203204640734261e-02 1.547652003101301632e-01
2.118066562509828259e+02 7.097385629991748601e+02 -2.925050736917057109e-02 -2.150693380513818420e-02
3.282202878182741301e+02 1.096858965099695752e+03 1.546587322374485263e-01 2.371400139396981910e-01
2.955930214988758848e+02 5.141758171332942311e+02 -8.774818483908068331e-03 -7.172302156619696570e-03
1.220580919736677970e+03 2.469721801932331289e+02 -6.770235586949332335e-03 1.109569577721458700e-03
3.031060168679164235e+02 5.478513998062303472e+02 1.787067409315629130e-02 -2.677619585651342185e-02
3.032458201071099211e+02 1.009829860656844858e+03 4.388777840748920439e-02 4.519034659429379541e-01
3.061758414796361194e+02 6.199128564340801404e+02 -9.708451829523467164e-03 8.466367818200388334e-03
1.164627890840787131e+03 1.683941097218167613e+02 4.314719564385680745e-02 -1.204167554587905892e-02
1.199302933160065550e+03 2.296435700424475215e+02 7.562958751462940101e-04 -1.378803302737192059e-02
1.265997984910618243e+03 2.039877934202736753e+02 9.246701866407483700e-04 2.172454082873479658e-03
3.434251525399519664e+02 1.082993546484928402e+03 1.630902096005554802e-01 2.137438923499901944e-01
2.507313811746335830e+02 4.775777667449802948e+02 -3.103363722083270215e-02 -6.357252520087507131e-02
4.361010155628557072e+02 1.090582282965773857e+03 4.185470913777934558e-03 -4.300261534380936846e-04
3.202488032362310832e+02 1.026002662611686901e+03 5.037409579496777978e-02 2.587501961819081986e-01
3.072809966706506657e+02 1.044630030328353087e+03 6.826576664014953610e-02 3.245700788220864941e-01
2.429599640216012233e+02 3.359428886347952243e+02 2.983705235789327684e-02 1.368960732997616114e-01
2.613029315741783876e+02 5.143558638257618441e+02 4.566863150376597458e-02 1.020684829851090103e-02
3.072334321914083830e+02 5.591942655469599686e+02 1.040248491093237054e-01 -2.411026692550084435e-02
1.151457555525686757e+03 1.534332842408245767e+02 -2.321260307731376742e-03 1.143225225826478841e-02
2.666254135272603776e+02 7.201685941071539219e+02 2.409401999385647839e-03 -1.478476269628820191e-03
1.432894907033912659e+02 3.926251006595350077e+02 -5.155737748007050911e-03 -5.188181796587616008e-04
1.174433770443265985e+03 1.903972184939818248e+02 -6.462364846428238219e-02 -7.242213576596480407e-02
2.808691773679245784e+02 6.215053171945074837e+02 -1.564283209813653510e-03 6.225356719184700974e-03
2.052216727357088075e+02 7.312904435044372349e+02 -2.213449674755030207e-03 4.992104477958374947e-03
2.720462547439878449e+02 6.714007203241280877e+02 1.882597016977833378e-03 3.187076573272627344e-03
2.990280877125533721e+02 5.112603730136839317e+02 2.713444118208119694e-03 1.262446282165379484e-02
2.657226159387008693e+02 6.744778534875672449e+02 -1.729515267601694321e-03 -9.287821465077871971e-03
3.376824446738144729e+02 9.898057013691260408e+02 1.285908277976473835e-01 3.892800535199562040e-01
2.694645702286497340e+02 6.960141764760867318e+02 -6.609858544393183884e-03 -1.608229018848526468e-02
3.823294071004618218e+02 1.069445159112246074e+03 1.674317071019545689e-01 2.782156192688444718e-01
9.182801627637679758e+02 1.102593170418894260e+03 8.557633600255687640e-04 -2.406172344839577399e-04
2.619053904009920757e+02 6.604211350090520227e+02 1.555174957618396785e-03 7.644964643918233591e-03
3.910283497835812341e+02 1.059964767737324337e+03 1.474877620841218429e-01 2.558950302609941385e-01
8.206494704959853834e+02 3.834564696566441739e+02 3.951779853665438567e-03 -1.089164566418717242e-02
1.165374963873222214e+03 1.615639587926765159e+02 2.665157967858069218e-04 3.014056236921332579e-03
1.093360045357993386e+03 1.564795699695098676e+02 2.950384913066666885e-03 -8.817291755294133114e-04
1.199366831825447207e+03 2.125838458933512243e+02 -5.993944446203439830e-03 -8.678796513238174956e-03
2.241618640202281938e+02 6.585569902707825349e+02 4.694386265011060884e-03 -9.547758151075634581e-03
8.289807079179290668e+02 3.357472281411957056e+02 8.957177486549745132e-03 7.499897299298216146e-04
5.060313981301486592e+02 4.499918786911035795e+02 4.157540997170761261e-03 4.665812654870437910e-04
2.666540024827396564e+02 6.619908548631790381e+02 7.882182733677080624e-03 -7.749872157425067437e-03
2.341354655704041647e+02 7.010207909454517221e+02 -5.559903954082695381e-03 -1.272069426635659938e-02
2.728170788388166557e+02 6.593677521221785582e+02 1.716475559439711212e-03 -1.416936084455310170e-02
1.237824172056719135e+03 2.887289963191487345e+02 -2.916357290551237214e-03 -2.705556417733514726e-02
2.431051773689100344e+02 3.607170471526065967e+02 -6.911961516192630106e-02 -1.867854249802761990e-01
1.026592421766876669e+03 2.675146912334037097e+02 -8.616990951289756756e-03 1.830630884899952723e-02
8.248273809892542658e+02 3.312619440004397120e+02 2.887762087522274465e-03 3.255514654431926010e-04
6.989705063910131457e+02 4.206005434209151304e+02 2.522901917707753849e-02 -1.141212829031251243e-02
2.791899707834172659e+02 6.841488749323766569e+02 1.270462058784286880e-03 5.168427437176954971e-04
2.305108425996951951e+02 5.734611837041796889e+02 -7.913868260158631041e-02 1.234756348219828576e-01
3.667088690517002760e+02 1.020707390951466323e+03 1.655979802933601752e-01 4.826265740218168010e-01
2.759108912044335966e+02 5.270041492741092952e+02 1.278518370811289155e-02 2.743479737377115327e-02
1.175132995743657148e+03 1.763231003533529986e+02 1.299996052703046232e-03 1.487158825750780613e-03
2.541826500234035109e+02 3.896649963813541717e+02 -7.484816390766632632e-02 -2.129106215970030525e-01
2.388407632183150042e+02 7.386384536209468479e+02 -1.168458302763745842e-02 -1.952497624217069960e-02
3.464961785564432830e+02 1.092179539844466490e+03 -1.870378056645505965e-02 3.612978981173135540e-01
2.469437240486560086e+02 3.709853500744509347e+02 -4.743443266929964208e-02 -2.078239756372912417e-01
2.423358658525424687e+02 6.141320051448652748e+02 1.321207705942663568e-01 3.110125996634739431e-01
1.141643101535413734e+03 1.488541501720437736e+02 6.758294434440799935e-03 -6.101390669177344768e-04
2.525369370848796109e+02 3.456551243823716959e+02 4.726445426365556701e-02 1.569565078085566057e-01
2.648850296885286753e+02 7.300378844029088441e+02 -1.274625965873671558e-03 -4.535229104852411472e-03
2.504429134163709421e+02 3.198937939397612809e+02 5.129319318145894591e-02 1.890618685912071051e-01
2.622647879136538904e+02 7.084014947279671333e+02 -6.348735965833713453e-04 4.811214074269367421e-04
8.575974927782199302e+02 1.101671283611165791e+03 -2.385602025503548180e-03 -1.240590316336976544e-04
2.310789557895199096e+02 7.398202204243631286e+02 2.386552399842246290e-04 -3.358237661936892479e-03
2.348270875040020655e+02 6.050676838277039451e+02 1.044946210275754517e-01 3.147618730369307616e-01
1.402849259479097270e+02 3.899543815614851496e+02 5.836349525198145181e-04 1.106384364011139126e-03
2.138589378249643858e+02 6.678079525965418952e+02 -1.135462825774570528e-03 4.358780151078192958e-03
7.161017452116400364e+02 8.776844247993980161e+02 -9.663175333348544491e-03 5.636832434515106661e-03
2.398361909919521224e+02 6.614784105931935301e+02 2.815230594361571408e-03 2.431837033254445699e-03
2.558062274536291909e+02 6.011561282664171131e+02 -1.097590308880563720e-01 2.936401730001381716e-01
1.176837947524341644e+03 2.915072098984520608e+02 -9.520331737638179637e-02 -2.425073318386408161e-01
1.133683444476820796e+03 1.948810840078597835e+02 7.633317341406108125e-02 -9.061302498831325103e-02
2.356244944616852024e+02 6.246402707782407333e+02 -2.418405931838255030e-02 3.073830428582240426e-01
3.138524860348292123e+02 1.013713394709590943e+03 9.467018815185029856e-02 3.019070695111505387e-01
2.585332886917437349e+02 6.376229063352026287e+02 5.585203569829459182e-03 -4.708356593331844073e-03
2.107241308456336242e+02 5.220034806520977781e+02 -2.305373769224010327e-01 1.400861021193663125e-01
2.496146641612177746e+02 5.072600642591922337e+02 -2.111448130417309475e-03 1.931996959509131931e-03
9.454816034023677958e+02 8.532397137354290635e+02 -1.333409585935676090e-03 -1.679590733002973224e-06
1.092950536842643714e+03 2.035513334117172519e+02 2.390682780074118025e-02 -1.973653263402443125e-02
1.180192855843821235e+03 2.304136910040937494e+02 -1.620391224308393580e-02 7.673612758284466262e-03
9.981652974921914847e+02 2.279251463613169904e+02 -2.215485067305584393e-02 4.024150605076384085e-02
1.058361635497187763e+03 2.751077629740390762e+02 -1.420756309407919526e-01 -1.436937689851650046e-01
1.145172073823197934e+03 1.887574046313947065e+02 -9.786918266381870041e-03 1.418051282791401961e-02
1.114053610656498222e+03 1.755272843827293912e+02 3.081507886562720455e-02 5.094329804067502382e-02
2.337859928990681908e+02 3.260082705704204500e+02 -5.932007331489274476e-02 -2.279091197216331077e-01
3.685882949900176300e+02 1.064300665975433276e+03 1.923949921642590655e-01 3.086419634171846949e-01
1.085378315733651107e+03 2.054055595305536031e+02 3.968953427245804078e-02 -3.122247237757987820e-02
1.169991494844203771e+03 3.637303086281381184e+02 -3.807802984912617844e-02 1.083417650486741823e-01
1.214889711797749442e+03 3.608642849992711490e+02 -5.299483134573246268e-02 1.113047371430607446e-03
1.185456795823997027e+03 2.817888802390724550e+02 -1.015905285467865599e-01 -2.945483087784928622e-01
2.829811741553496631e+02 6.776548641834829141e+02 7.327986243625007196e-03 6.683814881933241442e-03
1.056946284282481884e+03 1.907954750324271629e+02 2.253472745725939620e-03 -3.140865193599758033e-04
1.072143514498271543e+03 3.393358433835073811e+02 2.690636339985479162e-03 -2.305971538265906562e-02
9.182090429947724033e+02 8.418947596780351432e+02 2.434182189172628963e-02 -1.738227677451234868e-02
1.235740401807778881e+03 2.785027105534834959e+02 -8.833996792956516630e-03 3.353961094023365837e-03
1.111134211377195470e+03 3.337616272271628191e+02 -1.206674764469398975e-01 -2.059588509440668791e-01
1.189495854029047678e+03 2.289769793280028694e+02 2.981349673039196315e-03 1.778653311205435602e-03
1.163952559307127785e+03 3.115215023143443887e+02 -1.418794877811138666e-01 2.955521752896417970e-02
1.030784120701312304e+03 2.764538239627586904e+02 -1.628554362137173139e-02 1.961783813412311395e-02
2.237807040212420304e+02 2.940073244163991149e+02 -6.718431981760215888e-02 -2.277275570880232802e-01
1.171063639661432717e+03 1.705700648997393500e+02 3.201066523181250300e-03 -2.524661969486618248e-03
2.800336452043706572e+02 6.918109351028363108e+02 6.560426294550771205e-03 -1.507251405693822753e-03
2.616824941146365973e+02 6.962950767769287950e+02 -2.947798564625625072e-03 -3.571923163697125151e-03
1.103105154293255737e+03 2.455596708718408934e+02 2.317356124409672147e-01 -3.101512157710743511e-01
3.671182432103858559e+02 1.072633484149370361e+03 1.804673363611974668e-01 5.672108624567765572e-02
1.143458432782176260e+03 2.759920501207269012e+02 -4.283134086163855464e-02 -1.180309107519209172e-01
1.866256517267743220e+02 5.755718991278519070e+02 4.464319950964935717e-03 1.467436151850024829e-02
1.195772783911784245e+03 2.264378488036980457e+02 1.115342592708324157e-02 -8.617704618810964612e-03
1.183975671195266841e+03 3.113498378367972350e+02 8.052440994167074304e-03 -2.335438144125120685e-01
2.289823071419289420e+02 6.248581332834793329e+02 -3.334534568339272975e-02 2.701692641624207081e-01
1.204253241269299679e+03 2.434974893590817260e+02 -1.884230801434650174e-02 5.149279718819001206e-02
1.147841357349670488e+03 1.678680833231916836e+02 2.665616284300292935e-03 1.059713393437779726e-02
3.224077634535305492e+02 1.050935506151007758e+03 6.098449520567328364e-02 2.967910486285795235e-01
2.744163071750769518e+02 4.459525453474081473e+02 -2.427450750463598997e-02 -1.128687358713332534e-01
1.111940544105351364e+03 1.878817286824766200e+02 9.454263590406875029e-02 5.160185705663610650e-02
3.050856485714248834e+02 9.940049763990126621e+02 1.587043329974786865e-01 4.619184985553257405e-01
2.099848800540544289e+02 6.441110659298677774e+02 -4.153524742906824184e-03 -3.697977005660081640e-03
2.328630948394298912e+02 3.363562753261398370e+02 -8.035610351954310115e-02 -2.216271721882635826e-01
1.105796368843907430e+03 2.329173215179971237e+02 4.621719072274978191e-02 1.884253253713820062e-02
1.168108743771243098e+03 2.148652037425374033e+02 -3.076058868281740868e-02 1.777912581278846132e-02
2.464361746344615938e+02 6.929752132745728659e+02 -2.527193731066178142e-03 -2.269140638465596584e-03
1.172542125767528432e+03 2.500230614740884789e+02 3.336492618613156463e-02 -3.158030130008101372e-02
2.577476705594195892e+02 3.802785233841782997e+02 7.533266779539825320e-02 1.712511013355413059e-01
2.727270275175988559e+02 6.532410980946850714e+02 -4.034558944867247532e-03 -5.738730277619985207e-03
2.909964340232018003e+02 6.487875256244676621e+02 1.725947659299256060e-03 5.868582320172523702e-03
1.137602307398537278e+03 2.066570195810515997e+02 3.705868984096437335e-02 -1.619779739941730815e-02
5.277441043235168081e+02 4.749829237117494927e+02 4.034536912377231950e-03 -9.632756877051227781e-03
4.400634985950850933e+02 1.085037970496528715e+03 -1.806482505604336489e-03 1.825159968543945592e-03
1.156633839513199291e+03 3.680006055080933720e+02 6.890422755543455270e-03 3.239611779561230986e-03
2.692204186796529939e+02 6.368733242756261461e+02 4.017367332779139301e-03 -2.012787343592253517e-02
1.108722027741220472e+03 3.197635631477841685e+02 -1.211485167080170039e-01 -1.607346708053311590e-01
2.446354028338849673e+02 5.703321362237073799e+02 2.479423520086083965e-01 -2.588287349319479680e-01
1.086856145227270417e+03 2.781954450212697907e+02 2.654198751910087917e-01 2.404317398503561798e-01
8.234466230976512406e+02 3.783862505269970598e+02 -1.131004713994512292e-03 -6.265364327602340267e-04
1.281230791938586435e+03 3.708404053051264100e+02 1.146142635287438968e-02 -1.777417658249670282e-02
1.002262675831030037e+03 8.669437403449145449e+02 1.239015953526384365e-03 1.668803143175045037e-02
2.286065385688433764e+02 6.886839063426652956e+02 1.136055636226668102e-03 4.720318558057524060e-03
9.231645823714035259e+02 8.641560908906542409e+02 5.759956440081371622e-03 -5.813637466854013319e-04
1.246977001851038494e+03 3.077059688466035254e+02 -2.199607886435086049e-03 -9.739206534008941485e-03
1.173451338208340985e+03 2.134222291892477585e+02 -6.783758240596335365e-03 1.126390660983607635e-02
1.287174857274468195e+03 3.543972967742176365e+02 6.312983196344699177e-01 1.439669800866825722e-01
2.403208126167210708e+02 6.772834425215719421e+02 -7.503275328741271623e-04 7.578452601741995920e-03
1.098361688529860430e+03 1.700376888691875763e+02 1.658179134889955497e-01 2.641679530169501952e-02
2.701814748090170610e+02 4.506224719821479425e+02 -7.334613827753297573e-03 -9.580393512997451011e-02
1.159907712952924840e+03 1.969469796895118066e+02 4.123061864499441564e-03 -1.653015157784981648e-02
2.445632276451275686e+02 5.762376890668634815e+02 2.558323798643505897e-01 -2.486705188018821788e-01
3.470957350043422025e+02 9.764688259139463753e+02 -2.510870822831494098e-01 6.121462203935666008e-02
1.157194924550637552e+03 2.104804584509809615e+02 7.392705482054747097e-04 5.305094141539764066e-03
2.781481508152521087e+02 6.590555546116087271e+02 5.665513869339159963e-04 -1.055550900088233482e-03
1.133481272961169680e+03 3.467727813926653653e+02 5.441576106715845934e-02 1.995139515786326645e-01
2.211519631106739325e+02 6.980893155337594180e+02 7.089609670008439977e-04 5.720078566373378720e-03
1.036278369702689133e+03 2.938992290030942627e+02 7.389593477360940563e-03 -1.493175481914083176e-02
1.145188161230379819e+03 3.367652855487446004e+02 4.816913035276931820e-02 2.395441082387848031e-01
2.563149975155695870e+02 5.827971435169494043e+02 -2.867571212971255223e-02 3.971883058489633078e-01
2.349083593159309373e+02 5.281662337072552873e+02 2.321271180851662286e-01 -1.594716010671537107e-02
3.307018191792226958e+02 1.055392338652928402e+03 4.439090600005435316e-02 2.772133501184996240e-01
1.166509663395324424e+03 1.823707750239070435e+02 2.851324479131630424e-02 -5.335853717809305868e-02
3.077218148071616497e+02 6.292931599432575922e+02 1.806323431309417998e-02 3.165402841591007706e-03
1.216227566897624683e+03 3.818690306585937151e+02 -5.638002586366239188e-02 1.020638703788721013e-01
2.446649219610702062e+02 6.972363844427931099e+02 7.380341135238173422e-03 -3.839373883209028920e-02
1.039043613378639975e+03 1.740212701855772650e+02 2.049621231016866612e-04 -3.300966257630716903e-03
1.051381939886482314e+03 1.861495848872285706e+02 7.735900960770408091e-03 5.640781888252147276e-03
3.389673353242748703e+02 1.001203329538727417e+03 2.327791735428456077e-01 3.558843924426171035e-01
1.029003151465327164e+03 2.942968665747563932e+02 -6.167702966301998740e-02 6.457934358006989228e-02
2.493597059362879804e+02 6.806293138428954990e+02 2.082998984369421446e-03 -2.044321924218181138e-03
2.365670467557160634e+02 5.082704736685219586e+02 1.135968240263090234e-01 -1.269244004788786240e-01
2.724343119750345750e+02 7.170219911595606845e+02 3.465381231409434167e-03 1.854241342009640189e-03
2.516020528474273590e+02 5.974142041698099774e+02 -6.648823433727749088e-02 3.033777428935095499e-01
1.048898137388030136e+03 2.616229509877194914e+02 -1.082420394666021995e-01 -2.686021024354422471e-01
6.140986586568380972e+02 5.566546962715609652e+02 -2.637642963173959104e-02 -5.668663951104742707e-03
2.843415327302961373e+02 6.712342910230338475e+02 6.379895476388495719e-04 -3.848445956310066109e-03
2.526886163770754479e+02 6.424126396397764438e+02 2.696914200747146679e-03 -5.892241163235099367e-03
2.040108186254008729e+02 5.293713083573231870e+02 1.916139429266202621e-01 -1.322208037996316921e-02
1.102940018870658832e+03 2.144064412022619877e+02 5.708871036557244989e-03 1.667589998648716376e-02
9.655407042170979821e+02 8.579086217622999584e+02 2.338303458096934948e-02 5.010949493911277981e-03
1.043478280101147902e+03 1.827145733604067459e+02 1.115844788052914569e-04 1.207795355375342050e-02
1.184415527984853725e+03 2.597312070615524817e+02 -1.736201646906803189e-02 2.278675046873295668e-02
2.824943486086446569e+02 5.790410578662546186e+02 -6.736774918862812288e-03 3.576997376150153896e-01
3.178462321044232795e+02 5.353672802772973682e+02 6.456820445272556074e-03 -9.341517164739793558e-04
1.190654170267446716e+03 2.068815769101548483e+02 1.090167969040620709e-02 -6.809299732624947421e-02
1.128654027236574848e+03 3.350535714454861704e+02 6.768700656031868823e-02 1.848975501162967439e-01
1.763868981941308505e+02 5.716354492554322633e+02 8.453983581864858710e-02 -1.839771194332763884e-02
2.818153908114407500e+02 6.492910567461865412e+02 -1.162453222429850851e-02 -1.180457151602551380e-02
1.054676215925172755e+03 2.048713373227374461e+02 -2.040249677333626308e-03 5.744675687054442287e-03
1.096891325978908753e+03 2.627298933245684793e+02 -2.318423435241503128e-01 -2.240473442244074742e-01
1.879302299205985207e+02 6.671969230784493448e+02 -1.418910795180921558e-01 2.511016073288673822e-01
2.184561973705020534e+02 6.094095268582483413e+02 2.109628010587079605e-01 -2.722208113011258535e-01
3.632017099875969279e+02 1.083725096599373273e+03 2.098747755172448715e-01 9.632358343146779633e-02
4.932735011273592818e+02 4.724053344216719665e+02 1.265459076399444091e-03 1.247439682027552416e-03
1.800066084292714947e+02 5.684898144834121467e+02 -1.789149447958071322e-03 2.026175732287536363e-02
1.155153623825780414e+03 3.341506163506382450e+02 2.208143313389045181e-02 3.510957129248026831e-02
2.915079625381628716e+02 1.010327535956600968e+03 1.165481832161817943e-01 4.881356576489173094e-01
9.258254998930715374e+01 3.723570453923754258e+02 -1.333227901575095298e-01 -1.660492546418205762e-01
5.679424925505984447e+02 4.261598888221453194e+02 4.204836162898573093e-03 1.474964843239635892e-02
1.177603261282445601e+03 2.435816352571016523e+02 1.010648162868714277e-02 1.712998609602970485e-02
1.133041006814108869e+03 1.618372979783633525e+02 4.370876878720262454e-02 -6.693814467815618896e-02
3.140065323013477609e+02 5.052455893766658050e+02 -3.183731007373416522e-03 2.918154571517843094e-03
6.065031399579427216e+02 4.381205994229215435e+02 6.400824895429127817e-03 -1.013735188147528270e-02
4.632479556363541633e+02 4.522553875515824302e+02 1.549604988478186455e-03 -4.827142554428618011e-03
1.159254115289400488e+03 1.853946704400165117e+02 1.495680566720261444e-02 -6.753868803110016361e-02
1.069816671621945488e+03 2.561310738985724811e+02 3.096657853739449018e-01 3.378305507341712866e-01
2.915349287849768984e+02 5.714002951492377633e+02 1.331549298232281506e-02 4.053265361701787195e-01
2.763453084694187396e+02 4.775685076444612491e+02 9.985675575610839655e-03 4.967377453835343237e-01
1.145463841973906483e+03 3.142390383890085559e+02 1.356954280133710056e-01 1.160717204444375733e-01
3.135198980055218954e+02 4.972134328749190217e+02 1.564401987495908641e-02 3.235973283270789265e-03
1.111628511196203135e+03 2.495215314329342675e+02 1.369727983413861552e-02 1.599612980022213082e-01
3.061720414105805048e+02 4.582304134889337206e+02 1.828295238561343549e-04 -4.630069532508699140e-03
2.346023516041448147e+02 7.729854983120644647e+02 -3.209622018375728105e-03 -4.983400670149232964e-02
2.986651876167312594e+02 1.002652547955253681e+03 1.281040813323012229e-01 4.692821216612239055e-01
1.516446202136272063e+02 4.549463863131800849e+02 1.475198868141739316e-03 3.027322693062142224e-03
8.197256860652856858e+02 3.301620498323796937e+02 1.952429819890776422e-02 -3.236086131203486094e-02
2.285453263852870123e+02 6.396166500782561570e+02 -2.050993208720769054e-02 7.649892423595552882e-02
1.520368506517216645e+02 5.289538064285234213e+02 -1.958017793794662731e-01 -2.505745313590811429e-01
2.538887944479786540e+02 3.692404912807991195e+02 5.833745914132143495e-02 1.499202230884631171e-01
1.142579126982388971e+03 2.087697761210151270e+02 1.284656761771283684e-01 -1.082936642359156598e-01
1.266731683851905018e+03 2.591188716355443944e+02 -8.928845663257391208e-03 -2.015740156588771009e-02
1.074644233757048141e+03 2.916717677127838897e+02 -1.731151856074215067e-01 -2.316471249676335942e-01
1.102008984390877458e+03 1.870539758477626719e+02 8.875681274461348635e-02 4.770715896737522804e-02
9.418298547041040365e+02 8.510017704301276353e+02 1.363695595623449705e-03 -1.975833457731148476e-04
2.319830694794989938e+02 7.147117943227907517e+02 -2.926419232614077721e-03 -1.037791962936929560e-03
2.000478440646781166e+02 7.217214103311640656e+02 1.480367407401616360e-03 1.420720188180254844e-04
2.918568940716789371e+02 6.621165337549882679e+02 1.118283626261069863e-02 -1.378383572370631312e-02
9.131770304219911338e+01 3.636098190623588948e+02 -1.583675595444145878e-01 -1.855959805174102750e-01
1.546637140302584044e+02 5.126714415472583823e+02 -2.830757983484057938e-01 -2.303909089679550826e-01
1.051389107857537283e+03 2.662476328790458524e+02 -1.461469411950533370e-01 -1.752388006846098412e-01
2.378034899593471039e+02 6.472913965114476014e+02 -1.004548395748667937e-02 5.276732941035338492e-02
1.133001149233623437e+03 1.810708334452636166e+02 8.270166357308404020e-03 -1.245783329466121359e-02
2.052455580772881945e+02 5.821494914730344590e+02 4.209922537093080397e-02 -2.094110362533181668e-01
2.118368622198103992e+02 6.225838368905941707e+02 2.024639733512735296e-01 -2.451512504851743879e-01
2.672393247800848144e+02 5.102959826014527493e+02 -1.680904110458595058e-01 3.814209083327158023e-01
1.136602608108738650e+03 2.392378733371737951e+02 7.646868958249797288e-02 1.490297550247312273e-02
1.164757505317626965e+03 2.483810735608899734e+02 6.741359039391466024e-02 -9.234958978283873757e-03
1.139690371002974643e+03 3.185619940174470912e+02 1.509568174068239288e-01 1.310936643844308191e-01
1.129374677349970170e+03 2.349607948409810376e+02 -8.621842112726953861e-03 3.719908816113456224e-02
1.192596954145101108e+03 3.910202927780769642e+02 1.245028641153927279e-01 -4.704730033226624947e-02
1.205783249732297918e+03 2.070443825432695917e+02 -5.532645637037720415e-03 7.860478546038197900e-03
1.063976012021647648e+03 2.303119483902692650e+02 -1.324372353711749870e-02 4.297096494501979197e-02
1.167432042282788188e+03 2.902466289650587896e+02 4.896096918475387194e-02 -4.413432340024061457e-02
1.204723995852476492e+03 1.996342787594618073e+02 9.185429562225774780e-03 -2.499103703670381080e-02
1.198751303937010789e+03 3.699072452481897244e+02 -2.718244180234683297e-02 -2.495038740579953035e-02
2.385731564153661566e+02 3.563455340272442413e+02 -4.041867299049235057e-02 -1.810413670632656513e-01
2.603292478265016143e+02 5.305282038865016148e+02 -1.403049953100057035e-01 3.926848224006760368e-01
2.042554404536107313e+02 5.716357176796523163e+02 6.455687104122793951e-02 -3.309790632497222052e-01
1.212518982944368190e+03 2.782808022801862080e+02 -1.326453804393951455e-02 -2.032167750239649226e-02
1.223654932875484292e+03 3.017582637780477626e+02 -2.076379614216123867e-02 7.516978328180023983e-02
2.503922874492033941e+02 6.515872349831892052e+02 -6.911394174969695547e-02 2.381603471525239185e-02
1.220823861508622258e+03 3.751866375878970530e+02 1.977951033960844152e-01 -9.337956585204722215e-02
1.082277187241949150e+03 2.293723210274847020e+02 -5.653238430061782727e-03 -1.227995929617060802e-03
1.043567210588384341e+03 2.697311268398395896e+02 -2.022255013622937247e-01 -2.077549568164850924e-01
2.212378063368658729e+02 6.884452696223493149e+02 7.090737693054412205e-03 1.794182232657197396e-02
1.009884078553143809e+03 8.370593429172145079e+02 8.201373507054175857e-04 -1.768241425341978259e-03
1.091801749963360635e+03 2.716803211415090118e+02 -2.670565163711203227e-01 1.657592672445276638e-01
3.102723228910563193e+02 1.010461265064941472e+03 2.271254904901063784e-02 4.824264623886131420e-01
2.658556616765899321e+02 5.235443697381253969e+02 -1.330909103053981857e-01 3.034994255702839761e-01
3.263939395626906617e+02 4.849002129478921006e+02 2.971962893598411107e-02 4.511229799808943314e-02
1.193153716889916723e+03 1.844934115294817332e+02 8.599908933184893150e-04 2.531954233853976870e-03
1.713076231134846239e+02 5.251559840451226364e+02 -2.941180488646230051e-01 -1.387684886812378671e-01
2.401356503607621846e+02 7.028459824987620550e+02 5.006964789369348348e-04 -2.132844970013156663e-02
2.545557560439886799e+02 6.678492280963063195e+02 -4.547574679458022372e-03 -2.567693489492406736e-02
1.185296219846187114e+03 3.893717628788740512e+02 -4.536559049593997389e-02 4.310846617222343496e-02
1.072113274756463397e+03 1.901275911096340678e+02 6.245085685116077631e-03 -1.942572955989353353e-02
1.075759511018392686e+03 2.039012684569500209e+02 1.947653770477952200e-03 5.223761386714771693e-03
1.225161888469785254e+03 2.683284368639386912e+02 -9.460749160278300249e-03 2.421528624163014204e-02
2.507101769302547609e+02 3.804697916432876355e+02 -5.751925019977435077e-02 -1.895044751385203952e-01
1.089850183191497536e+03 2.630087443913673724e+02 2.633018105957242172e-01 9.677681642031249476e-02
9.703471365947019649e+02 8.613783138733430178e+02 -1.913156136958272038e-02 2.005400429349679658e-02
2.950426466245071424e+02 4.872066676890889312e+02 3.707109432641550722e-03 3.383156124654118080e-01
9.992326475913035893e+02 2.426382755018319131e+02 -1.180930181486600011e-03 1.726071878601773482e-02
2.630958402746000502e+02 5.518182145495092072e+02 -1.314135610033209667e-01 4.094663145867263876e-01
3.090543042239763167e+02 6.024433513795919453e+02 2.823951152534825981e-02 1.490130292715721727e-01
1.753162710044855430e+02 5.294595566309585593e+02 -3.528310788598328918e-01 -8.023270264009912944e-02
2.404739444111706348e+02 5.210807991227347884e+02 -1.148252229553227248e-02 -2.249203155035461865e-02
1.166622740090065690e+03 3.235269710148371587e+02 9.636939350530336623e-02 8.992556297492977635e-02
1.180447017690489702e+03 3.350748424640751182e+02 -1.527828184860950331e-02 -2.190736320963357631e-01
3.502189446457040276e+02 1.093326165858720515e+03 -2.161899140847339546e-03 3.429637950049290729e-01
1.157849352284279348e+03 2.432681477506270085e+02 1.034253724699260857e-01 1.510864357857819983e-03
1.057575470269275911e+03 1.770354970671350827e+02 2.979675784321542814e-02 -8.056956830475286990e-02
2.670479313615488763e+02 6.182287862797744538e+02 3.887450011843769215e-03 1.434551736398215378e-02
9.865445068945389266e+02 8.771336580238579472e+02 1.508950438815506072e-03 1.309024974264138066e-02
2.586509267721888818e+02 3.219211844548565864e+02 6.435227009723487601e-02 2.045221890642902607e-01
1.087098117969309669e+03 3.419179108591313820e+02 5.684109943716309649e-03 5.527729691162802661e-03
2.619245166554553066e+02 4.133186786486691062e+02 -5.520093870685604392e-02 -2.239804141055654618e-01
1.141141013151486732e+03 2.220362091728371468e+02 2.371568061070464251e-02 -1.664192699385636659e-02
1.102424991860215641e+03 2.042985149117376693e+02 -9.020408520817197254e-03 1.065640135390939248e-02
1.089444497293638506e+03 2.273814112794242988e+02 -2.689988555072103226e-03 -3.772984480197420776e-02
1.212300034128323432e+03 2.266947176632956484e+02 -4.345983514645688356e-02 2.188170785237810237e-02
1.106187577519542629e+03 1.785702326756421314e+02 -9.847261569699311545e-03 4.710068371783233954e-02
1.208368393278527947e+03 2.182446475776663988e+02 6.747807828098825386e-03 2.851166958509655097e-02
2.446811873729065212e+02 3.069396070200654663e+02 7.334053130166399981e-02 1.652767770646253465e-01
2.439999851139626799e+02 5.180408807444665626e+02 3.081432927236908703e-02 5.158755013193476804e-03
1.147170664040003658e+03 1.586962750326793810e+02 9.410614113991445494e-04 3.246885945496459473e-03
2.030245275147487121e+02 6.017637887120928326e+02 1.718203066466607865e-01 -3.339175368399809885e-01
2.873387494737668817e+02 6.639496045030894038e+02 -4.623511503007531314e-04 -4.736947879615120358e-03
1.173206300486554937e+03 2.335697676476472679e+02 -4.476013258508288600e-03 9.403612653080631670e-03
3.655266639776276634e+02 1.055743257891067969e+03 9.953039949762272631e-02 3.783775801048385179e-01
2.726167387931192252e+02 5.182315048192454014e+02 -1.608092999425758118e-01 3.761316996401125046e-01
3.339551126157124941e+02 1.014380438128227297e+03 1.240631064094519231e-01 2.814050244184799765e-01
6.874014448642798243e+02 4.011655308274303025e+02 4.607951445818190828e-01 -1.736297638225233753e-01
1.146306681894373014e+03 3.561286389923715774e+02 -2.590950114037047711e-02 5.499578686139741657e-02
2.271131903259793035e+02 3.399404699561256962e+02 -1.011405483108362285e-01 -1.837555341101918260e-01
3.039263756049645053e+02 4.804009098454483819e+02 1.171148987605665631e-01 3.657156991619216480e-01
3.124462301326364582e+02 5.181374261103924255e+02 -1.777354966063762493e-03 -2.154668703107322225e-02
1.115285644626672365e+03 3.116494974883852365e+02 -2.843385963212047285e-01 1.228784644559498124e-01
1.280850507138693047e+03 3.294390211577239711e+02 7.381510601395699367e-02 -4.751399996909994039e-02
2.464140755191216385e+02 6.661357337826207186e+02 2.964443670846197802e-03 9.115656010390191504e-04
1.116080041281431249e+03 2.611553117367857340e+02 -3.883880058527544588e-02 1.635240583443320350e-01
1.135839146270210676e+03 2.867608752153939236e+02 1.111064945467989118e-01 1.025014673635393919e-01
3.086720445660702694e+02 6.255031308885843373e+02 1.866361638562549774e-02 2.254085462450888463e-02
2.533579103912085770e+02 6.987412327832553274e+02 3.000466862618627380e-03 -1.756065519499644748e-02
1.223491816856903370e+03 2.938697556853453534e+02 2.028198911807746647e-03 5.186840756116250844e-04
1.182458528873615023e+03 3.069512914153040128e+02 3.966411764817716346e-02 -2.334965124870442554e-01
1.063064780188877876e+03 2.184165217981780813e+02 7.369714367026216142e-03 -1.654880437883372857e-02
3.415518998011474423e+02 1.064430315811644732e+03 2.883961453901880481e-02 2.584448205570631929e-01
2.476304678360555158e+02 7.069652136028850009e+02 -1.854047611124031531e-04 4.149214900487752967e-03
5.051876852143995507e+02 4.765622079229458450e+02 -6.622920297513026390e-04 -3.178785713089945543e-03
4.219493344942900990e+02 1.096430739538465104e+03 8.510290448209774372e-02 -2.920190487148460398e-02
1.978904866922892154e+02 5.996701052985210936e+02 2.025526266209617954e-01 -3.469608828315363103e-01
2.501594032337259250e+02 7.091547870553581561e+02 -7.058623686169981058e-03 -2.857443694932332474e-03
1.976478643635831531e+02 6.373053623068252591e+02 1.161333601273278060e-01 -2.686863931198201216e-01
2.463353098966877894e+02 3.540436972069342119e+02 -5.110304339980263622e-02 -2.248150462384811976e-01
2.457333937731236517e+02 6.827295294136037000e+02 -6.908364662875794140e-04 1.156618096552793420e-02
1.204099806474469460e+03 2.784778530085433772e+02 -2.367136306961268569e-04 4.911798123497881398e-03
1.159422931924651948e+03 3.296823128498609208e+02 1.202268986993802607e-01 1.280520141964754111e-01
2.694886371130164662e+02 6.558354255374601962e+02 -1.501835150707906416e-03 -3.883343915847467780e-03
2.219261252744443311e+02 7.158594410389887344e+02 -3.901621097584481376e-03 -2.671338924864187069e-03
1.024428061425314581e+03 8.666848385530405494e+02 5.900438263249342501e-03 -1.239308199771612393e-03
2.847988767199385052e+02 6.365186692585938317e+02 -2.108940658597092781e-03 1.752348407751581991e-03
1.107660222396283416e+03 1.998365506616857488e+02 -1.735672517824835698e-02 1.846468484735345195e-01
1.146895306452018303e+03 2.137191585456874066e+02 6.039786825428140882e-03 5.261930052631050292e-03
2.348571997472093926e+02 6.877603337087927002e+02 1.123126137315354038e-02 4.293086417460067160e-03
2.522485280789772446e+02 3.045092322562967979e+02 1.776425432096221529e-02 1.032839982250469829e-01
1.023799940341105071e+03 2.582106629927179142e+02 -3.537447486666908669e-02 1.637825247415331531e-01
1.084063287323329632e+03 3.394324139876436561e+02 1.012999519525242288e-02 -1.628317729148364562e-02
2.882926704011137531e+02 5.589858888804557182e+02 -3.115535453513032862e-02 3.189972681882274341e-01
1.959880429123932402e+02 6.410616777307964185e+02 1.146689372163735288e-01 -2.725253923427132796e-01
1.287972102277690738e+03 3.482891869949417583e+02 3.628266217422826956e-01 7.057048949446474706e-02
1.200592600700084176e+03 3.806956508415515827e+02 1.169989001024834274e-01 -1.605795955173897616e-01
3.465998876151467130e+02 1.016984231824186850e+03 9.811686901394189864e-02 3.689316790853331418e-01
1.027963796985821546e+03 1.612029592483836211e+02 1.706947421180302765e-02 -6.649154392748641770e-03
1.223347244726943472e+03 3.481426835606460486e+02 1.190465594941406413e-01 1.460231660816128929e-01
7.585785661621433462e+01 3.150867512789441776e+02 5.260699631200578541e-03 3.976249995973991165e-04
1.245790227332176755e+03 2.748235010188481056e+02 1.596113459244305824e-02 3.660315122706861522e-03
1.063198816596230017e+03 1.960552199763555734e+02 3.653311812212571563e-02 -3.154834096236045632e-02
1.083631216569142907e+03 2.656683945143246888e+02 3.273781793422507191e-01 1.917656173205577741e-01
1.218273265321405006e+03 3.664363257495905373e+02 -4.056655554899528393e-02 -3.741195243764699335e-02
1.927720976558690325e+02 6.889098081074804441e+02 -4.297036128688457024e-02 7.060468622464480259e-02
1.112556414608371824e+03 3.055555205241092835e+02 -8.994304141178114192e-06 -1.420761408530637482e-01
2.266316743754015306e+02 5.718382132039888575e+02 -7.258251786012159812e-02 1.322478755759538271e-01
2.635277138833743606e+02 3.667435025441039329e+02 4.278416313960851231e-02 1.300995113825463567e-01
2.600011779998441170e+02 5.783982464533611392e+02 -2.870861950471344237e-02 3.791900487191963154e-01
2.569894468675136636e+02 3.176279473123947810e+02 6.059791938028184777e-02 2.177571801456957279e-01
4.769156455640159606e+02 4.860721302797674070e+02 -7.218124651063629899e-04 2.104792601550378381e-03
2.148287077927625432e+02 7.219019752197774551e+02 7.846309403929468962e-03 1.307652293266258620e-02
3.204381071385471387e+02 1.013602902158475899e+03 1.003914669725856773e-01 1.736118094611993623e-01
2.881729966529589433e+02 4.925104615907677612e+02 -1.576913405119360900e-02 3.235000071862126902e-01
1.208009274089519977e+03 2.382486577695253231e+02 -6.985577793075713193e-02 9.177073092736520721e-02
2.433270309590884040e+02 7.208541706033965966e+02 4.718669569960651580e-03 -8.891628366130690381e-03
2.957304229021034985e+02 1.019711986590307561e+03 5.193040586888299920e-02 4.655195500865438318e-01
1.823472996963830042e+02 5.125221642647768476e+02 2.655305219078062384e-01 3.611576987897890390e-01
1.255343379831098218e+03 3.525737835586584765e+02 3.797766344185282139e-01 2.344698216417862580e-01
2.981895085188972416e+02 9.880222734215317359e+02 1.827798225154760314e-01 4.629795898095610540e-01
2.285715949982911184e+02 5.276377402929324489e+02 2.715232028895014915e-01 -3.656273401757375446e-03
1.100045780602543346e+03 2.260951122973702354e+02 2.161815121286869527e-03 -1.353582277464341309e-02
2.771082802223656927e+02 6.744211597065319665e+02 1.134629998472820546e-03 -1.012780773561284786e-06
1.238495649274736707e+03 2.962588250620157169e+02 -2.778711420309103869e-02 -3.581102434828367393e-03
1.187746008332768497e+03 3.224484873188645793e+02 4.301046075891677006e-02 -3.400116654688458140e-01
1.910081615647187050e+02 6.083533730163110249e+02 1.957742103335088912e-01 -3.840859737253274342e-01
3.566056318532175737e+02 1.008117150617210086e+03 2.502804783510602094e-01 4.111821950065284725e-01
1.123886901974459988e+03 1.816447919663516473e+02 1.475723731222804277e-03 -1.036613734280960632e-02
1.167470953200299391e+03 2.554208679846730661e+02 7.138143289793093260e-02 5.104563595198050724e-02
1.136317669739647272e+03 2.988893728108156438e+02 -2.672785346971755516e-01 -5.801753617856983403e-02
1.121491239119506872e+03 3.223694357489056870e+02 8.314661705256229385e-02 1.046874116679726713e-01
1.188471080003017278e+03 1.763565200913655815e+02 -2.078268631179032086e-03 -5.305865573684148684e-03
1.141308785606730908e+03 2.850233033471525914e+02 8.732488421597781048e-02 1.208562519183962319e-01
1.177619790883594987e+03 3.533057663710701490e+02 1.699577195874867885e-01 2.325623473420061413e-02
2.232397014396024417e+02 6.786619053918499276e+02 7.054848968270680497e-03 9.647730518166514882e-04
2.311061253457216083e+02 3.475474698384828116e+02 -5.186386947609165216e-02 -1.781435121704376401e-01
1.130754675525948414e+03 1.771117015538899864e+02 4.458677721055721854e-02 -6.104130311355752958e-02
1.092266366834737710e+03 2.836101881542041383e+02 3.985851530363486439e-02 -1.637672971656731757e-01
1.203729525520114521e+03 2.162560438381885035e+02 3.124426107819136458e-03 -6.216166527210560330e-03
1.135884232334158924e+03 3.120763318780220743e+02 -4.523771007643517805e-02 1.720246765132066036e-01
2.801872002078924311e+02 5.592723514658368913e+02 -7.611821869783085004e-02 3.496375292442139848e-01
2.468465251449781022e+02 7.611621397345850255e+02 -2.508229591688495436e-02 -3.115306664142281079e-02
2.912261530224072317e+02 5.033784914738826046e+02 -2.470716339888151189e-02 3.125526239093945891e-01
7.858854713736287749e+02 4.008122407752437653e+02 -2.820780778131540701e-03 1.246823773367203986e-02
1.088167358531946320e+03 2.947165098732274373e+02 2.484685777435131915e-01 3.176436444174072782e-01
2.456383439374704665e+02 3.277806856006125145e+02 4.229104244799417739e-02 1.731132238421853042e-01
1.193189448736941813e+03 2.315086328378833684e+02 2.534157373566502461e-02 -6.528434702823542046e-02
1.195042312994605481e+03 3.526535041888864725e+02 -1.328734811601419222e-02 3.496902324320597111e-02
2.214489881247577898e+02 5.489668101116982371e+02 -4.709657336083751811e-01 1.421928014973730114e-01
2.335344176533139091e+02 7.240631057961254555e+02 2.413170652879582240e-02 3.793830853846823312e-03
1.236004969290576810e+03 1.327067257948915255e+02 2.755529757469546773e-03 -5.374445132371083976e-03
2.617094836434744707e+02 3.738300568045635259e+02 1.003982145228496659e-01 2.359638485777087735e-01
1.115442136048816110e+03 2.122021753114983085e+02 6.054719598502818906e-02 -1.928096729394132847e-01
1.113561198726464454e+03 2.520839121972152554e+02 1.566084925449015564e-01 2.049847487531171811e-02
2.300550814865203222e+02 7.302406859697658774e+02 9.080812603721474460e-03 2.078749726553041910e-02
1.573730607926264327e+02 5.230440784620666363e+02 -1.516385025574759071e-01 -2.597639226227438369e-01
1.102464503519748632e+03 2.334194350336358923e+02 2.688519705792342951e-02 2.370886546399565697e-02
1.696470866937889355e+02 5.064223000103559116e+02 2.329191280418610455e-01 3.372065433419444425e-01
1.127266182312345563e+03 3.135548771514069131e+02 2.409704251697316335e-01 1.564013718733844593e-01
1.272757588886832764e+03 2.632934306137580052e+02 4.879667219482315688e-02 -1.031363088918311188e-01
2.720646563385052445e+02 4.134987668838614354e+02 1.082176969313594223e-01 2.663477257444717416e-01
1.099826833260681042e+03 2.596074444897104172e+02 2.895109969951804585e-01 1.299798657366106058e-01
1.162971457670524387e+03 3.555666974572020536e+02 -3.131079000027539583e-02 1.116687268954652812e-01
2.109759799105610796e+02 6.794709443666813513e+02 -5.988094701721215912e-02 -1.509837542097226468e-02
1.974779119295661189e+02 7.088030939406423840e+02 -3.298938709937241504e-02 -3.364918952138568065e-02
1.227564568185674489e+03 1.489313942272232509e+02 3.017632091058868038e-03 -3.634197657200607338e-03
1.188301248468281983e+03 3.799153997088884012e+02 1.814736351816813656e-02 1.947187855815968871e-01
4.172539665711731800e+02 1.094757184946230382e+03 8.125918688205309437e-02 -3.415507880099189625e-02
9.816690248864061914e+02 1.783332845883628579e+02 1.004182643726156954e-01 9.870027782880042011e-02
3.175231301018987438e+02 1.060258717163187384e+03 2.643539621770596426e-02 2.246102326342231947e-01
1.024855986732557994e+03 2.072942954962855140e+02 2.743476124523354653e-01 4.623145001849575109e-01
1.196998550248474885e+03 3.151538651072316384e+02 4.000173329666087277e-04 7.684219916863156696e-02
1.100838826769343314e+03 3.295426636233191857e+02 -1.374133205704274885e-01 -9.097998128651134386e-02
2.907941531461024169e+02 9.984412477170776583e+02 1.802799121727292064e-01 4.168394441375891657e-01
2.201239228719966547e+02 5.310154956894841689e+02 1.943984336214839570e-01 1.076982910952134914e-01
1.082168223648061939e+03 2.176818108319196199e+02 4.288595394617307878e-04 -3.419502216572804440e-03
7.787382229608483897e+01 3.344715225302070962e+02 -1.093282213991449286e-01 -2.481433284447409904e-01
1.184902344868806495e+03 3.551419639499476943e+02 2.264953577709848467e-02 -1.722916818566744279e-01
7.186333879505840514e+02 9.190582038333238870e+02 -6.574921197297799690e-03 7.455370694388120147e-03
3.294679505966208239e+02 1.024930252385526956e+03 6.185803635114514587e-02 1.990073129918508987e-01
3.616642025605536332e+02 1.052944982288817073e+03 7.034192726975409260e-02 3.376599507942673606e-01
2.420994439290996354e+02 3.032037597900458650e+02 4.392249207650497644e-02 1.269102282406078114e-02
2.498040754362889970e+02 3.132721758900460713e+02 1.054566715488717138e-01 1.859835468271809900e-01
2.514281364454661514e+02 5.275813305804180118e+02 5.488714106152121908e-02 -7.428825981421077751e-02
3.690286923361643971e+02 5.182398584524499938e+02 -3.042159972453686270e-04 1.335195921085055625e-03
1.074194187396951520e+03 2.878730938247396693e+02 -1.890148404490661904e-01 -1.948368092465112555e-01
1.225227623140480773e+03 2.166606382733751843e+02 1.378468773075263408e-02 -1.969277619602344438e-03
2.476550173932484995e+02 6.997401833399052293e+02 -7.633224238067246124e-04 2.070912777422531572e-03
3.020219624951693618e+02 1.005003647631180797e+03 5.915499370719875388e-02 2.642000492012536728e-01
2.703988009129657826e+02 5.479618683669060601e+02 -3.280998504855554138e-02 3.603328740343414438e-01
1.204995390387058478e+03 3.086739429050860508e+02 -4.346983749780974904e-02 1.483719625677955289e-01
1.179134176543608874e+03 3.843441467567234326e+02 2.024658249540932115e-03 6.005050343891379407e-03
1.149479996882990008e+03 2.347745020543966064e+02 1.051354447893944888e-01 -3.690746763426204502e-02
1.207974168985670758e+03 3.552692924303735822e+02 1.910983008583065634e-02 -7.390726762695167679e-03
1.865679296182922542e+02 6.187572719376544228e+02 2.390515186930326219e-01 -3.990034833502125733e-01
1.033464600965124873e+03 2.024136743665829101e+02 -2.706007307432138353e-01 -3.574929379168271804e-01
2.479648303981877859e+02 5.135532982496338263e+02 7.327505047510719793e-02 8.591455031906733431e-02
2.031908118637025495e+02 5.353824511267958997e+02 2.033969797594130657e-01 8.822321904202681808e-02
1.106533567185107131e+03 2.449732126049150622e+02 -8.061506609044044591e-02 4.486445971933562815e-02
1.097736142335040540e+03 3.151842627900192042e+02 -1.427424508485773957e-01 -1.735576943740261280e-01
2.742011721902953241e+02 6.371469463414522352e+02 5.448463392389158236e-03 1.190735067507603211e-02
2.214115133553607393e+02 7.105982534801682959e+02 8.904463229367252236e-03 4.235138358594440350e-02
1.113772151018253908e+03 1.912557108098204992e+02 -9.063850341413964840e-03 1.408933451283340410e-01
1.167396088329431905e+03 1.422181873832706458e+02 4.292080022814472734e-02 -2.015067250157796461e-02
1.147334026677570819e+03 2.458230609015440109e+02 1.292335421832729314e-01 2.271223391828094962e-02
1.172233179944830226e+03 3.410964621449028300e+02 1.659034697023687444e-01 1.925760302408492664e-01
2.301139273582738838e+02 7.363394119653073631e+02 6.760767543046219963e-02 -3.494750650932297587e-02
1.049880555974475328e+03 1.653366245260962160e+02 1.571120492017617776e-01 -9.003281698433873714e-02
1.111119574987369333e+03 2.145404179935602542e+02 9.445538016615746824e-02 1.525760779541354140e-01
1.170070381426592121e+03 1.872226276989021301e+02 3.276987128396532251e-02 -3.858221201979242926e-02
3.259756023727034631e+02 1.041609652463620250e+03 -8.089409665955689388e-02 2.059338389909110278e-01
2.466941217389987457e+02 4.073540925326940396e+02 -5.181127594539037401e-02 -2.008999877065279771e-01
2.970107187663630270e+02 4.737739740389998815e+02 1.145943322213374277e-01 3.315482235627962848e-01
1.062271967967244791e+03 1.602899573167825054e+02 7.818777466000124965e-02 3.026365871677713301e-02
1.105503805364415712e+03 2.653448556184461609e+02 1.103505707675923736e-01 1.250514388956474321e-01
1.205724894205767441e+03 3.520418853741521161e+02 -3.471531039639693533e-02 2.265545754986992774e-02
2.370712863972067055e+02 7.466470936491061821e+02 5.340211372975637010e-04 7.049859269659948351e-03
1.179617954982797528e+03 3.748543820285427728e+02 -1.920215274283335743e-02 -2.639193080667066177e-02
3.224922367004680268e+02 1.082449619883727337e+03 1.387192127825768451e-01 2.966053967753870535e-01
1.023589923431144939e+03 2.997261176807892866e+02 9.185344198537373842e-03 4.128013503269458914e-03
1.811058969051148893e+02 6.134189322360873575e+02 2.258505910561597052e-01 -3.683139236280162931e-01
2.068398692467960132e+02 7.189168875123966700e+02 -2.440194369965966847e-03 5.430617627807805825e-02
1.244451109855955565e+03 3.052881356167977742e+02 -1.641131341157750501e-01 4.015159842898686771e-01
1.216958186952286496e+03 3.506331109502505683e+02 -2.531352881968277138e-02 1.009563404883935707e-02
1.918397364230162054e+02 6.315497548525969478e+02 1.295905754701135726e-01 -2.910885735223535664e-01
2.533784684549832491e+02 7.041980109822338818e+02 1.582381699647199269e-02 -2.353126903149545257e-02
2.424334179359179302e+02 2.913536517093118050e+02 5.174668568917951961e-02 -5.499675300804779399e-02
2.462501649925752929e+02 2.986059661876393534e+02 -2.603711060368273447e-02 1.511656240313627997e-01
1.130033094730727043e+03 2.150538739852284209e+02 5.229868692529550389e-02 -1.567510424194147253e-02
1.110743823997525396e+03 2.722245117450660246e+02 1.111110630318064632e-02 1.096939234072867170e-01
1.123240902563521786e+03 3.246142664111186491e+02 1.255991862310565921e-01 1.828518978740616141e-01
3.732914209946158621e+02 1.087031875852681878e+03 1.003236739276150147e-01 3.142121860043654014e-01
9.831069241051486642e+02 1.986476035459754996e+02 -1.837062151859451473e-02 1.382458330557632259e-02
1.018785286691587999e+03 2.154069281622791436e+02 2.054753309335957123e-01 5.421212206015555424e-01
1.218823780006524203e+03 2.250729413935739274e+02 8.840833693374774982e-02 -1.064116035031346386e-01
1.285111930623353373e+03 3.209863651940690943e+02 -3.650592297891643301e-01 -2.313534084773593846e-01
1.008190099156110477e+03 9.275617559288616576e+02 -9.449244688106599784e-04 3.706093372021054193e-04
3.488239221675614772e+02 1.076485832002470943e+03 1.523574265622430930e-02 2.620355696052619199e-01
1.094630357515995684e+03 1.733970018319855910e+02 9.080272558520202653e-02 6.982796129349336245e-02
1.207763395087479921e+03 2.556955565909645998e+02 -1.384632173403588240e-02 1.196276740182957918e-02
2.056586401903413730e+02 7.120949914921684467e+02 -4.025473685269999498e-03 2.393197860601226426e-02
2.904344588399749796e+02 4.487617357826275679e+02 6.615386811028685365e-02 3.665680865262047061e-01
1.055626306718768774e+03 3.215752201679853783e+02 -1.485537307988806822e-02 1.815071314801457517e-02
1.198635705515827112e+03 3.386667250350424752e+02 2.697187552624257245e-01 -1.032287750011121885e-01
1.315353554996494722e+03 3.417666200139521493e+02 4.569099326605908229e-01 -3.837006497518302608e-03
2.247577806433960177e+02 7.399388605036809849e+02 -5.287542225058672329e-03 -9.451826328665901764e-03
1.085456858318537115e+03 1.938979810769932044e+02 1.093306407043282691e-01 -3.223163520351809280e-02
1.202734457363347474e+03 2.675923557328063112e+02 1.113026436407894013e-03 -1.292078042349832992e-02
2.150606252614241498e+02 7.116013447145036253e+02 -4.341864829704342177e-02 3.539826334709244085e-03
2.433376991568282222e+02 3.138452565626133719e+02 3.584951239448149612e-02 3.510780171821405865e-02
1.102138765298436738e+03 3.140103719171254397e+02 -1.948622749741365234e-01 -2.161356311654227813e-01
1.065209586157856393e+03 1.708079287267964332e+02 3.193780264836634242e-01 2.450471737105056336e-01
4.100950798543066753e+02 1.095158780052811153e+03 2.158171544164256550e-01 4.760552492977535022e-01
1.094673394471225492e+03 2.105726687838464954e+02 3.338751852165463413e-02 -5.985466029411412592e-02
1.166033693944339348e+03 2.218604985123087658e+02 1.755049001886403726e-01 -2.314093378239713561e-01
1.283781116441033191e+03 3.970352640234523847e+02 5.671490360984421386e-01 -8.051284602023953130e-02
8.590147951609310439e+02 1.101876737425843885e+03 8.203074079757596664e-04 1.335909649166448223e-04
2.822601203106194703e+02 4.146414349735115934e+02 9.906879283797868918e-02 2.695807275044736495e-01
1.229415253343345512e+03 2.467267497258562514e+02 7.534826992235009110e-03 -5.085026348780518485e-02
2.041154784132919247e+02 6.270215510286977860e+02 3.538871592626114393e-01 -4.673050046712586836e-01
1.971778133178604833e+02 6.856390909860165266e+02 -1.091803929790415850e-01 6.480078430777613807e-02
2.107869035531093118e+02 7.197099469964103946e+02 2.492155207534598599e-02 8.984875390058612299e-02
1.129095662784791784e+03 1.697744000718472535e+02 1.272817126748293504e-01 -1.708256829935770327e-01
1.127542538340360579e+03 1.923892074877732057e+02 5.436952510159898111e-02 -2.116441234505286317e-01
1.174926046865137550e+03 1.956118662224688762e+02 -1.170998568788661487e-02 1.930487603936104080e-02
1.135602922241429496e+03 2.256585587336571734e+02 2.112503750347372034e-02 -1.025772688007133837e-01
1.181087971552148929e+03 2.364265538510679505e+02 -6.958503405132177022e-02 2.919299260776089255e-01
1.136230319144879331e+03 3.039152724666136578e+02 2.509930550882586431e-01 1.734133192882385543e-01
1.138682514926611020e+03 3.482776396038279358e+02 6.613150485826224667e-03 1.222035809778940774e-01
2.347464090829921304e+02 5.579254345348113020e+02 -6.701947450521759109e-01 -1.829967345840799453e-02
1.832764989777186884e+02 6.307440287697467056e+02 2.126560428921475676e-01 -4.605962229106026484e-01
1.160969061187932766e+03 1.695062074736955537e+02 1.270138798093783765e-02 3.015836915391072442e-03
2.246836279672455703e+02 3.195147879056779630e+02 -6.444790089355194318e-02 1.812329613997974431e-01
1.130144925764359186e+03 2.751214649856013921e+02 1.353637292078625765e-01 3.208229640523351661e-02
2.413817214484820397e+02 7.004519304363109313e+02 1.277848275191975809e-02 -2.967493313925236367e-02
1.095368399424341078e+03 2.861435331166225069e+02 1.842999023276269410e-01 2.542145996467375935e-01
1.036317652629632676e+03 2.873849217564439869e+02 6.890620917934499323e-02 -8.374400285682942480e-02
1.183586963867002851e+03 1.874871862998665506e+02 6.092626505852453966e-02 3.115254554242694734e-02
1.186436593440861543e+03 3.689752203868928291e+02 7.098040285529413386e-04 -2.795278492679495724e-03
1.204326911306451393e+03 3.882115210671976797e+02 -5.353867245707988332e-02 6.308202715423515128e-02
7.064770925270299813e+02 5.827680075523044252e+02 7.340216922181032159e-04 -3.510756128054614948e-03
4.701558874418576011e+02 9.416462627337051572e+02 1.545466771262751966e-04 1.169819316048452927e-03
1.393853720196973995e+02 3.975501656838324038e+02 3.754048352915008695e-03 1.014227257423223373e-02
1.122501246201645699e+03 1.939010348121692573e+02 5.742337089895954705e-02 1.014224428824570257e-01
1.063375901627248140e+03 2.766521963621667624e+02 -1.554287721252681567e-02 -4.565629940654827856e-01
1.170195108395596435e+03 3.197964025969584441e+02 -3.003790697730274878e-02 -2.825638089014169130e-01
1.262340841072370949e+03 3.885172831814758183e+02 1.787008584677453674e-02 -1.195025931117145619e-02
7.915420318293847686e+02 3.729126283709053382e+02 -1.794263546397208489e-02 3.061532125125225948e-02
1.142041286660693231e+03 1.773753747077645642e+02 -2.618419958101488639e-03 1.238321796486519313e-02
1.167671422084386677e+03 1.923670825544091656e+02 2.643618443761186834e-02 -5.104534862006512852e-02
1.093145539845276971e+03 1.910916658767473564e+02 9.671065147732021972e-02 -5.195091280371526982e-02
1.078842639507841568e+03 1.993667682672002854e+02 -1.307327537807185906e-02 4.594455953256197656e-02
1.172100083813608990e+03 1.591817243804210591e+02 4.913237682029165942e-02 -1.980092816128634359e-01
2.441164811222791400e+02 3.167794615523687867e+02 -4.156557889878058354e-02 1.297085855854993586e-01
1.215900944932514449e+03 2.286577369535494029e+02 -6.431722048646406308e-03 1.637500008932988790e-02
3.458484969289301034e+02 1.073884585000787411e+03 2.527474932052882484e-02 5.999529631383666156e-02
2.660350543412425282e+02 4.517251770193688571e+02 1.433132797149501945e-02 -2.730990081233173328e-01
1.060610577914872010e+03 2.908433198140861009e+02 4.644700768126123341e-02 1.403941124889485081e-02
2.005199688041772959e+02 6.188947709205085630e+02 3.830379337073672730e-01 -5.074382299319163403e-01
3.279577142507008602e+02 1.063401806769705672e+03 4.142790673695628811e-02 2.562749693990535316e-01
1.191545333402032156e+03 3.401533881284626659e+02 2.523371132973135089e-01 -9.498233552995602458e-02
3.174096376602335567e+02 1.050257680072301582e+03 3.902291871467063189e-02 2.104583508020289595e-01
1.940309267379814742e+02 3.194620316415911248e+02 3.982703339059671054e-04 8.777011490947602378e-04
1.102648638941384888e+03 2.881644578130926106e+02 -1.122073532387007216e-01 2.398405291401672912e-01
1.092558175092538477e+03 3.116240896876707325e+02 -2.063738345427323650e-01 -1.266539930749569498e-01
1.151267263841058366e+03 3.105445433104756603e+02 2.842038243857649138e-01 2.764669519157249566e-01
1.993214779340661096e+02 7.162722251008834746e+02 -3.887078923881533143e-02 -4.958848223582312115e-02
3.683776432071159661e+02 1.051466820100098403e+03 6.071852375083350295e-02 2.660362810018093160e-01
7.875757826525436940e+02 3.911155819116938801e+02 1.577850927892974348e-02 -2.812417116915693835e-02
1.034212408956049558e+03 1.636275975085837899e+02 1.985101878206889936e-01 -5.865060146951842773e-02
1.035977506601809637e+03 2.417659856074775462e+02 3.230478862602640389e-01 4.305759657388372186e-01
1.753445814135488945e+02 6.238477865600110590e+02 1.942443574411437945e-01 -3.964610459447991953e-01
2.765941021533286630e+02 3.917857832488962231e+02 8.879099339910397071e-02 2.651442139922522978e-01
1.185312095565864411e+03 1.873834755796942488e+02 5.027592174452592821e-02 -5.787037154756120849e-02
1.158143873204168813e+03 2.598438983714203232e+02 3.161143842394267128e-02 -1.812450102276841335e-02
1.123082934827960798e+03 2.672410387319732195e+02 5.107347233556538274e-02 -8.716752654925982724e-02
1.170664794585545906e+03 3.043297523548970958e+02 -2.140071620130129249e-01 1.698495153745227526e-02
2.838537270105337029e+02 6.310803998732367290e+02 -1.638996074429144301e-02 4.791770302918507696e-02
2.564566962149423830e+02 3.915106490142080702e+02 -2.839803242236664527e-02 -1.315638044978898469e-01
2.776627344837787064e+02 4.648025194568541565e+02 -1.085841410971307847e-01 4.518414047166892655e-01
1.123934338510413454e+03 2.812938620216191907e+02 6.589380165031032133e-02 9.233077260417506260e-02
1.121841592824242980e+03 2.794289268217555104e+02 1.855384890071538895e-01 -4.076116046521358061e-01
1.292509031533346160e+03 3.427116367416185199e+02 2.676486490715528910e-01 1.747246410614773093e-01
1.671520625006607474e+02 5.684590512458549938e+02 1.768092728695628002e-01 -3.301261796601633325e-01
2.172721609833301670e+02 2.951799817613169807e+02 4.586458154414035232e-02 1.070583546598034702e-01
2.414079243384720144e+02 3.862552158993564149e+02 -2.886506700742093659e-02 -1.152421785256605158e-01
1.003976096493483851e+03 1.807172394671887616e+02 3.174749001709895047e-01 1.571514943540566756e-01
1.120110566005839701e+03 2.171205196477166623e+02 1.089587709367757923e-01 4.237089551188136238e-02
1.180438671571304667e+03 3.274012587312572578e+02 3.116151837378235423e-01 -5.566177034104510812e-02
1.148279129671532019e+03 3.452396344640186499e+02 4.504053417069068393e-02 -4.826408658148453878e-02
2.307392619752370138e+02 2.912206852013459297e+02 2.310911435176876694e-02 6.515053296584483178e-02
2.482715043126614489e+02 2.893021510345836305e+02 4.061232462408484456e-02 1.176436192619288584e-01
1.131583175656443018e+03 3.127456636068861258e+02 1.652525921948809484e-01 7.750884396249509145e-02
2.510359150817032798e+02 6.981369870879565269e+02 1.798720016449973508e-02 -6.907084032089936577e-03
2.813321889777969886e+02 4.345803820426668835e+02 2.869939626991424575e-02 7.585174406613859333e-02
1.002620885405334434e+03 2.270746963865551322e+02 3.757324249332327781e-02 2.338574778082858074e-03
1.090222336147254282e+03 2.292200922027803642e+02 6.339177160170095249e-02 -1.604138141553814734e-01
1.079754768553729946e+03 2.805894934346229661e+02 -2.480352384273203370e-01 -1.412355963416054294e-01
1.093323024495105983e+03 3.258287064971121367e+02 -6.383316481972656220e-02 -1.960283872268426819e-01
1.176770664271749411e+03 1.877200534786217077e+02 -1.853487565544327254e-01 2.645709120198347364e-03
1.187455717576428242e+03 3.928484904833012479e+02 1.951321883158527726e-01 -6.334949144716972569e-02
1.990784224978127099e+02 7.123921367399095743e+02 7.018319037174691744e-02 -7.116578605625534237e-03
9.252706388948175800e+02 8.893773089752395435e+02 2.081351768988781714e-02 4.566247839647985529e-04
3.549655779374742792e+02 1.045944729388975247e+03 1.466627930212105468e-01 2.479921998555454365e-01
5.082592558564496699e+02 5.009959039455075640e+02 1.265153861817983234e-02 5.462196393951520602e-03
1.019962152132653159e+03 2.521813368823308394e+02 -1.312703192784207828e-01 -1.065142335154594874e-02
1.123529907732220863e+03 3.012279044493236029e+02 3.153494193949124003e-01 6.994115037358597520e-02
1.127871531205756128e+03 2.961214611983199916e+02 -1.576200215051206388e-01 -1.362786319303116445e-01
2.604391832601544934e+02 5.407882249099333194e+02 -1.751913944651808663e-01 4.037005341427933325e-01
1.838367481187525527e+02 6.565765675667394135e+02 1.882463974725984146e-01 -3.882292463731119025e-01
1.196078738421625758e+03 2.214642484070226942e+02 -1.001373552445556925e-01 2.334046220765770840e-01
1.184834986219804250e+03 3.446465035576526930e+02 2.435095994654342955e-01 5.349486004806586897e-02
2.413392751108062271e+02 6.934830638134902756e+02 -2.842200406725226003e-02 -6.025638821626801145e-02
3.580978387678711670e+02 1.020354117231887585e+03 1.733965984278508510e-01 4.080353311905306479e-01
3.096167226145487348e+02 1.030819158771903858e+03 -1.013200701878450363e-02 4.572917977103380799e-02
4.187513671353406721e+02 9.816589291383708087e+02 -5.020819076546396281e-02 -2.193636627095786953e-02
8.357417693850402429e+02 1.091522154319399306e+03 -4.623495317844117380e-03 4.706926250800539356e-03
1.129016121790437410e+03 1.996305917340761766e+02 1.793514216699175143e-02 1.583859278014472238e-01
1.159112312695137462e+03 1.885171339307265725e+02 -2.510709669650168507e-03 -7.172826730207650103e-02
1.190656811852664532e+03 2.839018624354129088e+02 1.138493746242812306e-02 -5.452908747378597265e-02
1.174319123071848026e+03 3.134095339953470898e+02 4.155039142375034633e-02 -2.031319485530939939e-02
1.098707164551783762e+03 3.352732124093845414e+02 -2.710976294803493433e-02 -2.305210182417585518e-01
2.795243682438265296e+02 6.442909198750994619e+02 -9.522242124690959153e-03 -3.850358413382519440e-02
1.202059416736669988e+02 4.586934718806347746e+02 -8.923296829672959507e-02 -1.697318346404917688e-01
2.442042522508151023e+02 7.036653073563393264e+02 5.331684654057274216e-03 1.977604409499160096e-02
2.686168747657447966e+02 3.596099970867827551e+02 1.259816804530063672e-01 2.880098316509815959e-01
2.570331600033024415e+02 5.139308324110543253e+02 -1.105588498824193813e-02 -5.452209966846443406e-02
2.492139247123705843e+02 5.281491423387536770e+02 1.379039721867188380e-02 -9.074154591588591556e-02
1.095577689600455415e+03 2.928449819886038199e+02 6.538183493781120348e-02 2.735190502806300605e-01
1.206580351569685945e+03 2.158369459514647417e+02 -3.942868971390370465e-03 2.581821901994306792e-02
1.212316742442893428e+03 4.109430299206655377e+02 1.067836926311181017e-02 -1.031223150405677184e-02
1.207936533570183656e+03 4.244446219034047658e+02 1.057941671596877679e-02 8.961648246115188135e-03
2.292996867845921543e+02 6.950535127088883200e+02 2.713233025787334732e-02 5.442567271989611627e-02
1.022496453785714607e+03 2.056848626830220041e+02 1.785748036780319126e-01 8.059923234535630865e-01
1.141554825443115533e+03 1.973639520349231873e+02 -7.055012085606904640e-03 4.790507919508400075e-02
1.115645792995604324e+03 3.215450817879716965e+02 2.354990321409559384e-01 -3.001568628108884917e-01
3.110075422518641517e+02 1.068969237353066092e+03 1.471278445504196897e-01 2.542945599938775669e-01
9.988908669805672389e+02 1.662086364071990090e+02 2.092282843984776264e-01 2.442484396655686396e-02
1.088582514683726913e+03 2.012644090777997405e+02 8.975016529037323221e-02 -7.974584869347722815e-02
1.116094538644489603e+03 2.275655321331977063e+02 -4.792012711732240859e-03 2.182757027989749854e-01
1.182786668870525773e+03 2.183537881455778233e+02 -9.636678839064593063e-03 3.853746043784806591e-02
1.966982560813181919e+02 5.873212546779254808e+02 4.484367047255469890e-02 1.361524572965006757e-02
2.401002654002658403e+02 3.708929032826090975e+02 -7.064719834093580175e-02 -1.643280762933443384e-01
1.106456631868056547e+03 2.105320803667337373e+02 1.055631711234923387e-01 -2.783960264996920841e-02
1.023179320632386862e+03 2.373979411194976876e+02 -1.915906050152784701e-01 3.637002115523912948e-01
1.149001483265476963e+03 3.509279881048777270e+02 1.091149994124407385e-02 1.434948191101170778e-02
2.945211527592943526e+02 1.013800881677625512e+03 1.038181286202046749e-01 3.075666153320071317e-01
3.162260962296123239e+02 1.030751838306616719e+03 3.366757334030268112e-02 7.439205704443452305e-02
2.668533405048359555e+02 4.261513138432474648e+02 -1.596458551198013942e-01 -2.991470472530214364e-01
1.014195973386761693e+03 1.624218060447581422e+02 6.396644456166151668e-03 4.722238298484577462e-02
1.082166493851618043e+03 1.530102505328158031e+02 8.898774736011157149e-02 1.282399606342405074e-01
1.004222835702464067e+03 1.738256135619519966e+02 2.156370463615076005e-02 1.815877486837556287e-01
1.131490379923330465e+03 2.060039671270340023e+02 -2.019404720192921610e-01 4.782021544461859675e-01
1.129865710152698512e+03 2.266471986754849297e+02 1.315183999661582830e-02 2.366113337536798408e-02
1.119682086482655450e+03 2.553251393670383322e+02 3.274877752707457956e-01 -1.739644178178504641e-01
1.100852083590241136e+03 2.851610904001521476e+02 1.762490449141296267e-01 -5.469923673583870077e-02
1.107700449652470070e+03 2.918097089019403256e+02 3.583355427261786935e-02 9.392520798884171906e-01
1.187549478282140626e+03 2.059339299506202678e+02 4.467517595782867328e-03 -2.652958407103207013e-03
1.131841352597592959e+03 2.437256365059127745e+02 -4.388948641881792317e-02 1.545504618687191800e-01
1.207652977312483472e+03 2.513183261832652988e+02 9.111595480914860129e-03 5.838133908793809211e-04
1.120276360624431163e+03 3.029395137624596259e+02 1.876596508412993469e-01 4.309210686238559851e-01
1.168646669757420113e+03 3.049062675152118800e+02 -2.132873471424058531e-01 4.929994362034904043e-01
1.245242568376455665e+03 2.942650254689241365e+02 -5.672036208956602460e-02 -6.515302467733720404e-02
3.137976174969997487e+02 1.031121774571393416e+03 1.216941229557733095e-02 4.344568084859799784e-02
3.041338635232506817e+02 1.044897928143877152e+03 -4.585892807456763004e-02 2.785678580308805219e-01
2.639570457224198208e+02 4.428632646615216117e+02 -6.662475216733317052e-02 -2.197225122855381019e-01
1.120927353528003323e+03 2.047179871999218506e+02 -1.168283340615137861e-01 2.130696036371280966e-01
1.216622034202959412e+03 2.826320042563279458e+02 1.424628396805852903e-01 4.312500450751599601e-02
2.869854220220712477e+02 6.515915133954767953e+02 5.099858466527015235e-04 2.299192590320823723e-02
1.118352305420946550e+03 1.968659488656845724e+02 -4.715770521816011612e-02 1.703348272327048218e-01
1.079305228648699085e+03 2.749610739125168948e+02 -3.343393568259216408e-01 -2.049241170266896117e-01
1.063550950507540392e+03 2.907207774033588521e+02 -2.340379434582246232e-01 -1.336826970899210321e-01
1.150185185440480836e+03 2.191076705319709674e+02 1.037937453376798630e-01 -1.246820307668940614e-01
1.252010521327787046e+03 2.775065007955093392e+02 6.092774518260739292e-02 -4.024436726240537832e-01
1.115084628916526071e+03 3.055152493469914816e+02 4.874893175906890863e-01 -3.609482758431568211e-02
1.171969418456340691e+03 3.857613478612091740e+02 1.377239677909528892e-01 -1.579392077293050589e-01
2.610409151907938394e+02 7.045391166427156122e+02 1.249060136274238284e-04 -4.047015017556532257e-02
8.187867353984222518e+02 3.353195858246826333e+02 -1.082982428229399829e-01 2.940823814691526650e-01
9.880249095058103421e+02 1.768974113856605754e+02 1.502588053105569088e-02 1.867187568378483320e-01
1.037769149263177269e+03 1.647832338097978777e+02 5.172585050389102435e-01 -3.826062159033796206e-01
1.047466975229784111e+03 1.793305864637565037e+02 -9.830915127588468749e-02 5.158050366366424555e-01
1.152518663115829895e+03 2.238386507732528230e+02 -5.049800411967453329e-02 2.234401366063423211e-01
1.168809782301915675e+03 3.445394844445223725e+02 -4.623323090163466986e-02 1.927456180359001792e-01
1.251635156072465406e+03 3.452945825197353429e+02 3.705320704199266402e-01 1.445744024026680563e-01
1.932042241868893484e+02 6.549916588971746023e+02 7.834338849676214522e-03 4.898597442894185860e-01
2.791497266641888473e+02 4.315416566472158024e+02 3.209918471727443712e-01 4.932574650944919203e-01
2.670489898335814019e+02 5.297328838840567187e+02 -2.553905034828100537e-02 2.223433998896098274e-01
1.096342730541744231e+03 2.170720295645024578e+02 -8.364189424719370436e-02 1.661944564933151014e-01
1.077475963958254852e+03 3.021409225036959469e+02 -6.221813988834886018e-03 2.620627207907849088e-01
1.051889738573749582e+03 3.310750749958633037e+02 -1.357383700777366718e-02 1.232517543119608129e-02
1.136206408399736574e+03 2.335500360125585360e+02 1.921455495191063886e-02 -4.277833444092493664e-02
1.124835775813519376e+03 2.855008197429589814e+02 8.472459208140510623e-02 -7.199893372880221236e-03
1.130744781234458969e+03 3.036302425415746029e+02 1.413429702688517864e-02 1.046466525087907939e-02
1.148497746735541341e+03 3.129948835953540538e+02 1.577371270919532831e-01 -6.274272621730385413e-02
1.864209500406656730e+02 6.641890512548313836e+02 4.547205515204192500e-02 -2.256328293483420566e-01
2.014720926547631450e+02 6.816832554956928334e+02 -3.450323062641776767e-02 1.859400420641653395e-01
2.350418678152882137e+02 7.103298464900904037e+02 1.797359976791312874e-03 4.590457557503668795e-02
3.078239256708277480e+02 5.591190441905291664e+02 2.903373843281542577e-02 4.525098713975239662e-02
5.208802973416082978e+02 5.318636413448443818e+02 8.934684419614313811e-03 2.237372527990070734e-02
2.471178698346689941e+02 7.267317918290744956e+02 -3.856252670028462864e-02 -1.449527435232766948e-01
2.057934265931070570e+02 7.313384970205092941e+02 -1.697818820403540485e-02 -6.998416352807150520e-02
3.362021814847993824e+02 1.031570210080808920e+03 -1.978248163754869893e-02 1.823337531698901726e-01
2.439870966358877808e+02 3.448246847217068876e+02 4.509392679980805951e-02 7.644026129159442462e-02
1.048765751548792878e+03 1.685778198076377805e+02 8.377604385702852596e-02 -3.641419148983118248e-01
1.048365378307802075e+03 2.009233407541879330e+02 8.661807056091674895e-02 -6.986188446637697780e-02
1.122033773718999555e+03 2.090754063892228203e+02 2.208133871669133441e-01 1.685392175154589722e-01
1.118536223513225195e+03 2.168328962588944648e+02 1.242765252105755280e-01 9.039050778069679382e-02
1.122941295325554847e+03 2.596075252143510284e+02 4.876275036849619937e-02 -2.172190382508460971e-01
1.115863120319639165e+03 3.368201520897849832e+02 3.473138706697227462e-01 -3.791425504572316640e-01
1.239277227433428152e+03 3.363522906952318294e+02 7.071619229452608124e-02 -3.712132499708502564e-01
9.508976111973486240e+02 8.231038836151897158e+02 1.143947231142874443e-01 -1.777616045171726000e-02
2.552479439107572716e+02 3.400592377353088978e+02 0.000000000000000000e+00 0.000000000000000000e+00
2.987911760909934742e+02 4.349528824928104882e+02 0.000000000000000000e+00 0.000000000000000000e+00
5.164371003414776169e+02 4.754347083001932788e+02 0.000000000000000000e+00 0.000000000000000000e+00
1.061638915824662263e+03 2.982593730339329454e+02 0.000000000000000000e+00 0.000000000000000000e+00
1.165706844929180534e+03 1.855462592629155836e+02 0.000000000000000000e+00 0.000000000000000000e+00
1.123740147855802888e+03 2.985762874038976520e+02 0.000000000000000000e+00 0.000000000000000000e+00
1.153409784447606171e+03 3.177704972124803362e+02 0.000000000000000000e+00 0.000000000000000000e+00
1.156036755145306870e+03 3.742548764667719752e+02 0.000000000000000000e+00 0.000000000000000000e+00
1.211873470863521561e+03 3.870448128493557647e+02 0.000000000000000000e+00 0.000000000000000000e+00
2.118543454053493917e+02 6.225118362333834057e+02 0.000000000000000000e+00 0.000000000000000000e+00
2.279094153221697638e+02 6.329445075610873346e+02 0.000000000000000000e+00 0.000000000000000000e+00
