1.342126040323954328e+02 3.785404234826015681e+02 -1.608479550179765143e-03 -2.721876098199586293e-03
2.656690967117438618e+02 6.831922913736962073e+02 -1.080196879559700961e-03 -8.621880954073690012e-03
2.532458155085390104e+02 4.679108531826689727e+02 1.189636892544291419e-02 1.240374597044268442e-03
3.164127148130118599e+02 4.761875799105910119e+02 -5.152096773643297795e-02 3.962196924635801726e-02
5.673801175723593815e+02 3.880718750192577318e+02 -1.875061286843541716e-02 4.314059433329757443e-02
5.624238484629892127e+02 3.819725617074494721e+02 -5.263254509067886999e-03 4.267763642443210548e-03
2.625463289428244593e+02 4.243575046700852909e+02 -8.156915789545890472e-02 -1.918373819069086050e-01
8.296848707259064213e+02 4.081639138778492111e+02 -4.418368232136074867e-05 -6.093004916511510737e-03
7.100755016259259946e+02 4.174357935451096182e+02 5.239735004548686653e-02 1.084291193511559628e-02
2.346654057006746541e+02 6.974758082928963177e+02 6.736733851823547420e-03 3.783316975872961217e-04
3.734694224149965294e+02 1.046930381972125360e+03 1.492028777778876547e-01 4.533082383050965891e-01
3.799923965255392773e+02 1.046409411392833817e+03 1.637441586203254307e-01 4.224321777682784051e-01
3.323660923116816548e+02 1.019036477303254969e+03 1.303046846860040908e-01 2.517626383633697618e-01
3.086543900734301928e+02 1.030100779309375184e+03 3.562122450387163186e-02 2.904251361919097385e-01
3.416401185797116682e+02 1.039232876262313766e+03 9.627283401455528911e-02 4.003117300888645036e-01
3.510595916800544387e+02 1.039071002905174737e+03 1.284995478355206167e-01 4.025959201175010604e-01
3.484650555427457448e+02 1.059572535244417850e+03 8.656366957610814317e-02 4.394908308687310861e-01
6.343789935815677836e+02 8.220602089700682882e+02 3.572315829826650815e-04 5.585719254049132916e-04
9.124386980415258677e+02 8.059960821605604906e+02 4.014558514701984911e-04 -1.451488963320935897e-04
4.599688909584169210e+02 9.415350784691243007e+02 6.210934110424547367e-05 -1.976940667463627447e-04
9.072691070176534822e+02 9.245026273220904613e+02 -1.076778490445045276e-03 -1.410677236439108031e-03
9.000691679651707773e+02 9.267279372690491073e+02 2.997067500785143782e-03 2.216440477720632660e-03
7.071977876679808332e+02 9.929163114732049280e+02 -1.359255558933981966e-03 -1.865462168996258416e-03
7.150228387574742328e+02 1.011553275202736017e+03 5.072684948944166348e-04 -3.859826203770443239e-04
7.049132095087277321e+02 1.023712208737810215e+03 -1.617612381076217120e-04 6.062815816676447866e-05
9.843830100566569854e+02 8.459995231745565434e+02 -2.949875982722005574e-03 2.049797280307919466e-04
4.816412444710737759e+02 1.099039848671551908e+03 -3.312792103547463414e-04 -3.977323304788664199e-04
7.044739865495452023e+02 1.036491446392599983e+03 1.254024656778746690e-04 -2.633487347158716381e-04
7.518933511787058706e+02 1.067546346994788337e+03 2.149403777638785810e-04 -3.555726796634243536e-04
7.456260655673278279e+02 1.071437264695509157e+03 -1.212286855405019957e-03 -4.463933915389188068e-04
1.311715915169270090e+02 3.247456158738889371e+02 -1.297411052639114905e-03 -4.688847561815034058e-03
1.235908854751532999e+03 4.020944638413297980e+02 -2.525437442236489957e-02 2.938805272290581638e-02
8.997173530165511011e+02 1.102199635161442529e+03 -1.881013520705711903e-04 2.474719507526880000e-05
4.033255081644780944e+02 1.069546340646631734e+03 1.849379408039002193e-01 3.144387013249451135e-01
1.348994999904517726e+02 4.006693448308758434e+02 1.665593705637613163e-03 6.167739402804605850e-03
8.063534717484260455e+02 8.766716812885871377e+02 -2.624971822331302693e-04 -1.218684822190718329e-03
3.347532820922509700e+02 1.006942139534207740e+03 2.147009082948831693e-01 2.794404607247569783e-01
5.633263121980801316e+02 4.582968975187508249e+02 -4.388579591407749253e-03 4.016989612413192530e-03
3.818464838565075752e+02 1.091078550644067491e+03 1.101766309967142782e-01 2.803563796271691388e-01
2.622299570370291235e+02 7.416290069214576306e+02 -9.088862732479054476e-03 -4.425199436551869626e-03
2.728467434256526190e+02 6.224169136441391856e+02 -9.568085466822699031e-03 1.774712148877856388e-02
4.097704369490703016e+02 1.065581134277399315e+03 5.477663880327835605e-03 3.231018573142317024e-03
1.008037847552828680e+03 8.166280736435167000e+02 -6.076645156765765610e-03 7.516611967217289199e-03
4.868105643059321892e+02 4.489405940075370154e+02 -3.413700675253602689e-04 8.989894624019459379e-03
2.244109657102093820e+02 7.533117826031473214e+02 6.132693708347478588e-03 1.766067397266460337e-02
3.319828369698845449e+02 9.963271089835869816e+02 1.122883310451480710e-01 3.521051666961023119e-01
6.034557632919083972e+02 4.342684608088249547e+02 1.869183838298025353e-03 6.446189663334973494e-03
8.293399532903210911e+02 3.239849840667400827e+02 1.259739788003958610e-02 1.844195011466466527e-02
3.336319628369915335e+02 1.090587799882202034e+03 1.055044177947575129e-01 3.214387937844769838e-01
4.655172746596472848e+02 4.556565357209522062e+02 -7.982194852645242353e-03 -1.383192063355123116e-03
2.486932545865047075e+02 7.190472438964040975e+02 -4.441095665652197363e-03 -4.883545655977538334e-03
4.938024695920611862e+02 4.299704417514770398e+02 -3.561102710240884352e-03 -7.450004054549994384e-03
3.422470498299521182e+02 1.025695239850843564e+03 9.569661080313335288e-02 3.913712899859355665e-01
2.300072106632570694e+02 6.994789805250127301e+02 5.702241966497242735e-03 2.587488655879019699e-03
2.520399437555836641e+02 4.043457284953759654e+02 -5.223488716013285210e-02 -1.859949246517720034e-01
9.707178374226706410e+02 8.447934588914193910e+02 8.273324624812207050e-04 1.728544126673104992e-03
1.020824713182384471e+03 8.150286412322005845e+02 4.953753004642884143e-03 -2.301856965217585673e-03
3.030271669454975836e+02 1.032182404131052863e+03 3.911878209749370533e-02 2.981581611320068270e-01
2.015572678991952955e+02 5.083208702030747190e+02 -7.009733378264298336e-04 -5.499806771334951952e-03
9.563629383924287595e+02 8.496063064770517030e+02 -7.764568953168218303e-03 -4.416969260082713586e-04
8.271840460737359990e+02 3.426065404319985532e+02 -5.165015696780927458e-03 -6.114748925211183420e-03
5.054364592083505272e+02 4.415548156649804810e+02 -6.698608798158170625e-03 8.832067807747539731e-04
1.003579441653901540e+03 8.312724503446440849e+02 -4.336697537540446651e-03 -6.375822041743256161e-03
5.112761633477101668e+02 4.561729541759656286e+02 2.357197269702681480e-02 4.601931469880587641e-03
4.959397821797837764e+02 4.400459372328279528e+02 -1.158447950405555420e-03 1.718122296509109461e-03
2.559356666178379385e+02 7.433901608992065349e+02 -3.548616429361516490e-03 -2.024100937239498878e-04
1.916840510249411125e+02 5.810100695243733071e+02 1.686938791941161543e-03 -2.904847344634932903e-03
9.848972168177754156e+02 8.251036004657383955e+02 2.686065237815518322e-04 2.935411841219932438e-03
1.016954123364307179e+03 8.107269552414601321e+02 2.601880097592971456e-03 -1.517266770885933183e-03
9.840172815228802392e+02 8.168312715327970182e+02 7.917292764488485356e-04 4.319372358425803936e-03
5.765887316641877760e+02 4.535047388835317861e+02 -8.455406652835407988e-02 1.544576820127995138e-02
1.244520083046214268e+03 3.969791827373509250e+02 5.617998989696343891e-03 -1.979905259350509938e-03
1.184568986028189784e+03 2.480592274284109919e+02 -2.349521065331945397e-03 -1.799372470678054642e-02
2.780325166730809769e+02 4.487877967918650484e+02 8.333021478330857046e-02 3.496609452606386781e-01
2.724200363826186049e+02 6.780021284991194079e+02 -2.556789404827038061e-03 -1.307274900803953165e-04
2.530290116942672114e+02 4.202449707757452870e+02 -5.506188500960450954e-02 -1.924523419923727940e-01
2.609084472931343726e+02 6.145581070294859956e+02 6.581478480684651786e-03 1.010901986326234216e-02
3.338864718391299675e+02 1.069378850231046499e+03 2.312357745684984894e-02 2.417187396173077207e-01
7.244592618903493531e+02 9.763940301534564696e+02 8.780697675277197509e-03 8.513486985663966042e-03
9.482165649782483570e+02 8.364629194940528123e+02 3.925037702365803682e-03 6.199287986903234638e-04
8.082006937280440297e+02 8.810931890289779176e+02 -3.270989903985357244e-03 2.102062154371746100e-04
9.262826315182210237e+02 8.354501140285187830e+02 2.687943705395899954e-02 -7.059627309665824843e-03
5.784158536013175080e+02 4.445357395898667505e+02 -4.322908536388839207e-02 -2.858586139549603583e-02
9.220720994655906679e+02 8.583739135075139757e+02 3.030021788300464331e-03 6.457697934358816103e-03
1.175337695154072890e+03 1.428713063702792283e+02 3.178774776406588856e-03 -1.921118635921107570e-02
2.737392215238791664e+02 4.233238483676500437e+02 1.003696109129057906e-01 3.068058411987983347e-01
7.984479393619984648e+02 3.650299273098643766e+02 8.452642862987049671e-03 -1.445110042723712560e-02
9.491373372209769741e+02 8.453921964375200560e+02 8.281286606603262745e-04 -4.312599835711267843e-03
5.316050471448074859e+02 4.814193239971318121e+02 3.754367674969667171e-03 -3.992825323220500905e-03
1.031970231865777123e+03 8.318677367533426832e+02 5.785812217374030654e-03 -3.143094414193874867e-03
2.308401304811463319e+02 3.485257164257805584e+02 -5.169880782278880177e-02 -1.733941286013080119e-01
9.116270209579606671e+02 8.313918504894589887e+02 -3.237659488140121750e-02 4.405842086569437474e-03
9.836987201847337019e+02 8.692820895875319138e+02 8.816885468676635695e-03 5.605860532080324948e-03
2.932488359670418845e+02 4.139366829531228404e+02 -1.318490522906039068e-03 1.802689467279103980e-03
9.619053037169418303e+02 8.670443545407871397e+02 -1.107619778029195331e-03 -8.525688415197196085e-03
9.769193801117232852e+02 8.673570072810103966e+02 -7.629087700517701680e-03 1.007448397385837628e-02
9.022982148312539721e+02 8.529813541149153480e+02 1.680516517752372527e-02 -1.232086440324119299e-02
9.700098720090657025e+02 8.843654259756186775e+02 -2.413401619925466723e-04 4.914796022770286446e-03
3.284909588570725418e+02 5.657615232296360546e+02 4.655383806786432717e-03 9.934886749475157694e-03
2.414645821062555058e+02 3.849945438248275309e+02 -4.400383485314968840e-02 -1.148079854996487681e-01
2.270005857002221887e+02 3.011424608111556722e+02 -5.100100939650822202e-02 -2.990370916863416828e-01
9.897940620368655118e+02 8.510383203095146882e+02 -2.052697645491536119e-02 1.091336106162881479e-02
9.671263836304846109e+02 8.731230656672859141e+02 6.222649762246036491e-03 -7.901496337786055243e-03
9.573320200919808940e+02 8.620650859082007855e+02 8.811150208155612770e-03 2.107190387783423966e-03
1.969254372065181542e+02 5.698900177403289717e+02 6.018576163403350186e-03 -1.494846488303282206e-02
1.051732215215140286e+03 8.301353178359247522e+02 -1.162263444124583215e-03 -2.643220802759393734e-04
2.632366555733049722e+02 3.590754009926048980e+02 2.895710626865192691e-02 1.168650505342736651e-01
1.975007724087002998e+02 5.120348015314756367e+02 3.996673668949045528e-03 -2.823797964314246796e-03
5.118230064437165652e+02 4.222863455528337226e+02 4.340062885572447404e-03 -2.106202467115450214e-03
1.989218969364393104e+02 6.468106962598724294e+02 -1.725745132079744559e-01 7.340083330351231117e-02
8.027442749422318684e+02 3.561838784809057756e+02 -3.577408466295571403e-03 1.274242112562698828e-02
3.516525891912604607e+02 1.002443488951504378e+03 1.496107026736976375e-01 3.614465563517368918e-01
8.018051729484216139e+02 3.470042663994899499e+02 -1.792083129065767926e-03 4.433340166405858734e-03
5.417904079940508382e+02 4.648833509626903151e+02 6.757610183623262261e-03 9.964420488549110763e-03
9.421082151724883715e+02 8.723732667981561235e+02 -3.775731737707949251e-04 -5.313944052597371903e-03
1.142139202784618647e+03 2.290147582836879394e+02 6.590368561466117270e-02 5.203426261947031312e-02
1.169774859868096883e+03 2.260670168671373403e+02 -1.056594792746884393e-02 7.763197311670401619e-03
3.332600242196779163e+02 1.080179102483968336e+03 -2.656150615856496533e-02 2.527954684416821585e-01
2.695022462698796062e+02 3.972013086166679159e+02 1.001786666961238803e-01 2.609640780891330780e-01
5.661496137094467258e+02 4.642009891330835671e+02 2.066542503496181151e-03 1.087982572174847574e-03
1.025397813806559270e+03 8.266041260904770525e+02 -4.993071376526977750e-04 -5.587659534735439550e-04
5.147026638882128964e+02 5.073450552807674967e+02 -6.063616292240652439e-04 -8.653260475155813425e-03
7.346514440935491166e+02 9.638632985461246108e+02 -3.520260236027099310e-02 -4.478064085876915304e-03
9.955150287226388173e+02 8.784603814925942515e+02 1.173012889636885396e-03 -3.359147815595717092e-03
5.518668986538314130e+02 5.228612372010892386e+02 -5.886088444445605576e-03 -1.019325104734078967e-02
2.093787306201226670e+02 6.998654864370699897e+02 -8.136533922224782264e-03 -2.088108512229569502e-02
4.710078402096921764e+02 4.354666840348363053e+02 -2.697793820923852746e-03 -2.686755861206917718e-03
1.079829267711405464e+03 2.236891886158380771e+02 1.740572861684419256e-03 5.610449088523788118e-03
2.662250110643145149e+02 3.848038592488354652e+02 8.186136054396882245e-02 2.220989594753757512e-01
7.870844267620047958e+02 3.395002919224660900e+02 4.852932197171875954e-03 3.123119775147309776e-03
9.700240359302713387e+02 8.930791066872476449e+02 4.456796536098210919e-04 2.724583420551947906e-03
5.707322274955782859e+02 4.305645965341150259e+02 3.094990396065630100e-03 -2.187941658377494120e-03
2.168859375616429475e+02 6.989257562217911754e+02 1.151301507627860076e-03 -7.841570402571041570e-03
9.262943155288400021e+02 8.394290385458378978e+02 -3.029042957208649602e-03 -2.975777847135723745e-03
9.699933270887909202e+02 8.233365487361847954e+02 -2.927372356541829614e-03 2.674400905063278183e-03
1.987325383953929645e+02 7.027809683700929781e+02 -3.398313135266848098e-03 -6.713364897602404173e-03
3.141439560925438741e+02 4.722289286345637720e+02 -6.458066261507381008e-04 1.362303083702063114e-02
1.007050161998169870e+03 8.725637985544008188e+02 -3.523266902970369533e-04 3.063128964770227714e-03
2.482249697607746270e+02 3.837998762333493232e+02 -4.272142194947032429e-02 -1.625060798163204812e-01
5.721469705693466494e+02 4.758245614300888633e+02 -3.078681577925194458e-03 -1.091669415356956094e-02
5.083123412354170796e+02 4.861766881100479054e+02 -8.532886987094376666e-03 9.611728114580251475e-03
4.751800600032464104e+02 4.475078406511184994e+02 -2.649015329816033215e-03 4.500760774280619138e-03
2.961350725047305446e+02 6.609982684244347411e+02 2.573450316765276899e-02 1.383008978254029846e-02
3.369526145900954930e+02 1.057480419843738446e+03 5.822034204952007685e-02 2.599817959477006002e-01
9.020245676743238619e+02 8.597340303728033177e+02 -2.876168010304651899e-04 5.328401264277729879e-03
2.604547638975852806e+02 3.426233190917008642e+02 4.021907786213234359e-02 1.223061224927620289e-01
2.113156195144906917e+02 7.372863228818737298e+02 -1.364737253063234628e-03 9.863311968756264050e-03
7.932885019942735880e+02 3.682045116777032945e+02 -7.130072433672395189e-03 1.776963578334284782e-02
3.038847773385758160e+02 6.404947517264195085e+02 -6.365082147146612374e-04 -1.331645803651833240e-03
1.264269285093113467e+03 2.889869668341970055e+02 4.959400604624677675e-04 -1.563336674078388182e-03
3.171806855866004184e+02 1.040194852363615610e+03 -2.069779105893010743e-02 2.249092589858419922e-01
4.916019594896187073e+02 4.626809210155767005e+02 -2.912863918686750715e-03 4.035538215705378011e-03
1.270658958534138037e+03 2.955408046303459173e+02 -1.603888287052829265e-02 -1.614344955770671895e-04
1.256135154246857837e+03 3.067885650100398038e+02 1.177294832631794151e-02 -3.999009595730459304e-03
1.031771215114730239e+03 8.715491372351345944e+02 3.652948960459998472e-03 5.170127880770712496e-03
1.001770569243368072e+03 8.168493977535216573e+02 -5.075447496101287946e-03 7.073075188354958215e-03
2.701538111651216241e+02 3.695894273850026934e+02 6.488326438219157999e-02 1.698484987665844215e-01
1.155978203731359827e+03 1.414127783172685611e+02 2.257171350565120426e-03 -2.393548323362386206e-06
3.775924620051850980e+02 1.080906485718078784e+03 1.366380798398295904e-01 2.902976291124856889e-01
1.023582010612399472e+03 8.577302680159151578e+02 4.643853464410250035e-04 -1.094964262634981998e-02
6.204901552044212849e+02 3.836979527331037616e+02 1.460446096462527515e-02 -8.527026016751862447e-02
3.935966559592238241e+02 1.072179786544937997e+03 -1.864533609015908006e-02 6.597223194697980977e-03
9.515087746460819744e+02 8.229936294810527215e+02 5.261724620055193563e-03 -9.134747431165907800e-04
2.444976488526771732e+02 4.962909746177285797e+02 1.073265424431278821e-02 -3.731349857410987819e-02
7.172430731172503329e+02 9.547788891817938293e+02 -1.374461982797835951e-03 5.993395751163303753e-04
5.356157175560929318e+02 5.164471383144232277e+02 -1.106483723747665434e-03 -2.428655623089521435e-03
1.127584206774352879e+03 2.386574886219611358e+02 1.340356887590357926e-01 3.380368426335134211e-03
1.037514101340402476e+03 2.810855500416845416e+02 7.965836891639134498e-03 -1.031372242467773655e-02
4.885483667582715839e+02 4.589543480717092621e+02 1.023315450137294745e-03 7.042959268942197617e-04
2.456298407357708697e+02 4.892258281510583515e+02 -5.851311484033237635e-03 -2.884325036040090700e-03
2.191246999074501502e+02 7.409044573144612968e+02 -3.141175163860772564e-03 5.868941279475008155e-04
4.241541858319353651e+02 1.074150243971702366e+03 1.301007560944454535e-04 5.765652342738081422e-03
2.479079367645470029e+02 3.904558157538653518e+02 -5.494554496195713789e-02 -1.832807598218033074e-01
4.951877684231446324e+02 4.724488786455090121e+02 -4.215733612080938822e-04 -2.248715550282136787e-03
2.366827186021783689e+02 7.156969144058284655e+02 1.159850938071629953e-03 4.653208380027040909e-03
8.247316591221167528e+02 1.102284483283440522e+03 1.988537223276057913e-05 -2.432432403755156638e-04
2.158871219220856403e+02 5.833072399842616278e+02 1.431130267287434622e-02 1.172606518081249598e-02
3.216534457867519450e+02 6.080029613166353784e+02 1.793961494887255995e-02 -1.023712917564879865e-02
3.365041925000011247e+02 5.633536422588813366e+02 5.083209105981667010e-03 -3.115132911669224978e-03
7.058448607866712337e+02 3.898507726731141361e+02 4.796208162582187851e-01 -1.343206980375575010e-01
2.168377478679091439e+02 7.347776211494875724e+02 3.725067417995057278e-03 6.348964311362777051e-03
7.210307696827569544e+02 9.121390039473230900e+02 1.876738911842985164e-02 -4.889466974800418114e-02
2.507670262561681795e+02 6.579792251161460399e+02 4.778433110215469029e-03 -3.344388779959274038e-03
2.684532844530832563e+02 3.003099684347641301e+02 3.947976223908016870e-03 1.354480996669150342e-03
2.382137208796222012e+02 3.392022832644007053e+02 -6.805015316430346184e-02 -2.138110416917866630e-01
1.153746483744285115e+03 2.285354772994057271e+02 1.134389587471262839e-01 -3.312621106022275302e-02
2.256595032164198642e+02 3.204338269519956839e+02 -5.240092909098909013e-02 -2.770603789673239392e-01
1.905386190353525819e+02 6.845316062116449984e+02 -3.209846416748129289e-02 6.212547935329795074e-02
1.163492229997755430e+03 2.133099851814205294e+02 -2.565317179638027228e-03 3.934233821968685478e-03
2.610442423885298240e+02 6.319558516879739045e+02 -6.636342884546886194e-03 8.541609050870656999e-03
8.507731585724466186e+02 9.315363877200223897e+02 -5.912947400643718933e-04 1.196975600991398003e-03
3.183505250455260125e+02 5.401558164471530290e+02 1.118114248935070170e-03 4.874522958248640216e-03
2.111984418282063700e+02 5.840843986904254734e+02 8.317095305472711406e-03 6.868349865346029363e-03
1.120016367986293062e+03 2.510700217963710656e+02 -2.378906818889485117e-02 -8.124959718913987716e-02
2.591464827766368444e+02 4.438647399614811775e+02 4.216250396687333535e-03 -1.430578263718888243e-01
5.754284446501475259e+02 4.885515397077298871e+02 7.448922089886511556e-05 4.669879479577937476e-02
1.096984607724105672e+03 1.960520068611380680e+02 1.402203409696373311e-02 -7.595354238662484214e-02
1.147810764573802089e+03 2.449215082209497893e+02 9.605029603305932639e-02 2.678361849563719310e-02
1.132515340668931913e+03 2.473048972861572281e+02 -2.831389046184810687e-01 -1.105858894500443557e-01
2.505811321170621682e+02 7.277045228490903810e+02 -4.395451849194218505e-04 -1.822266535805058645e-04
4.464505043085526381e+02 1.093621953337624291e+03 1.361470861258785685e-02 1.217745702627208914e-03
6.664836117273775926e+02 4.958605569435204075e+02 -3.674736374006384171e-02 -1.408817083217168108e-02
2.068774922033918813e+02 6.825907773864213368e+02 -1.529231498499786235e-01 4.244988702249757884e-02
2.367307651366812706e+02 6.696883999861516941e+02 -9.103709036531374907e-03 -1.135766822215211356e-03
2.553843723299761166e+02 4.004993886260755289e+02 -6.445730342550216874e-02 -1.983318072528153508e-01
7.713801024346756776e+02 4.957494969088352263e+02 -3.802731970535597195e-02 7.941293113285857741e-02
2.768399676851038294e+02 4.039431753798311320e+02 1.083091458469300633e-01 2.463318300857204879e-01
2.801805774880674562e+02 5.315869931439300444e+02 3.094180112135731992e-04 -1.554287389738662900e-03
2.903592979549950996e+02 6.307618924734675829e+02 6.762150323381076883e-03 -1.526438368024839870e-02
1.260331198527106380e+03 1.956394480301819669e+02 1.647025571860422609e-03 -1.031410113228892591e-03
1.204515907585456944e+03 3.712337816694055164e+02 -6.791026067717346841e-03 -1.826406038834015380e-02
1.060981420146670644e+03 2.694970451788158243e+02 -1.673891869888465556e-01 -2.065359816750089728e-01
4.502775534178731505e+02 1.096935185566426298e+03 4.972203367229905899e-03 1.700135891825435563e-02
2.401869824714533195e+02 5.020795819193747320e+02 3.616861328037155460e-03 -3.573465533319019477e-02
2.510581655516756427e+02 7.108733665097696530e+02 3.472853626533660160e-03 8.003533333310157427e-04
1.245317425137516466e+03 3.778141048861747890e+02 1.378932639837141417e-03 3.790272219094789966e-03
7.186006464926880426e+02 9.625226765049026199e+02 -8.817691458703074553e-03 1.292716519161344821e-02
2.994999376370270738e+02 6.462787389746017652e+02 4.672337324856727821e-03 6.441194763166356411e-03
5.209537391448375274e+02 5.314562578886925621e+02 -1.485307744612534989e-04 3.722236152371031885e-03
4.261252419646889393e+02 1.080956740534518985e+03 -9.131327739326722736e-04 7.913121734990193664e-04
2.277455856359438542e+02 7.105802020975374944e+02 3.246207919462708313e-03 -1.558785811092696727e-03
1.078636785261790465e+03 2.989220401425409364e+02 -1.637868022351265662e-01 -1.972493480815583344e-01
3.935330201154423548e+02 1.081449891574288131e+03 1.132644506649166938e-01 2.785831139072878493e-01
2.023259648362507050e+02 6.875872627231881324e+02 2.106681185723618607e-02 -6.076036169410559303e-03
2.169102612088049682e+02 2.924085060906538729e+02 -9.456567396628684508e-02 -2.616211977993435633e-01
9.701453774089466151e+02 8.302266264472964394e+02 -1.109757387135543085e-03 5.653196410256185016e-03
2.623491616269241149e+02 4.517557707392026600e+02 -5.688106931082959755e-02 -1.489362838087389118e-01
2.188675368904426648e+02 6.454734791570953121e+02 5.973772648310319081e-03 -1.956729216533516311e-03
2.570153342561567342e+02 7.179046027848262383e+02 2.050465846020915230e-03 1.823383340985793239e-03
2.549044061989854981e+02 7.222646149261832988e+02 5.984024233633603897e-03 -2.172320866918090419e-03
2.599703630123926246e+02 4.314097274068867023e+02 -3.908764191810304434e-02 -1.876244732945748783e-01
3.249954323997189363e+02 1.065431735780325198e+03 2.766481637948318278e-02 2.487797530417096559e-01
2.971049519742002758e+02 6.544795958416005988e+02 -6.193347058743341660e-04 -8.285802114135612517e-03
2.349955621090390139e+02 7.102597670064559452e+02 -3.599438786076436959e-03 2.139106514199162409e-03
6.109745305805104181e+02 3.752235879509311758e+02 -4.539358817810757764e-03 -3.991261865030593797e-02
1.198337097108603757e+03 1.872500693524812618e+02 1.214272790956792865e-02 6.430580518860219089e-04
2.532541988102647679e+02 7.355174234663663810e+02 -8.408665557237106347e-03 -2.605262563466198295e-03
1.126429728574750925e+03 2.111663353941273726e+02 6.025622297818132578e-02 1.166427906800705239e-01
2.568634854911194907e+02 4.906171544871484684e+02 -1.622742265571350609e-02 -4.583904750931892119e-02
2.493765162027829376e+02 3.490035748642614521e+02 5.352851512357164471e-02 1.202943944938633519e-01
2.817045434959019872e+02 4.231153317735059431e+02 1.067881524084724060e-01 2.211560264572665357e-01
2.186664924359885731e+02 6.629849056957250468e+02 1.507032336338445105e-03 1.705919411024567215e-03
8.178032420206837969e+02 3.980626825130946145e+02 2.412894301164557331e-02 -3.273660855599232894e-02
2.173964360323600999e+02 6.514373810585465208e+02 -7.698943473416598217e-03 -4.883811521544389762e-04
1.185126801823648520e+03 3.504725973921638342e+02 7.905783639709922095e-02 -1.855311956510799221e-01
2.950268321647593552e+02 6.379237559204884747e+02 9.996129482960716423e-04 -2.404749380113711116e-02
1.001171972656831144e+03 8.554354971739462599e+02 2.885043907774683444e-03 -2.770440925279118180e-04
1.020519460401746869e+03 1.661034327630708560e+02 -2.330794770055958851e-02 -2.429108428153885918e-02
8.690024822851211184e+01 3.144237423923340202e+02 1.630516704481681364e-03 -9.232287278986504300e-04
8.320222937541444708e+02 3.205308410082711248e+02 4.498268710308636273e-03 -4.037753991836455676e-03
1.123701275664946706e+03 2.599901840645483162e+02 -2.829084802016594846e-01 -8.190676636914727415e-02
1.193014570961407117e+03 2.448915541202285624e+02 6.813914341967907892e-03 -4.003217509530304120e-03
1.184154806947982479e+03 3.243653766232672524e+02 -2.305102496718901273e-02 -1.543015185684599444e-01
1.224464100779587852e+03 3.971499631772431371e+02 -1.319763063369608445e-03 1.268996540747733366e-03
7.532023651223271372e+02 8.451952227481272075e+02 -7.913801400741024930e-05 2.336146709253490944e-04
1.125425458715392551e+03 2.231271500765006977e+02 2.202976927842788604e-02 2.008995310498646811e-02
2.608959069691450736e+02 6.212004077025310380e+02 -8.340919359503201971e-03 -4.617305071770706933e-03
2.073520311573514334e+02 7.249933074639386632e+02 -9.193261137411219003e-03 -6.721293741644456714e-04
1.191547723782521416e+03 1.812765440257195451e+02 1.044141930025160522e-02 6.793705518705877439e-03
1.212232483878938638e+03 2.205141900560680028e+02 2.834840769714045902e-02 -1.997182901533194402e-02
2.331430129025331439e+02 6.623365320515439407e+02 -9.959078742140702739e-03 -5.650137914115178905e-03
2.214232043876845637e+02 6.987934380244522572e+02 1.979317272463192515e-02 4.801692514577705906e-02
4.147382585945658207e+02 1.068912473823321307e+03 3.511865991885482034e-03 9.370922176629499934e-04
5.508957642002569628e+02 5.160962786416992003e+02 1.159322353820775066e-02 1.735831600613342920e-02
2.530460722250514038e+02 4.160461639801439446e+02 -6.414802708948910692e-02 -1.894356048589041219e-01
1.138388764138726401e+03 1.901697225181672763e+02 -3.342661114854786081e-03 1.535270188619427623e-03
8.230717232117536923e+02 3.393620498913026609e+02 4.833332421718872576e-03 -1.569256660551411955e-02
3.521839147641638874e+02 1.086063073251104015e+03 1.687831463732008819e-01 2.358569813836946250e-01
2.331787963097076499e+02 3.435541228861374634e+02 -6.037785665449042771e-02 -2.053360388081577337e-01
1.204501364074328649e+03 2.560388302634168554e+02 2.034705207518410289e-02 1.631546945570801210e-02
1.071362904042004402e+03 1.753593118805846416e+02 3.648415547817565607e-02 -4.775031428188033361e-02
2.469124614404175588e+02 7.360689091360462726e+02 -3.086007832722386258e-03 7.102944096639494075e-03
2.404412953438074680e+02 3.731861306022843223e+02 -3.218893223308186974e-02 -1.545643101344247594e-01
1.146212284763350453e+03 1.769969676847019855e+02 -2.486455264216592617e-02 2.386960658759393686e-02
2.768855402532276457e+02 7.011181241107159394e+02 8.903705911433966317e-04 -5.231405726108548458e-04
3.119296614875744922e+02 5.243443560225483679e+02 7.439987239356728177e-02 -3.012845209863177984e-02
3.392589099014358567e+02 1.081743238463579246e+03 -3.053198561492975055e-02 2.223846509118855008e-01
2.601545854973602445e+02 6.847028765514288580e+02 -5.423636885901635812e-03 -3.631758166714480450e-03
2.290884576900119782e+02 7.453993004936620537e+02 -3.057556119422529493e-03 -1.868587337780876906e-02
2.630287123146644035e+02 5.404204663564374869e+02 -2.382931492185235423e-01 3.540925448861036995e-01
3.203714582622441185e+02 9.978507032927736873e+02 1.714395510159321123e-01 3.935794441799377319e-01
1.053163749473207645e+03 8.377654441983194147e+02 4.006443881964946545e-03 2.774068318650720587e-03
2.394750343218192086e+02 3.182484249567360166e+02 6.748491378070298197e-02 1.541580774666252984e-01
2.117869561459774843e+02 7.107232179125420544e+02 -3.022035594280633730e-02 -9.051061645255452370e-03
2.954192949664472962e+02 5.134360310389254209e+02 -5.839839265211094720e-03 -7.324329824360340489e-03
1.221241259085278443e+03 2.477070731868116695e+02 2.395472885096427192e-03 5.352433107485593533e-03
3.028298218075826185e+02 5.475952749320263138e+02 -2.190827224404137685e-02 -3.947452064264240362e-02
3.026009988771400572e+02 1.017716233207988694e+03 2.065795830026443194e-02 4.422504540718245059e-01
3.060628938417443123e+02 6.194980831206410130e+02 1.910954825298671932e-03 7.611687500021653216e-03
1.164418514551602129e+03 1.685659097823973411e+02 3.900405985781041363e-02 -9.464992358615101353e-03
1.199150691599111951e+03 2.302730328411015535e+02 -5.512880204862247342e-03 -1.129886735990559207e-02
1.265957180978822862e+03 2.035237049591710559e+02 1.591711222596978387e-03 -4.808191534300701626e-03
3.478484679992730548e+02 1.087719521393580635e+03 1.620874915004669181e-01 2.258751032813939019e-01
2.515132235762833659e+02 4.778411524542873963e+02 -3.658873557103302365e-02 -4.401232100276096515e-02
4.360486174441326170e+02 1.090395071140263099e+03 3.750786960231740352e-03 2.697572973025978010e-03
3.086389752684310110e+02 1.051010329694342317e+03 5.736971804675071451e-02 3.187719689850497251e-01
2.640560702632594143e+02 5.063507452178621975e+02 7.088451973393969374e-02 -7.588798595797936752e-02
3.069191459368639130e+02 5.581784133244331088e+02 4.218342691899523017e-02 -3.372661239549785278e-02
1.151727836185383239e+03 1.528657822108385744e+02 4.644485107730973728e-03 8.073682546153978156e-04
2.665801508518179048e+02 7.204239832845078126e+02 3.326965118724904778e-03 2.948976896353015971e-03
1.428008707108656665e+02 3.921341551471617208e+02 -2.649173947286733322e-03 -5.367601700910573127e-03
1.178068706759278029e+03 1.841387373846752666e+02 -1.478500382911691544e-02 -1.214326297639332780e-01
2.811647936748137795e+02 6.215529942499498475e+02 6.360038794552187215e-04 4.518286583024431514e-03
2.053840759622478060e+02 7.310992661827452821e+02 1.153431516953706576e-04 -2.672045190513134844e-03
2.720001566072776313e+02 6.714504931561937155e+02 -2.348954409759280212e-04 1.379340473750510342e-03
2.985529167699195341e+02 5.108285602348386760e+02 -5.206725745567117314e-03 2.950129310129971736e-03
2.660217291399976602e+02 6.736283258025284795e+02 7.030021181013481344e-04 4.926430774660973261e-03
3.385836472375139579e+02 9.966462450737640211e+02 1.019105953323250768e-01 3.664642120655247082e-01
2.696263002725277715e+02 6.960763045514256646e+02 -1.049058998915039509e-02 -1.507887410496951477e-02
3.843367251769906829e+02 1.074430905373028736e+03 1.457684120204724987e-01 2.840390446796400292e-01
9.182661603659342973e+02 1.102529894866441509e+03 1.987316215251108860e-03 -3.856755830982743459e-04
2.617720955485631293e+02 6.602851766382439109e+02 -2.822229965166044192e-04 -1.109811259471591826e-03
3.964946507157195015e+02 1.063959620624418449e+03 1.808150165204259197e-01 2.313633299023570844e-01
8.218100712738184939e+02 3.841192246154494683e+02 1.632602118084688914e-02 5.363509319761755947e-03
1.165378919021753745e+03 1.615583799398635847e+02 -3.543603147843194055e-03 4.247728093970003747e-03
1.092527310333396599e+03 1.582188845144055165e+02 -7.948259976053509770e-03 2.122951342805252592e-02
1.197128307911628326e+03 2.129722786815581230e+02 -2.820830483240498177e-02 -2.112581576039253718e-03
2.237383526955639184e+02 6.586466388765854845e+02 1.082740892342437143e-03 -3.401824103765522123e-03
8.286250737148350254e+02 3.354766960867985972e+02 6.673804598349171620e-03 -7.351639814646209956e-03
5.060237340552013166e+02 4.499504193455794621e+02 4.343239311367034085e-04 -6.402654594633684984e-04
2.666148385446878706e+02 6.619677883738482933e+02 1.895884559689425255e-03 -3.450177283993845385e-03
2.339719611680740172e+02 7.012695386799565540e+02 -7.445928719547093011e-03 -9.486103001578238478e-03
2.728328315965424622e+02 6.599441680640782124e+02 2.532232999654563266e-03 -6.855518852061962334e-03
1.238143234874638210e+03 2.889000943580005014e+02 -3.298661135376827758e-02 1.108367578070209398e-03
2.423174792522674750e+02 3.559100864268626196e+02 -4.858851751636042438e-02 -2.051677123474577868e-01
1.027304614982104795e+03 2.658527269211091948e+02 -2.742144362207117343e-03 -4.804398221753812016e-03
8.244945197063319711e+02 3.327705494602566887e+02 -2.605577088286169154e-03 1.746276723093167019e-02
6.945506137995421341e+02 4.198065259064956081e+02 -1.544586758177501906e-02 -2.114105750593967686e-02
2.793183166938027853e+02 6.842308552738306844e+02 2.687927865854880527e-03 -1.052115504784082757e-03
2.320777463184057581e+02 5.731742589280694347e+02 -4.035123063517762759e-02 7.286181332925606435e-02
2.758324477861879132e+02 5.270577336196919305e+02 1.635808680901679191e-02 3.034478103123065124e-02
1.175083280150195606e+03 1.759966552367190502e+02 -8.897722871840261713e-04 -6.175616654215361013e-04
2.542276976204356913e+02 3.871932597349766638e+02 -5.461098804941165452e-02 -1.521858098480684263e-01
2.394704952849870381e+02 7.394797403872909172e+02 -6.317082243857995334e-03 -1.191700729342719950e-02
3.470990428295758079e+02 1.099860735514446105e+03 -1.355986256584286627e-02 3.754160584703843395e-01
2.453638740790190411e+02 3.673626608930966313e+02 -6.593312384740158960e-02 -1.959338815982212822e-01
2.428091462249853407e+02 6.196754765396109406e+02 1.013752032477664849e-01 2.930402845993735350e-01
1.141856810276951137e+03 1.487519318649621312e+02 7.668441304049608206e-03 2.028784880982447206e-03
2.541804835044873698e+02 3.464889077866223488e+02 3.590599703319035524e-02 1.390718398430695335e-01
2.649636870479162098e+02 7.301797796518981158e+02 1.209974787423444671e-04 7.414676496002339497e-04
2.517868924860897550e+02 3.228086168058305248e+02 4.658986502398017315e-02 1.852661722536177724e-01
2.622374483183122607e+02 7.083332132264052916e+02 5.600997893837545349e-04 1.175537511435683019e-03
8.575703196404084565e+02 1.101700313500582524e+03 -2.111978262842238024e-03 -2.020117750780988037e-04
2.310283739560510696e+02 7.399119778787187443e+02 -2.152259554411512475e-03 -2.279226912995198188e-03
2.358061185608594883e+02 6.131031900243308428e+02 5.327066292287774285e-02 3.208882391090562836e-01
1.402872916158097496e+02 3.903069535612423806e+02 5.913095902578709845e-03 1.438451882127747203e-02
2.139621496703393291e+02 6.675276004211405052e+02 -1.372007499339691948e-03 -1.118283577013001127e-04
7.160331903101000535e+02 8.779406755676008061e+02 -7.032933273594023198e-03 8.202120863587077093e-03
2.397347902116548255e+02 6.620363141758793972e+02 4.333799985848636391e-03 3.313721775597433441e-03
2.540976462670509761e+02 6.068261371831595170e+02 -1.000411239368598770e-01 2.818825558360395500e-01
1.132784452601083785e+03 1.951283704257367901e+02 7.628551137499341162e-02 -9.106624358118871332e-02
2.359983538452110281e+02 6.264001235569965047e+02 -1.700320404855554246e-02 2.447005625628430603e-01
3.175106692898237952e+02 1.018713292800168915e+03 1.072081973864049409e-01 2.756111167403517137e-01
2.586039954536338996e+02 6.378898403117051430e+02 4.606348766196000435e-03 2.474411664709327873e-04
1.982167960420166253e+02 5.217557732871894132e+02 -3.404511044952492349e-01 1.388733256580473308e-01
2.498796350422529144e+02 5.073599193543406614e+02 1.649315625190122972e-04 3.623974056597039414e-03
9.452159489811792810e+02 8.531700637633326778e+02 -3.681857627139104722e-03 -4.461719742624667981e-04
1.093682713681507721e+03 2.016113964290273657e+02 2.712159455274721145e-02 -3.598525465232012277e-02
1.182551874107783988e+03 2.311587976450926760e+02 4.683554265680543900e-03 2.258068038965782651e-03
9.939556180993928365e+02 2.269360250180784249e+02 -5.176673946037919916e-02 2.391903933462519172e-02
1.053059014996593078e+03 2.707325708394715207e+02 -2.042583498910625073e-01 -1.665617755551373758e-01
1.144569882962235852e+03 1.891030174878664241e+02 -7.621853715408638194e-03 1.828914611157538353e-02
1.115085716650932454e+03 1.768131501226060607e+02 2.044961898508797227e-02 3.741868614097813850e-02
2.314374621495130668e+02 3.204430236684355009e+02 -5.987512964392580767e-02 -2.485813759389081945e-01
3.748991405715066207e+02 1.069109144608761426e+03 2.188334635122406169e-01 2.776051453546674042e-01
1.085362505354111590e+03 2.058143610670207693e+02 2.466986890097962876e-02 -2.310183155210473321e-02
1.169039126375142587e+03 3.647617265499251289e+02 -2.188326084822368039e-02 8.595619157361596152e-02
1.212695638608806576e+03 3.610997627192954837e+02 -5.104153582758071822e-02 -9.158783674410647321e-03
1.180088747228999637e+03 2.752620405755674824e+02 -1.483874829974717313e-01 -3.201156228396495051e-01
2.829779415115249321e+02 6.779261184480847078e+02 2.963207030316285760e-03 3.633547715398575441e-03
1.056848589718828634e+03 1.910077324787270356e+02 2.984055389781430437e-02 -5.703218750376760210e-02
1.071464883968389358e+03 3.407315530138789654e+02 9.661426057979078871e-03 8.378821917061162958e-03
9.193659354369794983e+02 8.433055445774609780e+02 1.673982034911898620e-02 -3.049921185302847861e-03
1.235939858033607607e+03 2.780513322163633347e+02 -1.086060101911108695e-03 -4.697598521974808740e-03
1.107127112439439998e+03 3.294310931636426290e+02 -1.531751730957185420e-01 -1.929699984770879839e-01
1.189315257181217703e+03 2.287141062837149832e+02 1.843644913360729248e-03 -1.959951104646872472e-02
1.160699989446648488e+03 3.022728693725890139e+02 -1.320441341034677418e-01 -1.011059562980658605e-01
1.030221253515774833e+03 2.763225482150345442e+02 -2.381698703787844817e-02 1.913912851991071001e-02
1.170734228883280593e+03 1.709724626314651061e+02 -1.812649891685441032e-04 4.072695347476533966e-03
2.799315462353085877e+02 6.919070011329836234e+02 1.663745297783447751e-03 -4.078339150664355393e-03
2.613682298526541103e+02 6.967550975647701534e+02 -1.884426781716661264e-03 -5.470080179432866563e-03
1.096966205082355827e+03 2.525932880039729866e+02 1.131698393118704821e-01 -2.564184068793146642e-01
3.703698179159573556e+02 1.074969631881358509e+03 1.595868573838620241e-01 6.385302865470239564e-02
1.138343037917900574e+03 2.753262183361892994e+02 -1.164572971279085323e-01 -9.220496510947735758e-02
1.866380449668114352e+02 5.749450338958364455e+02 3.155287640687942912e-03 5.252574287970845392e-03
1.193254920290783957e+03 2.320660999350805582e+02 -2.074051634119791418e-02 4.195500267549630291e-02
1.186647195871420763e+03 3.095127910782890126e+02 5.528008370445397501e-02 -2.229337039539965037e-01
2.322813511022007731e+02 6.285779943373221386e+02 -2.631779489361899416e-03 2.338617884580065087e-01
1.204056714371520684e+03 2.434697657411662419e+02 -1.697737364309495622e-02 4.305205967620052976e-02
1.148959328610012335e+03 1.677487925683316803e+02 1.362910436071813718e-02 2.166503324783329923e-02
2.736821602811098728e+02 4.437385436787222375e+02 -4.069955293033163113e-02 -1.273552145134707048e-01
1.106888151348845213e+03 1.836698487645113858e+02 3.000944432815996765e-02 2.101734627318265630e-02
3.047476999184472675e+02 1.002970420784595944e+03 1.160004159096568455e-01 4.410167137785812597e-01
2.101793662860080758e+02 6.445324185463705362e+02 -3.980061584251537790e-03 -2.551925957772759133e-03
2.334157856418948995e+02 3.300704420685262335e+02 -7.445722471422440425e-02 -2.374382855538727244e-01
1.107044191291250172e+03 2.333880046095474654e+02 5.250721729580483388e-02 3.152955169801936741e-02
1.168911505562580260e+03 2.166035704345464410e+02 -1.327562483357264643e-02 2.114759126500826217e-02
2.465255567874089024e+02 6.928664553355492899e+02 2.467430659149581762e-03 -3.101023235578647796e-03
1.171725973186938290e+03 2.529626579722695965e+02 1.531897058541767213e-02 -1.357800776039263559e-02
2.614626389515042320e+02 3.854900693176392679e+02 8.518784014365302082e-02 2.086007555356379217e-01
2.728409721765667655e+02 6.529183299921453454e+02 -2.588373894188817324e-03 -6.467046778727020100e-03
2.907431272071945614e+02 6.487061235864769060e+02 -2.932797254728858349e-04 2.684547996764059981e-03
1.138078200806541417e+03 2.055399106518112262e+02 1.242917214750999082e-02 -4.191501542665307042e-03
5.277740879267369110e+02 4.748165046167135301e+02 5.423153202574968954e-03 -1.003250727738547871e-02
4.401134757024923374e+02 1.085214900725252619e+03 8.944811084742838392e-04 1.548410869931427739e-03
1.153880783420816897e+03 3.702815712676971316e+02 -2.422399523803812210e-02 2.924456936225025561e-02
2.699664212194494439e+02 6.354813507411502087e+02 1.715483591265926262e-03 -3.951427331817217864e-02
1.104728456323572573e+03 3.134934972285037702e+02 -1.457262126493382715e-01 -2.004131066542110540e-01
2.506010958905795292e+02 5.670831370045719950e+02 2.648999594866929264e-01 -2.278562018186552351e-01
1.092930137072371508e+03 2.831211022532417019e+02 2.426284783047691074e-01 2.287704895082547651e-01
8.232086773967728277e+02 3.784156733415118765e+02 -4.935637298781375606e-04 1.056811963087736896e-03
1.282139060971590425e+03 3.699474775547092236e+02 1.436534641573074429e-02 -2.118845922167890070e-02
1.002148489479351042e+03 8.667450587796554373e+02 -1.734010513164006102e-03 1.542054391022882644e-02
2.282491588133551375e+02 6.889267515116825962e+02 -2.240379660932349348e-04 5.349489436059797452e-03
9.231756131892168469e+02 8.643046108584002241e+02 1.215772536119681668e-02 7.322078111406196861e-03
1.243273073850529499e+03 3.112020445045795327e+02 -4.198309417149562878e-02 3.600779095846082939e-02
1.174245005033833422e+03 2.121267321523398550e+02 -7.967665016559015738e-04 -1.594328101997641994e-03
1.301658051767424013e+03 3.591258821346048080e+02 6.781484059778773998e-01 1.410069681971085620e-01
2.403523731177571392e+02 6.781330575698639223e+02 5.159383242802378922e-03 1.283220244977989130e-02
1.096696373735395355e+03 1.719663958168570161e+02 1.180236556410210746e-01 3.198442009223140953e-02
2.695386490162722453e+02 4.488804272893471534e+02 -5.947074571513394879e-03 -8.673807886586444582e-02
1.159722737561576196e+03 1.968270688114096174e+02 2.525001461516793774e-03 9.729650404357480936e-03
2.493617638651622030e+02 5.712465114692304269e+02 2.601660962475684236e-01 -2.330522311383762535e-01
3.441490669727448335e+02 9.817651992981237754e+02 -2.567937200003975184e-01 8.556430491478407563e-02
1.157213933433612510e+03 2.112369808266956284e+02 1.053271418906733025e-03 1.461196753188213730e-02
2.775244098322369268e+02 6.597594788292484509e+02 -5.526672544311794256e-03 5.347023307221846281e-03
1.133014766012602649e+03 3.484811127354590212e+02 3.696376543449008539e-02 1.733369271097782438e-01
1.036502634796417624e+03 2.944655865954495653e+02 3.798393507613672185e-03 -8.382421579691110361e-03
1.145082474148744041e+03 3.394987721877050717e+02 4.567618510552642896e-02 2.137099251502634911e-01
2.537553919024047957e+02 5.887176414293231801e+02 -4.667765300439075810e-02 3.606075684774071588e-01
2.354413171042410227e+02 5.220437386867542955e+02 1.554305973837232513e-01 -8.951439038400627046e-02
3.317540688341276791e+02 1.059400906978872399e+03 5.190817556036048108e-02 2.504321087540840596e-01
1.166429703426334527e+03 1.825231216198430388e+02 2.831091045003640908e-02 -4.573127548314943197e-02
3.077093647349140042e+02 6.293742571166832249e+02 1.103558469808399271e-02 1.760780518104030842e-02
1.223164915430165138e+03 3.777196877529580092e+02 6.681598479896577736e-02 -3.533646355616396756e-02
2.452055788926912498e+02 6.986246018779332871e+02 3.374931239394504939e-03 -1.986656704842305193e-02
1.039094224584577660e+03 1.740573960296209464e+02 -2.516420325394905797e-04 7.833649073925716064e-03
1.051263765909556241e+03 1.857442199896073873e+02 4.512932318540593089e-03 6.151776834293165228e-03
3.430185871927749872e+02 1.007801095620116939e+03 2.285975069039202223e-01 3.410740969527658595e-01
1.027898458877406938e+03 2.944779431306286597e+02 -3.877153983998510994e-02 3.353432136083594334e-02
2.495100339909892568e+02 6.836537722870759808e+02 1.121838241745914087e-03 2.564415925845009436e-02
2.408858135437582746e+02 5.053371324865095744e+02 1.111087534882309324e-01 -1.519689469758699896e-01
2.725733767527725604e+02 7.174751066453688964e+02 2.397246649834279715e-03 1.309096967583001829e-03
2.510885993833347243e+02 6.015861046314504392e+02 -5.149672867339958465e-02 2.758289521796109534e-01
1.044835852082542033e+03 2.564796353664995650e+02 -1.660583761149587445e-01 -2.354171715721601887e-01
6.162955434228348395e+02 5.561854007969513987e+02 1.164332938910572247e-02 -8.504114380972925200e-04
2.845100390040769298e+02 6.715312476659468075e+02 1.571253710830034693e-03 -1.965141692676748101e-03
2.513847754969242771e+02 6.431873882843534602e+02 -1.025734161820869399e-02 3.804372982261669880e-03
2.080589225640694906e+02 5.300896317084913107e+02 1.968883237621753823e-01 2.941664127195279047e-02
1.104124836783322735e+03 2.117829991290649616e+02 1.177367111530305821e-02 -1.333590254401456968e-02
1.043604542450505051e+03 1.822179291319735626e+02 1.022069633955373401e-04 4.463498971850101901e-03
1.184239437270182179e+03 2.598378670567190056e+02 -1.729081874855813161e-02 1.720167368925911919e-02
2.829034524541892210e+02 5.846009101428413715e+02 -4.624609011610834701e-03 3.333944134889461064e-01
3.177005268705344179e+02 5.358382828542058860e+02 7.834502946817599662e-05 -6.722349809143623491e-03
1.190710023950334289e+03 2.089677912852816917e+02 1.170531846942184963e-02 -4.912671532575966366e-02
1.128918405021978742e+03 3.379490277718384732e+02 5.830676971594593583e-02 1.894004621393296228e-01
1.766292617767126103e+02 5.709827400695852475e+02 4.302659440662581075e-02 -2.120410348522504609e-02
2.820137800336343048e+02 6.495095464111786896e+02 -4.345722856847863275e-03 -4.626917275738315349e-03
1.055150112992767617e+03 2.039596069952643518e+02 1.672443695922831318e-03 4.121435894398703219e-03
1.103744642161932916e+03 2.561726276646691076e+02 -7.405227165636550646e-02 -2.660372116398064257e-01
1.925363615488509197e+02 6.674688124496771024e+02 -4.735983370741904397e-02 1.703406321163694337e-01
2.232754116645819806e+02 6.030622582591654464e+02 2.124645760124913574e-01 -2.939998379503263592e-01
3.664529534168984242e+02 1.083536298644754424e+03 1.812639959553514479e-01 5.848749096470656772e-02
1.799671889530682165e+02 5.684951881026477167e+02 -2.050587379360681306e-03 1.817966898564387507e-02
1.155498966428164067e+03 3.337751768853403860e+02 1.901097328601002168e-02 2.055315156747153718e-02
9.079814970373533356e+01 3.693612379692553986e+02 -1.209050229271371735e-01 -1.514825148353590722e-01
5.677675113167612153e+02 4.260426958294655151e+02 5.106205289612352058e-04 7.650161980645614132e-03
1.178993919405433871e+03 2.419856339517662036e+02 5.997860303302718701e-03 1.176779576901891902e-02
1.133885686181586152e+03 1.630410415027681665e+02 5.228687698332569467e-02 -4.784162157585175601e-02
3.143993114023656403e+02 5.047622551727418454e+02 -9.955020483279313891e-04 2.071686050051017142e-04
6.065242590571516530e+02 4.382725080373777473e+02 6.173267243175449906e-03 -6.537935667947772540e-03
4.632249551017538352e+02 4.522077635783009555e+02 4.155116094357771961e-03 -3.225552418220811301e-03
1.161644045862105258e+03 1.824985367672118741e+02 3.768717826939548682e-02 -8.133373763081155894e-02
1.076254484126420721e+03 2.573596854274361476e+02 3.022168809837167402e-01 2.381788260854008910e-01
2.909768465977514893e+02 5.777693293154311505e+02 2.740039086609383570e-02 3.792105698201335140e-01
2.742104778283775204e+02 4.910384199429545333e+02 -3.508206802465250324e-02 5.653338084709271794e-01
1.146988205229638879e+03 3.177570049874406664e+02 1.484061894256913094e-01 1.109708721952000210e-01
3.140371351512380329e+02 4.978646237529425775e+02 6.898819150392520964e-03 1.422794751718442149e-02
1.106962108260669993e+03 2.554337984618453561e+02 -2.409255129914572233e-02 2.080319948711070177e-01
3.061388931385515662e+02 4.589989124491583539e+02 -1.071925558295955087e-03 6.457033427088642924e-04
2.342768462320124740e+02 7.729062448703388100e+02 -2.976553041627886392e-02 -2.333116049258384186e-02
2.988828956190405961e+02 1.010317335650102450e+03 1.004034908151020949e-01 4.384819236730618797e-01
1.516371805242024209e+02 4.548236637565415776e+02 2.871639853496351768e-03 6.090901820677104526e-03
8.171518951265187525e+02 3.352865049278258880e+02 -3.422843325456417091e-03 1.672146660784128852e-02
2.286088255706629582e+02 6.390214631485296195e+02 -1.090142262299787987e-02 6.086986916527013791e-02
1.497943458871491771e+02 5.212379349591675464e+02 -1.641667697041685747e-01 -2.919603826757786735e-01
2.568128394370921228e+02 3.752639318774305366e+02 9.427410470929731279e-02 1.869758613716847873e-01
1.143085373808604800e+03 2.081272966206385604e+02 6.991267151338118047e-02 -6.384129348839591434e-02
1.267696536000383730e+03 2.582586076002157824e+02 1.058372401311686098e-02 -5.744277275137545449e-03
1.068285510733781621e+03 2.870447327930367578e+02 -2.074811039698835069e-01 -2.343434755215890730e-01
1.101190762357598715e+03 1.876563690459487646e+02 7.077314999250940153e-02 2.406358410771369458e-02
9.414755416394889380e+02 8.510702061035085535e+02 -3.545137228684325237e-03 2.079125709669689577e-03
2.320453428495869161e+02 7.148944703778690837e+02 -2.470305304001948511e-03 -6.205444616263308026e-04
1.998715602198420243e+02 7.211565614446458312e+02 3.187374757213673362e-04 -3.576587555748533560e-03
2.918623158495435064e+02 6.612729996415798723e+02 1.715812798770479861e-02 -1.461158678056797243e-02
9.007690434558776360e+01 3.601512585278125584e+02 -1.388984475827398646e-01 -1.746977475367234300e-01
1.492658717037078304e+02 5.074994820453837292e+02 -2.704334568899998126e-01 -2.624051586078318121e-01
1.046653559496656271e+03 2.614210269972227820e+02 -2.039415297571179064e-01 -2.069205817302715023e-01
2.371428354165896053e+02 6.471283521832494898e+02 -3.104875964786622464e-02 3.063830055049997572e-02
1.133079552824171515e+03 1.811401541170044709e+02 3.178204351653752570e-03 -1.240189746028471512e-02
2.063898185739732583e+02 5.732550137851461614e+02 2.188043958188916338e-02 -2.418646068984429964e-01
2.178211593310480794e+02 6.171761577193416315e+02 2.346118005028492159e-01 -2.449372187769169318e-01
2.662222731729307839e+02 5.181418996295136594e+02 -1.456178139862604193e-01 3.669726777507730242e-01
1.139424442128342889e+03 2.388335429757324846e+02 9.371640700310938932e-02 4.474043433071758606e-03
1.163793316212795162e+03 2.489000838558989415e+02 3.727242474512719450e-02 -6.431545056658039689e-03
1.140755701626516384e+03 3.242857155025322413e+02 1.614531331772243450e-01 1.489078659417165107e-01
1.131285224760729761e+03 2.359931828561588247e+02 4.088072415870871307e-02 4.424198687217826415e-02
1.197993747747480711e+03 3.860348810158114361e+02 1.923003439369359857e-01 -1.014803079992788321e-01
1.205391621112313715e+03 2.059665078714932633e+02 -7.233875589454418290e-03 -5.838976399873542326e-03
1.065127554020882371e+03 2.287160399896372667e+02 1.821694911870851141e-02 -2.262639489059958472e-02
1.167660387395999351e+03 2.894868458067124948e+02 2.684916794206257395e-02 -4.255997551070880847e-02
1.203413692343737921e+03 2.030313427640841439e+02 -4.126454616785886140e-03 7.078993545549099389e-03
1.196899884590246529e+03 3.708435465248064702e+02 -4.782655524738429337e-02 -1.184422654951938769e-02
2.367277732890080415e+02 3.524641145277489613e+02 -4.821252720967883487e-02 -1.838952263629983763e-01
2.596674036710937230e+02 5.368307324860875269e+02 -1.071739981028608651e-01 3.528513150599882353e-01
2.021316696094805252e+02 5.652190495190299089e+02 2.622499180803080157e-02 -3.408507940290474436e-01
1.212024634320450104e+03 2.780798672803847467e+02 -2.042341694292946694e-02 -2.333907553149529995e-02
1.222502479633420307e+03 3.017091920609742033e+02 -2.265555151635759851e-02 5.995642441651157645e-02
2.504817948070065654e+02 6.523197960251313816e+02 -4.960370343603063420e-02 -1.476640620072061172e-03
1.227714453505876691e+03 3.721265036411994629e+02 2.416203627266652609e-01 -1.086856987019523962e-01
1.082218832526653614e+03 2.296566138390537617e+02 -1.078922116518228960e-02 1.147896977663954640e-02
1.038978024254661932e+03 2.636513639158828823e+02 -2.165763192430458228e-01 -2.113492119709296235e-01
2.206620270691899179e+02 6.873137756115678485e+02 -3.203584553214024059e-04 -5.551776067193822141e-03
1.009775588663326744e+03 8.368642109057378775e+02 -2.233908193179244030e-03 -2.679721753098771204e-03
1.085031063505873590e+03 2.663514831982720352e+02 -3.094713842240455759e-01 6.981336715314948038e-02
3.083842194494328055e+02 1.018441823824398853e+03 -9.185089214045070310e-03 4.776458094711449331e-01
2.646642312685945058e+02 5.299286495992454320e+02 -1.099619494455944535e-01 3.174474827776982422e-01
3.247887311710775293e+02 4.820898201501435096e+02 1.324019562009078749e-02 1.440018352394645262e-02
1.193005494777392187e+03 1.846878005388680037e+02 -4.377034929793898257e-03 9.442921677127246588e-03
1.653778865445278257e+02 5.193168399103250295e+02 -2.849013855395201578e-01 -2.156354393894871213e-01
2.400698925128027099e+02 7.032426454825123301e+02 2.170199949811902999e-03 -1.300648931151787875e-02
2.546783241457536064e+02 6.689218937644247944e+02 -5.736189161847740116e-03 -4.164041981656475995e-03
1.184548075848019835e+03 3.892944622256079015e+02 -4.047319577640868388e-02 2.705652821240527028e-02
1.071087394873674839e+03 1.916521227336110655e+02 -5.665383495881704153e-03 5.247052204826968633e-04
1.075955625613264374e+03 2.032287611008652561e+02 5.095874915326984583e-03 -8.521768481076302207e-05
1.224765278263911341e+03 2.679501840598417743e+02 -1.512611482607693209e-02 2.255824286314826732e-02
1.090431479308264443e+03 2.652220774771743663e+02 1.940413739607765309e-01 7.138751808008635125e-02
2.938775527165688572e+02 4.938840102097142335e+02 -2.354049339951551356e-02 3.408824958055205467e-01
9.992180197963049295e+02 2.423368228248232015e+02 -1.971567970756068003e-03 2.436651233432541447e-02
2.625637277317703706e+02 5.584584384261308969e+02 -7.567045815236238260e-02 3.990462979200250504e-01
3.093232162105219345e+02 6.019325214937566670e+02 1.837741480021813992e-02 7.676237078661721225e-02
1.686696368018205874e+02 5.253722578945095165e+02 -3.344104751696646005e-01 -1.424275724660305220e-01
2.409557406729624063e+02 5.196823284219356083e+02 -1.565704204746805328e-02 -3.962074728139943630e-02
1.171029690279964370e+03 3.260943248924275508e+02 1.208141693193288124e-01 1.182674706469894338e-01
1.177630365837052295e+03 3.286771676212031252e+02 -6.879286674846091243e-02 -2.431327340026557260e-01
3.505726705248958410e+02 1.099911924333698835e+03 1.838314116190756589e-02 3.390304694415311459e-01
1.155369171736927228e+03 2.456858364185633263e+02 4.063953885387230208e-02 3.893260242175061725e-02
1.057742908529504575e+03 1.762994091484873138e+02 2.797315648314168280e-03 -8.301098904241814916e-03
2.668453764712224938e+02 6.180446088236966489e+02 1.214653819351051416e-03 -1.036446689428462131e-03
9.866473011143345957e+02 8.771565177908154283e+02 4.740592350378509262e-03 1.458282661319527072e-02
2.578837175619957520e+02 3.252589897032040653e+02 4.839460781481574880e-02 2.003001937949425160e-01
1.086825075333886616e+03 3.419502313282951036e+02 1.371395487017207891e-03 -1.892758001052036307e-03
2.602757013359606617e+02 4.097441832910189987e+02 -6.209904324738756837e-02 -1.911352672897299321e-01
1.140517581719899454e+03 2.228598442398455006e+02 -3.402720344636258904e-03 5.141985003269769830e-03
1.102799133872818402e+03 2.036015096278417218e+02 -1.970319642700049754e-03 -8.114563797724455921e-03
1.089691547183299917e+03 2.268234160571933273e+02 -8.400476700779847816e-03 -4.585133877374586442e-02
1.212476204271089500e+03 2.275327314718449543e+02 -4.649371704799435193e-03 1.077328861881940089e-02
1.107491906544304356e+03 1.772800430102503526e+02 -3.786212865084998599e-04 2.816945314479894422e-02
1.207229042408502664e+03 2.194602471057142736e+02 -1.204853429168123219e-03 3.843425172370538989e-02
2.459391980081039719e+02 3.124554908044921717e+02 7.525372261912451066e-02 1.938329758510364820e-01
2.465534721636435904e+02 5.174097914289358187e+02 4.554911009073616540e-02 -1.822295673876640125e-04
1.147526425330596112e+03 1.584972061456545873e+02 3.012380985959644489e-03 1.196921249290014292e-03
2.063950151918012068e+02 5.976690775197436096e+02 1.735341872109115169e-01 -3.059055762773688625e-01
2.873042394235484949e+02 6.640279772018525364e+02 -2.135773582775226179e-04 -3.418119877866533651e-03
1.173968509374820542e+03 2.329455944112253292e+02 5.539484838628046248e-03 -2.406144886032054835e-03
3.666900084656260219e+02 1.061424848550869683e+03 7.626180698189284624e-02 3.430780054822396563e-01
2.704859803195000154e+02 5.236192810988692372e+02 -1.634863180573999375e-01 3.441930413073621131e-01
3.385683831442945575e+02 1.017630976129849614e+03 1.454313369038866821e-01 2.471894410165417777e-01
6.954068852711349109e+02 3.990506341985569065e+02 4.322134034370105349e-01 -1.889984022652894669e-01
1.146534598654038746e+03 3.555125352000254679e+02 -1.660856129649233848e-02 3.775048505051382258e-02
2.272402630017652996e+02 3.340070443905347020e+02 -6.293108972112443356e-02 -2.311973382007148914e-01
3.087405730968958437e+02 4.852793424613204252e+02 1.362653357025133127e-01 3.635122163288991848e-01
3.128842539470635415e+02 5.180314692209229861e+02 1.158235375929464635e-02 1.453150289439510828e-03
1.120031590957170692e+03 3.106915085103898377e+02 -1.744209107194090447e-01 1.345472317793420802e-01
2.466448331786155563e+02 6.664198836866049760e+02 4.786435915288827711e-03 1.549541029085543852e-03
1.138330711263520016e+03 2.871788331005087684e+02 1.077833915769025458e-01 9.528072952979818599e-02
3.088951220800427677e+02 6.250688467313108276e+02 1.560588211987574102e-02 1.983547700719199419e-02
2.524746575517714291e+02 6.989352196142522189e+02 -2.138491643231555869e-03 -1.519748664500161946e-02
1.222782440992388274e+03 2.943851540286788122e+02 -6.233829969986989794e-03 7.603288117537647731e-03
1.185269415469422256e+03 3.000641294901355991e+02 5.790362579636851303e-02 -2.510276392515263799e-01
1.062794899310501933e+03 2.194293087290982385e+02 2.070266824821464027e-03 -2.282782354974629245e-03
3.434794380649304912e+02 1.070382493878728837e+03 3.761985794713974124e-02 2.627756073446936291e-01
2.472815226020717034e+02 7.062524415086942327e+02 -1.398706197265498635e-03 1.865858110132910058e-05
5.050492862490317520e+02 4.764664914565327649e+02 -1.438242933019328847e-03 -1.842939384142473509e-03
4.217786199294667426e+02 1.096465066270981424e+03 8.407807792208799036e-02 -1.804975465991149816e-02
2.013168687983499865e+02 5.934905033570537398e+02 1.908716773987067516e-01 -3.291744845255503704e-01
2.507168554664562521e+02 7.096231167220959151e+02 2.404950953641583498e-04 2.678114394082666341e-03
1.996186139121313659e+02 6.317687012355371508e+02 1.182737503222487524e-01 -2.636056116636051327e-01
2.439041057943994417e+02 3.493546834957489864e+02 -5.844635273919832064e-02 -2.216773534277064195e-01
2.456025610101956715e+02 6.827879881391265826e+02 -2.214752447088975170e-03 1.522041193534998463e-02
1.204336008703824973e+03 2.777542577173272775e+02 -2.072442182775781003e-02 2.027406401878529760e-02
1.159594986947198322e+03 3.313148897638339463e+02 1.163327303959857395e-01 1.248399684181649844e-01
2.697435488917672046e+02 6.561265174436506413e+02 1.993803611726704603e-03 -6.228765615742754350e-04
2.220955030474726186e+02 7.158800689108503548e+02 -3.558691752937249552e-03 -1.876847238580660717e-03
1.024678196113188505e+03 8.667730770310921571e+02 3.672078783017358478e-03 3.428958447576441800e-03
2.845069300522428648e+02 6.366320616310047171e+02 -5.316285212839798324e-03 3.440299018851612940e-03
1.147680005847290658e+03 2.131776217808925651e+02 3.250632467208362970e-03 -1.185875903918528866e-02
2.343233975789088106e+02 6.883876164908939472e+02 8.481804414737770942e-03 8.980911267520574545e-03
2.546321124561633269e+02 3.098179303196105820e+02 3.764284340003612450e-02 1.846086129938321885e-01
1.026374493716445386e+03 2.560365767224888032e+02 -3.812603124777632496e-02 9.524234012959657825e-02
1.084471722400240878e+03 3.387910471810293984e+02 5.625592345855729912e-03 -1.236636031526055189e-02
2.884777174363687209e+02 5.669722944409762704e+02 -4.454440260023674603e-02 3.784519075220498241e-01
1.981341121456845542e+02 6.350407625362776116e+02 1.209918532339585989e-01 -2.788293287959313083e-01
1.205717920862362234e+03 3.796091377202410513e+02 1.481956830896634381e-01 -1.219883313860620627e-01
3.482807005457980267e+02 1.025520426170119890e+03 8.656191641820372429e-02 3.786150875133795224e-01
1.027593725886128595e+03 1.619928461662798895e+02 -3.230231123275684440e-03 1.160604674930203195e-02
7.688325346184058162e+01 3.170020401690505878e+02 1.009542721079770104e-02 1.535410996900331629e-02
1.245542813928629812e+03 2.754817975842083797e+02 9.975729845595790457e-03 2.175009003062115982e-03
1.062254049515623592e+03 1.992334502856587335e+02 2.468124744765227280e-02 9.930874235037674344e-03
1.217807103602326379e+03 3.663122695720491038e+02 -3.210725631454509899e-02 -2.361596556706314562e-02
1.929539680825879202e+02 6.892200597228345487e+02 -3.598986697510394434e-02 6.350141090852071124e-02
1.115936061434000749e+03 3.079082654567436634e+02 7.725762301250520270e-02 -1.567349193167395793e-01
2.265362591349619663e+02 5.715203925986380682e+02 -4.919476793075815146e-02 6.663754953799502778e-02
2.664337528108029005e+02 3.700003837514581164e+02 5.908208004077303288e-02 1.582600783018095481e-01
2.588376378609593189e+02 5.850759749108026426e+02 -4.231453463012708333e-02 3.773701941994735409e-01
4.769109959837018096e+02 4.860052473900157111e+02 -3.582158711884574727e-04 2.786778808964561309e-03
2.147463399294866520e+02 7.222183063553641205e+02 6.545631767835402570e-03 1.806229878449096618e-02
3.227562295500004552e+02 1.017566016390167306e+03 1.126331695228738883e-01 1.774100198642669657e-01
2.860173400918294533e+02 4.985695320575612755e+02 -3.205494752487223625e-02 3.565246025879471037e-01
1.210337021556563059e+03 2.330188424673009422e+02 -4.092572972342060217e-02 2.238669987916395293e-02
2.440670917351335447e+02 7.212390645047107682e+02 1.201021570857713217e-02 -1.472601862483225929e-03
1.867563960506045362e+02 5.191634438653967436e+02 2.565426054697608760e-01 3.486557063490596797e-01
1.263692932734514670e+03 3.541131817716864134e+02 3.882964447170301758e-01 1.962810942230603095e-01
2.990237761491502511e+02 9.957149055068294956e+02 1.531856566317865154e-01 4.336881538191450502e-01
2.306241391183587552e+02 5.262851690378499825e+02 2.354980456732847505e-01 -2.082171278465408046e-02
1.100577272813576656e+03 2.260796902768009602e+02 1.232145612730524593e-02 -2.424464139875733004e-02
2.772004563637937053e+02 6.744612662632903266e+02 1.274876174225838491e-03 8.789091202157974783e-04
1.238552851650976436e+03 2.966319628486714350e+02 -2.679594932556928974e-02 1.526426633756615327e-03
1.186907690280256020e+03 3.171187419999704389e+02 1.944035138142068478e-02 -3.062950692109049355e-01
1.956896160481584275e+02 6.033353917321475137e+02 2.086527251876863776e-01 -3.536652786255372605e-01
3.651242339663280063e+02 1.017452850967671566e+03 2.785112437963729870e-01 4.171864035660525771e-01
1.123664631778412058e+03 1.811250622332709668e+02 -2.973382003851343398e-04 -1.866925363777701199e-02
1.167321354658442942e+03 2.557672562760878634e+02 4.752064431215222845e-02 4.687745287115084591e-02
1.130750272788738357e+03 2.958036253524592780e+02 -2.735852028057242924e-01 -7.774517428389243756e-02
1.129704704888694323e+03 3.114345429033750179e+02 1.478081207919380580e-01 -2.496218385390375563e-02
1.143758821541721545e+03 2.869815446237905689e+02 9.429060947014693272e-02 1.163128483369116062e-01
1.179518980663728144e+03 3.492675317620149258e+02 1.551065848190057994e-01 -2.133148114440567775e-02
2.230917431564280378e+02 6.780881197625453751e+02 4.192915675797238666e-03 -4.907316951558451934e-03
2.294667460194111470e+02 3.423582733484133200e+02 -5.788488884397793161e-02 -1.944067746370450323e-01
1.128555769409522554e+03 1.800526462153889611e+02 1.368036060418717156e-02 -1.942359587585627823e-02
1.205386382606556936e+03 2.153563274103226775e+02 1.922915908040531696e-02 -1.404842003550970005e-02
1.137830771479919122e+03 3.153877966124126146e+02 -1.643676717452707825e-02 1.707213553427662789e-01
2.809060918767339103e+02 5.664416272164401107e+02 -5.347926877057734840e-02 3.514206117262234641e-01
2.472126329849685362e+02 7.617670110441492852e+02 -1.622766572986318601e-02 -1.862314171904815713e-02
2.919683049830385926e+02 5.136514477565712014e+02 -1.196185176373727212e-02 3.540155497289895203e-01
7.865893248185118409e+02 3.994197844977279033e+02 5.017044587288014244e-03 -4.457752288898091803e-03
1.084164673705270616e+03 2.904090585871885537e+02 1.559731511296372219e-01 2.077433951969224479e-01
2.480192037105807970e+02 3.297400276615613848e+02 5.828103124122799988e-02 1.574577820099474224e-01
1.195298627713134238e+03 3.538377104637548882e+02 -7.849205607170025786e-03 4.001929209741739157e-02
2.083017004917343797e+02 5.469361896602903244e+02 -5.097987852839575007e-01 9.141700481658787680e-02
2.337710629601821779e+02 7.234494533249609276e+02 2.151480414892723014e-02 -3.541584978509181199e-03
1.235652178193792224e+03 1.333198496428926774e+02 -1.630509940745253870e-03 2.374079068151211964e-03
2.647931796995284230e+02 3.773152892479160414e+02 1.120909511054253155e-01 2.225503210972559487e-01
1.117395517342515177e+03 2.153984226226727401e+02 6.861716744153366354e-02 -1.161527080485144081e-01
2.305709193000712105e+02 7.306542465261903772e+02 1.271365566324820021e-02 2.076369956024663038e-02
1.545093127020320765e+02 5.169458149488350500e+02 -1.497811183755510533e-01 -2.696868353785318306e-01
1.105404178794572545e+03 2.343244490072687825e+02 5.328048643886237196e-02 2.844333430303935817e-02
1.747404000994602598e+02 5.127396072169724448e+02 2.377516929844621929e-01 3.324640582283627244e-01
1.132260589480660883e+03 3.145169051779064944e+02 2.429148547799614977e-01 1.323347117515165927e-01
1.272905811644265214e+03 2.627678881796902033e+02 3.949655212219378708e-02 -8.586458143375448604e-02
2.743729975351523649e+02 4.190311131570294378e+02 1.098727228856115207e-01 2.687085505522713857e-01
1.163045434224673045e+03 3.553025877011467628e+02 -2.316901844034323713e-02 8.262821184936532115e-02
2.116852979279773308e+02 6.779368712097314074e+02 -3.770726146185757188e-02 -2.942518528760596982e-02
1.226847991701166620e+03 1.496951083788044343e+02 -6.122710571635787274e-03 6.205780045448751683e-03
4.170264362481167382e+02 1.094715483536339661e+03 5.946255087384717114e-02 -2.660919449359051489e-02
9.849529252133888804e+02 1.828919679855079607e+02 1.156032053194058773e-01 1.294702521212896529e-01
3.180004448511941746e+02 1.065741003954246025e+03 2.582357270510253142e-02 2.363969247577253074e-01
1.031589741117967606e+03 2.098317871681001634e+02 2.893693249386354860e-01 3.814856046200840178e-01
1.198853497311137971e+03 3.156940192839384736e+02 2.265238740530099715e-02 6.483388824494727698e-02
2.921688465446019904e+02 1.005674247527445800e+03 1.530737555269363892e-01 4.033786017914471889e-01
2.233346905257946560e+02 5.284375169839307773e+02 1.859334208885879691e-01 4.854898450199272159e-02
1.081859555647834441e+03 2.184297690258185582e+02 -3.536705348247437628e-03 6.784850761307126103e-03
1.187149157062940731e+03 3.512318871083209046e+02 4.535613677193729709e-02 -1.781681781160832923e-01
7.180786415361668560e+02 9.191343044303926035e+02 -1.193249069693374208e-02 6.531233772628045747e-03
3.336333634348245027e+02 1.030123529408755303e+03 9.892451877115496228e-02 2.143633986043993744e-01
3.633840021845250590e+02 1.058923562561436029e+03 7.435424878996362008e-02 3.277289412652110712e-01
2.520627114228515211e+02 3.163232084822617480e+02 1.073982631798469090e-01 1.772999319657791173e-01
2.545298231905314026e+02 5.246642554966609850e+02 8.091238682560987494e-02 -9.287669991126026869e-02
3.689733942202874459e+02 5.181253415735178578e+02 -9.433562041550289405e-04 -4.988404081855564963e-04
1.068618680466139949e+03 2.812738845097024409e+02 -2.123292576156927680e-01 -2.299338628842645393e-01
1.226374386301079085e+03 2.170185713333479498e+02 2.509727741884690624e-02 3.190704359161452685e-03
3.015875919346687510e+02 1.012132755340485005e+03 3.814888416635997537e-02 2.881624742048787824e-01
2.718766705217467461e+02 5.576737123264755382e+02 -4.730125709712458895e-03 3.932958540196394570e-01
1.207338852063699278e+03 3.094535719940008107e+02 -1.195384516270343389e-03 1.195849867462014382e-01
1.179002413562699530e+03 3.845906847914552600e+02 -2.418699859875136655e-04 7.668695447233481698e-03
1.150131132565965572e+03 2.352076918235026426e+02 8.578113528523013953e-02 -2.128961267704502017e-02
1.208340314018664003e+03 3.569164395315603429e+02 1.889291699497433127e-02 1.686551156758407666e-02
1.886927784611814616e+02 6.112557229803627479e+02 2.026654703235607757e-01 -3.924484051349718117e-01
1.027694010148696862e+03 1.957276496909178434e+02 -2.755809557649324115e-01 -3.510507978797233197e-01
2.524779867969801899e+02 5.144575473976045714e+02 1.161997742679277551e-01 7.444917203159406860e-02
2.074129566622166578e+02 5.359163689756450140e+02 2.055999112354965908e-01 7.064398287072078120e-02
1.103363917076329244e+03 2.455635727193285902e+02 -1.028629059042844157e-01 4.047975857686156309e-02
1.092972713001800912e+03 3.142466571508430775e+02 -1.700078839381213847e-01 -1.373641479696776357e-01
2.742144678156014379e+02 6.371684807534763877e+02 4.081697070365310383e-03 8.812884939685058927e-03
2.208566292468505026e+02 7.099343930161383014e+02 -1.566584957741058975e-03 2.076726736096036821e-02
1.168223622816471561e+03 1.405410409559079596e+02 4.247324200317026399e-02 -3.861636782521748329e-02
1.171963118606777698e+03 3.459426839979062152e+02 1.139015750342542016e-01 2.069919903594927280e-01
2.301686221226255498e+02 7.368190438227708228e+02 4.880392551368571002e-02 -1.786660813758501540e-02
1.112929350069571683e+03 2.218680664392263111e+02 9.328872544379276932e-02 2.154602968744787628e-01
1.170079902161589644e+03 1.870002948662515792e+02 2.327168465629202848e-02 -3.050410308236158399e-02
3.202643181041229354e+02 1.046261864944534864e+03 -1.410911898270479359e-01 2.137799522423285692e-01
2.470900073747983754e+02 4.032986514495492543e+02 -3.043648259154803012e-02 -2.014588135127104718e-01
2.972372739695146038e+02 4.786018113768523108e+02 8.376848981424531160e-02 3.046358782881172234e-01
1.061464298521776072e+03 1.578119904596784693e+02 4.279337259031851248e-02 -1.575484921515687628e-02
1.106774767467469928e+03 2.693767168025766523e+02 9.637968550941877766e-02 1.478996837645659701e-01
1.205122733423724185e+03 3.531943432942525760e+02 -3.334000553244645393e-02 3.309349887976636290e-02
2.368051746626197769e+02 7.457688306358037380e+02 -3.597205091551389754e-03 -8.162979516842186131e-03
1.179603749749440112e+03 3.740555178968022574e+02 -1.359854938678409231e-02 -3.049837801283887886e-02
3.251651866224555647e+02 1.088610888452260497e+03 1.371823289391829181e-01 3.000775275788025165e-01
1.023492122256486368e+03 2.987062070099390212e+02 4.854450988855555336e-03 -1.283307789543292055e-02
1.849236105157017391e+02 6.073062182244108271e+02 2.150921570479082667e-01 -3.490283165374963859e-01
2.070928031561098805e+02 7.194582069498062538e+02 2.201925579467675208e-03 4.592457492189378626e-02
1.244335752317489096e+03 3.052857532929386934e+02 -1.146302412431339235e-01 2.760050153889865854e-01
1.217286235549229559e+03 3.511341513217431611e+02 -1.227729173629654724e-02 1.476950421314882078e-02
1.940277939532077482e+02 6.256214304272224354e+02 1.232819195449459393e-01 -2.927534634430948302e-01
2.534705418497647997e+02 7.041169425082794078e+02 1.231752097853622274e-02 -1.744444236469178122e-02
2.444707579597206859e+02 2.947165434251837723e+02 6.765789695932500347e-02 1.584176724644304965e-02
1.130671154039124076e+03 2.119034039039921993e+02 4.582385470134506950e-02 -6.070634227999531507e-02
1.112619710900662767e+03 2.725926871359666279e+02 3.735975355831965689e-02 8.071450948276083504e-02
1.125514861559645169e+03 3.283054387526603932e+02 1.218210159374415319e-01 1.833937134940697433e-01
3.753840045065013555e+02 1.093565758387980850e+03 1.016904998535387156e-01 3.181747068807410095e-01
9.839587560101003874e+02 2.016801016826353532e+02 1.294609696302476565e-03 5.827630057248482653e-02
1.218298656836794862e+03 2.258362118182162988e+02 5.141979002400104415e-02 -5.977446649176262894e-02
1.008289174030190793e+03 9.275371472848825078e+02 9.578717159720620241e-04 -1.458556744622793396e-04
3.504488040951738412e+02 1.081321547282887423e+03 3.652875998667395180e-02 2.555033742554432274e-01
1.207931651349024150e+03 2.508823286811177695e+02 -6.548244746741669307e-03 -7.086482698970192340e-02
2.057499948395088154e+02 7.120543597833360536e+02 -1.208029048010288240e-03 1.541933465596901157e-02
2.931133816374720027e+02 4.543812164566612637e+02 8.875129203180828763e-02 3.380367355846980448e-01
1.055491503374990089e+03 3.218801066242833713e+02 -1.215030444957013352e-02 1.718191637030959742e-02
1.206659403253425353e+03 3.368834575531467408e+02 3.135407991349211665e-01 -9.854030803233702895e-02
1.321064193456396197e+03 3.404209843797036683e+02 3.997839294387517950e-01 -2.498526490248688392e-02
2.246284951662615583e+02 7.398634683306048601e+02 -5.679786102280104561e-03 -7.557753770379349242e-03
2.147333697955556886e+02 7.116814570814105991e+02 -3.424716524496872194e-02 3.697721931536176055e-03
2.444188568334337504e+02 3.197484186069578413e+02 4.212826116544526184e-02 1.247803191316655819e-01
1.098790067782848610e+03 3.111277694757570202e+02 -1.854045511138847635e-01 -1.913061452699049148e-01
2.834754609099556433e+02 4.174949102566768033e+02 8.514087906664413730e-02 2.234327408331234222e-01
1.229312714707818031e+03 2.468338763815172285e+02 2.930551076377179744e-03 -3.041150120749462615e-02
2.126546425144922239e+02 6.188962978583674612e+02 3.809505095579460709e-01 -4.446967283176503916e-01
1.976555829050168143e+02 6.857228089160082618e+02 -5.989562544687190848e-02 4.235082586029858404e-02
2.107995043510219944e+02 7.185478204800500635e+02 1.592469571248973995e-02 3.505057622702957565e-02
1.129654619251109352e+03 1.713601377011877673e+02 8.907637061369436116e-02 -7.462854281642214427e-02
1.127946088576386046e+03 1.908009750195375318e+02 4.121875075531988841e-02 -1.607854695894728736e-01
1.175696252508097587e+03 1.948916160123864074e+02 7.605501941301239834e-03 -1.971041861979144511e-03
1.135440391640104053e+03 2.281599362032605995e+02 9.874434592033000391e-03 -1.502106023114234933e-02
1.142715026254086069e+03 3.066434998603263580e+02 2.791631706159810600e-01 1.591818002103141116e-01
1.138728238561054923e+03 3.506888066031182802e+02 4.948931730583494039e-03 1.215707998189029804e-01
2.230291372690602714e+02 5.568336958906361360e+02 -6.377596856846440287e-01 -3.225631143931195766e-02
1.884197073677070193e+02 6.225570440590691987e+02 2.297731108180202653e-01 -4.408858431503229203e-01
1.160096396346535357e+03 1.704516880977286633e+02 -9.390623803692862981e-03 2.037199153745554436e-02
2.254574159443277495e+02 3.277199919450490029e+02 -2.319298099448758449e-02 2.728438576272992355e-01
1.131400481166320105e+03 2.776359118990089314e+02 1.063293455639359314e-01 6.953831611129089596e-02
2.414559288464983240e+02 7.008657651880470212e+02 9.151237611477540043e-03 -9.528264848829621006e-03
1.099553298277359772e+03 2.925847640552178177e+02 1.944815514391811384e-01 2.819072311908306649e-01
1.036415405632663123e+03 2.865417978167726005e+02 4.277618508635618044e-02 -6.676938821468243745e-02
1.182572205754888500e+03 1.877728881411781288e+02 1.534905254250737254e-02 2.426787065391754553e-02
1.183550107901369984e+03 3.726751492056150141e+02 -5.848778005435763261e-02 7.385440290682611375e-02
1.204893139388290592e+03 3.874230398730998672e+02 -2.013047794726770257e-02 2.124280802806136764e-02
7.064044117940757133e+02 5.829175886208529391e+02 -1.048859262855980331e-03 9.748804252026553293e-04
1.124797333351992847e+03 1.959328026567493453e+02 8.133211532329198690e-02 1.014915884435184240e-01
1.164496007088123633e+03 3.158767704192776478e+02 -1.362533896424432955e-01 -2.464878922275097750e-01
1.262122721450067047e+03 3.891341473711942172e+02 5.880057945953846670e-03 5.880352687616626113e-03
1.142648283892956442e+03 1.770725208703200337e+02 1.141063602966959495e-02 6.700648426985065164e-04
1.092617340185063540e+03 1.915373309108917113e+02 4.317994083036726799e-02 -1.967518910330961351e-02
1.079735556197323149e+03 1.978956829395595776e+02 1.202198977503722566e-02 -6.011451734654270698e-03
1.171219347462249516e+03 1.587943285336369001e+02 8.624031434089334675e-03 -1.203399384504045266e-01
1.215856330056232537e+03 2.286854605729156162e+02 -4.564620611068271640e-03 9.713302702210234452e-03
3.467669869769078446e+02 1.077227317909784460e+03 3.445241735535471000e-02 1.076136737076214822e-01
2.665153932685716427e+02 4.458364289712086475e+02 1.873388178738625079e-02 -2.827982782527233008e-01
1.059505196661597893e+03 2.905131306961701512e+02 2.124302517307280025e-04 1.535625467619700546e-04
2.095455597870185045e+02 6.108754712238829825e+02 4.140568498140460019e-01 -4.590413003407176062e-01
3.291652751691615322e+02 1.067649491256875535e+03 5.004160636699142573e-02 2.363246307442533611e-01
1.197911167978014873e+03 3.390811522388086701e+02 2.830136786469983345e-01 -7.574022341495312283e-02
3.173825882559204388e+02 1.055196582672233490e+03 2.024366804940247802e-02 2.274289457762458944e-01
1.089676265745715682e+03 3.083992317018131075e+02 -1.767174692086406207e-01 -1.431249007977780374e-01
1.157290126217000306e+03 3.146563401465206766e+02 2.922701550578278296e-01 2.427159470997848900e-01
2.015133630330418271e+02 7.174858914599604987e+02 3.182685085051857599e-02 2.921898806878938694e-03
3.684479589628392660e+02 1.057535863512363903e+03 3.347912567241992376e-02 2.838533712929834918e-01
1.043555337148113949e+03 2.472337541929705651e+02 3.502886867748745692e-01 3.538991186831366154e-01
1.796876042984379183e+02 6.164787692188649544e+02 2.054183997842205789e-01 -3.827975440484606695e-01
1.158588138258144227e+03 2.587166239901166023e+02 2.691234556135668754e-02 -3.724411004397722852e-02
1.123279490528347196e+03 2.652988788389755541e+02 3.045062867744263713e-02 -9.213776059957154430e-02
1.168581860008992408e+03 3.045594015693558845e+02 -1.590769454203439237e-01 1.423370613019585632e-02
2.863068064633151835e+02 6.309926006537915555e+02 5.313200594739129340e-02 2.176387102846320115e-02
2.756944339774378250e+02 4.769007642275136050e+02 -1.033692099278555460e-01 5.303392682122191060e-01
1.126426287255149646e+03 2.816675662165296785e+02 9.599823015620738420e-02 5.456381729204651254e-02
1.124822403801441396e+03 2.743336457266762523e+02 1.668215966239574577e-01 -3.292282457299958720e-01
1.300580152791650789e+03 3.442029769752821835e+02 3.373447587349778232e-01 1.233617542008136475e-01
1.714187913609601424e+02 5.628397514156772559e+02 1.955411549954125250e-01 -3.049153139415600178e-01
1.119836043006874661e+03 2.173000966439664410e+02 4.438775994465590791e-02 2.479613461746429243e-02
1.148014213203805639e+03 3.457540778046819128e+02 1.436350387752769950e-02 -9.323953100091019949e-03
2.309763272072106304e+02 2.940616970186717367e+02 1.702486962036988197e-02 1.067181318309505106e-01
2.505234468230321170e+02 2.930489539582029579e+02 7.952302781027324741e-02 1.553174175965437165e-01
2.516612994444709841e+02 6.993591159566153692e+02 2.516666933957296612e-02 2.985698486792738929e-02
1.001983814205044951e+03 2.272920668487289788e+02 -9.972033443419706274e-04 7.077434961754786556e-03
1.072741958396505197e+03 2.774615032515978896e+02 -3.050381658906076154e-01 -1.496599923469656424e-01
1.087634579372624557e+03 3.253228423366878133e+02 -1.863826599888069591e-01 -1.011755098903835137e-01
1.191378100496177922e+03 3.883355321494621535e+02 1.956804981334256677e-01 -1.535152832498280495e-01
2.004092722883380873e+02 7.127628438971361220e+02 6.816057879092578264e-02 7.134497209348309582e-03
3.537847771742324881e+02 1.054602726180112086e+03 3.238344236382159624e-02 3.507186663562656959e-01
1.017220472968566810e+03 2.532072014959717876e+02 -1.345923986646474502e-01 2.474552181050739680e-02
1.129405925138365774e+03 3.033046928753400948e+02 3.030359627733885119e-01 8.931159090343661344e-02
2.558571930270324799e+02 5.489965536336383138e+02 -2.059960328599921842e-01 4.075381924527683997e-01
1.862937275233405501e+02 6.485185333749404890e+02 1.508764390479135353e-01 -3.966135110684457787e-01
1.196278073075842030e+03 2.262889116267652980e+02 -3.537024468257373572e-02 2.380096449651377399e-01
2.414467468418497447e+02 6.934682118165135307e+02 -8.542244879353354942e-03 -2.524827741189697439e-02
3.599945104403154232e+02 1.029681038128894897e+03 1.271830603068873078e-01 4.423357509904335960e-01
1.128272746741147785e+03 2.007552051601742846e+02 -1.546115760965855769e-02 9.647365113687642046e-02
1.158901945144907586e+03 1.893537415954417327e+02 -7.363841695009934463e-03 -2.904842733691952172e-03
1.190860616851174427e+03 2.842586774027303704e+02 1.066088440974123294e-02 -1.066858090429563706e-02
1.173813346488024308e+03 3.142659401809124802e+02 1.041772869243548939e-03 1.794953492261721836e-02
2.795825716046513776e+02 6.445637863104152530e+02 -1.987448084731347538e-03 -6.899398740119288068e-03
1.151629957536638642e+02 4.505129453471717511e+02 -1.910544231113715519e-01 -3.192908921609038941e-01
2.709203308886678769e+02 3.687968365058320614e+02 1.190082131582629182e-01 3.985466957164549573e-01
2.567274222110969504e+02 5.131767402847024186e+02 -1.378556538955330417e-02 -4.367210395822630764e-02
2.467582163457076945e+02 5.269383931756671018e+02 -7.432303216959675052e-02 -7.125503768262322901e-02
2.289358496876787967e+02 6.946694743211259038e+02 -2.109079486346797285e-03 6.924000392143258437e-03
1.122697780077976404e+03 3.241336530756655634e+02 3.135659134593879460e-01 -1.376657801383392686e-02
3.163831109635898429e+02 1.075736939212217976e+03 2.282282385743296116e-01 3.103549153030220054e-01
1.088333304549025797e+03 2.015139078587435506e+02 1.926004665214632247e-02 -1.614530542405120603e-02
1.114656243047446651e+03 2.338184106377987348e+02 -5.108357625684628589e-02 2.833572355100621998e-01
1.182186185439387828e+03 2.208378272730174956e+02 -2.369701864446644227e-02 9.761642315104498979e-02
1.965631937216169831e+02 5.872418281554712394e+02 9.259678432820120375e-03 1.486575486641695870e-03
2.376600670334678398e+02 3.652659558545431651e+02 -1.073348554830531043e-01 -2.479132870861673887e-01
1.108309582069193084e+03 2.107757341462292686e+02 9.633769893301698251e-02 7.477485105634887417e-04
1.148758689375370977e+03 3.515218029938430959e+02 -5.553638949144052914e-03 2.530752658048080611e-02
2.962911827687330515e+02 1.022787535421880420e+03 9.287767994286914852e-02 4.088280952468202334e-01
2.652132718204645698e+02 4.218498044484023239e+02 -1.021329507485183447e-01 -2.368718046524552201e-01
1.085164713760821996e+03 1.539685949301777157e+02 1.341160792861012807e-01 6.874163414079985379e-02
1.003033883712495935e+03 1.746131392099975415e+02 -3.844466879685468075e-02 7.624592180858645596e-02
1.129821083351753032e+03 2.300004023232486645e+02 1.756891815956704555e-03 1.303270956070855802e-01
1.125211625679126200e+03 2.561878514497132073e+02 2.897019860505914979e-01 -1.314958674259548467e-02
1.125581321504423158e+03 3.077544487660036339e+02 2.451325346622626189e-01 2.900512031078147923e-01
1.242845043620682873e+03 2.959948289319090691e+02 -1.035024922370279543e-01 4.717527000902119183e-02
3.154273017847542633e+02 1.031681414119582769e+03 6.351371014161318052e-02 3.199108570850141969e-02
1.124688154541795711e+03 2.033414720830886324e+02 1.176858080547425189e-01 -3.772980577324985558e-03
1.217129983500540675e+03 2.823455736514695218e+02 5.241255137172209921e-02 -1.064637608204923062e-03
2.866011705483269907e+02 6.512857886572415964e+02 -1.466121379478233996e-02 -6.452814723690363137e-03
1.071091503298830048e+03 2.736872138732749704e+02 -3.954168853599457911e-01 -9.193922497501488822e-02
1.251704374899819186e+03 2.719473287600136473e+02 -6.030808219293248596e-05 -3.028556159446384455e-01
1.119291084936886818e+03 3.047712174008580064e+02 2.657561043325676886e-01 -3.698024336220214620e-02
1.171594962593995888e+03 3.861363238055195666e+02 1.256655906439846197e-02 -1.658880377344530699e-02
2.612350295809205818e+02 7.043667957591886761e+02 7.789556807795179269e-03 -1.498686537619050782e-02
9.902746388983507586e+02 1.844548068524646283e+02 9.624303811102663531e-02 3.460112705898102381e-01
1.044187924932456781e+03 1.681641947126316552e+02 3.536587370597980562e-01 7.710566830084412959e-02
1.154400229727474198e+03 2.225927545423150207e+02 6.998227479856684863e-02 -1.467232018801804296e-02
1.261809277412374286e+03 3.456043361667384488e+02 4.856770675661910563e-01 3.700213569224075627e-02
1.900116486380606489e+02 6.558139510600171889e+02 -1.317182580595831209e-01 1.159054641666775326e-01
1.097015097026438070e+03 2.159132106571843224e+02 1.832351312835904175e-02 -2.870589294948652781e-02
1.051482645467413022e+03 3.314447194780799464e+02 -1.947020075477745929e-02 1.767913080479265042e-02
1.135765349607028384e+03 2.348040312774527933e+02 -1.667022295010689784e-02 4.894175050310793640e-02
1.125777629732499236e+03 2.889865187244768663e+02 5.200120414017716380e-02 1.506130131043149634e-01
1.133305984778830634e+03 3.065975311563969399e+02 1.132002798022748030e-01 1.303775048076075693e-01
2.022065276486217442e+02 6.833398596763330488e+02 2.743153486866721502e-02 9.627931768837875992e-02
3.077409620446409804e+02 5.582743590144267500e+02 1.798951787686351334e-04 -3.082313976883300707e-02
2.453547273766160401e+02 7.233722924981249207e+02 -8.168826252842642521e-02 -1.649720678921480499e-01
1.048237066328163792e+03 2.014765706305196034e+02 2.042007340161365852e-03 1.879573215449619958e-02
1.119801753547883209e+03 3.380987160513689105e+02 2.106027713447040373e-01 2.364903912133926867e-02
1.060663187351991837e+03 3.004425571044122307e+02 -4.646326060335360247e-02 1.039611462132992992e-01
1.210352422527698536e+03 3.877732045049896215e+02 -7.243087313442975184e-02 3.468531693494555923e-02
7.910125841401835487e+02 3.810412282728452169e+02 5.404351872556958231e-02 2.938657788801606399e-02
9.916974310425241583e+02 1.753519705861134526e+02 1.919848087068601328e-01 2.215190442896016465e-01
1.000455780117861309e+03 1.812128468700125836e+02 8.192972552740230077e-03 1.567225100388753775e-02
1.114800761385809892e+03 3.238705891413439417e+02 1.494885873929433784e-01 2.092386076530488026e-01
1.135358052936136346e+03 3.298272347348907374e+02 1.678552828419697246e-02 2.118042791984805773e-01
3.139357175790475480e+02 5.336107638032377736e+02 4.117823982155073559e-02 4.405366137699502638e-02
3.206630836346639626e+02 5.481331076330823180e+02 1.878393668935012320e-02 8.037079894620546838e-03
1.141980806884648018e+03 3.394023585013756588e+02 3.008251783121901890e-01 -2.844594221930031308e-01
1.199339515386056064e+03 3.599804346475576153e+02 3.610515760309832706e-02 -1.016294720348140737e-02
1.088073445177753683e+03 2.132182179831758333e+02 4.380560343005366654e-03 -3.033858362683491267e-03
1.102148817196529990e+03 2.223714817039872855e+02 7.610372472275711564e-02 -5.287214285856206564e-02
1.100740616016314561e+03 3.005722625115791971e+02 1.838663427902514913e-01 3.213666552513747554e-01
1.224122256092880434e+03 2.707901188985720182e+02 2.352385165974791442e-02 -6.339193958044286870e-02
1.174553393788677113e+03 3.888348170337143301e+02 5.618688192498666467e-03 2.123567330881194221e-03
2.098509657853470003e+02 7.523227456508158184e+02 -6.341839632267799905e-04 -1.606960583973539303e-02
9.866119919678195629e+02 2.001634457486418910e+02 6.038939214167271530e-02 -8.153936246320725445e-02
1.097307410939648662e+03 2.952187971359216476e+02 3.258139672015261112e-01 -8.927521653344783203e-02
1.131168661688254133e+03 3.655495560939933739e+02 -1.630103720458464522e-01 1.681098019399485111e-02
2.239028423174536329e+02 3.071181094874264659e+02 -2.222372013713046213e-02 -2.549220319682869440e-01
1.103556476497711401e+03 2.774572586270084571e+02 1.591704615269615430e-01 1.334351289042994548e-01
1.163527125980894425e+03 2.366947435663808790e+02 -1.686072345887623669e-02 -1.435786072132335355e-02
1.149344406570676028e+03 2.475708273948102658e+02 4.847575726453214745e-02 -4.114671937319940020e-02
1.110761692581864963e+03 3.325885738323017904e+02 -6.494125971821632093e-02 -2.816619998877437636e-01
1.013855750101354943e+03 1.747644677230049410e+02 2.192456318408224913e-01 2.162701618809259319e-01
1.120755936962852275e+03 2.410188881144932793e+02 1.665708905035541698e-01 -5.018233214769095285e-02
2.749970235819201321e+02 6.593461229095111094e+02 4.199479195299156073e-03 -9.154077995641987306e-03
2.198667085778377270e+02 6.942655911597020122e+02 -4.214751134711239994e-02 -1.028181062428724785e-01
1.052702959644778730e+03 1.690472967556009394e+02 3.042348154019167139e-01 -3.416504729667294016e-01
1.197745338014691015e+03 2.165326290936402529e+02 -1.615481877284205003e-01 2.412568180082180769e-01
1.146895476384277799e+03 3.329621821021165715e+02 1.027529023704468886e-01 -2.576047949236663810e-03
1.187913357841090374e+03 3.281644396042549943e+02 3.269026129226998423e-01 3.567925886035429317e-02
1.102135246346320855e+03 1.935788258625733249e+02 -1.200339327872181200e-01 5.278093945320539992e-01
1.113336468790753088e+03 1.936242244230479059e+02 1.872043473520079715e-02 1.272814583340675654e-02
1.075239035780771928e+03 2.113878220448004868e+02 4.348246352416633258e-03 4.406386921913707511e-02
1.193692982270527182e+03 3.673516072257729093e+02 5.987939905797171752e-02 -1.497176084876675473e-01
2.086471563864270991e+02 7.477500897350630567e+02 -1.530420557944959549e-02 -2.343804236299244434e-02
2.175090195170083121e+02 7.556460487201394471e+02 2.975247609060953022e-02 -4.206821022683963213e-02
1.083401151622929092e+03 1.646267273830825673e+02 1.366036507393511568e-01 -3.439621584524016895e-01
1.247371064919645278e+03 3.078208784101304900e+02 -8.926088939006149303e-02 3.534677545307183394e-02
1.209034336703165991e+03 3.251099071240931266e+02 -4.835288811963519943e-03 4.520179399826867311e-02
1.203351261921767218e+03 3.504367753388570463e+02 -1.614126819568313664e-02 5.338915786024823334e-02
1.936700618521641957e+02 6.615334885233824025e+02 -1.682771169138587430e-01 -1.176408611217993894e-02
1.498596407782099789e+02 4.855855104182671198e+02 1.107061240455806256e-01 3.339383616664520216e-01
1.048896440513221705e+03 1.576417552682767962e+02 3.190728447077845198e-01 3.497304630600694964e-02
1.095123123912263736e+03 2.356476095026906989e+02 -4.170437673340075119e-02 6.415129891599349876e-02
1.097758403459872852e+03 2.702947533733805585e+02 1.416886158921442929e-01 2.341662582318804284e-03
1.167054353449401106e+03 2.972722498479442379e+02 -1.246429390012281091e-01 -3.249862603011990925e-01
1.290340201039964086e+03 3.273622641803315787e+02 4.596178981052389534e-01 9.402379027367260833e-02
2.054376998317805203e+02 6.483253235454377545e+02 -7.492036309643879122e-02 3.354614461828305250e-01
2.420288984786877506e+02 3.138822826251457059e+02 -9.660226345390141023e-02 -1.147889087880445136e-01
2.318757315403985615e+02 5.259666973419666647e+02 1.925812679668360561e-01 -6.207346494322033698e-02
1.086104803624118176e+03 1.563298347304698552e+02 1.243691924733209553e-01 7.648795805275830639e-02
1.110787559882222240e+03 1.893720221624983822e+02 -8.871480580377363867e-02 9.945386615480818204e-02
1.124599429464772811e+03 3.256862055756498648e+02 1.538253460861243316e-01 1.289296818973184600e-01
1.164595065707397907e+03 3.347653468706503190e+02 2.328409004942134097e-01 2.603550862008634920e-02
1.270751060037232037e+03 3.348397208771752958e+02 -3.491359035125848886e-01 3.103990746111169943e-02
1.831837868475956554e+02 6.589057739476874076e+02 2.474525403456640238e-01 -4.103292059476062459e-01
1.860981392538545833e+02 6.686474515608089177e+02 -6.241756465261182052e-02 1.380452975695586892e-01
2.461297296095148113e+02 6.884649026565763279e+02 1.885615753945065268e-02 9.522473270916027854e-02
2.045534324249944973e+02 7.157512385843020866e+02 3.553277334845006408e-02 -7.760034652000690272e-03
3.256834003224875005e+02 9.928060541028735315e+02 1.269544335914171429e-01 2.796657521954557524e-01
1.111906064182577211e+03 2.799615367677261020e+02 2.720921110068275084e-02 -1.964267247816948725e-01
1.121248183102438816e+03 2.902248786573179018e+02 1.776171643014379242e-01 5.371770699993305698e-02
1.203466305030004378e+03 3.371103864285839791e+02 1.985136440151507031e-01 2.262653196107748954e-01
1.653413860114454508e+02 5.735553971257721741e+02 3.150127939947857669e-01 -1.135737480575471636e-02
1.798609329706183644e+02 6.526307390257223915e+02 1.407377751186191239e-01 -3.307442397611696783e-01
1.054665790515129629e+03 1.856059090169255512e+02 2.003120724108005749e-02 1.612463316558887527e-02
1.064724402866750552e+03 1.883560137040613256e+02 -1.202877437508504954e-01 6.021793368651486844e-01
1.051962235658199234e+03 2.453748370659903344e+02 5.876756517439692823e-02 6.031712693241786383e-01
1.198520441435483690e+03 1.801968434278348639e+02 -5.380367522665589070e-02 8.962773497492548813e-02
1.209824534783818763e+03 3.428591280075963823e+02 -1.553944728054072353e-03 -2.056434366839236458e-02
2.291343016433317530e+02 6.815814753700879010e+02 -1.669123453448643655e-03 -1.135767035407297953e-02
7.097540777425523402e+02 8.939764281652300042e+02 -2.536613986706015567e-02 1.530360200587210784e-02
7.051571977260128961e+02 9.998245195014379760e+02 1.443071916469307325e-04 -4.893937946663603350e-02
9.200500190448732383e+02 1.102481601377881134e+03 -3.056318307225561973e-03 4.317048007161853988e-03
1.024045138794620016e+03 1.704839300849738493e+02 -2.010258290988531371e-02 9.921586334514813366e-02
1.151726692143511855e+03 2.551841361096624041e+02 -6.312451930116366738e-02 1.025043427460445855e-01
1.179073488108942684e+03 2.704794628741782958e+02 -2.991574012144155789e-02 3.565123717074811932e-02
1.133287329616837951e+03 2.870357176370916932e+02 1.270588512365975441e-02 -1.243468813791992061e-01
1.135127027495992024e+03 3.001526280709178423e+02 1.680873818691452359e-01 1.639830393120064456e-01
4.971377833830255781e+02 1.054378326492241058e+03 -7.688312203833902111e-03 -7.336502886882953489e-02
1.072145118725093425e+03 1.912180124532248442e+02 1.179569050700024491e-01 -2.395135570868944797e-02
1.064736688631075367e+03 2.860211358841720539e+02 -2.634841296738272831e-01 -1.169886087332940861e-01
2.506391798894070178e+02 5.336355881628170437e+02 -3.539333618419533423e-01 -2.346469055877093979e-01
9.437827057726763087e+02 8.536645345543493022e+02 4.841191472593209255e-03 2.124976818777213339e-02
2.894170887705617474e+02 4.468266317148681424e+02 5.681689470539671299e-02 2.355069404107249798e-01
3.075191620703899389e+02 4.847443502178007293e+02 8.491889771028127143e-02 4.982275936720270693e-02
1.110029415395971682e+03 2.615573207381734164e+02 2.287399865133465937e-01 -2.831243149478268606e-02
1.194677150987613459e+03 1.891524752324897918e+02 7.323602372010402928e-02 -7.566948568153482324e-02
1.130122210653179081e+03 2.895572699507994230e+02 2.147935112520826806e-02 -2.926164787077520368e-01
1.193418327283188546e+03 3.415303613717886719e+02 1.418011782637525753e-01 -1.511029943969598721e-01
1.775210447558213787e+02 5.768179486419638806e+02 -7.648260926276861937e-02 -9.968346008304251882e-02
1.872306402998625003e+02 6.557644606500876989e+02 5.808252125171028263e-02 9.220178845544069191e-02
2.973069536625790192e+02 5.002223591092188713e+02 -4.046079660679424705e-02 2.034561721419265723e-01
6.203790758915167771e+02 3.833348656012234414e+02 -2.832751616210771317e-02 1.033944844884615577e-01
5.130635814846873473e+02 4.580100219598451190e+02 -5.164085085630176764e-02 -4.099318210222691050e-02
1.052073244480882067e+03 1.978306807751059466e+02 -9.909156723790601973e-02 3.641169831095680820e-02
9.926465944708828602e+02 2.358085087717840054e+02 -4.069319681366323493e-01 4.779928600539307126e-01
1.118921387038695457e+03 2.230314085472573709e+02 -2.515670715706619376e-02 3.415601624261483948e-01
1.027119548911549600e+03 2.908641627826069112e+02 2.380007778976960253e-01 -1.981927208056504242e-01
1.164545748799657986e+03 2.191295974301572471e+02 1.015792885966675385e-01 -2.352457803949050685e-01
1.137818695823935514e+03 2.754249465207594767e+02 -1.698355856092348404e-02 4.706152269866947790e-02
1.118173549279680174e+03 2.902307785961007767e+02 -1.852072892074829724e-01 3.840895951201162006e-01
1.228528795543481465e+03 3.379379478984504885e+02 -8.402579270668866229e-01 1.324019774755925027e+00
2.690033704866067410e+02 6.820634788720616370e+02 -2.868143087866315000e-02 -1.233050463091558413e-01
3.720209269550425688e+02 1.031461886197316289e+03 -3.287899199850130572e-02 2.072623725587163790e-01
3.188014852209064998e+02 1.033816657218252885e+03 5.648785458740235299e-02 6.786977708713948232e-02
3.463846988599651127e+02 1.076268442200895834e+03 -4.200123523492038657e-02 1.786315917178171730e-01
3.278948360577908261e+02 1.090407844073468368e+03 -2.037553253529722497e-02 1.372700250642537867e-01
2.340786155597824632e+02 2.968805425884041256e+02 0.000000000000000000e+00 0.000000000000000000e+00
2.554923255436998772e+02 3.104031275534782708e+02 0.000000000000000000e+00 0.000000000000000000e+00
1.974140052299458716e+02 5.206830330786100376e+02 0.000000000000000000e+00 0.000000000000000000e+00
5.809894072654976753e+02 4.939458814797811783e+02 0.000000000000000000e+00 0.000000000000000000e+00
6.959551201379665599e+02 3.986136798518298860e+02 0.000000000000000000e+00 0.000000000000000000e+00
1.049428116004012963e+03 1.787388586660462408e+02 0.000000000000000000e+00 0.000000000000000000e+00
1.092395608309798263e+03 2.122948931455221384e+02 0.000000000000000000e+00 0.000000000000000000e+00
1.131534232326439451e+03 2.146576217177945125e+02 0.000000000000000000e+00 0.000000000000000000e+00
1.092150416053804975e+03 2.695613697858118485e+02 0.000000000000000000e+00 0.000000000000000000e+00
1.187800446628782538e+03 2.367489317840426679e+02 0.000000000000000000e+00 0.000000000000000000e+00
1.189044095211058220e+03 2.487184025977768158e+02 0.000000000000000000e+00 0.000000000000000000e+00
1.209332329366362501e+03 2.540803635210388052e+02 0.000000000000000000e+00 0.000000000000000000e+00
1.158161757121126357e+03 3.064909956334784624e+02 0.000000000000000000e+00 0.000000000000000000e+00
1.134746812479678283e+03 3.586013631082427082e+02 0.000000000000000000e+00 0.000000000000000000e+00
1.224129915337010516e+03 3.487496795375899410e+02 0.000000000000000000e+00 0.000000000000000000e+00
2.345867688361097407e+02 6.350832068051695387e+02 0.000000000000000000e+00 0.000000000000000000e+00
1.770448023825175596e+02 6.489305683085003693e+02 0.000000000000000000e+00 0.000000000000000000e+00
2.228060199402955277e+02 6.777994186986968543e+02 0.000000000000000000e+00 0.000000000000000000e+00
4.884081040682298749e+02 7.992589818273183937e+02 0.000000000000000000e+00 0.000000000000000000e+00
9.655774991599355417e+02 8.588793201918936120e+02 0.000000000000000000e+00 0.000000000000000000e+00
1.007491038861194738e+03 8.721174923366658049e+02 0.000000000000000000e+00 0.000000000000000000e+00
3.679088404526421527e+02 1.028695222971727844e+03 0.000000000000000000e+00 0.000000000000000000e+00
3.029499417245131099e+02 1.032087822884092247e+03 0.000000000000000000e+00 0.000000000000000000e+00
