1.342431881931053681e+02 3.785490149870590812e+02 -1.432808676456277103e-03 -5.316054617760573777e-04
2.656704982020809780e+02 6.829031233863164516e+02 -1.802400716107765326e-03 -8.337138174945468716e-03
2.527111720890272295e+02 4.673645362431487342e+02 6.632037138867343321e-03 -3.468580844427567988e-03
3.166097160178389345e+02 4.760987774813556825e+02 -4.824468149495271529e-02 4.576924013381099277e-02
5.668280944178197842e+02 3.893445765552654620e+02 -2.375920022141505064e-02 3.869579463101258110e-02
5.622776067017811101e+02 3.818053769309797758e+02 -9.920282827138044573e-03 2.542340079385369944e-03
2.632651940955258851e+02 4.221820220356813138e+02 -6.147698500427679208e-02 -1.947099509951404905e-01
8.297180944134602214e+02 4.084264927246481420e+02 -7.411784814092531705e-04 -5.763477838959350915e-04
7.106350745713135666e+02 4.172862993097878643e+02 5.520110559469158795e-02 5.729910010854431671e-04
2.345852353326082209e+02 6.976037589618680386e+02 3.045051718300042717e-03 3.302179351252750982e-03
3.746044865338474210e+02 1.050344296148163949e+03 1.448054799866215492e-01 4.260606595961980436e-01
3.820360686101921033e+02 1.049763347200888120e+03 1.724718341195878857e-01 4.096021185929295538e-01
3.351393048418681246e+02 1.021954126443572818e+03 1.432134983507163117e-01 2.533591236046261463e-01
3.090316514093912019e+02 1.033534057714679875e+03 3.826587488815687277e-02 2.929830160452985277e-01
3.426580446582616446e+02 1.042433774929935453e+03 9.446824005958559534e-02 3.925792851002554706e-01
3.513209372382627862e+02 1.043866747152143944e+03 1.300001751346190615e-01 4.179946680313866847e-01
3.480319361587274898e+02 1.062577481514963210e+03 6.955486259682733263e-02 4.200532222064238264e-01
6.343924058573406910e+02 8.220110865096980888e+02 7.570599703708782211e-06 6.490509210181860623e-05
9.123642454170138762e+02 8.060993799973841760e+02 -3.070173407674908631e-04 1.068940147009394236e-03
4.599797156217073848e+02 9.415489765605107095e+02 2.452172629151022263e-04 2.070918491233104421e-04
9.075915121257201008e+02 9.244730961344740763e+02 3.271975784739447352e-03 4.831262276346222069e-04
8.999505169042834041e+02 9.268481949142009171e+02 4.111157227969057526e-03 4.316902755170637027e-03
7.070869189327330560e+02 9.931390733608637902e+02 -4.194867942017183895e-04 -9.626546565108006341e-06
7.149686993315068548e+02 1.011626480239097532e+03 -1.222165569364877611e-03 6.814217929354301866e-04
7.049530050165262764e+02 1.023623603286138973e+03 -5.727521610849928323e-04 1.624620514326349970e-04
9.845410554487083346e+02 8.459730811128014238e+02 -3.076218308915665972e-03 2.633403996606821355e-04
4.816445916143787258e+02 1.099049868824725991e+03 1.381229007377144942e-04 3.805327813970867600e-05
7.044345537070194041e+02 1.036491002715291643e+03 -3.502836710541118079e-04 5.882436875780702300e-04
7.519106009457893833e+02 1.067593989189356989e+03 3.468110319002758071e-04 -8.870819768923533192e-04
7.455691002601589616e+02 1.071464412805032225e+03 1.744433133700284229e-04 -2.475077767597906576e-04
1.310409995608249005e+02 3.248370075154145979e+02 1.643054111930201239e-04 -2.242678885456915808e-03
1.235763626436856839e+03 4.019263120154309945e+02 -3.064672246635400180e-02 3.138702423496617794e-02
8.997386856213249757e+02 1.102210531737912333e+03 -5.730509353680186054e-05 1.254949023013347821e-05
4.044716321895610918e+02 1.073257807778747519e+03 1.815838324289382189e-01 3.192115944489362644e-01
1.347592764510116865e+02 4.003848020439364177e+02 3.208390481780939128e-03 8.229455742243861963e-03
8.066352915746219878e+02 8.764865897524563252e+02 4.458160450892614986e-03 -1.672052939248165832e-04
3.378139250850492203e+02 1.009568876755124052e+03 2.093627644411571453e-01 2.702185568041802766e-01
5.634087766108257256e+02 4.580566932230300381e+02 -3.267095029401605091e-03 -4.536288979877981897e-04
3.819207395818241366e+02 1.094608570298114273e+03 1.012771028622213160e-01 2.859285025066232167e-01
2.620528475609791599e+02 7.413891982264117360e+02 -1.176421849907631489e-02 -9.937166987827881007e-03
2.728334932909770032e+02 6.209984880502515807e+02 -1.003886708472991052e-02 -6.480606126114487643e-03
4.100532596518323203e+02 1.065728352102271401e+03 9.347314285998373218e-03 2.914971937622731768e-03
1.008113658764637762e+03 8.165575882684460112e+02 -3.807567546267242795e-03 -4.750106757485062447e-04
4.868122748697108477e+02 4.482178208794462648e+02 2.497508091115977023e-03 2.847637201180550602e-03
2.254914000860520389e+02 7.541449893621935416e+02 1.625918913105248165e-02 2.173317751371789397e-02
3.326406908204893398e+02 9.992670758513569353e+02 1.069893003187680353e-01 3.315569624769512114e-01
6.033713424171020279e+02 4.343622534334284069e+02 -1.366557886731333341e-03 6.533014031923371247e-03
8.291694727324365886e+02 3.240942855305043508e+02 7.100842506430792705e-03 1.298072719147161380e-02
3.347579764468591748e+02 1.093250555686840926e+03 1.126748369783674153e-01 3.209487399262415663e-01
4.655407643404721512e+02 4.556906904493525872e+02 -4.787192356185740634e-03 1.066002468001618717e-03
2.486398306953990414e+02 7.181267371693695623e+02 -6.989910532478695905e-04 -1.075957555550339367e-02
4.937999004770422857e+02 4.299506157916260349e+02 -2.088083466931308849e-03 -6.066022518033457184e-03
3.431277334242305415e+02 1.029820247861362077e+03 9.904188749668391134e-02 3.943184456260955817e-01
2.299203789532631390e+02 6.995589731066773993e+02 1.735118027798393048e-03 5.815053121237400043e-03
2.529042243310108802e+02 4.034427564677533269e+02 -4.394846913511333414e-02 -1.770295593916563215e-01
9.707682668201016440e+02 8.446678085635930984e+02 2.585347687765605744e-04 1.260537722616688055e-04
1.020860357273334330e+03 8.148988077291026002e+02 4.264394042316366033e-03 -3.280825717082383290e-03
3.035738785144871485e+02 1.035673066893837131e+03 3.342257482258878531e-02 2.941923993143703009e-01
2.015287705812172590e+02 5.082840173691130872e+02 5.326280226037091031e-04 -4.209200404422499577e-03
9.565542606623871507e+02 8.496471860977995902e+02 -4.682412588610108950e-03 -4.081218847245103999e-04
8.270642309221701680e+02 3.437334835325449944e+02 -5.822542351856243789e-03 7.727584926463818872e-03
5.053091872423212862e+02 4.417015603225190148e+02 -1.040470758653269136e-02 5.806947625371934596e-03
1.003622422867521209e+03 8.309644705342101361e+02 -4.659056284103060483e-03 -1.031318063183510325e-02
5.117757902672952355e+02 4.586428191831788013e+02 2.946070166855167816e-02 2.918154805144632102e-02
4.960183683565709316e+02 4.402139577535994022e+02 1.103347042577761377e-03 7.283267520566562465e-03
2.561005842762214684e+02 7.434832653258071105e+02 -4.575465249581386722e-04 9.713256837707070758e-06
1.914752323040138720e+02 5.808752501699311779e+02 -7.263258614931047139e-04 -3.973847694208704380e-03
9.848775379790597526e+02 8.251762470533624310e+02 1.465901791841070717e-03 3.438477590911548105e-03
1.016901850601895489e+03 8.108250996213816961e+02 2.077609915643436733e-03 -7.362632715519272335e-04
9.840861658138641133e+02 8.168847504167396210e+02 5.768619899846712988e-04 5.828026838883326559e-03
5.752296396161725625e+02 4.526871772253744552e+02 -6.399797790378454476e-02 8.389807420085184514e-03
1.244856220025111952e+03 3.968334909364877490e+02 9.153370595251347427e-03 -5.300742279284421758e-03
1.184234540300870549e+03 2.477424761277717664e+02 -6.113445035252610196e-03 -2.461285534979403000e-02
2.780120410600913488e+02 4.542972362224922449e+02 6.614625279199980168e-02 3.708855929735842549e-01
2.724145880957274244e+02 6.778023981554958937e+02 -2.795515438911947738e-03 -1.345436822825741771e-03
2.523797078470043118e+02 4.187992970628233707e+02 -4.642991021493392961e-02 -1.871296323022605124e-01
2.607638547936275017e+02 6.145244506062379060e+02 4.319561546671282434e-03 1.020458926938889489e-02
3.352220553517313419e+02 1.071797451568146471e+03 3.412460756034630532e-02 2.366153364695681438e-01
7.246155755848830040e+02 9.764761516253471427e+02 6.951887980115919324e-03 9.800814199413235631e-03
9.481137694466839321e+02 8.364906907017941649e+02 3.982114918071062021e-03 -4.875851700489874929e-04
8.081989588078878342e+02 8.810110591024341602e+02 -2.603521171297393504e-03 -6.121741987881971093e-04
9.266697824562756978e+02 8.357969201598587006e+02 3.002073338549651749e-02 -5.620970657369836823e-03
5.782609874611239320e+02 4.445096669743999200e+02 -4.566018358601279387e-02 -8.476988909597429900e-03
9.221369663283333011e+02 8.584182763516495243e+02 3.079726522323293636e-03 8.336380790968961341e-03
1.174944458133959870e+03 1.429564242161949323e+02 2.158547160708604003e-04 -1.746683079326096302e-02
2.738105506764732127e+02 4.251655671211731828e+02 8.833758762806676046e-02 3.192521526898743911e-01
7.984229410227434300e+02 3.646418045177279055e+02 6.931274623909329871e-03 -1.819858631574788888e-02
9.490520902421640130e+02 8.453849040418258483e+02 5.454817059642502785e-04 -4.786363063321869525e-03
5.316267686158913648e+02 4.814885541885408884e+02 3.536917686815151292e-03 -8.992950894861057422e-04
1.031941997672289517e+03 8.319235370718992044e+02 4.893644153215442015e-03 -1.934436210336066804e-03
2.304509590346724508e+02 3.461513684738507663e+02 -5.488406814227752423e-02 -1.815489908003858344e-01
9.115695355389884753e+02 8.314914221387687121e+02 -2.910911182528698113e-02 1.449098228353011726e-02
9.836474072026646809e+02 8.693913681317976625e+02 8.388205701897610486e-03 6.140020704373284031e-03
2.931475277531427537e+02 4.139609661175092015e+02 4.144013202532354813e-03 -4.565963715017663273e-03
9.624894945871221807e+02 8.670124942357442706e+02 9.047494971670434760e-03 -1.392808626581265065e-02
9.768089788601033661e+02 8.672468751485226903e+02 -1.322958529723370844e-02 2.799493495059989651e-03
9.019759521405599116e+02 8.526473843874608747e+02 1.068170181846685163e-02 -1.784232578682862572e-02
9.699518896221875366e+02 8.848747106234653756e+02 -2.252956448944699961e-04 1.188223751254068039e-02
3.281882487802439528e+02 5.657437536759142631e+02 1.963861060107886889e-03 1.222281496135191499e-02
2.399991644963450312e+02 3.813130957985924283e+02 -5.179282743760570129e-02 -1.301483985551268596e-01
2.252747634928188347e+02 2.989634400676274026e+02 -6.962944134340634528e-02 -2.899840690443151181e-01
9.899944352561022924e+02 8.509064010640864808e+02 -7.137174842982138556e-03 3.102532069035960835e-03
9.671584052320552019e+02 8.732110628102863075e+02 8.918317625059872175e-03 -7.301619873084683188e-03
9.574755467823767958e+02 8.619309679171504968e+02 4.987084246112776995e-03 3.042916554790335093e-04
1.970327729474509795e+02 5.704811998941968341e+02 7.407661727446375119e-03 -7.877612747317543768e-03
1.051882811975258392e+03 8.302694810454632943e+02 1.483053248445892350e-03 1.120091537907431196e-03
2.635720906492556423e+02 3.614815419397975802e+02 2.615987974626486981e-02 1.261157223207355349e-01
1.973811911068025609e+02 5.120366747133975878e+02 2.152661475180636316e-03 -1.167139684774624354e-03
5.111332566967097932e+02 4.197968485949079991e+02 -3.535233148366247712e-03 -2.663198753187976178e-02
1.965926367016192557e+02 6.485816662972200675e+02 -1.765028101189400067e-01 9.388520875641478969e-02
8.027250738393224765e+02 3.561322198355744604e+02 -3.825745064489746196e-03 9.055921431519266263e-03
3.540862945625489147e+02 1.006785117567241400e+03 1.579578812092450879e-01 3.676657701177842297e-01
8.017039196579858071e+02 3.470229252579031254e+02 -2.851171666928184988e-03 3.184413867654599297e-03
5.417863679549537892e+02 4.649552514768575975e+02 4.775699518393252373e-03 4.986230128741852598e-03
9.421240282946687330e+02 8.721746195149974028e+02 9.545237589783469494e-04 -7.057564580034945967e-03
1.142917418301272619e+03 2.282584217953746304e+02 6.733468042485168947e-02 3.311180427744595672e-02
1.170040279500016595e+03 2.254762115180961928e+02 -1.986608169952905865e-03 -5.595824469089552902e-03
3.333385050726005829e+02 1.082966415230879875e+03 -1.986777462040397943e-02 2.595043188176816007e-01
2.709160060064654658e+02 3.997300003188074697e+02 1.105804026117795935e-01 2.536575965340363004e-01
5.660903562985722601e+02 4.638731778496091351e+02 1.948706714051920592e-04 -3.107988670956611781e-03
1.025371687751558966e+03 8.265773438605532419e+02 -8.187866345105077786e-04 1.654086342190710926e-05
5.147282845758189751e+02 5.071467564291865529e+02 4.631779587644715155e-04 -7.217849367974070625e-03
7.348788840313436594e+02 9.643044420428082049e+02 -3.539949360727783628e-02 -1.291624870389406930e-03
9.957518971641247845e+02 8.784804599732487986e+02 6.142385069529379855e-03 -3.017412219461752289e-03
5.516839486086840907e+02 5.230099742276979669e+02 -8.008112873666154569e-03 -7.647053451291462543e-03
2.093983790140565020e+02 6.999442683217026797e+02 -6.006946500632759194e-03 -2.081075097146930369e-02
4.710451498129102674e+02 4.356744534042442751e+02 -2.587461931082966904e-03 -2.067264375721894595e-04
1.079698660887550886e+03 2.232764237507240352e+02 -1.080628270161955451e-03 5.700582332643548168e-03
2.676996812601278179e+02 3.878814106344385095e+02 9.403294249488572398e-02 2.303131955372643147e-01
7.871517192093484709e+02 3.393357539838918342e+02 4.613154156810322926e-03 1.788496819619022054e-03
9.703374413514812886e+02 8.933938597649355415e+02 2.842364374240751671e-03 2.181063207832032846e-03
5.705262402940392121e+02 4.298224321246303816e+02 -2.082208705469428857e-03 -1.785996769567161843e-02
2.168988056817171071e+02 6.989069904032763816e+02 7.999669316799924235e-04 -9.239836136880558506e-03
9.263011056971744210e+02 8.394665633757060732e+02 -3.243882210613670183e-03 -2.225588686086450805e-03
9.698589287998020154e+02 8.232749566346810752e+02 -4.899646554900025791e-03 3.217662365017585641e-03
1.991015636783256468e+02 7.029776561870022533e+02 1.274701325526605283e-03 -3.501023344471274122e-04
3.140026999177458720e+02 4.720889795666464579e+02 -1.362477652927701014e-03 1.152092233203325274e-02
1.007134499973992661e+03 8.725921383234542645e+02 3.041334729930283130e-04 3.790314170839679999e-03
2.464299953979424913e+02 3.823501280697035440e+02 -4.624388331685206494e-02 -1.637812640477873671e-01
5.720747662539788507e+02 4.761641684344338614e+02 -3.310738242052733461e-03 -6.582639320802262731e-03
5.079486509075054528e+02 4.865927737885455144e+02 -1.075423491877560561e-02 1.399167165098362704e-02
4.751303115529217393e+02 4.475489224364497431e+02 -3.823049605242399840e-03 8.238657740562167070e-03
2.960479433200482617e+02 6.609465649638475497e+02 2.356339367790411324e-02 1.871477453791032045e-02
3.368527245933847780e+02 1.059554529355478508e+03 4.660858359886788094e-02 2.532701484787688861e-01
9.020732090692831662e+02 8.595857569361464812e+02 1.238234473166497469e-03 4.426226976325815451e-03
2.603685362550597802e+02 3.443304765827867300e+02 4.379309413071234142e-02 1.290950651039746988e-01
2.109428531533754381e+02 7.371372302491517985e+02 -5.205227347847305418e-03 6.090683043867507231e-03
7.932247161004576128e+02 3.683899020807089641e+02 -8.013648853122530905e-03 1.991515775355062745e-02
3.039697489936006036e+02 6.405474094977728328e+02 1.881207693152686699e-03 1.835767621371653001e-03
1.263936115818788267e+03 2.890643663698334649e+02 -2.788982767343792420e-03 1.423410550882685558e-03
3.182500517344386139e+02 1.042072299873006614e+03 -7.940406778559599282e-03 2.072836671861638114e-01
4.916728065297552916e+02 4.629114204583081573e+02 -1.403255602612586087e-03 3.454113455433960918e-03
1.270999068614827820e+03 2.954385567402989068e+02 -1.841192213871208766e-02 1.864318520599996714e-03
1.255615787286609248e+03 3.070193059740604440e+02 1.384133806102837106e-03 -2.514034015140204689e-04
1.031747621650466499e+03 8.714674969348046716e+02 1.186994810318042727e-03 6.442905786846693343e-03
1.001915103907005459e+03 8.168149107120316330e+02 -2.338203942015455294e-03 4.448290494827566652e-03
2.703484597447485385e+02 3.719790842325112976e+02 6.431191777283634670e-02 1.854200361125800667e-01
1.156108061494712047e+03 1.409699450898814916e+02 2.775821161173220100e-03 -3.602994644557728793e-03
3.793631699585878323e+02 1.082905575378397543e+03 1.451592821173999515e-01 2.774687780365504008e-01
1.023638395610647763e+03 8.578627569441108562e+02 -1.841895795858381228e-03 -1.605298662215912803e-02
6.192899704714269546e+02 3.823187037543589781e+02 -4.025067413370307830e-03 -8.845090000709104894e-02
3.941702190722875230e+02 1.071815350450476444e+03 -7.174034670405341624e-03 -1.890266622332533418e-03
9.510213092027150878e+02 8.228893986738136164e+02 -3.229571718162729246e-04 -1.663829959540797212e-03
2.447158689753445913e+02 4.963262165919019253e+02 1.231875506825934330e-02 -3.128662889500811312e-02
7.162891538821178301e+02 9.551348221105774883e+02 -2.142967027078827857e-02 5.872796104464070646e-03
5.349395935937893682e+02 5.156611717002907653e+02 -8.235659835937476567e-03 -1.104973726736297596e-02
1.127583879410174632e+03 2.402255158685773040e+02 1.293226624237615863e-01 2.020282195347547841e-02
1.037367627919298684e+03 2.812745794594681570e+02 6.530455105344162327e-03 -8.981340207873188264e-03
4.886736421513193136e+02 4.584142336881766369e+02 2.674278739046411293e-03 -4.637022219436956645e-03
2.452957990776988311e+02 4.888285250693118655e+02 -1.047220916150663414e-02 -7.555650108800179496e-03
2.191393471643261250e+02 7.412037348667639662e+02 2.381976696418992845e-03 3.704734717139712957e-03
4.241556750914604663e+02 1.073959707153467662e+03 -4.296452969486894711e-04 3.354724429275640542e-03
2.483086495065076065e+02 3.901804803673695119e+02 -3.269240352400323152e-02 -1.600406913423531585e-01
4.949977969379255569e+02 4.722933976917491350e+02 -3.387966416472174957e-03 -3.563207503125993651e-03
2.366858827260055591e+02 7.155652010953693889e+02 2.165084765081674509e-03 2.975836401719338716e-03
8.247370967967308388e+02 1.102300154472251052e+03 6.814087887257957944e-05 -1.885340548997732323e-05
2.157948497025709855e+02 5.834381080597719347e+02 1.238216790144974766e-02 1.316625954206018106e-02
3.213234522737480461e+02 6.075868687463887454e+02 7.052166367378675561e-03 -1.245152977063942665e-02
3.361935126358433195e+02 5.637878996165204626e+02 5.053870617386749600e-03 -7.043567385883959912e-03
7.105905064041644437e+02 3.890279471456412352e+02 4.715603728950126805e-01 -1.352201958485483024e-01
2.168372410711442058e+02 7.349255337394960179e+02 2.361186098508229767e-04 6.177910150982050645e-03
7.212670915494750261e+02 9.120850969880857519e+02 1.879289138247430130e-02 -4.654537379849105899e-02
2.509481876075732885e+02 6.581628077699517689e+02 3.224870031070197103e-03 -8.199878643604325071e-03
2.682492641102105608e+02 3.003951055441090148e+02 3.990847949201380314e-04 1.250805581058008148e-03
2.389169298026004924e+02 3.353365269184878912e+02 -5.317804757158336310e-02 -2.325740232323405265e-01
1.152966720582358903e+03 2.305246472072471420e+02 1.007196961706590121e-01 -2.042820508446966526e-02
2.240918446817075278e+02 3.173659943375880061e+02 -6.948551400835197012e-02 -2.882947945827400993e-01
1.907475532011169719e+02 6.848172420465493815e+02 -1.742437992421127374e-02 5.967042420749663761e-02
1.163284242724798787e+03 2.138025779434840672e+02 -9.789550668943271597e-03 2.483293055060398213e-02
2.609486605505432522e+02 6.318950524817679479e+02 -7.979995183022607630e-03 7.264184013174239396e-03
8.508388507626575574e+02 9.315011017076624285e+02 6.178507162508365021e-04 -3.841921458464784054e-05
3.182959644987174102e+02 5.402091792404609123e+02 6.890549485722721962e-04 7.773717934446947204e-04
2.113181097837226616e+02 5.835205753779073348e+02 1.046587838702533677e-02 2.657186793864846439e-03
1.118387767273018653e+03 2.545117092410060877e+02 -3.727250274883628367e-02 -9.863117191947526688e-03
2.594820793981543261e+02 4.411837151745572214e+02 8.910089867255676505e-03 -1.653520926855358841e-01
5.760415735366270837e+02 4.878966888524330443e+02 7.262518701993192667e-03 4.107729720808245277e-02
1.094115562335152390e+03 2.010890414631493002e+02 -1.269117239270473388e-02 -2.174732169165741885e-02
1.147558309642260838e+03 2.449970515808947482e+02 8.423754844238379169e-02 2.359290046997743195e-02
1.130475552470992625e+03 2.465050743976798060e+02 -2.736477255246557716e-01 -1.051738172774746294e-01
2.504432134981019544e+02 7.274439975178504483e+02 -1.043083914988238376e-03 -3.082587796240145997e-04
4.466783811562817164e+02 1.093970698240545971e+03 1.794739031099325949e-02 7.997320886177855526e-03
6.646823703600709905e+02 4.949565203571064558e+02 -5.912095986597327296e-02 -2.150057584227208288e-02
2.068328759839428415e+02 6.823056993339861265e+02 -1.060314599745105779e-01 5.062948773232700539e-02
2.364557528211252588e+02 6.696042701931934289e+02 -1.159902690586749920e-02 2.101563956705039277e-03
2.557214006952340810e+02 3.986728033659523476e+02 -6.107948928217696999e-02 -1.998256966523320743e-01
7.704492058877149248e+02 4.966189106578320320e+02 -4.924060676267971032e-02 8.901228400410862718e-02
2.775954099604420549e+02 4.057024280039291853e+02 1.068669173016446872e-01 2.506697148289663835e-01
2.800103454436738275e+02 5.316198892642462397e+02 -1.207970696884898363e-03 -1.122484656475130070e-04
2.905113423384890439e+02 6.306389599937134562e+02 6.548178180583021611e-03 -2.954158678514233645e-03
1.260314175030753404e+03 1.957562557705236088e+02 2.446763910236516497e-04 1.054717185064421190e-03
1.203673981659000674e+03 3.707741301517183388e+02 -1.966133442366605616e-02 -2.238180594957557903e-02
1.057976769144873515e+03 2.674396691175126080e+02 -1.996090561783333273e-01 -2.139685846082006460e-01
4.501807809111379584e+02 1.097146258773079580e+03 9.858755666841986440e-03 1.444028896199678509e-02
2.401645689577761402e+02 5.023690523000998951e+02 8.108554962427435078e-03 -2.661404680648193563e-02
2.511571962679066701e+02 7.107280099945364782e+02 1.652294367971762767e-03 1.351584459221518092e-03
1.245126292006319773e+03 3.774833108173806977e+02 -1.721998040639477002e-03 -1.700338713034046936e-05
7.183665135752571587e+02 9.630296911635542756e+02 -1.061882861884414810e-02 1.400834580257345231e-02
2.994003565401999367e+02 6.461567730067769162e+02 3.828833478243412556e-03 9.959019511683490228e-03
5.212464053828223314e+02 5.318908764923060062e+02 1.353659131859560492e-03 -1.126178780490554813e-03
4.261072775799466399e+02 1.080788125061020537e+03 7.213377589436060491e-04 -4.870278512003502062e-05
2.278382284988118727e+02 7.104790317618195559e+02 2.911934853241043928e-03 -3.289682763635829420e-03
1.078471061012549399e+03 2.946569190701115417e+02 -1.615714816969372747e-01 -2.041819724325431851e-01
3.952982207491525060e+02 1.084473121461671099e+03 1.139774114729797116e-01 2.676670646718019575e-01
2.029698195904755664e+02 6.872669779249598605e+02 2.580573834866007124e-02 -9.790327994974493131e-03
2.160842991903594452e+02 2.916994102325909353e+02 -7.539747662500863312e-02 -2.345182885943744022e-01
9.702430057624643496e+02 8.300096748873979777e+02 -1.406674817837150551e-03 4.096564411096920849e-03
2.613369336315980718e+02 4.495433230045603068e+02 -5.122278770949376114e-02 -1.684436154922380469e-01
2.190616884992438429e+02 6.453522237200487552e+02 5.627243625642080332e-03 -7.097975851234148564e-03
2.569763158491516037e+02 7.178827260427665351e+02 9.865730406784111080e-05 3.370676452520753475e-03
2.550508191233719515e+02 7.219857438099435285e+02 3.513311927899466329e-03 -8.427852662937693889e-03
2.592382069361469235e+02 4.298943797780397631e+02 -5.142964908553507991e-02 -1.876680438357965774e-01
3.253973822012246160e+02 1.067963798047353293e+03 3.641757214467471887e-02 2.385046172916717444e-01
2.971793766454830461e+02 6.540474048181400804e+02 -1.766500252551625287e-04 -6.939484962699545186e-03
2.352637963027745514e+02 7.103218782553281017e+02 -1.950510306392567918e-03 1.524384555248634336e-03
6.099146188968908291e+02 3.752287132391931550e+02 -2.895302331957268563e-02 -2.766300250934559946e-02
1.198201645513329822e+03 1.873092980333378250e+02 1.019499787242347105e-02 2.745733544326928351e-03
2.533490100957773166e+02 7.357448188157476352e+02 -1.762978850121775824e-03 3.222495794349501674e-03
1.128037524050981119e+03 2.100670993564357616e+02 8.098324143217570936e-02 6.273845791538873451e-02
2.572260948897000503e+02 4.906259318254433310e+02 -1.997789849252627759e-02 -4.429190132794130069e-02
2.495841593667375093e+02 3.504854252337646585e+02 5.935033571871841523e-02 1.133329102079987938e-01
2.816960845997944034e+02 4.226194271835935865e+02 1.005536316424915089e-01 1.881698484426383156e-01
2.186037023773810688e+02 6.630716578268725243e+02 2.514964764419675303e-03 2.421654111886070368e-03
8.190651985699943225e+02 3.953810239873212709e+02 5.478022371267338847e-02 -7.324090992962326019e-02
2.174951566905119478e+02 6.517339875196743151e+02 -5.469508672914594367e-03 3.116856231281192428e-03
1.185531878086527740e+03 3.503835346179896533e+02 8.881640907452717504e-02 -1.520643024486767747e-01
2.944896206775812857e+02 6.375560233168247350e+02 3.202504042265823768e-03 -1.717650282826566066e-02
1.000886628353926312e+03 8.555451490469826012e+02 -2.234481971394380265e-04 1.559925168200859040e-03
1.020907085167212131e+03 1.659316397910217518e+02 -2.233466571555826549e-02 -3.426775651931223549e-02
8.620226864565084668e+01 3.135825821432586054e+02 -4.932291454517971976e-03 -5.336853725661584551e-03
8.320235649762572621e+02 3.201729666125219183e+02 3.317959872448443450e-03 -5.149216538274398007e-03
1.123100216702250918e+03 2.594700312986973358e+02 -2.593186921306296910e-01 -6.139044050556067417e-02
1.193015701189577840e+03 2.448071707802828314e+02 5.327852422270904116e-03 -5.447925380715253757e-03
1.187881559264631733e+03 3.221500641297411676e+02 1.373924082367515911e-02 -1.452334655594714197e-01
1.224509094528899823e+03 3.969952644887536621e+02 -1.043928541571178701e-03 -1.460791693807775684e-03
7.531529645799039372e+02 8.451921024963653508e+02 -3.217989930428104555e-04 -6.284151503900875426e-04
1.124875278542568140e+03 2.252619614032605853e+02 2.173836440376569756e-02 4.735768271448610733e-02
2.609709357630435420e+02 6.209578478633738996e+02 -5.350123301346990795e-03 -7.029606277332151043e-03
2.072204016510467284e+02 7.245799207243239834e+02 -8.880394478896644350e-03 -3.140464667108242708e-03
1.191845298985759428e+03 1.797770767161207459e+02 1.301065685973046802e-02 -1.307196325202601705e-02
1.212600776630863948e+03 2.199386403933044107e+02 2.657223551064177500e-02 -1.648038979559932060e-02
2.327859628539892469e+02 6.617672199437937479e+02 -1.087095074769584523e-02 -4.958541029506056790e-03
2.215236007300076153e+02 6.994096976753362469e+02 1.483868415657170828e-02 4.800354742520080570e-02
4.148369323501207191e+02 1.068903338722550870e+03 4.948025775536392910e-03 1.819640535633862107e-04
5.511345956756188116e+02 5.161935630216769368e+02 9.970729377372852809e-03 9.290996016513624819e-03
2.528814897290506849e+02 4.146234652665488625e+02 -6.585910119107050986e-02 -1.935135313637505183e-01
1.138309343037663893e+03 1.890856069170734202e+02 -4.011489349110915550e-03 -1.151686418558225955e-02
8.225398077440643192e+02 3.401646424516233651e+02 3.654782899761497270e-04 -8.592959054644577765e-03
3.549017834885062257e+02 1.088438734531954879e+03 1.778256496025847899e-01 2.404173628353446224e-01
2.315854042911633428e+02 3.411775212562997694e+02 -7.472303905179764061e-02 -2.107819282952207995e-01
1.203748585888341495e+03 2.570224241023120726e+02 1.391336719835986613e-02 3.390333792315637640e-02
1.074638926145516962e+03 1.768684182527114217e+02 6.865159513849543316e-02 -3.280160387546746104e-02
2.467898530295523187e+02 7.360651147548140898e+02 -5.323830685772418768e-03 7.986740181994458551e-03
2.390002398123328078e+02 3.713340425906501991e+02 -4.560242006820067195e-02 -1.570175183822256904e-01
1.146312804929772483e+03 1.762841607830958992e+02 -2.582136087501945426e-02 2.572632344645632910e-02
2.767939316981019147e+02 7.012529843339193576e+02 -1.036646335583190151e-03 -4.291175268941506589e-03
3.122498702740729186e+02 5.245555396579312628e+02 6.242365146464588094e-02 -3.065844936783027053e-02
3.403117146606698498e+02 1.085672651789695692e+03 -1.497630820782289152e-02 2.390502304049165194e-01
2.599576026120585084e+02 6.845291596852642897e+02 -6.506801075607825981e-03 -4.664456871736465983e-03
2.290110981149541658e+02 7.458590100699175309e+02 -1.623414322165667731e-03 -9.155459232653748169e-03
2.614666250424251643e+02 5.463248720524237569e+02 -2.256930420278439320e-01 3.820697952300767808e-01
3.215175011605779787e+02 1.001184996713050509e+03 1.686406469150668330e-01 3.835461393843102584e-01
1.053207600372189290e+03 8.377235682898389086e+02 7.737977279633257571e-03 3.560047077225234665e-03
2.398727531588916406e+02 3.189282922237466096e+02 6.007057025768947761e-02 1.491576719718186728e-01
2.121331920364867187e+02 7.105774187302238261e+02 -1.746759785482840735e-02 -3.023811039366988349e-03
2.952041911319061569e+02 5.137828448672814829e+02 -5.057102350418621155e-03 -2.534979788393765341e-03
1.221644758692800451e+03 2.471023814784383035e+02 4.436319531814570880e-03 5.282806628076291630e-03
3.025115385706278630e+02 5.478298372302235748e+02 -2.405111093757303017e-02 -3.013090108315128954e-02
3.060251851137880408e+02 6.190634102761838449e+02 1.056495349721804818e-02 4.594081637096093622e-03
1.164396004475847803e+03 1.686879716500755251e+02 3.575800940584170778e-02 -9.084540391173991092e-03
1.199001246261856750e+03 2.315382579931416274e+02 -6.713252055803449816e-03 3.110568360921937923e-03
1.265924367572594520e+03 2.038366739098901235e+02 -7.697879066627408371e-04 1.660460134506775397e-03
3.493467767340592331e+02 1.091126012874187836e+03 1.651799433396697880e-01 2.272219235792115599e-01
2.518459104879549955e+02 4.780991928153172239e+02 -3.253330169319845755e-02 -2.966768549181144493e-02
4.361465545382058053e+02 1.090602388762488999e+03 4.477524392994512888e-03 5.139707173638910845e-03
3.071881853438504777e+02 1.054822289638045049e+03 2.792021576909453975e-02 3.291127455521788980e-01
2.659891225447957481e+02 5.006166630539109974e+02 9.132172243383730736e-02 -1.304974661240413392e-01
3.062143412816070054e+02 5.584911910666721724e+02 3.284865457045712395e-02 -1.426426700547520771e-02
1.150958452683552650e+03 1.539756178089179173e+02 -4.679756169878709383e-03 1.402999977042980288e-02
2.666186909654929309e+02 7.205882419639247018e+02 7.419078484448087506e-04 7.901584261619495940e-04
1.177947918064832038e+03 1.849158474226367730e+02 -1.352342827686644003e-02 -1.115390665870656522e-01
2.813710245165910351e+02 6.215664870012240044e+02 1.711308730433968445e-03 5.519681161615045371e-03
2.057076707815647012e+02 7.310432842019656619e+02 3.155346209272485904e-03 -7.404752198291845739e-04
2.720421373791749602e+02 6.713381331568969017e+02 2.231539374633939588e-03 -3.040815755684439167e-04
2.985905330517708194e+02 5.104445594315663470e+02 -2.664363728197011259e-03 -6.431862506262701895e-04
2.662050964886246334e+02 6.733057580939689615e+02 5.528273765295048901e-03 9.709437911922550943e-03
3.389325319236184555e+02 9.998024613307254640e+02 9.647529819348095448e-02 3.474805534145709029e-01
2.694143250764366826e+02 6.960591756837454795e+02 -1.997225796518444299e-02 -1.704676692173678204e-02
3.848659503103588122e+02 1.076655072014251573e+03 1.346762619061893373e-01 2.764789852498288902e-01
9.183140627012373898e+02 1.102683655907232605e+03 7.818710190318002877e-04 1.118562095758300189e-03
2.616775246985465628e+02 6.601425648445336947e+02 -2.353607247219108214e-03 6.652467749695956372e-04
3.992945764709716627e+02 1.064963062086673062e+03 1.955668519759576618e-01 2.131893742644024314e-01
8.222677996149268438e+02 3.858676785713587378e+02 2.051317881119140915e-02 2.259350285645957482e-02
1.165295683119405794e+03 1.616823312975782585e+02 1.756777972899510468e-03 -9.372564023616315396e-03
1.092895738237062687e+03 1.573676086727529082e+02 -4.702976018178209143e-03 1.140636696692213549e-02
1.196008756483004163e+03 2.144262916031442217e+02 -3.929866835113502571e-02 1.307218133503636019e-02
2.237340756078662309e+02 6.585726185194669142e+02 2.259837541056739505e-04 -2.773509018481382614e-03
8.282172031957588842e+02 3.354226113201709154e+02 1.666214842828702509e-03 -5.675405334564442676e-03
5.058427879874438986e+02 4.497995826705803211e+02 -7.628637179084982699e-03 8.594858226543503500e-04
2.665757759219150671e+02 6.619896429231364436e+02 -2.469044752904165328e-03 3.699716898466087148e-03
2.340461806620562299e+02 7.013721031025568209e+02 -6.598471940728442911e-03 -7.098172475954052027e-03
2.725629271364304600e+02 6.595402252798965037e+02 3.172580499757137948e-03 -4.985537256710912031e-03
1.238256222293393193e+03 2.888112345688403479e+02 -3.658893893412994841e-02 3.302431556195674464e-04
2.412605011871146417e+02 3.540575274245566106e+02 -4.743490156664620372e-02 -2.054409118324841133e-01
1.027397527050487270e+03 2.657876910758766371e+02 -3.461420275979804322e-03 -1.140711808996047218e-03
8.244136200771206404e+02 3.321104115575681135e+02 -3.232676451414878867e-03 1.645001727247898463e-02
6.933672986464927135e+02 4.170477083143274513e+02 -2.713784346748511836e-02 -4.828075182015851424e-02
2.791119492488952005e+02 6.838398353270697498e+02 -4.927774023409112539e-04 -4.261885084644637632e-03
2.325439868990527259e+02 5.727545799727541862e+02 -3.257154759736922284e-02 4.522166553631720709e-02
2.755095186012231352e+02 5.265488864069312740e+02 1.446544305996788973e-02 2.166385269142192746e-02
1.174700681990298563e+03 1.761316593587092427e+02 -3.907470535010036834e-03 -2.024601917411820128e-03
2.540091159795402689e+02 3.856686586654756184e+02 -5.526513120636089571e-02 -1.547128978511026764e-01
2.394659482278519818e+02 7.396259800646740814e+02 -5.645816487669203312e-03 -1.063162861990097317e-02
2.455001109246950648e+02 3.651350616364547363e+02 -6.203695926953316231e-02 -1.950030572483794911e-01
2.445218449379873960e+02 6.217944841838914272e+02 1.196024752086330967e-01 2.906603003956681475e-01
1.141649047893389024e+03 1.493839658703032001e+02 5.510959537937962574e-03 8.575142070427962948e-03
2.557928040010084771e+02 3.497628350509313009e+02 5.447540503387987565e-02 1.504610540412316677e-01
2.649475960990973249e+02 7.306616619331618949e+02 9.006817957438530446e-04 6.684293805539826688e-03
2.514945475411971927e+02 3.258009881148670388e+02 5.168529300230336604e-02 1.978089282777822921e-01
2.622915919160786871e+02 7.084624713990930331e+02 1.206584974739814816e-03 1.619598325723162289e-03
8.576412597409279215e+02 1.101656100667874625e+03 -1.345388321274275725e-03 -3.710462215460013096e-04
2.308757615792825675e+02 7.398194365490528526e+02 -4.042271224011641326e-04 6.648215298331715088e-03
2.366077328683490180e+02 6.181007915015401295e+02 3.265277475000910590e-02 3.429931561925014250e-01
1.404117294275428094e+02 3.897048046329757653e+02 8.115234161152222458e-03 1.145797351866162557e-02
2.145466452195877594e+02 6.680035902170661757e+02 7.349223636270612800e-03 1.782062098627783080e-03
7.160620112624795865e+02 8.779542948337007147e+02 -6.636936701787106256e-03 7.806216334663328670e-03
2.394629764300107126e+02 6.620985970307400521e+02 1.697306769321274751e-04 2.776153245610775162e-03
2.524040625061445269e+02 6.082264677709868010e+02 -1.044373185160898804e-01 2.685821648930355465e-01
1.132984976094239983e+03 1.969810352238261828e+02 8.376682474033377013e-02 -9.202795483584295944e-02
2.361379104454394451e+02 6.268428502067125692e+02 -1.722801698449214630e-02 2.231012336218395065e-01
3.198830706419852277e+02 1.020707311406182271e+03 1.169111556147260367e-01 2.729506748969199870e-01
2.585377258233730799e+02 6.382958461764796994e+02 1.453931154154217056e-03 4.783403917644596035e-03
1.921365971864552762e+02 5.235515477669107440e+02 -3.762094554456502649e-01 1.557936542504876343e-01
2.499824189930313310e+02 5.076818833972333778e+02 2.005190037547523695e-03 6.637232058840209468e-03
9.443316039262423374e+02 8.536305268295064934e+02 -1.258268132664289857e-02 4.683791387939287981e-03
1.182667900677864509e+03 2.310398862498098822e+02 1.039608686967245094e-02 4.705864624202825094e-04
9.939332483936477729e+02 2.257969266432987752e+02 -5.132271251317330196e-02 4.248026343029547708e-02
1.049224058570756142e+03 2.702884141519668333e+02 -2.325134622748968871e-01 -1.761149706863488207e-01
1.145359621274353685e+03 1.889234497717492900e+02 7.079054727405986562e-03 3.779035701967640732e-03
1.114575202737070640e+03 1.785190577640256606e+02 1.175517981071175048e-02 4.908421189858278716e-02
2.308347134065080866e+02 3.169791293654829474e+02 -5.555193341709269844e-02 -2.638349875799026467e-01
3.778569605612671580e+02 1.071507130624847605e+03 2.310104509000832917e-01 2.680265553818067525e-01
1.085213777798521505e+03 2.064166190331293365e+02 1.150726549503635308e-02 -5.360930803180231387e-03
1.169316870395447268e+03 3.646949853968642401e+02 -2.095094758347876979e-02 8.550586866458514956e-02
1.211949136866974868e+03 3.613056287638037816e+02 -5.973696309240607294e-02 7.169748899185482242e-03
1.175841708974961193e+03 2.739827139015064290e+02 -1.992161241893706525e-01 -2.976188632249719968e-01
2.829896628518034163e+02 6.780407323268345863e+02 1.387066470470310229e-03 2.307670494747747058e-03
1.056692756811786239e+03 1.909714329160800901e+02 -1.380936759917381388e-06 1.841208728964969328e-03
1.071496395861206793e+03 3.400151962607544078e+02 5.450350723252329194e-03 1.478782315118250777e-02
9.193291921628259615e+02 8.433596159121585742e+02 1.501140122553410415e-02 -6.099314621831869844e-04
1.235901602739407963e+03 2.783648629920378994e+02 -4.375885662034531727e-03 2.955917687709098832e-04
1.107115044104807339e+03 3.259025559197183384e+02 -1.318146116835524073e-01 -2.107649055489199674e-01
1.188995744777985692e+03 2.285023717821145510e+02 -1.741210090516021741e-03 -3.182736773466908475e-02
1.159329537197451373e+03 3.016792058508642072e+02 -1.466552182998636655e-01 -1.070875948506265635e-01
1.029897837745301103e+03 2.772792340621459743e+02 -2.804051774010437106e-02 2.794334608154877553e-02
1.171071847163014127e+03 1.702798479079666834e+02 5.751206777354622973e-04 -2.481051500619640537e-03
2.800260269755026457e+02 6.916564224663136429e+02 2.723218209228947875e-03 -5.101462722958029564e-03
2.611862075017594407e+02 6.971966805991420415e+02 -1.815734248196187615e-03 1.089178212093501507e-03
3.715304857192504642e+02 1.075307401769846820e+03 1.529833313767391401e-01 4.239413708000713821e-02
1.136625744712921914e+03 2.720405044694631442e+02 -1.302312118049651912e-01 -1.286308129127138877e-01
1.865003245718966411e+02 5.736060827766899592e+02 -1.127534446749110710e-03 -1.335723112667960150e-02
1.193026147521341727e+03 2.332220566071951851e+02 -2.714521095670011791e-02 6.549509598689617906e-02
1.188527904229485330e+03 3.081029985950183914e+02 8.154921660844359488e-02 -2.105811747074139428e-01
2.328713706441658928e+02 6.274434376167414484e+02 1.193184629777964759e-02 1.989457348212834709e-01
1.204316089366723190e+03 2.433083590446127289e+02 -1.108634521472703222e-02 4.227661967448930608e-02
1.149273703414228521e+03 1.670377911423622379e+02 1.859967402652494203e-02 7.467732675843083250e-03
2.735767362591598726e+02 4.431739035655518819e+02 -3.958019324289301089e-02 -1.188827466359167473e-01
1.103060614756295763e+03 1.808929608148224588e+02 -1.839329899144554609e-02 -4.650659725870251514e-04
3.052819286916701458e+02 1.006801971108899806e+03 1.012680626217916519e-01 4.447844380721447943e-01
2.106317245132958362e+02 6.443239768277130679e+02 1.957929753541689730e-03 2.986725817264090140e-03
2.337268362021135886e+02 3.264239102634592768e+02 -5.995919883786324234e-02 -2.407436465949144289e-01
1.107310691411772723e+03 2.358114516069310582e+02 4.574209143675259104e-02 7.992456492953022018e-02
1.166599710929113144e+03 2.214931381259579268e+02 -3.477552286956257094e-02 6.602139466451660554e-02
2.467578155590024949e+02 6.929852795726751538e+02 7.473343671855366827e-03 -1.064261673468761303e-04
1.172490160578337054e+03 2.528358329691569679e+02 1.709333654458523519e-02 -8.890683643785157698e-04
2.622393949531062844e+02 3.894460439616225926e+02 9.097160053231602428e-02 2.321206262981325430e-01
2.726848854183625690e+02 6.526108433065443251e+02 -4.866474448104187410e-03 -1.395242941816494421e-02
2.908501533502067673e+02 6.484781882958297956e+02 6.426759636334993800e-05 1.741777269267634574e-03
1.137274821091324384e+03 2.063076971221050258e+02 -6.975646593664440800e-03 3.676283712882432147e-03
5.278784662967257191e+02 4.746281403923898665e+02 5.915478296817965227e-03 -7.212956266116206730e-03
4.401200247085869819e+02 1.085343561111546023e+03 2.112126752680555664e-03 2.044833171497218577e-03
1.152675384719362000e+03 3.718597283535265206e+02 -3.110865279540805592e-02 4.003033950227171539e-02
2.703600929423069488e+02 6.352353847646661507e+02 5.917765639843886386e-03 -3.976965406475008874e-02
1.103114585001298792e+03 3.092122560368373456e+02 -1.549061265249054020e-01 -2.271302411696611012e-01
2.530203173432759627e+02 5.645123152751492626e+02 2.660347049554971921e-01 -2.323425829796259834e-01
1.095346874729874116e+03 2.844199466857105563e+02 2.378042996532429287e-01 1.967073250786692262e-01
8.231468569993921847e+02 3.788602576318975252e+02 3.483374839966513464e-04 5.204363355555487007e-03
1.280906638966261880e+03 3.712239989553506803e+02 -2.073120966380911229e-02 1.423401767386950692e-02
1.002217827440651945e+03 8.666878453177164374e+02 2.356462902318778375e-04 1.306520742371003983e-02
2.280050874866885522e+02 6.885077784963938257e+02 -4.057922365311212969e-03 2.699845882716545020e-04
9.232653165619325364e+02 8.643701352814381380e+02 9.119009539336496439e-03 6.219176490576906226e-03
1.245800029947821031e+03 3.074675701235423162e+02 -2.174200057037082787e-02 -8.989521679682590041e-03
1.174280767417718153e+03 2.120810570140477012e+02 -1.939067004412767291e-03 -1.287165728715783516e-03
1.307926744330067777e+03 3.611587663684583163e+02 6.811900033128945875e-01 1.499083105590214016e-01
2.403098101322658806e+02 6.795821687834718432e+02 1.243565638962102057e-03 2.529583637748497593e-02
1.095620193021909699e+03 1.725472308229743703e+02 8.558138404799425780e-02 4.089628788106287188e-02
2.696146284576698235e+02 4.481761396873416743e+02 -5.970042990827663897e-03 -9.146103245770895174e-02
1.159931934619345839e+03 1.966689680533993680e+02 2.778364269923006436e-03 6.364084172666158168e-03
2.512234237914960318e+02 5.693445099192731504e+02 2.585251819965715958e-01 -2.251738469414269472e-01
3.448685632967100787e+02 9.846515761006422736e+02 -2.325690479908655572e-01 9.788439701331655418e-02
1.157204658164571811e+03 2.115956707831567485e+02 3.306033489205237839e-03 1.425712150138102804e-02
2.777835408857743005e+02 6.598551570250037912e+02 -2.065611111053124345e-03 5.206502895958638882e-03
1.132778465360191603e+03 3.482479179558741293e+02 3.261417269272266772e-02 1.386909439328905536e-01
1.036222357759100078e+03 2.947007796773253858e+02 1.401731230255944330e-03 -4.963392067179933989e-03
1.141576269797870964e+03 3.409623136047267167e+02 -5.130803556719929458e-03 2.123131234208063545e-01
2.520859721405083178e+02 5.922002276378657371e+02 -5.753231575601551462e-02 3.564184252846556156e-01
2.367180367330304023e+02 5.196472923301784022e+02 1.376571032071287337e-01 -1.105685455114958637e-01
3.321729040480690855e+02 1.062400062919308539e+03 4.702314068771216993e-02 2.562547640796643544e-01
1.165733892647271432e+03 1.842703380115080165e+02 6.872507903826862233e-03 -1.367824234673471057e-02
3.075242468445345025e+02 6.298558487141401656e+02 1.460307567053702529e-02 2.080246770632097897e-02
1.038663433759576719e+03 1.745242209626876502e+02 -7.690261428168392553e-03 1.545541542497438393e-02
1.051023895152297200e+03 1.869180372317355250e+02 3.600515451697640541e-03 1.209653580078151776e-02
3.448664250683720525e+02 1.011255620858408520e+03 2.205035232153952363e-01 3.372683173662606171e-01
1.027405388492689553e+03 2.922418506291446647e+02 -3.346871172678868994e-02 1.062094811261251291e-02
2.496252381557014814e+02 6.842260615802940720e+02 -1.267953893462541413e-03 3.142326443057101570e-02
2.438458741278788295e+02 5.039330955534761642e+02 1.180126817942798167e-01 -1.685157377185021732e-01
2.720776132574342228e+02 7.169922022797802583e+02 -6.726255859680440111e-03 4.354717406871182715e-03
2.505980910237734349e+02 6.037598511441221945e+02 -4.034776944954298478e-02 2.631352856228040271e-01
1.041441605376621737e+03 2.554237642615373716e+02 -2.082282586420052817e-01 -2.152558460725614020e-01
6.162503953442328566e+02 5.541625562691646110e+02 1.672077031430197272e-02 -2.152665873164789911e-02
2.844982719948849876e+02 6.715679462313453314e+02 1.385391179587939061e-03 -1.221635567862724178e-04
2.512944207286851963e+02 6.421509288338251054e+02 -1.257724028197637102e-02 -6.420071517394231042e-03
2.093857423340955108e+02 5.303623268737792387e+02 2.018692856069088104e-01 3.437187852147201295e-02
1.104697324210473880e+03 2.120076270962549927e+02 8.120759690321995711e-03 5.406391964418961332e-03
1.044237816584230131e+03 1.811129883032480166e+02 1.373746558719590553e-02 -2.471133735002638970e-02
1.184192062852467416e+03 2.601084908799202253e+02 -1.065950777879692488e-02 1.686704266089826543e-02
2.830032765940393347e+02 5.869540063534003593e+02 1.122706357954324913e-02 3.221021370772242931e-01
3.176597979955342907e+02 5.359809454358003222e+02 -1.464324317761664938e-04 3.984670718292625084e-03
1.190678180485601388e+03 2.093061176750206585e+02 -5.447038022586891742e-04 -4.938238607247222300e-03
1.129052047501719017e+03 3.385565087451316231e+02 5.050795787920014240e-02 1.864319027741294377e-01
1.767653695312498030e+02 5.713026550547157285e+02 4.067034826976065331e-02 -6.652470809209118721e-03
2.820299048137470095e+02 6.495798041529156990e+02 -2.508653562911869906e-03 -1.389958872971757331e-03
1.055014202449324785e+03 2.043015577449993145e+02 2.284399743827391499e-03 3.270598561168652340e-03
1.103641852054860692e+03 2.549827974759499796e+02 -3.047695542029644697e-02 -2.668731070467080246e-01
1.927503870811026161e+02 6.679290257400698465e+02 -2.038715331045829610e-02 1.391394979215170025e-01
2.262468541270715434e+02 6.001091567349329807e+02 2.259191271146314406e-01 -3.009852999730378564e-01
3.677207947435234132e+02 1.084817971907063111e+03 1.668995327039966559e-01 4.497920928620620373e-02
1.800575577868096957e+02 5.681392910186218614e+02 7.344815602090249383e-03 1.155281815749281162e-02
1.154619975028781028e+03 3.354379147968775783e+02 9.657384279305483016e-03 1.369092041483887731e-02
8.845389849028808271e+01 3.664008256127638674e+02 -1.270020581592488929e-01 -1.600529518201505852e-01
5.677100933213530425e+02 4.263729502242796912e+02 -1.986184037231495444e-03 6.530135382432166076e-03
1.178587356456398993e+03 2.424240201141042803e+02 -4.258136963602341188e-03 1.596508070694247286e-02
1.135368691307150129e+03 1.643416979978314600e+02 6.636165009204113285e-02 -3.804399667276165548e-02
3.143356747287855910e+02 5.045058447072116792e+02 -1.280902452205651609e-03 -4.121136207427613350e-03
6.064674565136144793e+02 4.384273422128634365e+02 3.617927330493996702e-03 -2.558951549191857636e-03
4.633709534962674184e+02 4.526241048490622916e+02 5.227353972047536768e-03 1.410140251577743494e-03
1.162965218242222818e+03 1.813188285056214397e+02 3.523669611260206447e-02 -9.021558858484689247e-02
1.078500140677083436e+03 2.591438694541425889e+02 3.133718811815456307e-01 2.092269137447647920e-01
2.907230680421183706e+02 5.802012369355381907e+02 2.504292588587541182e-02 3.624207426393553644e-01
2.721277129094355018e+02 4.976152079420233463e+02 -6.295543292753341680e-02 5.936155328494798766e-01
1.149201302446040245e+03 3.189294399675529235e+02 1.319189538433258035e-01 1.295580306188076070e-01
3.140134657507289830e+02 4.979367151552303881e+02 3.919570872292500209e-03 1.152364150392081246e-02
3.059673423595357917e+02 4.583636449942725903e+02 -2.574569596001675606e-03 -4.674930470207189909e-03
2.344034244092618451e+02 7.721753874956068557e+02 -1.715654058621607359e-02 -2.564154157137226928e-02
2.985590009490777561e+02 1.014003861758341600e+03 7.899786594470240009e-02 4.256126954806332408e-01
1.515775859999659758e+02 4.543615415679578291e+02 2.637835183959553586e-03 -8.795448112111740879e-04
8.161463857558076143e+02 3.373254343851432964e+02 -2.177610745331666139e-02 4.216728427167421023e-02
2.284561813478415786e+02 6.379085202543349169e+02 -7.977803750629891902e-03 3.442439462924197502e-02
1.485456498495283597e+02 5.186225948808926205e+02 -1.473235502517690199e-01 -3.046678366106559954e-01
2.585851000857952044e+02 3.777941127039266007e+02 1.118466298518795837e-01 2.097690304911334347e-01
1.142846804889161376e+03 2.089633183793331170e+02 1.814467903451745523e-02 -3.923293145814286259e-02
1.267906584330999522e+03 2.582125533897364562e+02 2.607121775772026570e-02 -3.574968186661286670e-03
1.066022363712581409e+03 2.826557615343608632e+02 -2.113992078867444335e-01 -2.584306505592435799e-01
1.102220020389476076e+03 1.874928863867620521e+02 8.186095551514421809e-02 2.338796853792748237e-02
9.411789943703990957e+02 8.515049959053831117e+02 -6.168406382237276095e-03 5.091010251356976012e-03
2.320440960791523537e+02 7.148385187274950567e+02 -1.813201181872468870e-03 -2.836748056804233456e-04
1.999198716049819495e+02 7.215467702448952423e+02 8.050193158579072375e-04 2.504948399946712798e-03
2.914592296117058368e+02 6.610892987965794418e+02 1.859774286963903484e-02 -1.371179192526844615e-02
8.951755482178563739e+01 3.582632246181587448e+02 -1.210705812020420602e-01 -1.768704309331665669e-01
1.457548975242442850e+02 5.041974559699655742e+02 -2.717720079609174388e-01 -2.765074307143125520e-01
2.369912928726554355e+02 6.470335615874535051e+02 -2.906864729198102917e-02 1.542030350756451972e-02
1.133055141180179362e+03 1.817758320181670797e+02 2.965752200085748636e-03 -2.741988626812565284e-03
2.069452201521937127e+02 5.678000136607724926e+02 1.713395688106983047e-02 -2.766650567502915714e-01
2.197789342067421785e+02 6.131418432430873509e+02 2.351001876794045486e-01 -2.671627361346891605e-01
2.645480920320019891e+02 5.209281769472178212e+02 -1.428733493382372266e-01 3.447220744351994770e-01
1.140465154009991011e+03 2.390628055193119224e+02 1.123639195317455985e-01 1.021332311353318617e-02
1.164466899132046137e+03 2.479477946830123187e+02 2.925429828170839769e-02 -7.165633630210782243e-03
1.141821115200580834e+03 3.249389656339374142e+02 1.699337646198070817e-01 1.432414701286715830e-01
1.133472192041884682e+03 2.345985364344972766e+02 5.533700787372938801e-02 4.151531972353026539e-02
1.199169516240226358e+03 3.833816018034469266e+02 1.981960991255987958e-01 -1.190840450881741064e-01
1.205078065675668086e+03 2.055951294671983192e+02 -1.049491190221515068e-02 -1.059007062653168421e-02
1.065014005678793410e+03 2.278905676223312753e+02 1.833686620856911365e-02 -3.044222304079580166e-02
1.165432106966862420e+03 2.896814721784726316e+02 -4.824757626240602608e-03 -3.875415602409407884e-02
1.202519963254705090e+03 2.032930211000806366e+02 -1.444104356646631025e-02 1.245160885787778213e-02
2.365652683498719568e+02 3.497789634052487031e+02 -4.061223686812865524e-02 -1.940055703059306580e-01
2.597514357943591108e+02 5.404629012307599396e+02 -8.861281869586054571e-02 3.425322181579333325e-01
1.993980479117219033e+02 5.617062618257413078e+02 -1.566056462640302502e-02 -3.548520635141405588e-01
1.211884618925088944e+03 2.777885608111364490e+02 -2.023421098810068014e-02 -3.316116947898551520e-02
1.222474524502122676e+03 3.009901494550680923e+02 -2.070866955668321588e-02 3.874719755224316498e-02
2.507274448824075535e+02 6.519349262894236290e+02 -3.879464094807482527e-02 -5.530371978521218986e-03
1.231971892207821838e+03 3.698576877365698010e+02 2.728410160090140590e-01 -1.456458705600554016e-01
1.082847781017664147e+03 2.286759463968200237e+02 5.049798989539970752e-05 -2.872132506659078738e-03
1.037080315911790649e+03 2.615518565305895322e+02 -2.201868922562079112e-01 -2.105971090249403876e-01
2.202443269452462573e+02 6.870895077664016526e+02 -4.521874269096653326e-03 -1.068771950595909931e-02
1.009524237118684482e+03 8.372098725468440534e+02 -4.845085267128083385e-03 6.511589915060828461e-04
1.080184121484454636e+03 2.652697322276470686e+02 -3.563600766609703596e-01 5.428190965151507424e-02
3.073257121972463892e+02 1.022136594486442050e+03 -3.278305047997762123e-02 4.599317575471870145e-01
2.644422962343421091e+02 5.335505617620497105e+02 -9.844402586354883411e-02 3.246498555219861082e-01
3.245494924333818858e+02 4.810211941207906534e+02 1.230382553664768376e-02 2.902905745293307867e-03
1.193041535641698374e+03 1.846568748003692235e+02 -3.029008283874645713e-03 7.998051117513373109e-03
1.630126779825145604e+02 5.151905175962416479e+02 -2.743341524959774791e-01 -2.511880245480840324e-01
2.403269315496512206e+02 7.036263992989660210e+02 4.062398179533853980e-03 -2.611562102875759125e-03
2.549591523497112178e+02 6.688993405882250727e+02 -1.115221659969199306e-03 5.400487703242322704e-03
1.184491957355577370e+03 3.894820768543976328e+02 -3.489983539611109936e-02 2.651818442533531578e-02
1.072232075854268260e+03 1.910431429624790667e+02 3.113923155114666549e-03 -5.415604578779561681e-03
1.075889434844201105e+03 2.032946033494348512e+02 4.280735482309568074e-03 8.004971555073377501e-03
1.223879309791035666e+03 2.690855439340961084e+02 -2.121344592200159057e-02 2.624484242304977663e-02
2.937802477516270301e+02 4.983026691868628291e+02 -2.732863760414796020e-02 3.529654133656078274e-01
9.993412478010676523e+02 2.414173385345523855e+02 1.280572403688307829e-03 6.805713349497002213e-03
2.620762042009952779e+02 5.610910985198152048e+02 -6.723410513932670529e-02 3.776078433176188187e-01
3.097957482891978316e+02 6.022410227214228371e+02 8.606826363718190695e-03 5.831269596469362826e-02
1.678511147877542555e+02 5.228687887855626286e+02 -2.958581031129742245e-01 -1.677596419317636811e-01
2.397832901619403856e+02 5.187831360759523704e+02 -2.871080536662549629e-02 -4.544749201610813472e-02
1.170712498770973070e+03 3.307106599641285243e+02 1.199331065559651327e-01 1.534361881467584676e-01
1.177552283960212662e+03 3.250962655686580547e+02 -6.598496047409654897e-02 -2.615019226274154507e-01
1.155359605386563089e+03 2.455265028049422540e+02 1.912874167314299392e-02 4.192100036153834086e-02
1.057169291172991279e+03 1.780069832193223078e+02 -2.837153455177463240e-03 5.961062657433450172e-03
2.670609349095859670e+02 6.177174007056374876e+02 4.643283037181066171e-03 1.538505436103447966e-03
9.865493816060800327e+02 8.773151485981916267e+02 5.621221316673789652e-03 1.546019882387257224e-02
2.575946037767525354e+02 3.270228159279085958e+02 4.637599707120786119e-02 1.811051845727236764e-01
1.087334583772768838e+03 3.410428752900397171e+02 3.825269369133478623e-03 -1.025539060221584801e-02
2.599679023118107466e+02 4.091760045798567376e+02 -5.239840498930307261e-02 -1.956218109416009709e-01
1.139855106579898802e+03 2.224583775142943409e+02 -1.906710303726886005e-02 -1.673873366615091784e-02
1.103372556631355110e+03 2.028259423982517546e+02 2.807380758330248367e-03 -1.222286117218958010e-02
1.089425824167674364e+03 2.284630733761870829e+02 4.916621424102474635e-04 -3.918044672362394620e-02
1.212886078486200176e+03 2.274266705104610367e+02 -2.114485184048396464e-03 8.461814671632213181e-03
1.207443402675578454e+03 2.187254917836411892e+02 -3.748705264070390734e-03 3.160862860046690509e-02
2.463999479646072359e+02 3.143709039217675922e+02 6.785323932513531719e-02 1.791369241072306717e-01
2.484364628220730822e+02 5.188610859574728238e+02 6.931188242844518732e-02 2.183865227570577078e-02
1.147620105443656257e+03 1.580657833204598717e+02 2.369441470710797071e-03 1.580107913087381829e-03
2.065239102011383636e+02 5.960059550999624207e+02 1.594620274276513650e-01 -2.781639816083927852e-01
2.874249568365871141e+02 6.643577685061201237e+02 -1.006286047119811207e-03 2.613561647745153010e-03
1.173917237533427851e+03 2.330605632950160384e+02 8.754738125815330133e-03 -4.306955682423703816e-03
3.659668778677836940e+02 1.064927618917739210e+03 6.220740304171059470e-02 3.385613203872978594e-01
2.697454086333329997e+02 5.269241681423662840e+02 -1.522090703309106619e-01 3.381150513484351694e-01
3.403609347550286088e+02 1.020340716840685218e+03 1.490090855945332138e-01 2.412617488048026393e-01
6.998461821044236331e+02 3.975455585104467104e+02 4.244742062019956075e-01 -1.775710332274330894e-01
1.146442054487457654e+03 3.556198940230617609e+02 -1.455111606696846138e-02 3.681598240295064911e-02
2.259087481309874477e+02 3.313657356382958596e+02 -6.968700348323582372e-02 -2.394693926756540359e-01
3.089724582046619048e+02 4.869955258648519134e+02 1.323454723184824822e-01 3.329958426096195079e-01
3.128545689796768556e+02 5.180794095139294768e+02 1.466119720846946473e-02 4.832895546067196048e-03
1.121644873640206924e+03 3.158597889695589629e+02 -1.199698454341470572e-01 2.029805841447879788e-01
2.463776861215040128e+02 6.662172247636606244e+02 4.711354823599256565e-03 -3.476303996809058505e-03
1.139244098743728046e+03 2.882756295533995399e+02 1.107231612823280781e-01 9.117262925037540600e-02
2.524978366615810899e+02 6.985792422860386068e+02 -3.240875872515599967e-03 -1.839398030090544020e-02
1.222861435896718376e+03 2.942122426589160114e+02 1.008604398773266112e-03 -1.724749698786297953e-03
1.186778510762074802e+03 2.965011745535412047e+02 6.311116045514275630e-02 -2.614403402788744724e-01
1.062598970514909297e+03 2.200087972030636934e+02 -1.654210421718582289e-03 7.046202052839251745e-03
3.441847367019241233e+02 1.073552314167089435e+03 3.723979720944505661e-02 2.659268662694238006e-01
5.050409670625223839e+02 4.770036670869167210e+02 -1.069270538199690529e-03 2.779490067303746689e-03
4.216493666051921423e+02 1.096561238927293743e+03 7.531788915905125725e-02 -1.179869472688740636e-02
2.028882851384631749e+02 5.890974426882519310e+02 1.908355910946650802e-01 -3.217048564856173076e-01
2.507382185678619066e+02 7.096403992032086308e+02 -3.677797382009105999e-04 1.971487146286310822e-03
2.020474372194314867e+02 6.294714027439407573e+02 1.220618480995387806e-01 -2.635128124355056167e-01
2.433152354783934470e+02 3.463712541373073464e+02 -5.348914053485426257e-02 -2.298274561191285814e-01
2.455974081683459076e+02 6.835749027677983349e+02 -2.116167744994957179e-03 1.810249753059857067e-02
1.204625113912758252e+03 2.774105524031704135e+02 -1.777617553370018297e-02 1.467425895912252698e-02
1.159122402693127242e+03 3.320858580603574524e+02 1.028530865062406291e-01 1.192814408381931979e-01
2.696996556574369492e+02 6.561303031661534533e+02 6.827368705354265447e-05 -4.117647294493724866e-03
2.219699275545277715e+02 7.155521852182904468e+02 -7.255516379367666670e-03 -5.321711056685761790e-03
1.024818505923330349e+03 8.666735999464119686e+02 3.816509598207198668e-03 3.084171273546263900e-03
2.843227995485477777e+02 6.368217568290392592e+02 -7.418270189257800649e-03 8.017488626278193933e-03
1.148838171256107444e+03 2.125948800127547713e+02 1.462226086352016487e-02 -1.415116611467268602e-02
2.343185304943894778e+02 6.885039834837484705e+02 1.388954702278370193e-03 9.966510859213162030e-03
2.548157289938312431e+02 3.111638553408815255e+02 5.056875331837683979e-02 1.721131450182268874e-01
1.027242746480350434e+03 2.557624699983963978e+02 -1.822454201191033019e-02 7.989464285907248164e-02
1.084940982332091153e+03 3.373250105698841139e+02 1.022139803518203396e-02 -2.393234486741354153e-02
2.879299574052706703e+02 5.695968704341519242e+02 -4.493750968087415615e-02 3.512736498395315210e-01
2.002928003036704752e+02 6.328639284200245356e+02 1.307019204704012172e-01 -2.724480327065224028e-01
1.208494594476527936e+03 3.808889377387122863e+02 1.629054760981192285e-01 -9.337504159606338505e-02
3.485558029125089661e+02 1.030665586938376691e+03 8.476318534871163379e-02 3.879269993133648842e-01
1.028056652031903468e+03 1.616911311730876832e+02 -1.151466108231124011e-03 5.743793572038091884e-03
7.719280812902636058e+01 3.172219341968087747e+02 5.023146483077368073e-03 -1.192441205380936680e-03
1.245309339641604765e+03 2.756597624725749256e+02 7.308336410966995156e-03 -2.202147279177498179e-03
1.062508238051582339e+03 1.985399069128472149e+02 2.438423637345249820e-02 8.159979454090110496e-03
1.216940483857011941e+03 3.658506044654639595e+02 -3.207908656005688253e-02 -2.412114702840629371e-02
1.933870281680567302e+02 6.892416616366801918e+02 -2.908097377561354169e-02 4.928882518399319707e-02
1.116291609317845086e+03 3.119814440308763324e+02 9.495318095614177500e-02 -8.804123977233363485e-02
2.272303430636056305e+02 5.705651153694351478e+02 -3.571727563398595373e-02 3.596911357773802803e-02
2.675358823623110425e+02 3.708651452027252162e+02 6.171381659523471341e-02 1.542346489843487989e-01
2.568116761759600308e+02 5.874954742498565565e+02 -6.524374901111248959e-02 3.600467106342637447e-01
4.769915195836465500e+02 4.860013344685188486e+02 -4.404808971876624174e-04 4.490858322043041672e-04
2.146456605847267269e+02 7.219933366313761098e+02 1.546608624510786281e-03 1.122284753626328312e-02
3.253392204755903094e+02 1.019967169604324567e+03 1.302349587002669673e-01 1.754126444021226749e-01
2.847814102982580380e+02 5.016727832948444643e+02 -5.161407533183357682e-02 3.470359232374691794e-01
1.211563603315458749e+03 2.304723752471479656e+02 -3.500957275324784873e-02 2.223592942848095014e-02
2.439284999387111270e+02 7.209211893586366386e+02 9.987754824643028939e-03 -5.962449779933041635e-03
1.885346921462469254e+02 5.228168141599510363e+02 2.462377959387434256e-01 3.438852644788707447e-01
1.270311189542201191e+03 3.513949856989160025e+02 4.124408014837523395e-01 1.672909796041799624e-01
3.010937939387721372e+02 1.000090443894482064e+03 1.377379600622456457e-01 4.330883055577381957e-01
2.323092501900341631e+02 5.245117190982042530e+02 2.211800233921567271e-01 -2.755394519145752327e-02
1.102910112233653763e+03 2.232395030841729806e+02 3.412401205698169931e-02 -4.525282921642624634e-02
2.771862864681590395e+02 6.746084843863011429e+02 -2.420494262483402124e-04 -4.325040289933156741e-04
1.239602214046934023e+03 2.960914048220467407e+02 -1.546376935695238652e-02 -8.710336647014416817e-03
1.185546188333123609e+03 3.156474077512451117e+02 -9.729195661334009634e-03 -2.857367813732374917e-01
1.985480538887567832e+02 6.004859720787874267e+02 2.170504510815538246e-01 -3.465758572541494664e-01
3.695837131452429958e+02 1.021648570574197720e+03 3.030628833522693855e-01 4.203832925024532097e-01
1.123868503654198548e+03 1.806249163508224740e+02 -1.129177613566383987e-03 -1.888392871372230122e-02
1.167202526149865434e+03 2.556496591346220271e+02 3.718764620552659356e-02 4.969212512549540245e-02
1.127364195829663004e+03 2.962310171367270186e+02 -2.805735705130430468e-01 -1.112328674160595610e-01
1.133096980842651192e+03 3.098148339316983879e+02 1.897785800206090445e-01 -8.146816085033183052e-02
1.144313342493854861e+03 2.890273225476173025e+02 9.205869516941755926e-02 1.174990780978004828e-01
1.179756205294571600e+03 3.482993169979230288e+02 1.316891108195268056e-01 -5.192660896900780365e-02
2.227023240782796734e+02 6.776213713284151936e+02 -9.307655190545826912e-04 -1.227460728917812577e-02
2.272615775981458626e+02 3.395372183169214964e+02 -8.048251740473345850e-02 -2.073709454025717547e-01
1.126342895369697089e+03 1.818804553639367896e+02 -8.889997874818915402e-03 6.019092384828226552e-04
1.204086580017096367e+03 2.155657539618746057e+02 1.543329197294168384e-02 -1.315032117780348155e-02
1.141452699726910851e+03 3.173823522005616269e+02 4.202069895801188032e-02 1.872653251497460036e-01
2.799467429685834077e+02 5.692295924754675980e+02 -6.920725437286778803e-02 3.342923144357135556e-01
2.472685491172405250e+02 7.618417565041503394e+02 -1.496359692574354174e-02 -2.458231384877092307e-02
2.916887337944662022e+02 5.169829583763087157e+02 -1.484707442632036446e-02 3.560570808618246375e-01
7.866673114879550894e+02 3.979452864204702678e+02 2.876093285465794046e-04 -1.432226984924553879e-02
1.081528239148291505e+03 2.886627651374196830e+02 1.068054106435783468e-01 1.650648927804106991e-01
2.486297818873921130e+02 3.301856583766647759e+02 6.107140009819943954e-02 1.444949505488370700e-01
1.195648402753478649e+03 3.532002846274492640e+02 -1.456575131505184664e-03 3.252880147658180482e-02
2.033446701327340804e+02 5.464832534711511016e+02 -5.273762939935214833e-01 7.129683149248243479e-02
2.339112322705061899e+02 7.232525770336441155e+02 2.266270074470707468e-02 -7.133214331927342951e-03
1.235875866516351152e+03 1.331411950913220323e+02 1.164855110735714232e-03 -6.541693578166886229e-04
2.656720214305070158e+02 3.815354301035148410e+02 1.099463560344539070e-01 2.436085991035524534e-01
1.117439002714958406e+03 2.192662076328468572e+02 6.336759766707536490e-02 -6.840558532822861582e-02
2.304863208634500324e+02 7.314558047044924933e+02 1.007597400809397137e-02 2.553515002989232771e-02
1.528903497406412839e+02 5.141400019103975865e+02 -1.509806409263954319e-01 -2.707654956226124843e-01
1.758447959017441065e+02 5.145320629590167982e+02 2.250204817088544418e-01 3.171422098259699673e-01
1.132957325383603575e+03 3.179715035797746623e+02 2.255907283313922651e-01 1.536472245950466220e-01
1.273497775726737700e+03 2.627669537633855157e+02 4.148643657927003625e-02 -7.720082993847310338e-02
2.748180735720418966e+02 4.207813507633625818e+02 1.031340508034817860e-01 2.590503247874304527e-01
1.163094652791487533e+03 3.552305598287500743e+02 -2.024288561515656323e-02 7.327081611092427227e-02
2.115498127783887981e+02 6.770801603496906864e+02 -3.519072536779462718e-02 -3.528413327890452672e-02
1.227514513768138386e+03 1.492415767103485109e+02 1.537807035607616658e-03 7.785224779707421118e-04
4.172770197102158818e+02 1.094675801224743054e+03 5.584105564606476474e-02 -2.422593519528211392e-02
9.858882239965442977e+02 1.873358670560718338e+02 1.132549790423990482e-01 1.629723430718319488e-01
3.183538491044366765e+02 1.068099364658805598e+03 2.683600383479909160e-02 2.363372594064733767e-01
1.199088916609717671e+03 3.153786667016413503e+02 2.274803713139443573e-02 5.447161443046774632e-02
2.253140359840684823e+02 5.281543717433037273e+02 1.872668792151207240e-01 4.000859466147074772e-02
1.081772133053591460e+03 2.184146552048259480e+02 -4.115100245586391509e-03 5.863047110132886888e-03
1.191719111024227914e+03 3.487283992378571611e+02 9.160773894685651786e-02 -1.862783588947676816e-01
7.182780606938441679e+02 9.191438406978402327e+02 -8.351096712139929185e-03 5.904536353766794664e-03
3.621220091918253843e+02 1.062156413220702007e+03 5.156407287406236661e-02 3.272239554312777465e-01
2.520733484843340477e+02 3.176826616210483962e+02 9.517590030265216106e-02 1.725465275879498883e-01
2.569742999115669591e+02 5.217366536943685560e+02 9.970954605295996587e-02 -1.158518125914881625e-01
1.065614979803989172e+03 2.791021189551889847e+02 -2.224488907880358690e-01 -2.284675057080669536e-01
1.227522655124344055e+03 2.168680301217862620e+02 3.541102510938140546e-02 1.093597978089012532e-03
2.715731644658279720e+02 5.611502105008783019e+02 -7.709251277406057624e-03 3.879881753476204787e-01
1.207245312381195617e+03 3.103590277640733461e+02 -2.144057043490774344e-03 1.162083111951609932e-01
1.178993170854901109e+03 3.846172502034545460e+02 -3.212189155054909293e-04 7.085886813825936770e-03
1.149391196799154841e+03 2.360419849318337242e+02 6.698411034801798891e-02 -8.969739322909351179e-03
1.207822760400075822e+03 3.573012802180393237e+02 1.048240760761808867e-02 1.943914931524050663e-02
1.912091449053433792e+02 6.090683607612530750e+02 2.085656117805042564e-01 -3.715192264332844996e-01
1.026212688384455532e+03 1.936074265914996033e+02 -2.600384216989812258e-01 -3.340961042287600158e-01
2.557299387751109521e+02 5.145604791142270642e+02 1.420016784093041107e-01 6.652867815883545255e-02
2.093386127656313533e+02 5.348388707229491956e+02 2.039706236237432135e-01 4.834475685318295746e-02
1.100624068720331252e+03 2.468919409037495427e+02 -1.242531471162237749e-01 5.202439106001577329e-02
1.091174765794278983e+03 3.127571341826885032e+02 -1.712312385398803427e-01 -1.388126665754000899e-01
2.738550185311131031e+02 6.370374789448239881e+02 -9.216311195345383133e-04 6.073751714069430818e-03
2.209514767601124277e+02 7.099047299038862775e+02 -1.851679222493629487e-04 1.780057003769002291e-02
1.168605654633325912e+03 1.407970893058679280e+02 4.193272803889998984e-02 -3.048710164531693786e-02
1.172675908732903963e+03 3.466496362696630626e+02 1.085063139682253819e-01 1.897392355260993368e-01
2.295090787347344303e+02 7.372478355420245180e+02 3.427756294371132190e-02 -1.017726888910975777e-02
1.111524752497301279e+03 2.255778565697429201e+02 6.332097125522441472e-02 2.353985938202713679e-01
1.170713008346642027e+03 1.883486970154247615e+02 2.840488130359284172e-02 -9.306113595223144616e-03
3.178558693467600733e+02 1.048018468788112386e+03 -1.538801239179758973e-01 2.088928281545623933e-01
2.466986866548298849e+02 4.022999847576826937e+02 -3.156577991691179863e-02 -1.882650285353008046e-01
2.992134184584500645e+02 4.820139304405576581e+02 9.855367930506359064e-02 3.093860118053142760e-01
1.108041370903543338e+03 2.704342117587441976e+02 1.003122385091489432e-01 1.424256333557593068e-01
1.205223256908242774e+03 3.523724363668671913e+02 -2.770463488513406208e-02 1.812152594232417993e-02
2.370554454604613852e+02 7.461163999843822694e+02 1.202345026969508937e-04 -2.588964662985650776e-03
1.179345331087523164e+03 3.747588870269362928e+02 -1.520951212427235077e-02 -1.723057656201750637e-02
3.255977691115950847e+02 1.091714752319136323e+03 1.248238973569156807e-01 3.014339564089051349e-01
1.025130171540060019e+03 2.974466262316091161e+02 2.604784797132348589e-02 -2.791641122044059842e-02
1.876753368126890678e+02 6.049432531838782552e+02 2.231028867346848688e-01 -3.339974082062645011e-01
2.065412240613222536e+02 7.188779796560030491e+02 -5.446052428296373898e-03 3.206493434826521854e-02
1.217505960055777223e+03 3.500315767815716868e+02 -7.648948169936694956e-03 -2.126030682837160186e-03
1.957345395454756556e+02 6.235025307095785365e+02 1.296863303127628042e-01 -2.818259645675941782e-01
2.531987224443772675e+02 7.045577659046741701e+02 6.979755908632243044e-03 -9.130012364128536201e-03
2.441775096755121695e+02 2.975442981389446118e+02 5.437259211272545828e-02 5.240802808611988439e-02
1.131336162219754215e+03 2.101303165094641088e+02 4.865631543582024654e-02 -7.667927339955883659e-02
1.126972922559030849e+03 3.295388969804962471e+02 1.251066438828013216e-01 1.751679750405787384e-01
3.761358709784366852e+02 1.096617506766111092e+03 9.805983510559272698e-02 3.163939028988619895e-01
9.837741313587703189e+02 2.047626692521860434e+02 -1.449428474434929061e-03 9.299580840339929932e-02
1.217473941508901589e+03 2.274548460967859285e+02 3.282377296659433341e-02 -2.899142560999518753e-02
1.008276339171067661e+03 9.275236330828593054e+02 6.465720453768932039e-04 -3.132951922203296071e-04
1.206844530240447057e+03 2.521430687905051400e+02 -2.093752166377937582e-02 -4.312696249273868798e-02
2.058042312451994462e+02 7.119634203125755221e+02 -2.739910737746022716e-04 1.196675976413490335e-02
2.938108152502567805e+02 4.576258156818972793e+02 8.603587335276106918e-02 3.360971908616842696e-01
1.055179464003655085e+03 3.228957718447310867e+02 -1.487225197584588626e-02 2.923686003808987841e-02
1.209137426791629423e+03 3.356570397773010086e+02 3.041495926614191103e-01 -1.019833751112279169e-01
2.245605935252580707e+02 7.398010627867705580e+02 -5.838411530575626784e-03 -7.369582429386615195e-03
2.145386716936828861e+02 7.116485634864488929e+02 -3.210551958443415982e-02 2.685101434767075707e-03
2.451755271420571489e+02 3.210314899555172587e+02 4.706043317969446638e-02 1.252989685028826627e-01
1.097495824728760226e+03 3.074332757178398197e+02 -1.771721620396132235e-01 -2.175036791701718542e-01
2.841904695252821966e+02 4.194568402551547592e+02 8.304241483064585261e-02 2.192420114507653006e-01
1.229116688525725749e+03 2.465879256310327605e+02 -5.360903521775001873e-04 -2.951666641379496053e-02
1.976541548658174747e+02 6.858828062036222946e+02 -5.055924708328785044e-02 3.823346693859619450e-02
2.106087103995920415e+02 7.191289855577321077e+02 1.045530651632020636e-02 3.865462803033814509e-02
1.128826772964363045e+03 1.695142720617990904e+02 6.135685459944837522e-02 -9.236370751359077036e-02
1.128041879709642444e+03 1.906328962281430393e+02 3.611558342795213178e-02 -1.375632775814045472e-01
1.175503548630549403e+03 1.936981670148916237e+02 3.270681022572276622e-03 -2.090230926318869739e-02
1.133703822186845628e+03 2.270416947635734175e+02 -1.972740087859209054e-02 -3.063446083397716388e-02
1.146186811563070478e+03 3.087626287151910560e+02 2.901333900163777790e-01 1.676868139645327771e-01
2.177637936698605188e+02 5.565295605957305725e+02 -6.198201170129232773e-01 -3.195908854435138002e-02
1.904472198273835488e+02 6.173863891548370475e+02 2.254147455195739114e-01 -4.531728830330474800e-01
1.159717195035467739e+03 1.711237758606084469e+02 -1.406759221403203371e-02 2.805015297196748053e-02
1.132585893963149601e+03 2.782502035016543118e+02 1.083646679171048760e-01 6.818679013683208445e-02
2.411623932346388983e+02 7.014106905687451672e+02 2.733771145240856092e-03 1.141868970944415239e-03
1.103729427468001631e+03 2.936380440598331347e+02 2.323004273078260185e-01 2.519785480163732050e-01
1.036483199882721010e+03 2.863659187642475672e+02 3.667503930998880501e-02 -5.843354364482157559e-02
1.181733739318744711e+03 1.867074551361464501e+02 -1.463777314592010952e-03 2.096485712038660600e-03
1.183974545172428179e+03 3.720356227348022458e+02 -4.138074494246319485e-02 5.049727579019849810e-02
1.205097106662709621e+03 3.863162854953456531e+02 -1.326146008469642444e-02 -1.116216684393339913e-03
7.064278184268674750e+02 5.829232681359973185e+02 -4.743639167488362387e-04 9.059094233781267089e-04
1.123779297307421075e+03 1.987768092596762699e+02 4.975699122321108198e-02 1.330276353140656675e-01
1.162357610668485904e+03 3.125536379875068178e+02 -1.496303296978449549e-01 -2.612853665291603456e-01
1.262150180728484429e+03 3.888948201192384886e+02 5.339690686606319778e-03 7.401668456874050880e-04
1.141973292952857946e+03 1.774941087047287454e+02 -2.433176257965354375e-03 7.948787403781428992e-03
1.092549686326877918e+03 1.907850811564702838e+02 3.426113250020128981e-02 -2.959479380667267429e-02
1.079834072895387862e+03 1.974392499422414176e+02 1.163443263779332174e-02 -1.308856744843315059e-02
1.170268142110621284e+03 1.586329278426697158e+02 -9.901784029645048849e-03 -1.017328189229605856e-01
3.470404209983631176e+02 1.079416347768509013e+03 3.315986913538608583e-02 1.278480941012276051e-01
2.668611491359392289e+02 4.425820589245740280e+02 2.166753085208483753e-02 -2.906943386991563960e-01
1.059263224574452352e+03 2.911764992995970260e+02 -4.307873260544241821e-03 1.240972880526669542e-02
2.135870991709580835e+02 6.069535259962632381e+02 4.122229773288444976e-01 -4.466622674557651496e-01
3.294173266012258523e+02 1.069460118662681680e+03 4.544226133725820516e-02 2.260909473806165249e-01
1.201875739438188248e+03 3.349140228897926477e+02 3.044181064527226588e-01 -1.400746972803586232e-01
3.165886870074570538e+02 1.057425641718621137e+03 1.444839201149465636e-03 2.265755417880419009e-01
1.088691319166274297e+03 3.065067188756613064e+02 -1.616746208885440628e-01 -1.519953588395861199e-01
3.689374550836140543e+02 1.060161545287930949e+03 3.645421921185432873e-02 2.797600648052375183e-01
1.047206270497194282e+03 2.503907030173901092e+02 3.531915589578468739e-01 3.464080919691793214e-01
1.815429768516616207e+02 6.130464159086546942e+02 2.015201361642499078e-01 -3.750402473764146705e-01
1.158756015295288989e+03 2.580795119014719035e+02 2.488741719198060351e-02 -4.253752980807576356e-02
1.169697670480022452e+03 3.039416182052213458e+02 -1.049453469156742397e-01 -9.687023785340898117e-04
2.862005017025526854e+02 6.307634277549273065e+02 4.037950954266307513e-02 1.282763884548557970e-02
2.740472264752204410e+02 4.816848810581363409e+02 -1.158899324368112271e-01 5.197418018550873375e-01
1.127290723001523929e+03 2.827786329309262783e+02 9.404830045849738029e-02 6.610317528135538356e-02
1.127988539218052210e+03 2.699668909326417179e+02 1.973913813254113137e-01 -3.511562526021300701e-01
1.303512457629525898e+03 3.440182088007694006e+02 3.283418454803926911e-01 9.441510692487652123e-02
1.741517788591686156e+02 5.610012372651167425e+02 2.114100518985624622e-01 -2.802083958016602927e-01
1.121517704868886767e+03 2.159746131809216934e+02 7.017493208143814332e-02 -7.983965574606344262e-03
1.150921323908897421e+03 3.395957656057206577e+02 7.193591359245488093e-02 -1.356796336825981941e-01
2.315264796572739954e+02 2.951759990825133286e+02 2.510792821312873846e-02 1.077207008848247022e-01
2.506106803627527597e+02 2.950929103664036575e+02 6.445926741916495339e-02 1.657595927504854905e-01
1.000442544861349461e+03 2.269656640654392277e+02 -3.428627530634349024e-02 -1.556850536229974300e-03
1.070070280407190694e+03 2.730430061414066358e+02 -2.968054774212255942e-01 -2.131794964061308195e-01
1.086640767088514394e+03 3.231566587321051998e+02 -1.674693052979829011e-01 -1.262717817529656616e-01
1.192907678309232324e+03 3.862259242802985568e+02 1.863929509969070863e-01 -1.660034362208131775e-01
3.537548266991832406e+02 1.059355842047383248e+03 2.469246630539848053e-02 3.778040838281897518e-01
1.016179523731219774e+03 2.529307933842554519e+02 -1.278151820135488281e-01 1.310411448114273854e-02
1.131696860997903514e+03 3.057701903013524998e+02 2.866043234801408102e-01 1.242534023918374780e-01
2.535023587262242302e+02 5.521631633980023253e+02 -2.125487877979550244e-01 3.873432555602423499e-01
1.892451114056707127e+02 6.454834711594705823e+02 1.829346499779363477e-01 -3.759230022859001985e-01
1.196557496355649164e+03 2.248252678315487856e+02 -2.098102362273576368e-02 1.506519121272311412e-01
2.411377034603874847e+02 6.927611970488759425e+02 -1.362453880364259025e-02 -3.557854999186557676e-02
3.600192388624687965e+02 1.033422505084953627e+03 9.883982892244412566e-02 4.268382384030334209e-01
1.127006452709596488e+03 2.041229104518370718e+02 -4.131423796907045254e-02 1.523566460274350942e-01
1.158853202743237262e+03 1.903704566080791096e+02 -6.784864595480283832e-03 2.141523726571029074e-02
1.190737006049872662e+03 2.845687139358538502e+02 5.306939167899885068e-03 -9.773636446110749946e-04
1.173859995226451019e+03 3.140527525440733712e+02 1.884354490970889572e-03 8.817372455982771043e-03
2.795250510932311840e+02 6.442306003095749247e+02 -2.862937167821581579e-03 -1.304339905265732014e-02
1.133351338160991730e+02 4.469574088544418373e+02 -1.890857970744900252e-01 -3.279248819494961498e-01
2.454514944509689940e+02 5.260071749703914747e+02 -8.806672907307803999e-02 -7.658839935212066741e-02
1.125350074927994683e+03 3.279407727315489183e+02 3.014818063449979380e-01 8.485305788670842453e-02
3.191360324246445543e+02 1.078820572386799086e+03 2.399942154571149955e-01 3.098570158417942588e-01
1.088400438749507430e+03 2.015583570973916778e+02 1.604296290753527698e-02 -1.086575945254763566e-02
1.113773323727951947e+03 2.336486179972516766e+02 -6.062418028059605307e-02 2.063478766473011705e-01
1.182419330924923997e+03 2.203886347824992527e+02 -1.164277064495787030e-02 6.106881489389902329e-02
1.964775440517300069e+02 5.873924088489000042e+02 4.689256529866853672e-03 4.966445706189075854e-03
2.384491078938399085e+02 3.643214487861582711e+02 -5.832460771456363796e-02 -2.075283975473047604e-01
1.109274684539357622e+03 2.108661329588311162e+02 9.638310632339509854e-02 2.929888707832243623e-03
1.148552254081097999e+03 3.519426723560249002e+02 -9.524662759184522251e-03 2.972316069566491650e-02
2.968156709034001892e+02 1.025809302420066615e+03 8.223850455440721852e-02 3.807619385551884172e-01
2.640578104712451477e+02 4.193166910463298791e+02 -1.057581356602545208e-01 -2.413149223699658230e-01
1.087258213133126446e+03 1.522676298901663756e+02 1.544495544061941783e-01 4.190785994331242166e-03
1.003181095813630350e+03 1.742965904238038775e+02 -2.407551233461249079e-02 4.708354331454513847e-02
1.128032427542918413e+03 2.351263250931195330e+02 -4.705999269739968155e-02 2.336420094935724168e-01
1.242617269485821680e+03 2.955262225928530029e+02 -8.168490338543100970e-02 2.176016084290556540e-02
3.164024393170167286e+02 1.033719678172753902e+03 7.270291097529786584e-02 7.843306398109922695e-02
1.121947041473044010e+03 2.076381021092603021e+02 8.853276129766780855e-03 1.166259036433672236e-01
2.870791173379009251e+02 6.509199235292169305e+02 2.687645303044266555e-03 -1.482328641223931362e-02
1.068103383372713097e+03 2.705045050749358211e+02 -3.678154874318741996e-01 -1.566054120775577652e-01
1.252717314181870506e+03 2.694032278722092428e+02 2.889804514275705685e-02 -2.890140367548675870e-01
1.121476951828184610e+03 3.026555488355812713e+02 2.522791285603424027e-01 -8.686213283805110930e-02
1.172438413552684324e+03 3.861952133064831969e+02 3.307471243709707298e-02 -1.016658838207149494e-02
2.612763237009364730e+02 7.046209963825408522e+02 6.743801148879161392e-03 -3.442028887216760317e-03
1.046575559781826541e+03 1.709664123908227396e+02 3.198660158472033110e-01 1.368456975709218537e-01
1.154580374713628771e+03 2.219518074293349059e+02 5.469763474471111414e-02 -2.920831757331023015e-02
1.266618342087464953e+03 3.453919419146919836e+02 4.842739499023309691e-01 1.987226484021508560e-02
1.096925464464243532e+03 2.162145866758897057e+02 1.005479514417333305e-02 -1.087453088281232702e-02
1.051279182062473410e+03 3.316294662197916523e+02 -1.973569764543919511e-02 1.792020455217990457e-02
1.138940292391788489e+03 3.008905882705658428e+02 2.496337590427325781e-01 -8.206849318957948336e-02
2.023300092279170883e+02 6.839228628520824032e+02 2.286081458408151593e-02 8.477052977521411237e-02
2.444692954692376361e+02 7.216851866792768533e+02 -8.376551350097612147e-02 -1.661049509202264240e-01
1.048177676210537811e+03 1.998565657019239552e+02 -4.520611294509535583e-04 -3.770308816239786864e-02
1.121240924543829806e+03 3.387682319623449985e+02 1.897634989228151881e-01 3.718108661392349745e-02
1.061063917782546923e+03 2.996282509667912564e+02 -1.854832393920450087e-02 4.415735267284873894e-02
1.211491190767480475e+03 3.871885354661025076e+02 -1.233161600132535313e-02 4.636213443443319530e-03
7.913030887753044453e+02 3.808044360488734128e+02 4.571250032107627981e-02 1.169797779295057155e-02
9.925558743962494646e+02 1.799185483716828173e+02 1.566046509287502830e-01 2.998986223787132865e-01
1.000464677248457406e+03 1.814687535636128075e+02 5.758552721696712055e-03 1.897839045593248744e-02
1.116730259559582237e+03 3.244340047013486128e+02 1.639756640543737487e-01 1.582729237688549062e-01
1.136484202115543667e+03 3.304967922968248217e+02 4.872865816970867875e-02 1.635214381967898534e-01
3.136459485997677916e+02 5.329560829823203676e+02 1.779319390504193951e-02 7.546413554083150101e-03
3.205240948008232067e+02 5.483094162201679183e+02 7.513998732996430077e-03 1.134527948563416114e-02
1.200014192477621691e+03 3.588415267145010148e+02 4.730606887219274831e-02 -4.720860652568806964e-02
1.104086013503886306e+03 3.019621084893552734e+02 2.396713079631859200e-01 2.538177450759054321e-01
1.174749628551892329e+03 3.886626958971129966e+02 1.080564675880345445e-02 -5.037795999124194263e-03
2.098150436298803925e+02 7.521792981070631186e+02 -1.729751216350484478e-03 -1.543077196400746351e-02
9.871511651015659936e+02 1.993628835943408149e+02 5.790013107743054166e-02 -8.096892129663046944e-02
1.101171245874945726e+03 2.932435305478659302e+02 3.491099388662108338e-01 -1.309103866381108872e-01
1.130566816632600194e+03 3.652218870699200011e+02 -1.234619618610570124e-01 -2.257436191132893184e-03
2.227693875996650945e+02 3.048529374103551390e+02 -5.867242079381981140e-02 -2.435601022638252400e-01
1.106014759482528689e+03 2.770128317511158684e+02 1.938335963088684277e-01 6.228400230687611977e-02
1.163344541325330511e+03 2.356644620299772726e+02 -1.741982029788232550e-02 -4.982597788893827068e-02
1.148332528227257853e+03 2.482292842290202941e+02 -1.138967937800771345e-02 1.650241744481490986e-03
1.110179483484253979e+03 3.298461379286322313e+02 -6.225311973536918481e-02 -2.786946360794286259e-01
1.016934771565645747e+03 1.775351342871992699e+02 2.561858462525966051e-01 2.416020346053038281e-01
1.120669461135215442e+03 2.413589788575286832e+02 9.356319330887193086e-02 -1.510257945967789263e-02
2.751361303878039735e+02 6.592135062680551982e+02 8.245813109084565440e-03 -1.086557222478745643e-02
2.199317790539138571e+02 6.946119698101651920e+02 -2.187477844931014562e-02 -4.554478487237645368e-02
1.056101314700401872e+03 1.663257331929884231e+02 3.197133763412199903e-01 -3.114356396165217089e-01
1.151986956814978839e+03 3.308488937160644809e+02 2.794464418050804366e-01 -9.333813084313770381e-02
1.190859404048868328e+03 3.278785636966811694e+02 3.128600076423065923e-01 7.737150330903521528e-03
1.100321224849388727e+03 1.954973026008192392e+02 -1.479285768353975072e-01 3.750995214832073543e-01
1.113858871248369269e+03 1.927677241529255525e+02 3.395671247448139168e-02 -3.198920546006692178e-02
1.075373566178804822e+03 2.106286012412101627e+02 8.486788830086052296e-03 -1.047519877093996271e-02
1.194405949633454384e+03 3.661063083058021448e+02 6.506909780103921348e-02 -1.382686464464897569e-01
2.087637828224554823e+02 7.476300026698013426e+02 -3.046546860227811529e-03 -1.824288970989197331e-02
1.084883496845718355e+03 1.605856871164037045e+02 1.421421609962917054e-01 -3.726011433169181264e-01
1.247310824939183249e+03 3.044123807685341490e+02 -4.962427446441454448e-02 -1.437944338863119398e-01
1.208907902454027180e+03 3.250783647502118470e+02 -8.553448860495683342e-03 2.217511238569884469e-02
1.202755926931439944e+03 3.506718447001256891e+02 -3.680423526094230013e-02 3.915952846339872812e-02
1.922559291741506229e+02 6.622093212419840711e+02 -1.554848078126675748e-01 2.602037006512806019e-02
1.509896655743012275e+02 4.880522044851378496e+02 1.118543018273527451e-01 2.903038841767625056e-01
1.051983415075304038e+03 1.583383591704503601e+02 3.138851504580088547e-01 5.231671826168167450e-02
1.093654942399154152e+03 2.359045076253800914e+02 -9.426126402217960276e-02 4.492055559246636853e-02
1.097868789468912155e+03 2.739567855217870829e+02 7.636360839803728318e-02 1.842724387114856310e-01
1.293451687685596198e+03 3.305781786797944619e+02 3.853832813342251140e-01 2.078076201099804676e-01
2.038873973530096180e+02 6.516970162129881601e+02 -1.149753054867645174e-01 3.363153564689355113e-01
2.333291403258874652e+02 5.246007296163270439e+02 1.677179051152856981e-01 -1.012962584278212508e-01
1.089351371512729429e+03 1.552463626130714260e+02 2.297837168879548198e-01 -2.079371025913707635e-02
1.110707997711079315e+03 1.893510502628911070e+02 -4.621028544088882223e-02 4.600594188347360142e-02
1.165854492598528395e+03 3.375341707130945110e+02 1.765786839778109851e-01 1.580601800013141656e-01
1.266898395630679488e+03 3.353048996482713164e+02 -3.681519756929375053e-01 3.918620727610663129e-02
1.844832464334753297e+02 6.535058750963755756e+02 1.856069709995079309e-01 -4.785716686758046401e-01
1.858606297407792738e+02 6.724354279954296771e+02 -4.206671552362189342e-02 2.647570585656204289e-01
2.048948911998747064e+02 7.160869146482835959e+02 3.480282815875051367e-02 1.399135537439489922e-02
3.269252230271772532e+02 9.952615395880814049e+02 1.254954003690793296e-01 2.617093292087881440e-01
1.107041480909826532e+03 2.814641210496998269e+02 -2.581616435525120323e-01 -3.823862015546334540e-03
1.121701523970334620e+03 2.901567682034379914e+02 1.041265656837392917e-01 2.009062233997522401e-02
1.202045742821673457e+03 3.389596401953484701e+02 9.308163543904710707e-03 2.032986846472605580e-01
1.675720934084064027e+02 5.706683152897683158e+02 2.639338749399576800e-01 -1.654411574694386600e-01
1.053636452095696541e+03 1.860399091455868188e+02 -5.682194849916299972e-02 3.317174547842505206e-02
1.065891159157343054e+03 1.857823783928376997e+02 2.781436425546246483e-02 6.496504437295413936e-02
1.058215929616746052e+03 2.448055500601781205e+02 4.128937093495750332e-01 1.906087881333036194e-01
1.209583852780452617e+03 3.431084238416327707e+02 -1.562535448340440780e-02 7.869360751627141326e-03
2.291125652173099070e+02 6.817577090900789472e+02 -1.984447921408616367e-03 6.755481116663020202e-03
7.097969060002565129e+02 8.939601294991643954e+02 -6.835536343636761103e-03 4.720184123101489604e-03
7.052096639089371592e+02 9.999402722682009426e+02 3.333251629634048641e-03 -1.111771937730310356e-02
9.200771751837595502e+02 1.102513840769172702e+03 5.511393151849119931e-04 3.633854958408733182e-03
1.024258260579433227e+03 1.696740889802719607e+02 7.507258017585627559e-03 -2.091745253174319072e-02
1.151706641152326938e+03 2.552486804474757491e+02 -2.237823917938234000e-02 3.847107010290452822e-02
4.965514850250647783e+02 1.053874774851074108e+03 -4.164932793199795785e-02 -5.802511903407321647e-02
1.061675706526189515e+03 2.839940146488776804e+02 -2.939227588272257941e-01 -1.782196907305392819e-01
2.495113666278408004e+02 5.320783198873060655e+02 -1.816819077810021832e-01 -1.782754212758439760e-01
2.872540710005251299e+02 4.491534259879429101e+02 -1.532743912246482543e-01 2.333319303313032833e-01
1.114027216535805110e+03 2.614462461790421912e+02 3.603093153364205770e-01 -1.507783489350563583e-02
1.197460569387276792e+03 3.392767482847284555e+02 3.436650491445771838e-01 -2.082247746346997108e-01
2.967105929578931978e+02 5.044531059554896615e+02 -5.644019149161749738e-02 3.864715992128869293e-01
1.052886170790584856e+03 1.976977903365860527e+02 5.122859793558139779e-02 -5.005586824831691033e-03
1.119826784384820712e+03 2.250359979437360494e+02 7.125699431759358049e-02 2.239758101109146082e-01
1.027927767908477335e+03 2.860136801894659584e+02 1.070183793935939320e-01 -4.372390028960211339e-01
1.161555684493046328e+03 2.221884035430598487e+02 -2.322421441181935220e-01 2.156928793427326241e-01
1.116440452251096076e+03 2.929389891234766878e+02 -1.752926339165886416e-01 2.896991431346786494e-01
1.224292532270945230e+03 3.409636743157830665e+02 -4.930649272225006707e-01 4.728138305703690203e-01
3.729860965609557297e+02 1.035198665989163146e+03 7.495096849301319253e-02 3.459420447470241133e-01
2.348912107035040151e+02 2.981416293217889120e+02 7.387228579286836405e-02 1.146442484895260350e-01
1.089257327890853958e+03 2.257093551740573787e+02 -2.852982199040277056e-01 1.219496548048658147e+00
1.132504871717384958e+03 2.164817411565691714e+02 8.823994463140975852e-02 1.658290398886053396e-01
1.189250383694444963e+03 2.387985790209317258e+02 1.318124605147659167e-01 1.863315669899143490e-01
1.188681953751071660e+03 2.496315664351337773e+02 -3.292195090786911166e-02 8.301489430517831891e-02
1.209695162027681363e+03 2.542405337565184595e+02 3.298478739262380999e-02 1.456093049815039737e-02
1.155748925335823742e+03 3.057438471184382820e+02 -2.193483441184195248e-01 -6.792259227638003383e-02
1.134877256967853327e+03 3.598806761509810599e+02 1.185858983409492431e-02 1.163011857034865204e-01
1.223702148262845412e+03 3.480860028126871839e+02 -3.888791583319124029e-02 -6.033424771843245993e-02
2.348419288977387964e+02 6.354498203562153549e+02 2.319636923900506367e-02 3.332850464052874301e-02
1.783659480840411504e+02 6.451349253915037707e+02 1.201041546839627938e-01 -3.450584469996907933e-01
9.652176975134345867e+02 8.591041910328989388e+02 -3.270924059099591247e-02 2.044280372775698559e-02
1.555825232762522319e+02 4.813426960684008691e+02 1.827588479587319570e-01 2.418385562098535613e-01
2.974459547002339264e+02 5.209438615892851203e+02 -1.059486769939894588e-02 8.754012295548818309e-03
9.975400951287255111e+02 1.695356748539021510e+02 1.389798459837379707e-01 3.835248265232706899e-01
1.158512041432201386e+03 2.407512920461507804e+02 -2.469982270783930428e-02 1.511423206749867576e-01
1.119008877360906808e+03 3.432090188975418528e+02 1.018126476744782849e-01 7.260633565087459829e-02
1.305844736517942010e+03 3.695960321102805324e+02 -6.435479206820673981e-02 1.345374672610319122e-01
2.601356004139047968e+02 5.566091516087925584e+02 1.795930198029509553e-02 5.887587951982595907e-02
2.133453894244765934e+02 5.911925160520311238e+02 9.923362877060526444e-03 3.035462196211256153e-02
2.602882934722091477e+02 6.721302929282920786e+02 1.161750828479171140e-02 -1.073369174312119832e-02
2.726537555913699862e+02 5.223161906274980311e+02 -5.406653860985796700e-02 -6.382842117329169396e-01
1.138632922180132482e+03 2.448879581935928513e+02 5.829983390625178424e-02 -8.386593880725475014e-02
1.235270012185491396e+03 3.997925420605632780e+02 -1.582776779802467712e-02 4.012286178885283994e-02
1.039784981291364829e+03 8.494458548497385664e+02 -5.150807055560512049e-02 8.055209949450019280e-03
2.353605665319697948e+02 2.892367556157366835e+02 -1.069038615766615408e-02 5.865642335124476858e-02
2.302769628247145306e+02 3.290835916341164307e+02 -4.706633315663566464e-02 -1.456249947143035683e-01
1.147048445018085658e+03 1.671478535008803590e+02 -7.598908583884167456e-02 2.564667459485292511e-01
1.069488265631544664e+03 1.788115226538421609e+02 -3.596158651907899184e-02 -1.100622024965218770e-01
1.135486124366094373e+03 2.191311686116318640e+02 -6.425526871529996242e-02 8.227643441701459892e-02
2.578738156458667277e+02 3.240110657779227950e+02 1.006808874194819320e-01 3.620224681385074139e-01
5.170513988038096613e+02 4.810137762940742050e+02 -1.122267793069957852e-02 -2.125847476801417252e-02
8.188492559425934587e+02 3.359398058821842028e+02 -1.116900313771955998e-02 2.732769518654955543e-01
1.093421058488825793e+03 2.660124631948394267e+02 2.619672114563594834e-01 1.998490067220067001e-01
2.989301834814600625e+02 1.030350860117507409e+03 -1.001289859368382357e-01 1.986237941465073542e-01
1.033179444273028366e+03 1.653760667087461798e+02 1.484067220502159612e-01 1.401374984946244240e-01
1.129311076009143108e+03 1.724094945142813060e+02 -3.675812386427803058e-01 4.159139063898891209e-01
1.033191885194015413e+03 2.366907981942224808e+02 -6.257911747673006175e-02 7.098389831379374286e-03
1.018508828776739733e+03 2.508477033123411104e+02 -1.259600417565707176e-01 1.783032380294097552e-01
1.072063615738863973e+03 2.601220345210266487e+02 -1.717717248391181784e-01 -3.461157451741693758e-01
1.145026169277964982e+03 2.173547006415426779e+02 -7.327304486295815877e-02 -1.682039760486020441e-02
2.605965023243302880e+02 7.203758848375874777e+02 9.746479052106829868e-03 -1.060146767415896286e-02
3.242310149831948820e+02 1.058842677187114759e+03 7.294143606861780427e-02 1.787671049713329408e-01
1.044211072108255621e+03 2.623769103094491015e+02 1.682037364257666853e-02 1.709088433941474139e-01
1.101930695171800835e+03 2.501871274532186646e+02 -2.214272484164211963e-01 -7.625501805491581298e-01
1.160412622220885169e+03 2.150888766273386636e+02 -3.033292404195890302e-01 8.064799459584151564e-02
1.267176317941192792e+03 2.768588782740307579e+02 5.675076295154667383e-01 -1.468801462133353608e+00
1.163254261409122819e+03 3.010924609113027941e+02 -1.826018987307179431e-01 -1.310703916214151776e-01
1.125339760977190963e+03 3.172730858675887475e+02 2.771282778707700456e-01 -1.298763106907472285e-02
1.157108606214471592e+03 3.290255272982918768e+02 -3.966732531012894247e-01 6.363385288997619460e-01
1.200800755501439880e+03 3.227646407797313941e+02 -3.701616124772044714e-03 1.307826298310487689e-01
3.871162777136838145e+02 1.083880521873763655e+03 -1.017558607566115911e-03 2.101768586412163242e-01
5.068943801977101771e+02 1.100746694827358624e+03 -1.463912259357584913e-02 -1.621194547092272981e-02
1.178408492367352665e+03 2.346110553871320121e+02 -3.089614396532169849e-02 1.453509833840556098e-01
2.653026017701542969e+02 6.758008153768796547e+02 -9.845426178998195610e-03 -2.221997114759233227e-02
3.689060530954877208e+02 1.033307993845539386e+03 7.841597833834157427e-02 2.538126123222355091e-01
3.199534873341322623e+02 1.078676896929621535e+03 1.943346707743529578e-01 1.773282692833504370e-01
9.136598874660373326e+01 3.793687979621514614e+02 -7.798248396987143838e-02 -3.130877876077041155e-01
2.635284382884880188e+02 5.144075254210391677e+02 -6.430093905426777397e-03 1.625667605352418832e-01
1.127547555316996750e+03 1.666154363333408241e+02 2.610963918891684443e-02 2.799007266299706129e-02
1.101382387996234002e+03 2.274968042348120321e+02 -1.262741027562697127e-02 2.624774280354718603e-01
1.108045483522832683e+03 2.920605867897433541e+02 1.992163796451222879e-01 -1.569202480932479771e-01
1.185956168601176387e+03 1.729963910007593313e+02 -6.237628063437720277e-02 -9.381070788055960452e-02
1.206321919804877098e+03 2.115371058212555795e+02 3.076869264805282000e-02 -5.530882604920558387e-01
1.297454912098454088e+03 3.725752329343529254e+02 7.598127856918684975e-01 -2.172992400641267918e-01
2.991273246099161156e+02 1.013927313863352651e+03 2.892004765347640834e-03 2.722996694255546690e-01
3.900997507216393387e+02 1.089908524654217217e+03 1.000681951319582624e-01 1.320204817222929705e-01
5.118658909991640371e+02 4.285927899820927109e+02 -7.005749925107807030e-02 4.538183973892273571e-02
1.121310240551607876e+03 1.501157416913487452e+02 2.577642353992359858e-02 -7.942799864774485741e-02
9.904858655352284131e+02 1.755990692823859547e+02 1.247440848882206410e-01 7.105193450905744612e-02
1.059531827101748604e+03 1.988506937323580246e+02 -7.508494410865296231e-02 3.037702911554163165e-02
1.141793642566743301e+03 1.966037978046539365e+02 1.527954731742511285e-01 -3.367309180521402823e-01
1.125239768534286441e+03 2.100170992753445489e+02 1.182399003652108149e-01 -4.327629860666775130e-01
1.069315225597483050e+03 2.332528405587152918e+02 -9.436583098704431904e-03 -2.971469653948588530e-02
1.103858701407360741e+03 2.616593337440359051e+02 1.293389103451545452e-01 4.597103078296527201e-02
1.168392720699820302e+03 1.642153263495421243e+02 -6.046433607571088942e-02 -3.356480062733169234e-02
1.169832510213886735e+03 2.172027152702748367e+02 -3.333368382072876557e-03 1.952450264623450948e-02
1.281763028292562694e+03 3.472180190616394952e+02 3.005980959976568556e-01 -1.645987271558340126e-01
1.227016753491732516e+03 3.782048089411688920e+02 -5.485635257582544000e-02 4.436966507185502451e-01
3.093385656395061574e+02 5.657105248920008762e+02 7.006554291533007017e-02 4.024788840413293656e-01
5.514034236976547163e+02 5.227289723178189433e+02 8.746642944953464394e-02 -3.199356027249677936e-02
1.027556214207159883e+03 8.680302487514034055e+02 -8.006300168096913694e-02 -1.664060731715153452e-01
2.404446405806066593e+02 3.844279520686480396e+02 0.000000000000000000e+00 0.000000000000000000e+00
2.805766036753680623e+02 4.603175187023890658e+02 0.000000000000000000e+00 0.000000000000000000e+00
2.588684439858853352e+02 5.192596036525831096e+02 0.000000000000000000e+00 0.000000000000000000e+00
2.725059946176817789e+02 3.733490752926099958e+02 0.000000000000000000e+00 0.000000000000000000e+00
5.046942587681736541e+02 4.414528643981623190e+02 0.000000000000000000e+00 0.000000000000000000e+00
7.863465321177154692e+02 4.038656765114506584e+02 0.000000000000000000e+00 0.000000000000000000e+00
1.053070081537085343e+03 1.640518115396654935e+02 0.000000000000000000e+00 0.000000000000000000e+00
1.177802317332079838e+03 1.470065714353982571e+02 0.000000000000000000e+00 0.000000000000000000e+00
1.183295760816965867e+03 2.444328685729385882e+02 0.000000000000000000e+00 0.000000000000000000e+00
1.173232359249603633e+03 3.466018555087194954e+02 0.000000000000000000e+00 0.000000000000000000e+00
1.168334471227778977e+03 3.648256948660213084e+02 0.000000000000000000e+00 0.000000000000000000e+00
1.205598816050083997e+03 3.835894654917371440e+02 0.000000000000000000e+00 0.000000000000000000e+00
2.117128929173124448e+02 5.989847541825340613e+02 0.000000000000000000e+00 0.000000000000000000e+00
2.147313713426869413e+02 6.508220399611816447e+02 0.000000000000000000e+00 0.000000000000000000e+00
2.348728132749443773e+02 6.976294808048457980e+02 0.000000000000000000e+00 0.000000000000000000e+00
2.347585051216573788e+02 7.103215737215758736e+02 0.000000000000000000e+00 0.000000000000000000e+00
1.015960268469092057e+03 8.598845779855156479e+02 0.000000000000000000e+00 0.000000000000000000e+00
