1.340377569462000338e+02 3.787844801436590956e+02 6.313995700223824217e-04 2.288252693523924654e-03
2.651871360071687036e+02 6.856836248178782398e+02 -4.930698952868021318e-03 2.123004606848873099e-02
2.536862241710103660e+02 4.641877100625875983e+02 8.241951506250859774e-03 -3.570749069413101801e-02
3.164781705688118336e+02 4.758514420515451206e+02 3.995892924714247035e-03 -4.504612506844741919e-04
5.674104753950017539e+02 3.882876241121293788e+02 -5.569237865036412612e-04 3.828485547227735309e-03
5.621446239400177092e+02 3.833965253923726664e+02 -4.882129731716232553e-03 1.715888635780543972e-02
2.700624659061916191e+02 4.137428394350794179e+02 6.419471348136418509e-02 -1.264654879842168067e-01
8.299571315678153951e+02 4.078659377309161869e+02 1.372777671227901541e-03 9.773831770837997351e-04
7.062411138789445886e+02 4.163234563486968227e+02 -3.265002646747747900e-02 -8.576565085507867683e-03
2.346928085644625241e+02 6.975530390885926408e+02 1.420787676347617413e-03 -2.073109732639813463e-03
3.694794200815195495e+02 1.074720702236879561e+03 -2.325100262572113441e-02 3.035475351459966387e-01
3.787810921362091108e+02 1.076277838686761243e+03 6.570078424486512809e-03 3.277062403480685560e-01
3.469954584813619363e+02 1.046878460441432708e+03 1.732606805704357267e-01 2.948465885196452918e-01
3.104841736502132790e+02 1.060104772861944184e+03 1.522794946171729044e-02 3.268220031819816240e-01
3.447374771125521988e+02 1.068288666009975259e+03 3.822154077584576093e-02 3.280588217022962771e-01
3.530260797056185424e+02 1.073730048567769700e+03 3.431012092672328789e-02 3.766662500691152493e-01
6.343266924336988950e+02 8.220154384562302994e+02 -6.149310353901743910e-04 -3.540995365352896931e-04
9.124031867444531372e+02 8.059740227273741766e+02 3.430030064817959847e-04 -5.647842211851414156e-04
4.599336107246007828e+02 9.415515471632032813e+02 -1.911908302707224173e-04 -8.692827218127792822e-05
9.072544455903472453e+02 9.242917800965109336e+02 -2.130451508449341769e-04 -2.421959682432415269e-03
9.001941189874371503e+02 9.266977077548955322e+02 2.096141732938959674e-03 -7.067703516582642597e-04
7.067489544230691081e+02 9.930183342107497992e+02 -4.801131784388012157e-03 -1.722389652724300993e-03
7.149187829023580889e+02 1.011539657534374214e+03 -5.993921453598814904e-04 -1.000458270731100809e-03
7.049673129179486750e+02 1.023668359630879195e+03 -5.157448592426320020e-05 -2.874628896047442465e-04
9.840093751738440915e+02 8.469297188438183639e+02 -6.401964436526493343e-03 1.022454570491138602e-02
4.816702612176294451e+02 1.099127792711423353e+03 2.870325031347302955e-05 5.882321032900243761e-04
7.044828475120002622e+02 1.036434194122785129e+03 -2.714751039451188683e-04 -2.701604690529246767e-04
7.518966394306056600e+02 1.067535569811104097e+03 5.008305076201098605e-04 -5.340140963351875216e-04
7.455775244386884424e+02 1.071413224031590062e+03 -9.029343372690569599e-04 -7.217174507394981094e-04
1.311904104419779173e+02 3.252055064521989607e+02 -1.557786926886509300e-04 -1.075099762088052319e-03
8.997293535561977933e+02 1.102161886824825388e+03 5.644027084198938811e-05 -4.467191649544672845e-04
4.039730041635726820e+02 1.095313085457790521e+03 3.319470130630557819e-02 2.774305014254446200e-01
1.347458415566426595e+02 3.996925139816843284e+02 -2.209165409895901423e-03 -7.883097762125639008e-03
8.067370996774084233e+02 8.763432448265900803e+02 3.711793629881102261e-03 -1.678081988969925805e-03
3.567512354929062894e+02 1.034140011224299997e+03 2.322356542256408529e-01 2.911318536872624652e-01
5.636942223366969529e+02 4.579954965716008246e+02 4.271162374052302375e-03 -6.380200648379178406e-03
2.627250332955839554e+02 7.431948729904135007e+02 6.704798271821819054e-03 1.919092137446267235e-02
2.732366540933307419e+02 6.208346902577970923e+02 2.694100470079666652e-03 -2.158085127783322330e-02
4.102477812071770700e+02 1.062729371697167153e+03 6.542702568842539111e-03 -2.924808421966244507e-02
1.008183693373870938e+03 8.162075436141509499e+02 3.835644447773651523e-03 -4.760510237710969747e-03
4.873370420248207893e+02 4.488357508149267119e+02 5.826401277437242600e-03 -7.021594406609491879e-04
2.235294329291412794e+02 7.550278977706088881e+02 4.808564279624259058e-03 2.334009594043288255e-02
3.320613116814461705e+02 1.024732661515934524e+03 1.706910801863497154e-02 3.072207281736699658e-01
6.014672337258459720e+02 4.357238403677368410e+02 -1.871057445083860668e-02 1.329772347591782339e-02
8.282095627208561837e+02 3.212664355255237183e+02 -1.120031415024807901e-02 -2.974820735908177000e-02
4.653130713550406767e+02 4.554692995281245658e+02 -1.918584786885235715e-05 -3.819408726035317635e-03
2.484313852069119548e+02 7.182648376183391292e+02 -3.829815591862568806e-03 -1.402325280108551904e-02
4.932338071118800258e+02 4.299547821757872725e+02 -5.612818455222281198e-03 -6.716091231231139042e-04
2.296524693447339587e+02 6.994814447085113898e+02 -3.084075574393089873e-03 -4.180612891352463654e-05
2.501433393674553542e+02 3.892439070615645846e+02 -2.463590365996598530e-02 -1.612153691339665573e-01
9.708502702436934442e+02 8.447726156696987800e+02 1.533728945896700203e-03 -2.307973510054094231e-04
1.020648996235707500e+03 8.146296639629266565e+02 -9.604757662999071233e-04 -4.989387344941257491e-03
2.012065924564714692e+02 5.085478869373122848e+02 -2.766678800379667770e-03 2.076843653878092822e-03
9.575111533974605891e+02 8.498026845213568095e+02 9.354591034689472423e-03 4.580039170177499963e-04
8.264665131215915608e+02 3.431917815223957859e+02 -7.409958095420302211e-03 5.637043233346926419e-03
5.054379418743799306e+02 4.415524490398056514e+02 -7.283617086313419345e-04 4.546692271504179129e-03
1.003549882229828995e+03 8.313258593013972586e+02 -2.195648779203372529e-03 -2.364198014477929786e-03
5.138236758290516946e+02 4.561474546308953109e+02 2.508222066864735852e-02 4.745143396892465351e-03
4.959140153991346551e+02 4.400476964191938123e+02 -9.692231066870896777e-04 2.026551959773985247e-03
2.557364512584237843e+02 7.435440169774628885e+02 -9.482521234222886794e-04 3.585954759049593717e-03
1.916846214174793772e+02 5.810399498534294480e+02 4.556674585179316169e-04 6.177326785986998704e-04
9.851459095770561589e+02 8.256021584322490980e+02 3.300488912666896778e-03 4.709085928007736635e-03
1.016704034164601808e+03 8.104951979528254924e+02 -2.833248478438717480e-03 -2.745333448426280458e-03
9.840027716543667111e+02 8.169080500181789830e+02 5.005372857279479296e-04 2.079027767612531916e-03
5.743634082646336765e+02 4.516861751714383217e+02 -4.510564044807716111e-02 -2.959986913022797858e-02
1.243988724125339786e+03 3.963241772069722515e+02 -2.978070171841206825e-03 -8.853515591406358951e-03
1.184390635770509789e+03 2.475387921608257500e+02 5.016543720089565494e-04 -8.785431768399290173e-03
2.763437905917440389e+02 4.912321422472168138e+02 -2.640845530837364341e-02 4.545026608353759934e-01
2.721495600453938550e+02 6.771971904613931201e+02 -3.469761612105383766e-03 -8.435186005394735773e-03
2.475590062276189087e+02 4.050056857486131889e+02 -5.706498391801020226e-02 -1.784824869253915647e-01
2.605204564133887288e+02 6.144770332741604761e+02 -2.551500625300643244e-03 1.393795191358891596e-03
3.424737368245434368e+02 1.095693135523189085e+03 9.442054791744376729e-02 2.903426356217280735e-01
7.246222269463356724e+02 9.763532775055019783e+02 1.310783302658207351e-03 -1.472739109536939017e-03
9.479795830964339984e+02 8.365003716551195794e+02 -7.610620085991889189e-04 -1.568615349262724628e-03
8.080139438851931573e+02 8.810758397851803920e+02 -1.859358072054662775e-03 -1.579560393548886657e-03
9.254793357881816291e+02 8.360560677064268020e+02 9.686959566268721344e-03 1.378791000895422062e-03
5.786111896207628433e+02 4.439089502123967463e+02 9.714832962534202150e-04 -8.479189684988900494e-03
9.223519457368463463e+02 8.584696248473783271e+02 3.413044681504441916e-03 1.386902759514389936e-03
1.175021486797352964e+03 1.436725300109278862e+02 -1.769760959614539303e-03 2.676567703430113125e-03
2.800743055415026106e+02 4.505952741059907112e+02 7.096539269193974375e-02 3.121583405418885682e-01
7.973973878965537097e+02 3.667940476634619245e+02 -1.011566913341156726e-02 1.743490734573114459e-02
9.492263676501594318e+02 8.454978537291141265e+02 1.343018079520595263e-03 -1.899457754202873180e-04
5.312415846583340908e+02 4.812575125347644303e+02 -1.456334477568204267e-03 -5.110944019732117927e-04
1.031901925780278134e+03 8.319209234800360946e+02 -1.978320954286023892e-03 1.143049810489083981e-03
2.252925604913996551e+02 3.295878369475208842e+02 -5.333499755202822379e-02 -2.138308636429722409e-01
9.121614625540072439e+02 8.324368386235389607e+02 3.586907645118873542e-03 7.772982379161602617e-03
9.819289897412311348e+02 8.689766558302842441e+02 -1.706644306948261816e-02 -4.713618092762204316e-03
2.931537191885526568e+02 4.138208232833736702e+02 -9.667955031442159635e-04 -1.493189377807800254e-03
9.617951750465582563e+02 8.691626337398894293e+02 -4.353747648981808223e-03 1.957581212658543110e-02
9.766879626945327573e+02 8.673381322686046815e+02 -3.794265556876726380e-03 -4.667448630583533021e-04
9.023655073350208795e+02 8.529561224407635791e+02 5.335219351256302242e-03 -1.056968918327705689e-02
9.688626940470970794e+02 8.838316300160190622e+02 -9.866020382045832121e-03 2.585079295812701700e-03
3.283778549198778478e+02 5.654802408531508036e+02 -2.975239753926182517e-03 -2.236920459985962395e-03
2.352627976377290793e+02 3.620806938662706784e+02 -8.554655359065975462e-02 -2.544032671898086018e-01
9.900516398151685280e+02 8.509854065601026605e+02 -6.104680839569320882e-04 -2.062698856523431570e-03
9.666994811048353995e+02 8.735139395188995195e+02 -1.314675776647578022e-03 -5.078181664842277123e-04
9.578674491045928789e+02 8.623761352583743474e+02 4.045770121779646879e-03 7.126091245325342702e-03
1.978590961041487333e+02 5.719317001263387965e+02 6.157999897484083517e-03 1.785797186598846523e-02
1.052245517912695050e+03 8.278955400976914234e+02 5.965033781147230894e-03 -2.289923267182467082e-02
2.686083419240647459e+02 3.789808126429799131e+02 4.993460939599819737e-02 2.141633214805833130e-01
1.964555668146124390e+02 5.115810609351294715e+02 -1.097090841524632140e-02 -5.756493970017062013e-03
5.103822921029412782e+02 4.186474971698187915e+02 -1.673744744964956663e-02 -4.218067741180506897e-02
1.851826348315462383e+02 6.634434565205300487e+02 -1.500629030865613667e-01 1.893573002435016417e-01
8.020700211101349169e+02 3.568181109570309673e+02 -5.345857303727780639e-03 5.484181240439563523e-03
3.690510681989971431e+02 1.045004651926102724e+03 1.963945211085273423e-01 4.612006777602060126e-01
8.017600324861801937e+02 3.467766948661058564e+02 -3.415081329779754435e-04 -2.349736709847417230e-03
5.418539696756636204e+02 4.640931915904601510e+02 7.306086090781295072e-04 -8.434551930566941413e-03
9.419915731732592121e+02 8.733185622274256730e+02 -2.847081869347648994e-03 8.617184489256681998e-03
1.145202725028345867e+03 2.288848291089107079e+02 3.769670089496630905e-02 -6.835940399761205460e-04
1.171748018324078657e+03 2.234904890865464608e+02 1.484887200040202991e-02 -2.466372382223744678e-02
2.777516784921388648e+02 4.244275512912678323e+02 9.461670899094312692e-02 2.964823036790067423e-01
5.662716609561986161e+02 4.641111161620107168e+02 2.005607905999514089e-03 -2.065717003493111516e-03
1.025499554450110963e+03 8.266834303223661209e+02 1.079874812839899320e-03 -3.323390121198430700e-04
5.144451149085708721e+02 5.084429664678143581e+02 -5.612683447595534676e-03 7.139748705601888130e-03
7.343835322859584949e+02 9.634938496599239670e+02 -7.974009867866968179e-03 -8.119366370953801787e-03
9.956816287203129150e+02 8.777324024620995715e+02 2.943299413047524918e-03 -5.923132251724598854e-03
5.507549608793250400e+02 5.253880303462559596e+02 -1.724990643077210783e-02 2.361734245931138010e-02
2.099481797212235392e+02 7.011381289450266650e+02 7.699739122655149641e-03 1.301924115608867928e-02
4.710596902287493890e+02 4.365975138138226725e+02 9.825297629701330339e-04 1.332317980600045831e-02
1.084131675005096213e+03 2.232344475134701725e+02 4.560297572427068902e-02 -8.022197439601931254e-03
2.769986553695612770e+02 4.126160160753822765e+02 1.041372188596049880e-01 3.089581781873287358e-01
7.865933139953144746e+02 3.392534371459477711e+02 -4.668662411933549410e-03 -1.053940639243736214e-04
9.706944700056623105e+02 8.928135980274996655e+02 1.088601355744537279e-02 -3.888335560449971730e-03
5.704739866439533671e+02 4.303123646780276772e+02 -7.194218263624736027e-04 -5.438806799944440572e-04
2.170018055858279240e+02 6.994460957947951556e+02 5.475616998526197968e-05 3.831008362323187408e-03
9.271989177562919622e+02 8.400679070724366966e+02 9.013188335602941373e-03 6.567529734117651986e-03
9.702566153648215277e+02 8.230423250470148560e+02 3.338343811059089374e-03 -4.772285837079249908e-03
1.969873296058833887e+02 7.069269977971031267e+02 -1.710396306581084963e-02 4.150116278639200129e-02
3.135230378286622113e+02 4.705286950716275669e+02 -8.224548345955698045e-03 -2.406253420585836508e-02
1.007683340706181070e+03 8.720020716693617260e+02 5.402690207936099685e-03 -5.154249263889799405e-03
2.442092565569423925e+02 3.656011451902928115e+02 -4.212351595166460849e-02 -1.920676610167084963e-01
5.088833781724579239e+02 4.868992522765656759e+02 3.307168038214504131e-03 1.757522917147140776e-02
4.753940186089740223e+02 4.462595306692442705e+02 2.197234189396783579e-03 -8.621810407186722425e-03
2.960238493678670579e+02 6.608839070197200272e+02 -1.132187284287450128e-03 -1.381831749206344998e-03
3.445333075863832164e+02 1.080266823313853592e+03 8.556961714193765667e-02 2.490582482343894899e-01
9.010814151036045132e+02 8.593690055943942525e+02 -1.283411563226628978e-02 -1.242857166904052634e-03
2.667016117062384524e+02 3.606226441560193052e+02 5.495242801134286176e-02 2.028180576642964750e-01
2.110565501349799433e+02 7.371468453822996025e+02 -8.753521551797109959e-03 -9.548865577445699027e-03
7.934807289815347531e+02 3.672781480020695426e+02 1.623746578747888719e-03 -4.251199961372842222e-03
3.042876620482558110e+02 6.406691412805267873e+02 4.654179325406952727e-03 1.881929160866561458e-03
1.265935658109453243e+03 2.905999602230672281e+02 1.183419581848013831e-02 1.504404152832691625e-02
3.219496465954939026e+02 1.062980571947897715e+03 4.090121150187936427e-02 2.337700480234747025e-01
4.939253087743991841e+02 4.674046904748930729e+02 2.372869452579048910e-02 5.175376349479611504e-02
1.272712402694420916e+03 2.959197299353240851e+02 2.311205582681944912e-02 2.850550129694218778e-03
1.254885646182783375e+03 3.068965382484185511e+02 -1.203028130876506591e-02 -8.282672396527088546e-04
1.032116447004152860e+03 8.713273915793777178e+02 8.489207698716253608e-03 -5.964511028232304113e-03
1.001729624870038379e+03 8.165109716705471783e+02 -1.148143962844791000e-03 -1.513390652480486182e-03
1.156051793059158854e+03 1.408741246580590882e+02 1.019202089114199612e-03 -4.125848042213190077e-03
1.022511748782778568e+03 8.555227449031035576e+02 -8.509286398122532791e-03 -2.630782866117330199e-02
6.184901665724286204e+02 3.788622997030911392e+02 -2.221357535819435541e-02 -4.758908840805719381e-02
3.953920178487120438e+02 1.069330156074205206e+03 1.406605721241858953e-02 -2.855907278686428685e-02
9.512130213012492277e+02 8.231880403483097552e+02 -2.000421411549264180e-04 2.055117428233976459e-03
2.450988854511133468e+02 4.966124726828696225e+02 5.958943483907398926e-03 -5.412896147213990287e-04
7.161905039738127243e+02 9.543708667840874114e+02 -1.152355091091571485e-02 -5.032541539945344262e-03
5.340256889369737792e+02 5.166683189810721615e+02 -2.008157113873561966e-02 -2.307712473762281967e-03
1.116529241992484458e+03 2.430676335823096395e+02 -1.043939062096706921e-01 5.034518576283349145e-02
1.038012358832593236e+03 2.811076094492304378e+02 7.008990449711034569e-03 -4.088919905686029532e-03
4.893561643486386288e+02 4.576724316713766711e+02 8.105909897457566279e-03 -1.397589769076846428e-02
2.458826529500315985e+02 4.886763902705106943e+02 2.324657674631286537e-03 -4.667181411518598125e-03
2.192149742948744517e+02 7.407015962538616805e+02 1.024220073478230393e-03 -2.847484700552767659e-03
4.250079410096835772e+02 1.073800085375411982e+03 8.020408866167429152e-03 -1.309778956762991256e-03
2.437119158021808971e+02 3.745486976103510983e+02 -4.350735256661218686e-02 -1.759303547108001520e-01
4.919142545669637343e+02 4.771900679714314606e+02 -3.140519385945116787e-02 4.705730703729314734e-02
2.365950824637469623e+02 7.153250217199283725e+02 1.299451997099502815e-04 -1.867463803285651300e-03
8.247192731737718532e+02 1.102203022904362797e+03 -3.188428069671038240e-04 -9.717532824188400550e-04
2.165087772048429997e+02 5.840659885341088966e+02 7.196200648028781496e-03 8.625482107188170086e-03
3.202708496204977564e+02 6.068032510493063683e+02 -1.287628438046626266e-02 -3.087716232964862056e-02
3.365979201824216602e+02 5.624393975205058496e+02 -2.138882561339842600e-03 -4.869420776537148124e-03
7.461274525678757072e+02 3.884182356525701039e+02 4.426474768265372117e-01 -2.953285855316454753e-02
2.169710584783791205e+02 7.349660782173828011e+02 1.048573552984432460e-03 3.941757751241618118e-03
7.210161121872563399e+02 9.125025572362085313e+02 -4.083836326925496742e-04 1.887201144635546838e-03
2.508368925815460386e+02 6.591000279990082618e+02 3.494805141641710213e-03 1.011707547967160767e-02
2.681548965999371603e+02 3.005509461953350296e+02 -1.115226533081770761e-03 -7.653588050137985141e-04
2.288850319465052507e+02 3.117281292269984192e+02 -9.062922370401366168e-02 -2.889942454094873714e-01
1.153295551770449038e+03 2.298880082348410667e+02 7.314794148973449359e-04 8.537837814965360331e-03
2.183689439948990980e+02 2.952870540672230959e+02 -8.036265796305523679e-02 -2.842528880440187700e-01
1.162862016599526441e+03 2.150701634837572840e+02 -1.950126731085535152e-03 9.981744218082282127e-03
2.609859407750686273e+02 6.313364123856163133e+02 2.433372526293214248e-04 -3.496130631944678949e-03
8.508000268147771976e+02 9.315038624551203839e+02 5.480727150185912442e-04 -3.050054277314257563e-04
3.195402153495880384e+02 5.405838284726775100e+02 1.036900381448916005e-02 1.859101700849332935e-03
2.107377259636433564e+02 5.833554905515444489e+02 -2.303021417285064289e-03 -7.975106798770606117e-03
1.115717725648094984e+03 2.588832679090892839e+02 -5.395105517665103878e-02 9.685057000764643598e-02
2.596072597831620214e+02 4.275882817806889307e+02 1.480428191061068655e-02 -1.814040664439952599e-01
5.762740387832226361e+02 4.877109339649633171e+02 1.969094183469129525e-02 -1.801493948348290366e-02
1.093866276169803314e+03 2.058242559018267173e+02 -2.661684984544459426e-02 9.497584741989451018e-02
2.505611912805391341e+02 7.273914065517753897e+02 1.018201324847952836e-03 -1.044654743133499944e-03
4.486899069003541740e+02 1.093102960465169872e+03 3.099780097378718180e-02 -9.790752188280855972e-03
6.596462817925711306e+02 4.871072689122855195e+02 -8.323622671361077807e-02 -9.891268420277425644e-02
2.071068226620112114e+02 6.817078301490919330e+02 1.940478818260888772e-03 -1.069403622948312226e-02
2.376645302575491314e+02 6.701546995993810469e+02 6.964193405579381310e-03 4.927306772218132541e-03
2.509770317080702000e+02 3.836905893699171202e+02 -4.607520360825179129e-02 -1.854226400187172497e-01
7.703402109294188449e+02 4.965749313393896500e+02 -1.031554716306989569e-02 3.408038481841298845e-02
2.865715908675055630e+02 4.319527425573384107e+02 1.084958913088654026e-01 3.083916052819635212e-01
2.799900026576050323e+02 5.318785817854740117e+02 -1.470675641558450960e-03 1.827357730566165012e-03
2.907377964275003137e+02 6.313352432443250564e+02 4.139841647928630027e-03 -4.083717181881390971e-04
1.260312214512910259e+03 1.955711382314829052e+02 7.218175077725552625e-04 -1.130597353219872951e-03
1.203369424347397853e+03 3.695849415310887025e+02 -1.637735843142889766e-02 -1.209350373895712490e-02
4.504917567410983565e+02 1.097343139720287354e+03 4.727035284514782484e-03 4.121319105238534057e-03
2.416685860966523762e+02 5.025514839362502357e+02 1.173352707271735872e-02 2.376921883537063546e-03
2.515446567560943549e+02 7.101956390997290782e+02 7.351174103768646703e-03 -6.501094782262305076e-03
1.245350735449447257e+03 3.773013066546440655e+02 1.968381763280115278e-03 -5.646910272144684169e-03
7.192949552028106837e+02 9.606966065240534363e+02 1.112086940375631074e-03 -7.730938679982149279e-03
2.990617458388059049e+02 6.453430639963847852e+02 -6.019506055919113079e-03 -1.137811033390677233e-02
5.199872153134231212e+02 5.299228828575940042e+02 -8.092750808611869420e-03 -2.260678417730384304e-02
4.266154246038426550e+02 1.080954146495791292e+03 3.152602306554422047e-03 2.031013818805599898e-04
2.281377088431677578e+02 7.105885450995722294e+02 4.724801700380078413e-03 -1.464750783828877958e-04
1.059342083641111685e+03 2.751048392962860021e+02 -2.080146775197225795e-01 -2.473123405069868053e-01
1.971974937994240520e+02 6.864169859593771434e+02 -4.680309522963018581e-02 -6.018223856801909431e-03
9.703520818745104179e+02 8.295314419606920637e+02 1.685609541304489102e-03 -8.110300342691110706e-03
2.552523740380611343e+02 4.343568526654170796e+02 -6.623459912299549390e-02 -1.927048664003742084e-01
2.187223831471852122e+02 6.464727120545585421e+02 -2.341600957827335455e-04 7.064948795034231739e-03
2.569992364285638473e+02 7.177256075471717622e+02 2.090396757260255811e-03 -2.541137581455686070e-04
2.548909929172248212e+02 7.220965482644463691e+02 -5.875926484321499421e-04 -7.190521761276163701e-04
2.559401204407070338e+02 4.156511981581220994e+02 -4.738711230204911695e-02 -1.685892795240228892e-01
3.310770022621439352e+02 1.084827854196500311e+03 6.244613440534665938e-02 2.156837857037114392e-01
2.969742255814763325e+02 6.540238335636131524e+02 -6.343470124417114556e-04 -4.885618108015604699e-03
2.351325846251756957e+02 7.104543432775370775e+02 2.099424753109274937e-03 1.941546321958331463e-03
6.092707126341789490e+02 3.712422917072991027e+02 -2.625252249968093241e-02 -3.662052410275144776e-02
1.195404763416760488e+03 1.861872752782960561e+02 -2.893188826282996548e-02 -1.059834411373933305e-02
2.531559111482353615e+02 7.353629148510716504e+02 2.800998157205962296e-04 -2.770170613897303294e-04
1.129521442483247483e+03 2.067251423117771196e+02 4.712434198865981388e-02 -5.192319409410807440e-02
2.580209215520021644e+02 4.902314801489790170e+02 1.948619276408176254e-02 -3.257070434060686630e-03
2.556711722395177162e+02 3.660193515093559995e+02 5.995315288725976827e-02 1.826496944320730453e-01
2.189392187041455600e+02 6.628384277839137440e+02 5.589733509478124994e-03 2.316668204140105453e-03
2.180244329401419634e+02 6.516889067879253616e+02 6.372919185517586863e-03 2.348992793793396299e-03
1.193535962285941878e+03 3.275800987557491339e+02 8.708591199435189445e-02 -2.084400331061208866e-01
2.923251966428108517e+02 6.376714787550398569e+02 -4.030714536640284812e-02 -5.685739475529996874e-03
1.000542022338920219e+03 8.554717796664668867e+02 -6.731905815258013709e-03 -2.253334176941172013e-04
1.021581104011832053e+03 1.674768854934995090e+02 9.362397276093604309e-03 3.119856094338384605e-03
8.649071654757213423e+01 3.136756937562961411e+02 -1.692242783530734269e-03 -2.704093506345021328e-03
8.319674804457109758e+02 3.184679371109406247e+02 -6.637553753393203105e-04 -1.630793570490591399e-02
1.193023895792931398e+03 2.443118531413387018e+02 5.802844673672724086e-03 -1.214065380575860172e-02
1.218905586785820788e+03 3.209312065976121744e+02 3.744678061962166682e-01 -3.811946170290216040e-02
1.224742543983522410e+03 3.972998261992732978e+02 2.760815336981491119e-03 -6.552545790053063450e-04
7.531514269177151846e+02 8.451846687489797887e+02 -4.255783584886729207e-05 3.397219382739620204e-04
2.614972404111865103e+02 6.212073277429922200e+02 5.316295467433646005e-03 2.753173406123852682e-03
2.074324419699675275e+02 7.250491907650174426e+02 3.220395249917317338e-03 1.129372958474158400e-04
1.190668841268729011e+03 1.810903379000164364e+02 -6.505364184513022507e-03 -1.971210511046570229e-03
1.212230447084432171e+03 2.207231102026476321e+02 -3.131071547994285394e-03 1.969754345228378646e-03
2.331038041576253761e+02 6.610984110724513130e+02 -1.388142859654932938e-03 -1.142083119468522215e-02
2.208691013064641311e+02 6.974521910175577659e+02 -2.167321353077018842e-03 -6.658416457057818143e-03
4.136174398650824742e+02 1.067277833023360927e+03 -9.746866048651058739e-03 -1.538024410252087325e-02
5.500130041763126201e+02 5.151719808332007915e+02 -8.100312295685191746e-03 -8.491352325021093994e-03
2.487371699787586579e+02 4.004321685635517838e+02 -4.437057149439344039e-02 -1.715596488712381462e-01
1.138507375424670045e+03 1.876577173194837940e+02 5.316507686115578245e-03 -3.226823149142325070e-02
8.224974624071187463e+02 3.400764139892492608e+02 -5.458792183508149286e-03 -9.204714982103616005e-04
2.280549715181944350e+02 3.227078501338444880e+02 -5.904694655094774869e-02 -2.292188681622678303e-01
1.204429295066741361e+03 2.561638648166834287e+02 2.221967966621864188e-03 -5.359618495910383092e-03
1.088686977616553577e+03 1.956099018580175084e+02 1.904514833106937255e-01 1.776625080789261679e-01
2.472120672713251679e+02 7.358224249175391378e+02 5.384224654440093868e-04 -6.719490433327580253e-03
2.329960850363818849e+02 3.512953026023334928e+02 -7.487463731869094252e-02 -2.373701867584827596e-01
1.146228403955057047e+03 1.757431251393174989e+02 -9.605872915557537662e-04 -6.923783398200170731e-04
2.764515610734374604e+02 7.006375943185644246e+02 -6.301795655385020352e-03 -6.733791950065358238e-03
3.119458503315551638e+02 5.244541322187777723e+02 1.016944065826192421e-02 -8.834356430324447702e-05
2.607571341777443195e+02 6.851283401071813159e+02 5.482666549996770104e-03 2.611266539304887314e-03
2.284177839478343230e+02 7.463942634864848742e+02 -7.410395131897206007e-03 8.626879264230041117e-03
2.426673344142958513e+02 5.763265233614558838e+02 -2.297984427184080192e-01 3.751345794673515144e-01
3.263150303331746045e+02 1.029915168832131485e+03 7.151518393743178104e-02 3.552854055405435529e-01
1.055562484603901567e+03 8.375874567502029322e+02 2.519672639708699091e-02 -2.414387419583696390e-03
2.435963747139987277e+02 3.310188321472116399e+02 5.680191151180979947e-02 1.422691842778165960e-01
2.124779413162617061e+02 7.093234963693159898e+02 6.753361716312663091e-03 -1.386569847719410116e-02
2.950780779539957734e+02 5.126088824687899432e+02 -3.626939395077766973e-03 -8.418549025532679267e-03
1.221293186620659753e+03 2.472515518466384492e+02 9.036346110070724025e-03 -1.548554013109002979e-03
3.041754569606592895e+02 5.473614153936790672e+02 1.077796106094264413e-02 -9.303456695081399651e-04
3.071918197412774703e+02 6.196610179981315696e+02 1.302470134308323681e-02 5.763313107223385495e-03
1.166538969556178699e+03 1.641617590706811143e+02 2.098424186432891123e-02 -4.825372375396393132e-02
1.199554002371891102e+03 2.306978726282510195e+02 6.794868541212305789e-03 6.545826856734207264e-03
1.265989080481279416e+03 2.033605264046547347e+02 1.445799860108525200e-03 -4.465447456737484631e-03
2.514580030685172289e+02 4.776586959092480811e+02 2.112334738527432785e-03 -3.163780880237311143e-03
4.356635544340060164e+02 1.091324345052561512e+03 -4.146282055291233663e-03 8.642435651849928596e-03
2.667057718044391663e+02 4.666524556938246064e+02 4.018068715973158872e-02 -4.405712490642986756e-01
3.087007065581619827e+02 5.590859723603900875e+02 1.460339046667288518e-02 3.872180595182032805e-03
1.147365538073531297e+03 1.583576023360997169e+02 -3.785671135589458586e-02 4.817278485076554456e-02
2.661254401815326673e+02 7.202179476591965113e+02 -4.105294154465238127e-03 1.193367588261890427e-04
1.177913632203918041e+03 1.806265965263008582e+02 9.508525587611218674e-03 -4.803514390229876585e-02
2.807111162550290260e+02 6.205447498974805285e+02 -1.331755176658818872e-03 -1.014743652033663242e-02
2.061098633554579180e+02 7.318493217333871144e+02 6.854916078319684900e-03 4.164630151663994951e-04
2.718883595482611213e+02 6.712090476864231050e+02 -7.953210970913010200e-04 -1.155521690554568237e-03
2.986887615855979448e+02 5.111128626963073316e+02 3.152684619034615558e-05 5.512708514645915138e-03
2.663127816821462943e+02 6.735167221699597349e+02 1.141495943366662401e-02 -1.321915735093170952e-02
3.370091170507091647e+02 1.027410253682313396e+03 -1.099991787106429329e-02 3.393238593294715111e-01
2.693007759560385352e+02 6.955306982072572737e+02 -3.056057198572453230e-03 -1.000852891630948233e-02
3.876792271648308201e+02 1.099763639519178469e+03 4.599466908137295196e-02 2.714517511013100903e-01
9.182543626222909552e+02 1.102608292319827797e+03 1.528315467510873310e-04 4.765052172000884870e-04
2.619003777368204737e+02 6.607110240623887876e+02 1.150610399466217093e-03 3.246285626523155634e-03
3.991148975388296662e+02 1.089598924800139230e+03 5.564103398178067705e-02 2.714903130990798386e-01
8.223615426735607343e+02 3.835070788912013313e+02 1.205803688645182108e-02 6.400730134208124306e-04
1.171268612473563280e+03 1.600627883504980673e+02 5.998184660454018713e-02 -1.565301400087647232e-02
1.093474387851125812e+03 1.575434880746935562e+02 6.826562398069510942e-03 1.948109121546187780e-03
2.241162016547733060e+02 6.579189045227351471e+02 3.014668280907289478e-03 -5.386643827089774260e-03
8.276805312584922376e+02 3.352104754363434722e+02 -9.852647984592358132e-03 -3.854622571852792372e-03
5.062315953290496964e+02 4.503322964866749771e+02 2.754103098823179607e-03 2.774210643153899973e-03
2.668204060034478857e+02 6.634083345075780471e+02 1.488789206070402407e-03 1.451795572587559653e-02
2.340399681074554792e+02 7.013114659614394668e+02 1.034536363321892499e-03 1.903137827182513027e-04
2.722715932182405254e+02 6.599280004238837591e+02 -5.981340016787591203e-03 6.008376940514770399e-03
1.239560760355173215e+03 2.897288246183373417e+02 1.483741686424854336e-02 8.508118847436714829e-03
2.368381791357732595e+02 3.336967856029682480e+02 -5.936629631389200162e-02 -2.380997415874712975e-01
1.025044237882608286e+03 2.693644179437001753e+02 -2.062827730998995426e-02 3.378184349719335483e-02
6.905693370497851902e+02 4.114115271010057313e+02 -6.185995861151488695e-02 -8.400882086680673544e-02
2.791323765163667190e+02 6.846543057892910156e+02 -1.931281721261590353e-03 2.425902090094226096e-03
2.238049315957261172e+02 5.732094022250282705e+02 -7.394437653385330100e-02 -1.094219358886374185e-03
2.755228508725775214e+02 5.277944943234164157e+02 -2.493453910930010318e-03 3.923074411152874252e-03
1.174700975762541475e+03 1.760962123538832600e+02 -2.865258472193000713e-03 -7.615177857580941907e-04
2.498961534362705379e+02 3.712724434554513095e+02 -4.543761988075645936e-02 -1.687211907541690536e-01
2.396205196563632853e+02 7.399104823365764787e+02 1.476698976990003902e-03 5.292638596328927761e-03
2.409309025231455337e+02 3.462449840445036102e+02 -4.482682544660393509e-02 -2.284725970013271046e-01
2.470298369449538143e+02 6.297426541282767403e+02 5.066366529704305344e-02 1.262900701964416728e-01
1.142507839744826924e+03 1.488540714445492767e+02 7.450575374551220847e-03 3.341808051205512851e-03
2.581746022157046809e+02 3.667047444155682001e+02 5.158270392165306695e-02 1.962345281683892106e-01
2.647935727823423804e+02 7.300878774566809852e+02 -2.302261778225166925e-03 3.412996500612892350e-04
2.546265960700928872e+02 3.357261090239737769e+02 3.076127123056390800e-02 1.420245389828968807e-01
2.622549714311008415e+02 7.085484294957634575e+02 1.308174975323177745e-03 2.340811185083093750e-03
8.575541167908133957e+02 1.101728773714947238e+03 -1.121911494625003430e-04 -3.047539097620432071e-04
2.305747131842055353e+02 7.396164545104765011e+02 -4.862146742994744204e-03 -4.438486117013519701e-03
2.460023430791909220e+02 6.243482620187660359e+02 1.089175170458458602e-01 1.524799169005059407e-01
1.405101711271033196e+02 3.913098079488697749e+02 3.086636798550646422e-03 9.593242023562075990e-03
2.137856374607863756e+02 6.698079423327734503e+02 -8.537008388037691615e-04 1.846374608671884701e-02
7.157652822081677186e+02 8.771335076541480475e+02 -2.381463529530102822e-03 -6.533042470380786594e-03
2.385348699538595554e+02 6.649285106181137053e+02 -9.938014372037309169e-03 3.069300338706335007e-02
2.490218527494304794e+02 6.167552918236368669e+02 -5.942315300274875894e-02 1.292231290123241061e-01
1.126688012446462153e+03 2.190280872575223725e+02 -6.072436245112795145e-02 2.297919861532335128e-01
2.346774013561977483e+02 6.293691790093332656e+02 -1.156455778054366751e-02 3.407440894499368100e-02
3.404370455631485584e+02 1.040343210507851381e+03 2.447843493519407942e-01 2.347944036432186299e-01
2.592417391987070800e+02 6.395561022948965046e+02 6.941647017517970156e-03 1.706998618775593807e-02
1.515592194794295153e+02 5.163190998827772091e+02 -5.132394635155220763e-01 -4.856207762058111638e-02
2.602579859296976679e+02 5.009002341255624629e+02 1.046873762696779731e-01 -6.391764728951021546e-02
9.452012714416741801e+02 8.531447516880057265e+02 4.515198034938509874e-04 -2.336512235015421844e-03
1.178562244306144748e+03 2.343992219904552599e+02 -3.475091077135483708e-02 3.252220411668745731e-02
9.949016524971116269e+02 2.327187060984732057e+02 -7.484216054023710117e-03 5.570657387919521197e-02
1.036965672307018849e+03 2.479898230968676103e+02 -1.929913080205862275e-01 -2.325435372152687696e-01
1.145238852808546199e+03 1.884367885526291104e+02 7.821065967985728340e-03 -9.893640638996531456e-03
1.122227626743045676e+03 1.902516148730642840e+02 7.308323780102460310e-02 1.434261073634275907e-01
2.248343146597784425e+02 2.935214942815756558e+02 -7.078589994579778666e-02 -2.873902620484293235e-01
1.085791469491469343e+03 2.044067886413921542e+02 7.850219966122935419e-03 -1.708257666983809334e-02
1.169431691048726634e+03 3.671016297633062209e+02 -4.419706158887043088e-03 2.648404165743519292e-02
1.200147539792417319e+03 3.622571127709880443e+02 -1.509757464257763526e-01 2.583359882672789029e-02
1.149067143116632678e+03 2.562359340965986121e+02 -3.299646849614166766e-01 -2.312955853031692932e-01
2.828668261706228009e+02 6.782344187354372025e+02 -7.482504301599486769e-04 4.667212100157080122e-03
9.163806006331659546e+02 8.428753501879814394e+02 -2.534113916299765568e-02 3.381631299901365854e-03
1.235368439184626368e+03 2.784626518127476515e+02 -3.815722949177665409e-03 3.694449833918690869e-03
1.189333534110056007e+03 2.276869749116774813e+02 3.301784595492736601e-03 -2.183933573714296958e-02
1.156220380090585195e+03 2.993285863612194362e+02 -4.606197966768377228e-02 -9.536220398240290164e-02
1.030966290713597800e+03 2.761028344902347271e+02 2.381743651164136793e-04 2.816455211510257486e-03
1.170870516990830993e+03 1.708025637551965019e+02 -6.716248789403060681e-04 4.170898539840236022e-03
2.800013123037111313e+02 6.922106960041742241e+02 4.204242451621239174e-04 3.728569539883228555e-03
2.616304141904089420e+02 6.967379760182478776e+02 2.164275258572201637e-03 2.305257259724097056e-03
3.875211896381655379e+02 1.077950017649867732e+03 1.851756590608995834e-01 4.122548958796662388e-02
1.135451061317049835e+03 2.739484228776245800e+02 -5.312795239475946729e-02 6.581678632901142830e-04
1.861162163681346442e+02 5.744358211209327010e+02 -5.324262677042738458e-03 -1.069048981490046575e-02
1.192720149342957029e+03 2.286015277849859615e+02 -3.130902316348681963e-02 2.291395389949002492e-02
1.207544702367322316e+03 3.047445198962523705e+02 2.296195191659013146e-01 -5.459243420779159167e-02
2.296567022611671121e+02 6.272486416864105649e+02 -1.381452077055482248e-03 1.671772923432714858e-02
1.213706731758578826e+03 2.409249233803268737e+02 9.172977378277281935e-02 -2.214781952710553198e-02
1.147948891928385365e+03 1.645028695739205773e+02 -6.510136898171340822e-03 -3.741784266280363813e-02
2.727375628500788025e+02 4.403714655330835512e+02 -1.260324936949511546e-02 -5.107709341328274533e-02
3.080992381453638700e+02 1.031313307196088999e+03 3.794971296952267398e-02 3.248344642187991349e-01
2.103379364587128464e+02 6.443511317112637471e+02 1.469617030432228888e-03 -6.331893676423812692e-03
2.254883162136353860e+02 3.051856074099345619e+02 -7.501581909641437396e-02 -2.750383761280017492e-01
1.112754370389892756e+03 2.280422151766656214e+02 6.305314810737003284e-02 -7.723467269075297292e-02
1.172313738258672174e+03 2.146690771884703679e+02 3.907565713935618607e-02 -1.013966071959100483e-02
2.461758784120809196e+02 6.931712962237736519e+02 -2.590861147980646692e-03 -3.933946968257682922e-04
2.726170826572590613e+02 6.533486167244388980e+02 -1.046570046922300819e-03 6.932646599489989542e-04
2.911282453530620842e+02 6.473369632177642643e+02 2.713046665431053349e-03 -1.527305811012271558e-02
1.128662418812648639e+03 2.196547402375676370e+02 -9.037387298887848697e-02 1.333983058005027145e-01
5.272810858629123913e+02 4.752125362753577065e+02 -5.562746451628884821e-03 5.689881763747971048e-03
4.377546507786069014e+02 1.087009046469230725e+03 -2.288310675075394193e-02 1.926655255956665272e-02
1.155157147453760217e+03 3.674492309998134942e+02 9.069684070376445723e-03 -2.178750105928213554e-02
2.708109044172710469e+02 6.398013914265518451e+02 1.351601082670316444e-02 3.828156305381989755e-02
2.720931102879338255e+02 5.523354703537080468e+02 2.385427771168976696e-01 -1.655198007527468596e-01
1.119391272981587008e+03 3.039908358946164526e+02 2.980752513346109356e-01 2.352647023328041653e-01
8.233856620734522949e+02 3.779607845776708359e+02 3.061463676636092153e-03 -1.004509034414177888e-02
1.280543292187568113e+03 3.717986397185381975e+02 -2.969497596383223383e-03 3.312694369399894062e-03
1.002152464758174233e+03 8.662995532300715240e+02 1.145194577180284429e-04 -5.217575928927229746e-03
2.284770507071660006e+02 6.885011239180454368e+02 -1.397193213539040804e-04 -6.824826390628247613e-03
9.227437233248836037e+02 8.644876926659857190e+02 -3.811462312380243904e-03 1.765759205992784887e-03
1.246840304960590629e+03 3.088629217701893594e+02 8.755065138570492997e-03 8.545488679046548547e-03
2.384240380856261368e+02 6.774937238079636472e+02 -1.941211825240852021e-02 1.486743448511711818e-05
1.098556845040298867e+03 1.758193777765189054e+02 2.699565918453235031e-03 6.162282549003027243e-02
2.689801579097101580e+02 4.479837474398615313e+02 -5.304074094324998101e-03 -1.627073666326011095e-02
1.160223375688321994e+03 1.975892225926369292e+02 1.075452877374361710e-02 9.142350993732805504e-04
2.716994655160497132e+02 5.571420161464583316e+02 2.421383615842711001e-01 -1.650491075084058179e-01
3.455216367778864992e+02 1.004652864492538015e+03 2.436445482511308009e-03 2.528740931326982633e-01
1.157179067657268206e+03 2.110738560771661696e+02 -1.413595356647384064e-03 5.527638014101647450e-03
2.778682825012674016e+02 6.588798036025852980e+02 -1.384895538012755143e-03 -5.486792802076202215e-03
1.135258791888510132e+03 3.503971441400119602e+02 2.092314309775832395e-02 2.550318597654004787e-02
1.126576496061030866e+03 3.501360850363635109e+02 -1.770594006789447117e-01 9.524759402463002511e-02
2.367663808811742001e+02 6.109039165212783473e+02 -1.869605581118281012e-01 2.389088379120584138e-01
3.068311632524950596e+02 6.298091336717707236e+02 -8.258499305792282863e-03 5.806836734884857944e-03
1.038236481867091243e+03 1.705116845793360199e+02 -6.147135155146369462e-03 -4.329781456882956375e-02
1.050912398068865969e+03 1.866878345723330881e+02 -2.757583125381499103e-03 3.023494715236130139e-03
3.621734086520802975e+02 1.038591960861028610e+03 2.111357188279246455e-01 3.355893157072657451e-01
2.477026262222038042e+02 6.822251498177358826e+02 -1.186519825783747227e-02 -3.623562464523806016e-03
2.641153065950052223e+02 4.815842304017311335e+02 2.556104693280161766e-01 -2.542384253858437360e-01
2.724341082249559918e+02 7.172556838761070139e+02 3.292962905783326354e-03 1.208699996807511678e-03
2.446481635063694853e+02 6.120469586813711658e+02 -6.216430768551875485e-02 1.234494183483046126e-01
6.091138767523001434e+02 5.229282324551331840e+02 -6.632509425244595413e-02 -3.382131237869649421e-01
2.844526531827103781e+02 6.717677889472914785e+02 2.751703818808207309e-04 1.933280742475902269e-03
2.508924788313848069e+02 6.397643446717335109e+02 -7.395228191966236528e-03 -2.593933046690304750e-02
2.245470454543595338e+02 5.342540232413979311e+02 1.807828803850817512e-01 3.897094912839396685e-02
1.112205473401254267e+03 2.116067210589999092e+02 8.757128503743437375e-02 -1.344216235046129769e-02
1.184502795958496108e+03 2.592204501657170113e+02 -7.264966685269346781e-03 1.840732644278051874e-02
2.878636852955765448e+02 6.055548398232976979e+02 5.042222759649157143e-02 2.367432005815841567e-01
1.187939455254246468e+03 2.041575876286646292e+02 -2.624775793037545032e-02 -3.744762418614975413e-02
1.129473435653416345e+03 3.375946981566239629e+02 4.074732683065040474e-03 1.730615716071373655e-02
1.748639082660651525e+02 5.709828076196750999e+02 -1.773102972588203041e-02 -6.964630205160493061e-03
2.823746826839760047e+02 6.488179972326938696e+02 5.637927255094998986e-03 -4.167819011207362853e-03
1.055348071658108665e+03 2.031676865954449909e+02 5.054326268876111958e-03 -1.275419056272826882e-02
1.068495267347494973e+03 2.481114478126914378e+02 -3.178885627621571563e-01 -1.181256537502246018e-01
1.915042835436548216e+02 6.688469584142169424e+02 5.668158989342182361e-03 8.530366005682634215e-03
2.486457200941736687e+02 5.809012824283985310e+02 2.742855266803582159e-01 -2.506890275074393770e-01
3.799000372754055093e+02 1.087470752483743581e+03 1.494903807093659609e-01 4.311120084268470209e-02
5.680383944342737550e+02 4.265176839734278929e+02 3.589812677279663293e-03 4.271681659837226787e-03
1.178428872103791264e+03 2.405087479339517529e+02 2.297091211905335530e-03 -2.590749741561088754e-02
1.133526452714316065e+03 1.692995859784327877e+02 7.428975676696222483e-03 6.351868677170567634e-02
3.142086067033489485e+02 5.042685949600152071e+02 -6.739585448805415118e-04 -8.494648024271321540e-03
6.059998340229658425e+02 4.384099718067427034e+02 -3.715785570480506245e-03 -7.767605708689341928e-04
4.629062330783498851e+02 4.523143203495152989e+02 -3.454799063185513830e-03 -3.095055825157811639e-03
1.159265200032652501e+03 1.884602066325698502e+02 -5.621107317814099877e-03 4.499563102640484480e-02
1.095146853427964288e+03 2.682116851806209752e+02 2.264412285468606068e-01 8.966397984030920199e-02
2.922012280146430498e+02 5.986865369789150009e+02 1.094566477238537693e-02 2.365564635166177432e-01
1.154684722272128511e+03 3.273058475939342316e+02 8.877224120285495679e-02 1.134337346046234846e-01
3.137211039575435052e+02 4.975992071226208395e+02 -1.740245757915063465e-03 -8.643828166430124558e-04
3.054750972472943431e+02 4.581674196348345731e+02 -6.138162146718365714e-03 -4.160167839921825005e-03
2.338797724916251184e+02 7.719027567495701305e+02 -5.114452961903891842e-03 -9.637055954751510764e-03
3.022485304466261482e+02 1.035900106032151825e+03 3.399477675024418361e-02 2.918915410985792325e-01
1.516469206944376538e+02 4.548678027815651603e+02 1.610415770899169393e-03 8.444539886881156443e-05
8.180759198368175475e+02 3.375597808987166104e+02 -1.358049088277410964e-02 5.967342291806645299e-02
2.276660876308471870e+02 6.368895615159254930e+02 -5.219368959346708248e-03 -1.910376383822346563e-02
2.672395931201043595e+02 4.044482739058004199e+02 1.235729544617497344e-01 3.236201091686900511e-01
1.267777438989727443e+03 2.586254758139041314e+02 8.898028301486966135e-03 -5.452819652209475038e-03
1.042278498895469284e+03 2.660246482343286516e+02 -2.890097929665277343e-01 -2.310518126155211571e-01
1.105067469218221504e+03 1.854271215133771591e+02 4.020678265056171902e-02 -2.570700755933696263e-02
9.413703623073772633e+02 8.512577546792045950e+02 -3.602667094338754192e-03 3.297095423316040962e-03
2.322013212067929828e+02 7.154900507471099900e+02 2.186129443716123503e-03 4.289803059379826596e-03
2.915695857190464153e+02 6.620262310192636050e+02 -8.126065501025353174e-03 3.833808234942510398e-04
7.962071350584471929e+01 3.432557854706429339e+02 -1.075799598868562856e-01 -1.892161979404880234e-01
2.375088999747553373e+02 6.486752962052089515e+02 -1.262810818775900006e-03 1.436913835648778899e-02
1.132974279846866011e+03 1.823633464531415882e+02 3.922049471846026161e-03 9.498821190652449731e-03
1.831666679913748794e+02 5.396232346248417571e+02 -2.115275895027076691e-01 -3.686177874766237150e-01
2.426638112284079796e+02 5.917559308373361091e+02 2.715800246208499025e-01 -2.747013142973410149e-01
2.590058027905220683e+02 5.454405527012028188e+02 -8.106771250535055318e-02 3.049074836380085696e-01
1.140272155074857210e+03 2.403052710835203527e+02 2.409043521386070724e-02 1.379217440637265681e-02
1.145505203576671875e+03 3.305463344497228491e+02 5.367697296091956255e-02 8.714044646317031795e-02
1.131427559597737400e+03 2.401521965468608926e+02 1.467714591174599549e-02 4.780821639086564601e-02
1.066777478723331797e+03 2.282202042100121560e+02 2.594177275463296906e-02 -2.119422172675052701e-02
1.159686616158716561e+03 3.085884699219338358e+02 -7.897389647488657627e-02 1.851078299881056266e-01
1.203169749582968052e+03 2.014331806706878183e+02 -7.316398314060279517e-03 -1.378672862053107427e-02
2.302182183285555368e+02 3.339702272388101392e+02 -7.157154094060098892e-02 -1.973266379834023310e-01
2.559401013941288738e+02 5.661860429798870200e+02 -4.271900689361464443e-02 3.262311017506768218e-01
1.760740717718321946e+02 5.488846293209791156e+02 -2.714265137904137148e-01 -1.860287469486264500e-01
1.212069863222691311e+03 2.778668184746474026e+02 -4.130380799135381469e-04 -6.430055059504051485e-03
1.225752050869815776e+03 3.036127401225298854e+02 2.399961018168727048e-02 2.400034347035986254e-02
2.499997215527056369e+02 6.516394173838941697e+02 -1.707455149060159265e-03 -2.398568223692663145e-03
1.269057434412283328e+03 3.564934030174551367e+02 4.456629176429892647e-01 -1.842676982262854979e-01
1.084189541951624733e+03 2.295075157904811078e+02 1.648341088716193462e-02 5.044536888063513858e-03
1.028993400983041056e+03 2.552881236624299675e+02 -1.195769206832651560e-01 -1.102011128465226197e-01
1.009719778799716323e+03 8.370163118881331457e+02 -1.562944131057637321e-03 2.431710766517885310e-03
2.598232357782450208e+02 5.598659681392553011e+02 -4.908477490658530451e-02 3.297590236221594751e-01
3.234965717363475619e+02 4.810226329706561046e+02 -2.031110136130222232e-02 -2.641368385971278737e-02
2.410271460974181821e+02 7.051112985459229776e+02 6.660138131208706569e-03 1.927297808764827716e-02
2.545411613465415996e+02 6.702962673040472055e+02 -9.958166944258690836e-04 1.894335551781696839e-02
1.071836691413792551e+03 1.925437869590930973e+02 1.089064847062470344e-02 -5.783435034146296866e-03
1.079479274576445050e+03 1.984482318490776720e+02 3.493829970688067804e-02 -4.902246269249316279e-02
1.223000132199554855e+03 2.696655385299452519e+02 -2.824559938020648059e-02 3.721757601511619523e-02
2.921370588238413575e+02 5.288375223809701993e+02 -2.753715487784521090e-02 3.798587420261639314e-01
9.994456141705682057e+02 2.422829913003266995e+02 4.933551739802421142e-03 -5.290688237844469802e-03
2.584660095606928394e+02 5.897103390074348681e+02 -3.442978383489869038e-02 3.650500029308150762e-01
3.100439217933436566e+02 6.028076287790054266e+02 9.555622481152770131e-03 2.291121031518768628e-03
1.521267400509125025e+02 4.951174267667175286e+02 -1.954766207562203262e-01 -3.277977576534494286e-01
2.420540286775053005e+02 5.090227797775095269e+02 1.176903290877109182e-02 -1.096718627662058021e-01
1.177674122095909752e+03 3.461340722019520513e+02 8.403714210589446898e-02 2.028298621722712802e-01
1.185913628270440768e+03 2.997135132308442280e+02 7.200865770105698005e-02 -3.104850428257621697e-01
1.157350617382141536e+03 2.454622671692253562e+02 1.302033155838045603e-02 4.799228839817827694e-04
1.072850281370758012e+03 1.788101452536240288e+02 1.492514206944687838e-01 2.545911826545468187e-02
2.671642685873779328e+02 6.182578243593301295e+02 2.070835932183606818e-03 2.376067118831033925e-03
9.867541397618902010e+02 8.761654264270063095e+02 6.051247932234246228e-04 -8.972814066215271944e-03
2.626746534318434669e+02 3.380399409365401766e+02 3.808571209682924674e-02 1.384292740806544464e-01
1.086456858749020739e+03 3.420216959620776151e+02 6.635958447356579476e-04 -4.799365275085048371e-03
2.559081007020936340e+02 3.965254681266302441e+02 -5.078841237065541414e-02 -1.395992242859728227e-01
1.107295981689274413e+03 2.057461340696644925e+02 4.823950388696751634e-02 1.997670450257199581e-02
1.213937006997143953e+03 2.293874407138776235e+02 1.737212425218155609e-02 2.444217344459378993e-02
1.206642869235857006e+03 2.163956366940857095e+02 -1.166105769834532499e-02 -2.025610890396028346e-02
2.645296515554645680e+02 5.053586004765428470e+02 1.920190032938421110e-01 -1.210139211772342377e-01
2.039768107282465905e+02 5.709527721764700345e+02 -6.800972744416201171e-03 -2.805076035607904084e-01
2.872263596953343949e+02 6.640259349059833767e+02 -1.702704257874558709e-03 -8.040423439578632059e-04
1.173650812958842380e+03 2.338564846774292505e+02 9.034104631065010410e-03 -9.298803493432540937e-03
3.630210141333575393e+02 1.091895459445674533e+03 -3.233877263386769618e-02 3.306240799061555546e-01
2.660632100084434910e+02 5.514266643141523900e+02 -5.582494633248775984e-02 3.014120450056941292e-01
3.530792679883851974e+02 1.046745276994097821e+03 1.647309451180613005e-01 3.098954110958184183e-01
7.367542991094218223e+02 3.976564682036691920e+02 4.498408511425823764e-01 -1.143282843746545527e-02
1.145298201390787199e+03 3.572957362102917500e+02 -1.149556846761661671e-02 1.101789556557067340e-02
3.106028648509243908e+02 4.867652487994439525e+02 4.150017904869727353e-02 2.468234320556832520e-02
3.124136265077709140e+02 5.186982248229671768e+02 -3.120546625500492631e-03 1.051769004487654834e-02
1.140366916789108700e+03 3.177856204700319154e+02 2.355072474980747510e-01 3.519264633211891674e-02
2.461140497107253395e+02 6.660530821114924720e+02 -4.491277474394821285e-03 -4.396135354487243178e-03
1.141528230866025979e+03 2.975611913441430829e+02 5.219954227879840258e-02 8.849826179422595751e-02
1.223015875233161296e+03 2.938918861230598623e+02 -2.385842686997889130e-03 1.479088778055056294e-03
1.212869193295288596e+03 2.891701126277454819e+02 2.838836852228818208e-01 -1.376124818164066455e-01
1.062821096806282412e+03 2.208002989208976885e+02 -7.847231365263220145e-04 1.798190211964184951e-02
3.521475601807101157e+02 1.095980171101275118e+03 9.316562441823252050e-02 2.844309158756999634e-01
5.053652850412846078e+02 4.759266068204775024e+02 3.157137956655801415e-03 -5.622491043944177584e-03
4.216618353446065157e+02 1.095829412660086746e+03 -2.639991408996858902e-03 -6.094768499113990996e-03
2.068016371125882813e+02 5.633052027632957106e+02 7.545815707500803937e-02 -3.212957097897909398e-01
2.510172310743957951e+02 7.094218850773551139e+02 8.418916069612156564e-03 1.970108787043383086e-03
2.180962745393769353e+02 6.121709001600687543e+02 2.014556952181162097e-01 -2.173251245636652895e-01
2.351720425718418426e+02 3.220204319489095610e+02 -9.796260967238672179e-02 -2.979689277055523333e-01
1.205115393628791026e+03 2.772593296104042224e+02 1.191933650820468753e-02 -8.630270128720092526e-03
1.159910787289213431e+03 3.334624591442326391e+02 -5.649668243344115742e-04 1.892351301534974869e-02
2.693038559216997214e+02 6.556672802638308895e+02 -3.237286444410677339e-03 -4.842670587325949468e-03
2.217661084543084655e+02 7.159613596853519084e+02 -1.620024464841662848e-03 9.663116933032341298e-04
1.024562670640911620e+03 8.659791413460598051e+02 3.020960278799165229e-03 -8.353781848637878080e-03
2.833912984695422779e+02 6.383101462223155522e+02 -1.270904664896547673e-02 2.032595509463292968e-02
1.149923062003674204e+03 2.133083781316447300e+02 2.713736771077285281e-02 4.148430300054794205e-03
1.083832802691682446e+03 3.395607389554878068e+02 -7.144465062342218210e-03 1.231887464397704926e-02
2.888754459695360310e+02 5.911876761391320088e+02 5.685222496809517329e-03 2.745073542518812748e-01
1.245996933753118583e+03 3.620845486610433568e+02 4.329722539982822638e-01 -1.888238972094021251e-01
1.027697271623303095e+03 1.620453095815831830e+02 2.206598541558585456e-03 6.632421080961038544e-03
7.664992964838447165e+01 3.152017773697161829e+02 4.516405918125055395e-03 -1.139068409462661285e-03
1.245058145928290969e+03 2.737165702285789166e+02 -5.207962713700566536e-03 -1.358987742834120299e-02
1.063147275272665638e+03 1.987799851760313459e+02 4.020241797238353378e-03 1.305539856499259889e-02
1.929484574120300806e+02 6.911143993441503426e+02 1.470259747555579741e-03 2.044378693564439381e-02
1.121118295855409997e+03 3.214748871076240562e+02 6.604822046915390099e-02 1.469255895992526151e-01
2.300584278063750503e+02 5.711009141846977855e+02 3.681024303023572308e-02 -7.162837047854006805e-04
2.417473751236577755e+02 6.054442878542552080e+02 -1.763371716684641044e-01 2.329102848657069735e-01
4.769367437112323955e+02 4.858285555000526870e+02 -2.958171951928703004e-05 -1.854211223446489642e-04
2.153279686396405168e+02 7.224728726219426562e+02 4.762268859378077437e-03 2.939153732194255868e-04
2.869968992947075321e+02 5.305870960130208687e+02 -2.987798606591578459e-03 3.543865646602728514e-01
1.294380391045338001e+03 3.403538240626005518e+02 3.369792254131565024e-01 -1.214284291332645704e-01
3.036035439851179945e+02 1.024932001918229389e+03 4.671513219825488422e-02 3.244481189815056621e-01
1.110499043311752757e+03 2.219234130703116534e+02 1.074012862213793995e-01 -5.385112362290865595e-02
2.769563450279410404e+02 6.746403278284933549e+02 -1.523876517010779637e-03 8.533170505697313746e-04
2.167415516361101311e+02 5.898282004893032990e+02 2.357785978122438897e-01 -1.578983725184192888e-01
4.023113270262783203e+02 1.066886138094209400e+03 4.186824949543190288e-01 5.356987316190700010e-01
1.124796718597963036e+03 1.804866688759154840e+02 9.492967717636533256e-03 -6.213869364648533927e-03
1.166811256867206339e+03 2.553933010310194902e+02 -1.070247284948017737e-03 -3.972925639451792279e-03
1.102185283795120540e+03 2.848746696501197562e+02 -3.041626291197658261e-01 -1.388907601791301849e-01
1.156954133345235277e+03 3.178702745086171717e+02 3.100121179266708271e-01 2.384026096733420433e-02
1.148128831794831740e+03 2.957642958598424343e+02 6.186249905864306398e-02 9.631606834524673866e-02
1.181696232896078982e+03 3.294767862890454921e+02 2.761214183284876195e-02 -2.241998745973960983e-01
2.226516736577872564e+02 6.781529732049593804e+02 -3.088955326181477227e-03 3.864339955647088970e-04
2.238557828949594750e+02 3.209562230864972321e+02 -6.491614593065517247e-02 -2.388199841088237962e-01
2.804796118019504547e+02 5.957894807660768492e+02 -1.085732835177299124e-03 3.231271506202993415e-01
2.471243081156024459e+02 7.619313589636619781e+02 3.101581283490281770e-04 4.517511782971791665e-03
2.930396315166340173e+02 5.501909806502127367e+02 1.725566273677203027e-02 4.138463492213895756e-01
7.859614189162485900e+02 4.008970900389642793e+02 8.172536924794347865e-04 4.524656099448239738e-03
2.511298279369424051e+02 3.452685011725712343e+02 4.272136683028120163e-02 1.575063269611714778e-01
1.703455679140857626e+02 5.349093433247343228e+02 -4.348563187246923256e-01 -1.314746537538604154e-01
2.344491799723139991e+02 7.228066670662004753e+02 6.163454747327351546e-03 -1.085358027740533117e-02
1.235900800161064808e+03 1.330344396342210871e+02 3.946748145356443818e-03 -6.860724082959941336e-03
2.751723884208811342e+02 4.055215148047871594e+02 1.152584373690220265e-01 2.944546160011501934e-01
2.264752250377160863e+02 7.311691435787582805e+02 -3.541762047553666248e-02 1.417130251388923692e-02
1.957119106179805783e+02 5.321706560278535107e+02 2.292146198832054615e-01 2.339070330173785295e-01
1.131230704817783135e+03 3.396783500052849263e+02 1.732447011165439213e-02 2.501376441771631098e-01
1.273731178609438302e+03 2.633319999788441237e+02 8.905845853531550033e-03 2.983145792231565487e-03
2.818158308477539435e+02 4.433085079842064715e+02 8.398772329981721296e-02 2.794249212304704688e-01
1.164116586722145257e+03 3.529743593277088394e+02 9.032091635741507085e-03 -2.150141194878154097e-02
2.122477499690689058e+02 6.813681332592424269e+02 1.233525903612498094e-02 2.547207655756647190e-02
1.227647613444609533e+03 1.489924217818782779e+02 1.016316882991268825e-03 9.500633204136800861e-04
4.174672254145214083e+02 1.094897807242079580e+03 3.650325548003275841e-03 1.350644095539044577e-03
1.004228938691003918e+03 2.111336079927695550e+02 2.094848021969672180e-01 3.045447271529431732e-01
3.247753707786088739e+02 1.085410494709357408e+03 6.315055501806909888e-02 2.177185988065489519e-01
2.364265709420670589e+02 5.153664873475139530e+02 1.437690711939749733e-01 -1.473418312204956282e-01
7.177491129704670811e+02 9.191141534441652539e+02 -6.088538177274842485e-03 -1.638974585911554536e-04
3.597281728506124523e+02 1.088370751398008224e+03 -3.129969560143646551e-02 3.286397896275156105e-01
2.692204933439869023e+02 4.899097542104438503e+02 1.713977083118849998e-01 -3.546579407659751770e-01
1.043066067674513988e+03 2.591778975503520996e+02 -2.852905954081943474e-01 -2.507485383069821272e-01
2.689168827126540009e+02 5.942640007950856216e+02 -2.960935080914855327e-02 3.994483341703275459e-01
1.207131457757497174e+03 3.095045880165895937e+02 7.278616528425334645e-03 1.054642545147267338e-02
1.179303528066420313e+03 3.811736730152150017e+02 1.469594646188384333e-03 -3.067256201448418859e-02
2.038765726586411802e+02 5.906186302810278903e+02 1.557535200084226856e-01 -2.480997037138938099e-01
1.012786252697570148e+03 1.667005006824437885e+02 -1.792027592836210603e-01 -3.110738014049676536e-01
2.677472588631907797e+02 4.775680437821766873e+02 1.732592796881961272e-01 -3.710310794259230049e-01
1.073298810360816105e+03 2.382026856580443450e+02 -2.980483569096266661e-01 -8.870364144405135098e-02
1.077316195143268487e+03 2.947936333186926277e+02 -1.784585601585851888e-01 -1.949968178438388766e-01
2.211526268088698544e+02 7.086874924520880086e+02 9.638361942253064439e-04 -1.511115828759107028e-02
1.164963422783793931e+03 1.465786213643785914e+02 -2.727859999178087330e-02 5.410731284473372510e-02
1.189057585674956272e+03 3.476635617875219282e+02 1.760520401372595856e-01 3.424942117371103378e-02
1.116626026328787020e+03 2.187989419445892452e+02 4.536578472160870956e-02 1.565873619612114312e-02
1.173724382513005366e+03 1.867122207055783463e+02 4.285005633802020653e-02 -7.744980189914490651e-03
2.431279161645266811e+02 3.873627884938932198e+02 -4.057199424994732684e-02 -1.777273234464614438e-01
3.057778278435283710e+02 4.907417045201459018e+02 7.642156135469545253e-02 1.274306309280639204e-01
1.203873275318080914e+03 3.575380760726420135e+02 -1.553579172346052431e-02 4.858245789453537883e-02
1.176627006190019074e+03 3.789745317870703047e+02 -3.078584375851836641e-02 4.787050535320824113e-02
1.029172979342652070e+03 2.941450092328616961e+02 5.702575736691050529e-02 -5.645446739009122444e-02
2.062737311104269793e+02 5.848511481457655918e+02 2.283351568874606718e-01 -2.563278553415766492e-01
2.067371941498684009e+02 7.182466398997601118e+02 -2.452476487158802756e-03 -1.192163890436183891e-02
1.215879701878930291e+03 3.565201384069841311e+02 -1.091849231744559424e-02 5.263909092192453620e-02
2.116361473222512473e+02 6.064283997963349293e+02 1.811274173394811504e-01 -2.214780205383377609e-01
2.538073148790411153e+02 7.050026140448309206e+02 6.659784207395959103e-03 1.270262926918983883e-02
2.451080794501992273e+02 3.088706782134043465e+02 1.522869828275390421e-02 1.700314961846983997e-01
1.130262416324151673e+03 3.318812729322359587e+02 5.059159077817828448e-02 6.924501254628288860e-02
9.859178414242896906e+02 1.999897995563579514e+02 2.002869211001118144e-02 -7.117508307141852571e-03
1.220690115655880618e+03 2.239807231083221950e+02 2.604878160685183269e-02 -2.252087559116578569e-02
2.060954861245112113e+02 7.124049316891571380e+02 3.400747721532680796e-03 3.125020658353380547e-03
2.964483554149753104e+02 4.857106520961000911e+02 4.462949882456215128e-02 3.470895848087364177e-01
1.056204801634321484e+03 3.210096129439785955e+02 8.213354435831729181e-03 -9.569758633390528652e-03
2.147244742402590703e+02 7.114943540316703547e+02 3.388940474413103428e-03 -1.969169884513675192e-03
1.078743670466813001e+03 2.771846793567067380e+02 -2.134697371708094427e-01 -3.498602523865882996e-01
2.911965151026029162e+02 4.469735906703546107e+02 7.857065282479255841e-02 2.998169473213026515e-01
1.229125142115472727e+03 2.468454613276176133e+02 2.432650043631090996e-04 -5.856431010803171341e-03
1.900977216086096178e+02 6.877332252022035846e+02 -7.275948847865068569e-02 1.720176929832560597e-02
1.128849388650862466e+03 1.686702821215735923e+02 -8.273497696908374208e-03 -2.473361432106092189e-02
1.126559041001640026e+03 1.943796036186857350e+02 -1.302785513841473938e-02 3.205928118370396374e-02
1.178950232381779870e+03 1.908863713102925601e+02 3.761411423297071621e-02 -4.863050822548178886e-02
1.167499756789412913e+03 3.281617827092046582e+02 2.805114392813378710e-01 2.257527713543992787e-01
2.224795462276595686e+02 5.882755497690380935e+02 3.590406181633363780e-01 -3.788461979466922758e-01
1.138842889345731692e+03 2.819863630861993897e+02 8.233727978969936079e-02 5.389512069672939415e-02
1.125262883805319234e+03 3.176927158862809506e+02 2.809915890047029463e-01 2.662500260325396106e-01
1.205730989384596114e+03 3.860733324996425040e+02 1.155256864847003032e-02 -1.773759393163424486e-02
1.141691688986772988e+03 1.775197666125762339e+02 -1.259223189728827207e-02 9.743098082517102909e-03
1.073975185407993649e+03 1.815544816554434817e+02 -1.853018977663233868e-01 -1.061791797138848525e-01
2.637793348963139692e+02 4.269144231280161534e+02 -2.695625371673864706e-02 -2.216641754324114866e-01
1.059116728616580303e+03 2.898033707254161300e+02 -5.958683932793982889e-03 1.661939542903310930e-03
2.272493834201495986e+02 5.630918417391815183e+02 2.182540441080994542e-01 -5.177757857698785937e-01
3.348770055631639480e+02 1.086865254788955326e+03 6.257733751942175238e-02 2.128265290224171380e-01
1.074563835691845043e+03 2.870454916097212958e+02 -1.570982335221747239e-01 -2.444125134709906888e-01
1.055064892212091081e+03 2.530582715832667304e+02 1.493825250910693347e-01 9.754402147624201269e-02
2.037031643902467692e+02 5.977025432574050683e+02 2.626661760498477105e-01 -2.188916145637798405e-01
1.169982477500547247e+03 3.039907012996960702e+02 1.436413679336042207e-02 -2.750923086931505567e-03
2.849609806985551472e+02 6.274977613079885259e+02 7.103579372283948951e-03 -3.297469627841452533e-02
1.931521447776967477e+02 5.624106080333543787e+02 2.382220706055008519e-01 -2.671132208740125205e-02
2.376291650770139654e+02 3.099628861060459712e+02 6.746602524325194528e-02 1.622856622332035648e-01
2.548238982325870552e+02 3.093975949846859521e+02 5.112375385002757705e-02 1.847518437296487015e-01
9.894264259281770819e+02 2.251869859218878389e+02 -1.271824110333286129e-01 -2.070195582757774697e-02
3.558238590685220970e+02 1.082863427495140286e+03 1.006920719623061525e-02 3.243883467442124635e-01
1.015846502134219350e+03 2.548175532941382926e+02 -4.015044982202310708e-02 3.484118662739639494e-02
2.375784276401144268e+02 5.844628138085527098e+02 -2.105875438770931640e-01 3.941112149062577785e-01
2.031885432541684224e+02 6.142632211724838953e+02 1.801120990953241352e-01 -3.795776530264177162e-01
1.190248286719775024e+03 2.118412969996930997e+02 -5.703497282707298971e-02 -1.247818457413808341e-01
2.405565551771101411e+02 6.925789865983105074e+02 -8.261811363735374267e-03 -1.327724780720238897e-02
1.174243430585064971e+03 3.139133828640697743e+02 3.976160409487113773e-04 3.618427877520029312e-03
2.429117407597055660e+02 5.171742705011067756e+02 -6.116779359231489660e-02 -1.028289329339245467e-01
2.340243964513599906e+02 3.457126129579127678e+02 -4.503424816129388691e-02 -2.197915314710672252e-01
1.148268483127573063e+03 3.531062743221719415e+02 -7.785342759680223892e-03 2.167079455188340373e-02
1.013773690775561022e+03 1.971543158499944752e+02 1.046945417879721341e-01 2.236265421211576510e-01
2.871577975944038599e+02 6.506995293335426140e+02 4.370743819823802445e-03 -4.084855042561225461e-03
1.252888322675627705e+03 2.666404749712096418e+02 8.176140866728002013e-03 -6.924632736735360228e-02
1.141463753426912490e+03 3.213138452874829341e+02 2.233471749370959658e-01 1.660161752231077426e-01
2.610131688500408131e+02 7.044603896487361681e+02 -1.937832506402205172e-04 -1.406879579442577672e-03
1.046968803629544027e+03 1.734352427404983246e+02 7.141752972036259639e-02 5.372824220080418128e-02
1.154632344059131356e+03 2.221462902584912911e+02 3.886656824196245592e-03 -3.790419774569128621e-03
1.103478520208792361e+03 2.146463177911475952e+02 7.070408851520801341e-02 -1.528229404962475578e-02
1.046901112240246221e+03 1.970936254331939494e+02 -1.769276539037059268e-02 -3.679848266101977405e-02
1.060995212683052841e+03 2.990032208849416406e+02 1.521245049965421836e-03 -8.834154393366476857e-03
1.213897088260655210e+03 3.858879477634472437e+02 2.811900645862112913e-02 -1.146988571496037126e-02
3.228648183887908090e+02 5.498017547679717154e+02 2.541933287159562835e-02 1.942739222056388826e-02
1.129056415986418415e+03 3.163164251258953072e+02 3.006554491331227541e-01 1.836113669556880268e-01
1.174225528787079611e+03 3.896353303632438383e+02 -2.650612230093312132e-03 8.277988721699379090e-03
1.133885541687886189e+03 3.685309944182675395e+02 9.919757414658000177e-03 3.101757301275278808e-02
2.200329407414343450e+02 2.932113617549075002e+02 -4.290869631506131349e-02 -1.694001551578678821e-01
1.150345738565125430e+03 2.476679394954516056e+02 1.546557609639880905e-02 -5.154599950752652981e-03
1.099124630927860835e+03 3.001879050387263419e+02 -1.290567266021501180e-01 -3.307658371485112103e-01
2.203157941790459233e+02 6.939647992775551302e+02 -8.420805022133141630e-04 -1.680209244151872547e-02
1.219643576203351586e+03 3.263598986913121394e+02 3.531701089644517788e-01 -1.857984563328765951e-02
1.582856483194061923e+02 4.960823022846573735e+02 9.533068781652019597e-02 1.383617548305477452e-01
1.063635034311134859e+03 1.605558583256820668e+02 1.792932224499100002e-01 3.263833520465340282e-02
1.100178879873684537e+03 2.351243418228018811e+02 4.638712194086792862e-02 1.182453092711170965e-03
1.083049333050430278e+03 2.718189681528655228e+02 -1.329218425052113295e-01 1.547631405308152325e-02
1.112044371190629363e+03 1.902807338445404923e+02 4.630081375486465138e-03 1.822016643874125111e-02
1.166287220073986191e+03 3.553748260912119576e+02 3.825982293975963705e-02 2.105434222034587577e-01
1.978610558394758527e+02 6.199810387226232251e+02 1.707509278281936771e-01 -4.304817987736629936e-01
3.300299466500642893e+02 1.018195099876849554e+03 5.544582050403579210e-02 2.818791671084355799e-01
1.855863494986547266e+02 5.635286198350469249e+02 2.322965901955873769e-01 -1.032411866241968040e-01
1.089193903134949323e+03 2.532833805901549908e+02 3.915028423728799112e-01 1.200788660428096649e-01
2.466265954976623789e+02 5.259870937436984377e+02 -5.774806211821757740e-02 -9.135193661137705479e-02
1.097078657225586085e+03 2.280283523511940018e+02 5.146207599766837448e-02 1.728951561062842257e-01
1.191696998002733608e+03 2.493694712334386736e+02 2.915277793049876609e-02 7.154600391888547330e-03
1.209903071866758864e+03 2.545694752952668125e+02 6.271895608751247748e-03 5.374854661846234158e-03
2.374095633067888969e+02 6.378103433968434501e+02 3.101971945801270530e-02 2.996853397443858744e-02
9.641254083054948296e+02 8.594681919173200413e+02 -1.595704235649134106e-02 6.471117861828893161e-03
1.611888553535884512e+02 5.009969420707799941e+02 8.259911729915042633e-02 2.452514618275295488e-01
1.236218198705876830e+03 4.013955414476689612e+02 9.053220339361931629e-03 2.206859711466695184e-02
1.039989221720368732e+03 8.491890399236948497e+02 -2.913845011197113092e-03 -2.070989174142320432e-03
2.406536096294309175e+02 3.038032246380921606e+02 5.917636372954310914e-02 1.708604591950617646e-01
1.132353110526026740e+03 2.222784539693653016e+02 -4.144381806579582744e-02 4.324428219397220829e-02
5.171710447144055252e+02 4.814289810428529677e+02 4.722662652984686263e-04 3.062016383938660682e-03
1.048001023687134420e+03 2.527194789642922217e+02 -2.917816558228402690e-01 -1.102238375323191105e-01
3.302802637062663962e+02 1.075094291198700375e+03 7.542903883120023745e-02 2.014443795513210789e-01
2.653675784080660378e+02 6.756092001360293580e+02 3.047015856636681652e-04 -3.339227683817452483e-03
1.000476215628061482e+03 1.897293193284671986e+02 1.248760763732867096e-01 1.740530965256019413e-01
1.141356156253236122e+03 1.979521203532875973e+02 -1.608480087300937769e-03 8.230008689382685080e-03
1.111142594167628431e+03 2.527457245121142932e+02 9.198256806046341272e-02 -1.075813069555570933e-01
1.161989476502745674e+03 2.228746272635803223e+02 -9.572805424274642705e-02 6.964586583656041940e-02
1.263241854477126026e+03 3.644957985422390720e+02 4.404315643931934199e-01 -1.563611841157648841e-01
2.388734464423093584e+02 3.692920671718949279e+02 -1.939745849749754253e-02 -1.868627765031248278e-01
2.800293181397474882e+02 4.964113637641456762e+02 -6.756611550871285260e-03 4.456030254537853286e-01
2.753892544936685454e+02 3.905030950331105828e+02 3.559580093810822687e-02 2.117780214876615608e-01
1.314296708732172419e+03 3.383189097977273150e+02 9.988422944689716310e-02 -4.609932369257023488e-02
3.435691557464674588e+02 1.057318079773337786e+03 8.117643751843673164e-03 3.304567918325773124e-01
1.166127751791549827e+03 1.914525567926343683e+02 -1.869773083863152802e-02 3.478261551472091456e-02
3.337480972338423726e+02 1.095818476119790148e+03 2.620526845044306996e-01 2.338258465992129331e-01
4.828284925932460396e+02 4.754214145880702063e+02 -1.679949708193070835e-04 -2.730652328492711844e-03
9.680395571047046133e+02 1.792245857545449326e+02 1.807512978276034910e-01 1.014315067937463927e-01
1.094382625358521636e+03 1.962877668388702261e+02 4.491375621998299622e-02 -1.090163506266092208e-01
2.043161213707976742e+02 5.389182206766612353e+02 1.833920168731856259e-01 1.970318281326520482e-01
1.090856426423303674e+03 2.151444412093877645e+02 3.825299109396801400e-02 1.583973409828774367e-02
1.028656087467935095e+03 2.403535105986559586e+02 -1.859063572495882055e-01 -2.258364973980173385e-01
3.220037689300867214e+02 1.051230785688063179e+03 7.935582445882821689e-02 2.093378196772044675e-01
1.147928775194795207e+03 3.457415329067608809e+02 1.109559422917374060e-03 -2.456262772167630472e-03
1.864256268942829138e+02 6.203781980450510218e+02 1.458642209534586898e-01 -3.469898292160448205e-01
1.099248212275502738e+03 1.952158016067779727e+02 2.326961504072894843e-02 8.415445839196658909e-03
1.211301407060297834e+03 2.358159805602768131e+02 5.434442023660798066e-02 1.892109706816924586e-02
2.701567266516888139e+02 3.944201072327231259e+02 4.040810065600107526e-02 2.572667248306648724e-01
2.003848036655518854e+02 6.331194726384680962e+02 2.799907642233031013e-01 -3.930777994384256346e-01
2.612832534273700844e+02 3.601046246660265524e+02 8.881420502026864117e-02 1.941704108776832471e-01
2.572445344228191857e+02 5.135557048672410474e+02 8.479128989422081430e-03 9.683909062149657909e-03
1.176616590800500717e+03 3.596575522431854779e+02 -6.144005432213686668e-02 7.542834425965777578e-02
2.591171047683190523e+02 4.089648348034510263e+02 -5.913414600051948578e-02 -1.419287891672368351e-01
1.114684795690233159e+03 1.869253074546994640e+02 1.464920461204609892e-01 -1.435059416941462766e-02
1.075449389059611576e+03 2.040519719669500205e+02 1.114440595597773059e-02 -4.939357537864864749e-03
1.188911428926227018e+03 3.876790147628643126e+02 5.265352400681916345e-02 1.702838121236099900e-01
4.616850488780995647e+02 4.513986644957136036e+02 -9.173052212967250721e-03 -3.385252877098356671e-03
1.106281030417880402e+03 2.000141901575901784e+02 -2.248909852439470378e-02 1.443588647934900548e-01
2.572694386566324738e+02 7.138997567555958312e+02 5.079630900194796218e-03 5.688144504268714471e-03
1.083601181643482732e+03 2.868162051332285500e+02 -2.780680607204702448e-01 -3.242602267090356483e-01
2.516193502553618941e+02 3.559102873405714149e+02 6.934256535586123815e-02 2.292821898099258737e-01
1.104596494557750702e+03 2.279985303936459786e+02 9.378331460622961468e-02 2.449053827661478583e-02
1.351002426504490131e+03 2.618417135511489278e+02 -1.455533793184506802e-04 7.475205906081672756e-03
1.059555057261168713e+03 1.693869143417218481e+02 1.132053508866087826e-01 2.606427244073581794e-03
1.081244181863654831e+03 3.078719701456412849e+02 -2.165333586828007972e-01 -1.824903544819991286e-01
1.216642674484791314e+03 3.074874380608738988e+02 3.126390937752428212e-02 6.560428640934263221e-03
1.387264380290428960e+02 3.967814562916581167e+02 -4.601003042026707845e-03 -7.448172733636404530e-03
2.287003759752194014e+02 5.369223576615850106e+02 2.358842943128292013e-01 1.157963904632985930e-02
1.174498074102375085e+03 2.480768895191444585e+02 5.189955412780378197e-02 -7.991833339379450507e-02
1.211113562760469904e+03 3.928811577806802688e+02 -5.188170485070031646e-03 -9.796691306206639638e-03
2.059331899151491143e+02 6.899781788138303682e+02 1.800644459833300459e-02 3.115696908502307849e-02
1.157247932857967356e+02 4.030601073660375278e+02 3.223437419887527078e-01 3.472289008478471328e-01
5.040305924945009792e+02 4.683465295099694572e+02 -2.618129094797026421e-03 1.234688295490528678e-02
2.134362050208961818e+02 7.566133165551106003e+02 -1.218377900604499658e-02 6.783541429655036425e-02
2.541060380450560388e+02 6.808046852147650725e+02 -1.079928866974985474e-03 1.069115131404957484e-03
2.459639965007750106e+02 7.013829938868783529e+02 -6.446722665131936723e-03 -2.566958654114658532e-03
1.826351556160512928e+02 6.260165780819580732e+02 1.228827589822086286e-01 -3.516158344067910058e-01
1.113808939899499592e+03 2.469748068881597476e+02 -4.812162453596479511e-02 2.066644151520046491e-01
1.105532033111211149e+03 2.634633279804667723e+02 -6.203116065260148165e-02 5.089187777983337352e-02
2.653176556975556082e+02 5.300249418354380850e+02 1.192890785236073725e-01 1.920153127109314739e-01
1.136851134442458033e+03 2.301321742242672599e+02 2.784483297029702667e-02 7.492894568054161986e-02
9.666576999220736752e+02 1.789306697797412085e+02 1.394549768918754984e-01 1.699513434582619331e-01
1.107816053251741323e+03 2.370024900353738531e+02 -1.455207671381097412e-01 1.630707736298387944e-01
1.104282353410078940e+03 2.771952625758622162e+02 6.142282831373735430e-02 2.758190783452628136e-01
1.229005928492338853e+03 3.048932301945069980e+02 3.339707295169194127e-03 1.192594621594748015e-02
1.197589277823745988e+03 3.196127657334964738e+02 -1.197064200908814526e-02 1.130997502757308606e-02
1.138584855121605642e+03 3.621198593228200480e+02 5.853334130644689826e-02 2.944313499917892291e-02
1.056604096669179853e+03 1.915341896139635480e+02 5.162233214541629700e-03 -2.562874860294641483e-02
1.175964836115692151e+03 2.229685319877636402e+02 -8.030344638753832143e-02 -1.062719713367539509e-01
1.105999359702583575e+02 4.080396074116757177e+02 3.043877313521726191e-01 3.736351212771438224e-01
1.154544387027432776e+03 3.353102731325971035e+02 -1.262216862930323931e-02 2.065403494971317921e-01
1.229882774892838370e+03 3.309566969276204986e+02 3.275233214315458330e-01 -8.023126111727633958e-02
3.396786759210466471e+02 1.055959206713162530e+03 5.060315688029147496e-02 3.034142329280415384e-01
2.648068041812661590e+02 5.223485830656902635e+02 -1.605803069598756849e-01 3.450781147093569950e-02
1.203624071387622052e+03 2.191978458921458355e+02 2.171552641332160152e-02 5.120053190412280492e-02
1.134831095678775227e+03 2.159333293398607623e+02 3.928663916560313357e-02 -2.348297521046917025e-01
1.079776012051249609e+03 2.583260800986095660e+02 3.356848421143072692e-01 2.110523236199791930e-01
1.132815496290191504e+03 2.915354668695577516e+02 2.446983097182886188e-02 1.188924703139254413e-01
3.391339076670267900e+02 1.092045764033945488e+03 1.591521170256963436e-01 9.768996774023533392e-02
1.010875023489911655e+03 1.966865413859225669e+02 2.266808033166171354e-01 3.609870675787880678e-01
1.091480116086330099e+03 2.963910632322581478e+02 -2.096262143217093865e-01 -3.195466928355484848e-01
1.206252022130040586e+03 2.059070473338911995e+02 8.025294456825173700e-03 -1.260127567042559384e-02
1.185688959659461261e+03 2.186335852156099406e+02 -5.816332830569687778e-02 8.440223143963976327e-03
2.956914717268724644e+02 5.347674980760563130e+02 3.720797292143112472e-02 3.112227218847646304e-01
1.099751291522967449e+03 1.589079685857455218e+02 1.654571397126367305e-01 -2.597205609448009767e-02
1.085119508320721252e+03 2.056168312609607653e+02 3.819931247461639395e-02 -4.446003864560029578e-02
1.107908939055886322e+03 2.511328180697289838e+02 -1.155851458283164990e-01 7.933883898307703478e-03
1.039234904646565383e+03 2.870164866633479051e+02 3.777712363909475207e-02 9.725998783372942491e-03
1.057951213744466031e+03 2.308178540751694072e+02 4.775298643164119054e-03 1.268799491005470972e-02
1.026617923166231094e+03 2.303270848116268894e+02 9.166722229594997939e-02 -1.920082011048793169e-01
1.320531922970377991e+03 3.297544959206776412e+02 1.588905221112727750e-01 2.267759330281175420e-02
1.160137195519251463e+03 3.623252061467027829e+02 -8.654785122104970141e-02 4.100166169656577209e-02
1.232914596291460839e+03 3.461771392543241745e+02 -1.125886676780105400e-01 1.264227897312227844e-01
2.214882155192230186e+02 3.069629735860502819e+02 -8.282759406756454168e-02 -2.332978888622577185e-01
2.908806598312780238e+02 4.572939221602853763e+02 5.701532285941510875e-02 2.932020034923198404e-01
1.128160886950126496e+03 2.283111006982163644e+02 8.864648934010688208e-02 -2.114639868808225742e-01
1.123711802130233082e+03 2.665697634774368794e+02 7.758676804382388936e-02 -1.536513735584975338e-01
1.163809405631841855e+03 2.887133127685640375e+02 -8.293026994833212207e-02 5.778727444339893000e-03
1.185319116992125146e+03 3.764445922666472484e+02 -1.585637394805417075e-03 5.305161002881675011e-03
1.022639454633717037e+03 2.377541510469982597e+02 -1.386651455573702507e-01 -3.264995022405084435e-01
1.087633155746722196e+03 2.960803755579811423e+02 -3.254268869877647297e-01 -1.114210497283702056e-01
3.445811317719540625e+02 1.038918660744317094e+03 1.955360986356170505e-01 2.122807539197155147e-01
3.316718272982644748e+02 1.049878670968357483e+03 6.477870701227952943e-02 2.751129947124701935e-01
2.881581174995635024e+02 4.802796937943454623e+02 -2.076003303929573399e-02 3.946894840782066427e-01
2.508577651688973447e+02 7.657590411225829712e+02 -2.740977801455006437e-03 1.244644232625629308e-04
3.690167693815690200e+02 5.181715661564979882e+02 -2.786714277426148492e-04 -1.828056895893344748e-03
1.093517778233420131e+03 2.306178017378107370e+02 8.126675975716403377e-02 4.780024158519403932e-02
1.139606693907040608e+03 3.042509414684357694e+02 -3.030174312059570330e-01 8.271373959894863515e-02
1.797317086154210415e+02 6.278148010457033479e+02 1.245678937961961358e-01 -3.729649127728325575e-01
7.861981643036690457e+02 4.144223865474573358e+02 1.878747538228903169e-02 4.287164721995070926e-02
1.022025069015424720e+03 2.077748428573855506e+02 2.023090541171118917e-01 3.967921434025056260e-01
1.168798201193282466e+03 1.656729692580602773e+02 7.061194171683382592e-03 1.933132983057492260e-02
2.595659822141798827e+02 4.057260159719631929e+02 5.346872029989125502e-02 -9.195808859001217139e-02
3.808106484852762037e+02 1.095790464772063387e+03 -4.401127478001017751e-02 3.328264662970989995e-01
4.634806020620989671e+02 3.924139117186298336e+02 -1.355892603497164603e-03 6.751850189945426788e-03
1.035432552339834501e+03 2.651170114016591128e+02 -1.744548979503165176e-01 -1.534004748303242627e-01
2.623051800717437914e+02 7.096821667471739374e+02 5.089300869578685261e-04 1.259779040906599222e-03
1.018292253911413582e+03 8.629517721383990647e+02 2.175460797089575141e-02 -6.529544173502982440e-02
1.026566850427882628e+03 2.883213253542652978e+02 -3.839190757618382577e-02 1.093250197217816577e-01
1.132777186823586590e+03 3.173464560072969221e+02 -2.967786248356460987e-01 1.026863318605695241e-01
3.404679620286836439e+02 1.007981097702281886e+03 2.066019929191575955e-02 1.601525472810401141e-01
1.164871410227676733e+03 2.339902174175003324e+02 -1.189742363852298174e-01 6.807540827000754802e-02
1.122283346804166513e+03 3.448916689843184713e+02 1.637021128271953785e-02 -3.138960396733175146e-02
2.515866950997380798e+02 7.010640454241213320e+02 -4.304310350445091776e-03 6.736165337903340933e-02
4.957251724110666373e+02 4.816940301163983804e+02 -2.105449943063983018e-02 1.874006882437697502e-02
1.101760199548815081e+03 2.547574435703065205e+02 4.612608585942628431e-02 7.877106846374696061e-03
1.227719914544084304e+03 2.528954430178051211e+02 6.723017547684169426e-02 3.490890489482912362e-01
1.162073730018422566e+03 1.688811931059031508e+02 2.280994622618703199e-02 -3.098930405735896357e-02
1.238649641709636171e+03 3.269950710345502216e+02 3.450561574773018947e-01 -2.753514700734818743e-01
4.935630040050306206e+02 4.727887443331744066e+02 -1.968696941824126748e-03 -9.740842527073871951e-03
1.062748484485295876e+03 1.920159394447107957e+02 -1.120613747329051411e-02 5.975365895828689544e-02
1.115731331348302547e+03 2.105271709728330052e+02 4.517792554711214797e-02 5.877468349649867668e-02
1.138896911480379003e+03 2.219346930604125419e+02 9.825386297243962619e-02 -1.678167512959792551e-01
1.239394617965278712e+03 3.359867613021559123e+02 -2.447801555601115120e-01 1.559020227999578234e-01
1.176103486664072534e+03 3.534001816143185692e+02 1.071934048589550242e-01 -8.226683942621905443e-02
2.668088786051657166e+02 6.816945802213377874e+02 4.701813665814061870e-03 7.242829143206920388e-03
1.044662496104284173e+03 1.578359885706784951e+02 1.678441112107975641e-02 -1.430088895321609543e-01
1.072028061104110748e+03 3.044491339177280906e+02 -7.715781724856343726e-02 -3.378083862583172725e-01
1.182395097417169382e+03 2.318729033774090169e+02 2.179218116292826624e-03 2.649219905307876113e-02
1.894871239054999137e+02 6.165218091727508636e+02 1.258083784081604761e-01 -3.700816894725373341e-01
1.998127576128188707e+02 7.207995434677582125e+02 -7.552597745002585100e-03 -3.446350322017392720e-02
1.141609702872503021e+03 1.416351519621928787e+02 1.409412482658511379e-01 -1.934652781190591697e-01
1.074792858679559686e+03 3.028842992971425474e+02 -1.061650315794465255e-01 -2.435438537880106058e-01
1.253778753575974406e+03 2.761545169177161938e+02 2.030864670168214606e-02 -2.907757442735732500e-02
2.048916547189541859e+02 5.773198179032891630e+02 2.553179495746878136e-02 -3.733784202696815990e-01
1.880876069027837332e+02 6.531741345209861720e+02 2.560577169379642526e-01 -3.933237545377673561e-01
2.316380099022174193e+02 7.214415448628641343e+02 -2.582868368450546865e-03 3.819129050751913731e-04
9.445274789513564428e+02 8.589419077355095169e+02 2.523485650857974945e-03 2.619873166552749450e-03
1.125076077058260807e+03 2.393186761749029188e+02 7.715045719359295284e-02 -1.583843081272573172e-01
1.134727510387659322e+03 2.751913943920056340e+02 2.651375394089700577e-01 -5.093852829691445372e-01
1.121043634868113941e+03 1.494451162027093574e+02 -6.060826228321047893e-03 -1.240594752478211583e-02
2.007940449968084806e+02 7.095291897664903900e+02 -3.183445749926979568e-02 -6.569940474146089386e-03
1.020990415831373639e+03 1.930230994783308063e+02 -7.877850187919253552e-03 -2.960325320796765303e-02
1.084233429696920894e+03 1.871723905679634754e+02 9.631541734861655268e-02 -1.807544174720046304e-01
1.109006151071701424e+03 2.603225201269911508e+02 1.164428532822512352e-01 -5.915919729577630293e-02
1.169759647127150629e+03 3.417094696351651919e+02 3.788836596312174509e-01 -4.239640244773345557e-01
3.171412909360649905e+02 5.355378306818726060e+02 -2.501323323030113163e-02 -3.048842974100273925e-02
9.687976767762809231e+02 1.887168786403100569e+02 1.855561484366706759e-01 2.675086605801779149e-01
1.139010435333115993e+03 2.464167297754434003e+02 -3.503129180341023807e-04 1.139814407629299690e-02
2.225037915103459341e+02 4.970194925859112800e+02 -2.617931183468023316e-03 7.070038821704353708e-03
1.125339445502393573e+03 1.718050131509924370e+02 -8.519432179690781745e-03 3.416532541390757821e-02
1.105467529533628749e+03 1.888684076924188560e+02 1.459053561784241435e-02 2.044982540185390565e-02
1.142456540975791313e+03 2.139782763871556313e+02 4.137628629723621998e-02 -4.051858880617671688e-02
1.152333930143009184e+03 2.393137157838955602e+02 6.105909684016469496e-02 -4.183783879055015531e-02
1.008267472911870186e+03 9.275129448260996696e+02 -3.740915669909771358e-03 1.146485581395089446e-03
9.725615483069276479e+02 1.729913501711077686e+02 2.093024262971255323e-01 1.303793092710336110e-01
9.884853148582873246e+02 1.820394263254429461e+02 1.014376194057433622e-01 2.754465218118909431e-01
1.248517663108690613e+03 2.553197447819295292e+02 4.550507224354305436e-02 -8.365750473830786682e-02
3.705252701245609046e+02 1.064278535975062141e+03 -5.553998930111277155e-02 3.279296203416492972e-01
5.037408173997570771e+02 4.482212136253584731e+02 -7.647835568907100645e-03 -8.309822772120193865e-03
6.599164948312933348e+02 4.847403025874885429e+02 7.916876914135914656e-02 -9.248367234604422393e-02
1.132059232837872287e+03 1.739776760486691103e+02 6.062101322704380874e-02 4.973295397244058974e-02
1.019597126327843171e+03 2.498361877587477977e+02 4.781621187505966097e-02 -1.097017096483476062e-01
1.141752571760669525e+03 2.695815965767617399e+02 -2.914456591629579485e-01 -1.183695509670315005e-01
1.188072184518507356e+03 3.383872656797981335e+02 2.459983562802287860e-01 -4.112152605682515838e-01
1.259268049070520647e+03 3.716080914644179529e+02 4.856648123820234142e-01 -1.999730413796633466e-01
2.628496519879356583e+02 6.865798396091610130e+02 -5.523489251734309963e-03 -7.034272442135596631e-03
3.053003979949077120e+02 1.045003964719615169e+03 6.489343192795092585e-02 3.465769587112151329e-01
3.130833744153410976e+02 1.047244113676180859e+03 5.931992146412312650e-02 3.208163273020904760e-01
8.027763325242829069e+02 3.555677801920412548e+02 1.954155854895766112e-03 -1.841192624770668709e-02
1.123701336845696687e+03 2.026997745606981880e+02 3.102129061478030303e-02 -6.242643520237341898e-02
9.844891569022396425e+02 2.565571962404133615e+02 -2.465026720162515929e-03 2.477707289105839789e-02
1.070337151193033378e+03 3.431656054628952575e+02 -1.309813792897911167e-01 3.708873785288915315e-01
1.186065820499789425e+03 1.734523951099128851e+02 -2.112110041727848636e-02 -2.677681317196282107e-01
1.172831360368592414e+03 3.377508312002078128e+02 3.497132199192062862e-01 -6.006388415030351757e-02
2.131908901381879957e+02 5.903388603915381054e+02 3.063760702119300849e-01 -8.563539806975010993e-02
1.788166293247774377e+02 6.426097851376623566e+02 1.145326904022725689e-01 -3.144976496007466649e-01
1.930828826807855592e+02 6.510464186654739933e+02 2.840303192791078235e-01 -3.588715833939204458e-01
1.155438303898019285e+03 2.330410856972463023e+02 1.636208386120188152e-01 -6.352462753596554990e-02
1.158787396555239184e+03 2.586463833583930523e+02 -7.029881149136940621e-03 -8.032451799209638921e-03
1.124185773408311661e+03 2.761779453260203354e+02 3.539566379181309230e-01 1.384253208644992128e-03
1.244503734985326673e+03 2.956773106541909328e+02 1.657133288060919085e-01 -5.645087972907703033e-02
1.221830495631679469e+03 3.745056568929886680e+02 3.445125594455618057e-01 -5.096983853935199704e-02
2.533133076485765969e+02 6.987641672722037356e+02 1.063512992379855859e-02 3.061128487208009119e-02
3.547233968197260197e+02 1.098722679523903480e+03 2.713353413742680686e-03 -2.291511667471013425e-02
1.047559773154307777e+03 1.803032066855905384e+02 1.126329787099772731e-02 7.388236001286638266e-02
1.075628127146594807e+03 2.762092797447915018e+02 -2.389949544559234196e-01 9.990085829267968398e-01
3.658918176353735134e+02 1.089447662748364564e+03 1.811380569663090939e-02 3.077200944044155562e-01
5.036712803762369504e+02 4.952711465014604073e+02 1.106345212316942354e-03 -7.438734044894447332e-03
9.646388358796583589e+02 1.698591379778284818e+02 1.232530773234137567e-01 -9.119223941394157817e-01
1.073562655785164679e+03 2.457129832570274459e+02 -3.893246142163206969e-01 -1.397579643999782573e-01
1.063546860541297292e+03 2.642738148014146873e+02 -3.003991863902228943e-01 -1.602191797260396899e-01
1.179719169225749511e+03 2.283293282023009851e+02 3.195165101845174899e-03 4.615924391936638421e-02
1.171004369608699335e+03 2.450323992193587799e+02 6.834777927256904806e-02 -2.667166980740895421e-01
1.272226426301229594e+03 2.680446624102197575e+02 1.266013874629347280e-01 -2.820832398755003870e-02
1.185128658784266804e+02 4.605047533493571450e+02 -9.634359110853442376e-02 -1.206777153618864146e-01
9.762117632540013119e+02 1.723665899994294648e+02 2.091712845083380790e-01 1.932613857706257932e-01
9.958582515322866584e+02 2.133114637975985488e+02 1.019870147063102195e-01 6.263292307401684411e-01
1.165154703402036603e+03 2.474981298863718280e+02 -9.623408087841547887e-02 2.378993146148327686e-01
1.123173403746734948e+03 2.561409826861193437e+02 -1.510190139261934593e-02 3.820386075445998675e-02
2.691131183750860032e+02 6.821530554718485746e+02 5.742174772509455773e-03 -2.310703342424438519e-03
2.194812657242306670e+02 6.871007598287349083e+02 1.896856937775973778e-02 1.626741567271822522e-02
9.755677363949273513e+02 8.543001064360462351e+02 -2.098953443035393024e-02 -2.795019264620070623e-02
2.525292330284407001e+02 3.635646465700983185e+02 2.980449023774174935e-02 1.728667822984562008e-01
1.101064222348800286e+03 1.716369175582739786e+02 -6.914770597650961477e-03 3.293204653729636111e-01
1.088492249320876681e+03 2.020597011601681743e+02 7.447183682432978458e-02 -3.393678765835280581e-02
1.069875824821326205e+03 2.329071406143234526e+02 5.378870361975410935e-02 -6.439780052218206652e-02
1.083203380414724734e+03 2.622457353638881727e+02 2.325224639938786309e-01 7.103709252166368060e-02
1.201106072985139690e+03 2.503645524996613574e+02 -2.156238412804138346e-02 -5.237872359154730623e-02
2.649513769505264804e+02 6.538415248438558365e+02 -2.444694149545512118e-02 1.843314228460712911e-02
4.874733060900603618e+02 4.786153938495145326e+02 -5.846970143282574639e-02 5.119362228396963088e-01
3.193359469197685598e+02 1.078328006453973330e+03 7.582079100482340406e-02 3.314239863101937078e-01
2.608636901885843145e+02 3.327281550700798789e+02 3.833599672594800636e-03 8.306050168156957347e-02
1.059748345205222449e+03 2.537105020007966800e+02 -8.991057739983716879e-02 5.167957008105303895e-01
1.214126603228200565e+03 3.164280020699267766e+02 1.837628219632279208e-02 -5.098125092674763575e-02
1.066557455478560996e+03 2.431893610746365368e+02 2.215166711629687202e-01 1.588470680499717291e-01
1.157069004727499987e+03 2.162249934506292846e+02 7.336624575676371947e-03 -1.936753244133784455e-02
1.134104833012410381e+03 2.704068391246009355e+02 7.843309108248933126e-02 -1.500897425005152663e-01
1.117564001085613427e+03 2.899648207463130802e+02 4.194195221402373386e-02 2.377658008283560775e-01
1.130527083686102969e+03 3.095823374803167667e+02 1.736132036046203475e-01 1.417740888596578409e-02
2.515458748608871247e+02 5.123088530812138970e+02 -3.175018436970589164e-02 2.989449632581653304e-01
4.880736899112216065e+02 4.729474929714139080e+02 -4.131215557455192311e-02 2.507269185664569022e-01
1.085362411325459789e+03 2.609115568033793693e+02 3.734370059616765047e-01 6.917870409745319193e-02
1.024436400533888900e+03 2.973428811457418988e+02 -3.670271204583741564e-02 -1.379994025166766392e-01
1.148453865503560337e+03 3.083647741304147303e+02 -3.053201678552568410e-01 5.790499519113012639e-02
5.176903490824171286e+02 5.329352395727468092e+02 -5.266207388920918220e-02 6.712954728955367045e-02
7.872540192430280968e+02 4.077006527962898303e+02 7.158426528433535496e-02 6.996566092627583278e-02
1.107998753452400251e+03 2.279127504186848228e+02 -1.124552162730846488e-01 1.362982266051631086e-01
1.204936033340116182e+03 3.154779762589930101e+02 4.535484631333994154e-01 -9.584738579711711282e-01
1.033764373787824297e+03 8.453585972791229324e+02 -8.349605747460893054e-03 -9.795996068695396117e-03
1.229020772101690540e+02 4.556143965911465443e+02 -7.834016384635589247e-02 -1.315625381949322159e-01
2.601909668926658128e+02 5.224769432421978763e+02 2.107062808522641717e-02 -7.983584433964097116e-02
1.068260626110894236e+03 1.825331108629385710e+02 -5.556944731135142306e-03 -1.093911822229500785e-01
1.090924512941895500e+03 2.829445874066708484e+02 8.630800135851283972e-02 6.318445119928621512e-02
1.164381583824730797e+03 1.864660876887557208e+02 -3.255300857555690989e-03 -6.964098675933882987e-02
1.159353791179069049e+03 3.177037165474895346e+02 3.216498337740555935e-01 1.076899217357549787e-01
7.064362882727266424e+02 5.828448118014376860e+02 -5.817493940564115278e-03 1.801870591388403040e-02
3.610230630962259397e+02 1.061808221044281481e+03 4.165009887116374182e-02 2.704077433636863925e-01
2.453489656816386173e+02 5.050404677093644636e+02 3.131381772573206268e-01 -1.460034463502211111e-01
2.971420271051715076e+02 5.083540345579909854e+02 1.857638225102732632e-01 1.094356927874787333e+00
1.077777748220504463e+03 1.769346738629268998e+02 1.724200365772958210e-01 3.786403733681709127e-02
1.241453285473807682e+03 3.462211331860250425e+02 -1.202043976543336612e-01 8.036583007479976282e-02
1.220424596362269767e+03 3.544845057589899397e+02 -2.811913768473459779e-02 1.654269359171507969e-01
1.226495617357308447e+03 3.769426697813151463e+02 1.140138767435928402e-01 -7.486465430775979257e-02
1.966984380505924150e+02 7.119519070582416589e+02 1.040066099755563266e-02 1.349621037661563605e-02
2.349824504524235351e+02 7.398652302461188128e+02 6.348459580220264242e-02 8.994483434587437209e-02
2.604127781354724789e+02 5.308842503966178583e+02 -1.424918891324580272e-01 1.075128688044628689e-01
1.094761395187693097e+03 1.912920167434277801e+02 1.822434729928090746e-01 1.561606669226520694e-01
1.094704341900553118e+03 2.177687890913182116e+02 2.475986606742708318e-02 1.226975652855344379e-03
1.025089722718885469e+03 2.765429767731343418e+02 -4.978926731439514697e-03 -8.279966541130079349e-02
1.103820235935053688e+03 2.850741071821610717e+02 -2.365757386469908852e-01 -6.067207064691615415e-02
1.120439077029437613e+03 2.718877126979223249e+02 -8.474631265698917559e-03 7.478904192649338256e-02
1.257171048848745158e+03 3.075762858608262036e+02 1.175026122575673071e-01 3.943625871490041845e-02
1.165239342492960759e+03 3.254048215834681628e+02 -8.465501293261468163e-02 7.472417609064052613e-02
1.243958195721965239e+03 3.105197131639537247e+02 1.063271762501472040e-02 -2.587471097766069761e-02
2.396282305076146031e+02 6.333899459902543185e+02 2.369439054041322379e-02 3.447821179651100465e-02
1.885857922243869496e+02 6.718689518181342919e+02 -1.151141040189358478e-01 1.440074977797678457e-01
2.055330709037508257e+02 7.311146343047746541e+02 -6.415955005380169496e-03 2.363068807602530796e-02
2.590723507997331581e+02 3.272904324379931609e+02 -5.841047425595510129e-02 3.970469327867931497e-02
2.808958431185447466e+02 4.234149234280742462e+02 2.171814254874485876e-03 -1.047561908212060189e-01
1.154662036628173155e+03 1.657399704143855104e+02 3.472863520081167360e-02 -1.887274922172631764e-01
1.123620038139660437e+03 2.152215138035352595e+02 6.289417202500165345e-03 -6.496346509919703749e-02
1.183623452868055438e+03 3.026829648827745132e+02 -1.849567243014765550e-01 -9.936394347156844720e-02
1.125215555791848601e+03 3.273120165157540669e+02 -1.430975417719461407e-01 1.732998596422324622e-01
1.194578291767162000e+03 3.998774800229961102e+02 4.954291024121933867e-02 9.175427535376456945e-02
2.010685844364649029e+02 6.283685910180813607e+02 9.554633694594372173e-02 -2.597022952931714035e-01
2.484208940867028161e+02 3.106422760323825401e+02 9.999915342767451421e-02 -3.830717071332401247e-02
1.059084493543977032e+02 3.611944609179573149e+02 9.205604559710423018e-03 -5.755010641016156114e-02
2.885871221145090999e+02 4.581404555007759996e+02 7.285288342848161847e-02 7.002836004176060669e-02
8.253828586907450244e+02 3.934718589958390567e+02 -8.648532178654022573e-03 -1.415620613198598221e-02
1.012332326676676757e+03 1.719701224262078370e+02 -1.448132013130134510e-01 -1.096679081998672700e-01
1.108746052694745686e+03 2.042741189299258906e+02 5.028242699825113959e-02 -7.120491201754930444e-02
1.049323486793902021e+03 2.466006769958293887e+02 -1.295028143101717433e-01 7.142662216003259346e-02
1.115255558377385114e+03 2.603826429888489429e+02 4.775134034252914716e-02 -4.953413903373871108e-02
1.068564345237134830e+03 2.831984844804444492e+02 1.522419936313781363e-01 1.745676483774616372e-01
1.085956914350088709e+03 3.075439562454329234e+02 -1.383122205554627726e-01 -1.600525685286129374e-01
1.084621272610797178e+03 3.457303801078838887e+02 1.240408912337898073e-02 -6.923916572114308110e-02
1.293846847573388004e+03 3.338501798854115350e+02 -1.796406881234133834e-01 3.615335732685309722e-01
1.250893976874510372e+03 4.003809917823332967e+02 -4.730495132889700471e-03 -6.901415962860824038e-02
7.158942436531840485e+02 8.770953165890626906e+02 7.073734350285576511e-03 1.591404635860271810e-02
9.186797490338382488e+01 3.710837452150372542e+02 0.000000000000000000e+00 0.000000000000000000e+00
1.050974810501954153e+03 1.563387179017713891e+02 0.000000000000000000e+00 0.000000000000000000e+00
9.680366274424673065e+02 1.844489459762367574e+02 0.000000000000000000e+00 0.000000000000000000e+00
1.038714256770251723e+03 1.702448709196635548e+02 0.000000000000000000e+00 0.000000000000000000e+00
1.005615116401699765e+03 1.846229880076895995e+02 0.000000000000000000e+00 0.000000000000000000e+00
1.083193682753254052e+03 2.246929675064452852e+02 0.000000000000000000e+00 0.000000000000000000e+00
1.073945204169100407e+03 2.448711225298687282e+02 0.000000000000000000e+00 0.000000000000000000e+00
1.075160570475468376e+03 2.684790174669326461e+02 0.000000000000000000e+00 0.000000000000000000e+00
1.081016907158044887e+03 2.681625056358441839e+02 0.000000000000000000e+00 0.000000000000000000e+00
1.128918351532432098e+03 2.666156500583102229e+02 0.000000000000000000e+00 0.000000000000000000e+00
1.125511865983258758e+03 2.760937290826938693e+02 0.000000000000000000e+00 0.000000000000000000e+00
1.147623659590047737e+03 2.962535610487774420e+02 0.000000000000000000e+00 0.000000000000000000e+00
1.239272492204123864e+03 2.907083280652058761e+02 0.000000000000000000e+00 0.000000000000000000e+00
1.169917335358642731e+03 3.519918488322260259e+02 0.000000000000000000e+00 0.000000000000000000e+00
1.235910421756558435e+03 3.993791940033996184e+02 0.000000000000000000e+00 0.000000000000000000e+00
2.276307750455519852e+02 5.712151764052147200e+02 0.000000000000000000e+00 0.000000000000000000e+00
2.339498592068281937e+02 6.884832932755077763e+02 0.000000000000000000e+00 0.000000000000000000e+00
5.750838559117487421e+02 1.022849210152905016e+03 0.000000000000000000e+00 0.000000000000000000e+00
