1.345412630055755017e+02 3.789991422833090269e+02 3.383211265058901161e-03 3.276951095477841514e-03
2.656873016228087181e+02 6.838673755953625459e+02 2.109552773777180566e-03 -7.386328526252435890e-03
2.536064505838510286e+02 4.640993220181208585e+02 6.294909511814464516e-04 -8.094871890649517690e-03
3.163323632570132986e+02 4.761002544560516867e+02 -5.491735729970960607e-03 3.324669746370775662e-03
5.677570007813600341e+02 3.880813472474769696e+02 4.583718401836269635e-03 5.158975967072248342e-03
5.636193354536464994e+02 3.828195041844674051e+02 1.219770396609743714e-02 3.431876452710000067e-03
2.745990636387146537e+02 4.311466090794714887e+02 8.601999242212948760e-02 2.511444429839554404e-01
8.297068765349876003e+02 4.083918628709481595e+02 -1.148976905033078331e-03 2.364399918764486901e-03
7.056168036396371690e+02 4.172302360093024731e+02 -3.095323144840325669e-02 9.190071301225876885e-03
2.335697570816335826e+02 6.981885637319921898e+02 -1.391684276276355416e-02 5.113872140190332642e-03
3.675980706736976913e+02 1.093407511343949864e+03 -7.458398886181177856e-02 2.993594139106114382e-01
3.744722844152211110e+02 1.094924632635963917e+03 -7.669621204191551245e-02 2.961347638916768110e-01
3.488802103074331740e+02 1.061378144884453377e+03 6.089884461309196667e-02 2.708456189339353837e-01
3.509988671515485521e+02 1.082741537437315401e+03 6.813288459558168586e-02 2.661188120821654790e-01
3.545695810988337939e+02 1.085291137365883515e+03 3.879802660994282476e-02 2.525788650139583202e-01
6.343815334032822193e+02 8.220375954628094632e+02 6.547419658802189303e-05 -1.085529267341074328e-05
9.123598750968019431e+02 8.060721530325014328e+02 -8.872465745780302917e-04 1.634188094277477061e-03
4.599420009395194597e+02 9.415289952484106379e+02 -4.410292149039981430e-04 1.638765784286763498e-04
9.072288354655436251e+02 9.243957726451421877e+02 -3.522425759379840728e-03 3.094560135790257074e-04
8.994431084908516141e+02 9.262463849374681786e+02 -4.448128834780510320e-03 -5.983720985164557235e-03
7.069744018312131857e+02 9.928844072897534261e+02 2.951362307682513925e-03 4.714658951169809300e-04
7.150790893021187458e+02 1.011480813818127899e+03 1.208268163889730969e-03 -9.656338030301394844e-04
7.049736936272194043e+02 1.023657804382750669e+03 -6.492940714438325879e-05 -1.402889980062634013e-04
9.842894159368937608e+02 8.463198992009491803e+02 -4.591519476271554816e-03 7.239700818474537232e-03
4.816951243099557587e+02 1.099035692767275805e+03 4.550734271237890402e-04 -4.218738100250745402e-04
7.044858868319065550e+02 1.036415271225744618e+03 4.921516296796050322e-04 -7.375479226426467092e-04
7.518604740204714290e+02 1.067620979130395881e+03 -3.130993168990315982e-05 1.281097424367490451e-04
7.455471960103213860e+02 1.071453096729113213e+03 -5.875036292291222189e-04 2.117882194406684823e-05
1.310844995017941983e+02 3.249281322853633469e+02 2.189882454333070714e-04 -5.597489845319732080e-05
8.997513055091451406e+02 1.102183582247870390e+03 -2.931858904253428939e-04 2.185350068083436641e-04
1.347273266202325601e+02 4.002124158312936970e+02 -2.019237035249892096e-03 -4.452517074471955966e-03
3.668303030086547665e+02 1.051664057804925505e+03 2.012365953670788854e-01 3.044121790868800637e-01
5.638806069069430578e+02 4.579290894014518472e+02 8.848131384400061226e-04 -3.090736623068825878e-03
2.626510224304836925e+02 7.424972605923056790e+02 3.438040922609467837e-03 6.912499026791938360e-03
2.747090824410099117e+02 6.206169636969466410e+02 1.649438980008358785e-02 6.907890757886862507e-03
4.099124565478323916e+02 1.062538475262078919e+03 -3.585115562028738483e-03 -2.940341392951664398e-02
1.008161914290507752e+03 8.164503817227467835e+02 2.491758141855366596e-03 -1.584661270075824564e-03
4.863217318036694792e+02 4.499036475019025261e+02 -1.524508367669674333e-02 1.743904461900321057e-02
2.231744204439849568e+02 7.559734096995292703e+02 -5.154087015685294981e-03 5.990929010353608468e-03
3.333409931239285697e+02 1.040387277994679152e+03 1.059767329996254802e-02 2.862263114705710376e-01
6.019742565546415562e+02 4.363033241291283844e+02 -1.252111827489326389e-02 2.389992856018127373e-02
8.300765515780888109e+02 3.185212367022396620e+02 1.161636557380105704e-02 -4.653906311306578447e-02
4.654966926879216089e+02 4.556861195994109721e+02 4.896198135587847416e-04 1.336243198368670644e-03
2.488190359542780072e+02 7.181144228475824320e+02 4.824875046845890185e-03 8.755870974471348031e-03
4.920704288825605772e+02 4.301543514005509792e+02 -1.646575862742840485e-02 -2.463561110288884325e-03
2.293019066886368478e+02 7.008497172762653236e+02 -8.382837622033637026e-03 1.807142927262220949e-02
2.444657141825887550e+02 3.777413447025027153e+02 -6.186834908237724695e-02 -1.913199874347079055e-01
9.702986234706947926e+02 8.447047894684585572e+02 -3.992032984898638732e-03 -2.538731018324205343e-04
1.020943130202890984e+03 8.149485940386532548e+02 2.517352662950975411e-03 -2.801370440708821617e-04
2.014051313834514190e+02 5.091855634582661878e+02 5.214704709194482998e-04 7.698265733973576504e-03
9.574271032063079474e+02 8.497723277740806225e+02 5.683024789795406220e-03 -4.425508632007537648e-04
8.281280838486727589e+02 3.447432311982632882e+02 5.424519555901389199e-03 1.207655394033069901e-02
5.053760283388318726e+02 4.417310700170678501e+02 -9.116112669638517380e-04 7.829896736103535799e-04
1.004231107324173308e+03 8.319373844471062966e+02 7.176014198101724785e-03 1.010673895921577678e-02
4.961931274225493667e+02 4.392962957920835834e+02 2.736786223819519942e-03 -6.772295978199545027e-03
2.562884577846037359e+02 7.434310841848929385e+02 2.254205303704521178e-03 -3.224197114961795552e-03
1.915750213334145826e+02 5.810948727698130369e+02 2.787032257836219874e-03 2.411665738586544691e-03
9.874255100367731757e+02 8.230643304651991912e+02 2.466757364980722705e-02 -2.210049411452122414e-02
1.017204914424457570e+03 8.110454293668426544e+02 1.615822250026230670e-03 1.864728973594150570e-03
9.840272015345531145e+02 8.163056529720020080e+02 -2.564178651826944707e-04 -2.191697090148130109e-03
5.747427596082046648e+02 4.526325982379249808e+02 5.307387008342585172e-02 1.019410154746949911e-02
1.244594357853851989e+03 3.967737614866493345e+02 3.180216395704330446e-03 -7.471462569725136537e-05
1.184785690513373311e+03 2.489562607287813876e+02 2.684925749442957244e-03 1.445057388070948752e-02
2.659849015843028042e+02 5.170921852195313022e+02 -9.378549360947023572e-02 4.453068538385112629e-01
2.717300342191866207e+02 6.774247489034354430e+02 -6.466315872660401663e-03 -1.344234262186510490e-03
2.458590090599358575e+02 3.945997355957862283e+02 -3.915173302115985965e-02 -1.839239195261922200e-01
2.611066107055942780e+02 6.146065109697599382e+02 6.118848395930858927e-03 9.628340731665903851e-04
7.246796115123538584e+02 9.765041505206908141e+02 2.341267567156155548e-03 1.850850882786712892e-03
9.482333233301188784e+02 8.363564020578229474e+02 1.692609326529002488e-03 5.893537400915742136e-04
8.078632474793231495e+02 8.811987573760437726e+02 -6.843233317765973255e-04 9.267132791407703017e-04
9.252234395446052986e+02 8.310421841860788845e+02 -1.754292258143246713e-02 -6.488107218383605546e-02
5.785910977290844812e+02 4.439520525163228513e+02 1.817573843173605434e-03 -2.567888816748442257e-03
9.218267144903863937e+02 8.567471727750164519e+02 -3.003931785965820687e-03 -9.281257267802364708e-03
1.174938241499908600e+03 1.441686845934876544e+02 8.112098521045895978e-04 1.356098772892815572e-02
2.813768833826218838e+02 4.743570369313080164e+02 2.579540066676543758e-02 3.574568622397848450e-01
7.981481175107688841e+02 3.663996308210362827e+02 6.407264294079375623e-03 -6.741287637972766950e-04
9.491149533960128792e+02 8.456295653270981347e+02 1.010871838250543405e-03 2.323793726779765489e-03
5.310224968970320560e+02 4.810597250765836179e+02 -3.454353475176233715e-03 -1.466702093950678575e-04
1.032567584911760605e+03 8.313420377995556692e+02 2.323006378286897756e-03 -3.987892102671112648e-04
2.229374052988444248e+02 3.139638453252167096e+02 -2.965941330670473358e-02 -2.557573875419637544e-01
9.141340353699768002e+02 8.314211010666132324e+02 2.476364683263797273e-02 -1.118227565660789152e-02
9.826518610571788486e+02 8.688460596044558315e+02 8.966208676247559503e-03 -1.432717883769535220e-03
2.933172725438789143e+02 4.140146160186347402e+02 2.617528972872141830e-03 8.136207985694229698e-04
9.614005079471651243e+02 8.689020487058055551e+02 -1.304704452852795127e-02 -1.407137715820663522e-03
9.767913714644986385e+02 8.671963799916732114e+02 1.536569333623420122e-03 -1.849328668980672200e-03
9.023841343211095136e+02 8.524543855223153059e+02 4.646941054121757342e-03 1.402359267856782268e-03
3.281504012707459879e+02 5.656050829103916158e+02 -2.225151281423465993e-03 -1.489743525688495308e-03
2.329617260889237969e+02 3.491259961765940147e+02 -4.814394789569843153e-02 -2.296802120745404518e-01
9.907236235970755160e+02 8.506831958672024712e+02 1.701085808707434319e-03 -3.280225538481651090e-03
9.668101950639556890e+02 8.729133979915704913e+02 -5.996893832462269792e-03 -8.075988359322683677e-03
9.573258813230913802e+02 8.622435739984791780e+02 -4.809633995251931873e-03 2.592298798993730377e-03
1.973701930530877746e+02 5.709928979962938911e+02 -3.921417124621991504e-03 -6.005563163871376758e-03
2.712250409235360848e+02 3.929643597158396915e+02 5.659761092081259243e-02 2.276447313490509716e-01
1.962914653414292445e+02 5.119778952163102872e+02 -1.083401245079224084e-02 -1.743883764467934539e-04
5.103459700973028816e+02 4.187654826651645408e+02 -3.851109433470571632e-03 2.106893556130428474e-03
8.026676808104202792e+02 3.561628719877769527e+02 -1.605923238623227717e-03 8.555740021307375182e-03
3.794077370602288397e+02 1.070491910544946677e+03 1.733973331723667188e-01 4.304159563101837005e-01
8.017914292863109722e+02 3.467865930673681305e+02 -8.963682718070113947e-04 9.939620309987640297e-04
5.423166371252790441e+02 4.650934323989472432e+02 9.493485441794291546e-03 9.158092738118177312e-03
9.421794558157330357e+02 8.751701829695076640e+02 -1.102028362741987004e-02 3.151469830098980324e-02
1.145484636700196916e+03 2.290466997064965824e+02 2.326553263840353946e-03 -6.373642410861489471e-03
1.174055602920427646e+03 2.130819393013143213e+02 3.276280992928726210e-02 -1.188700375180045260e-01
2.816645492843443890e+02 4.427070354545883788e+02 7.725624583829616976e-02 3.004617952785567647e-01
5.664058376233896297e+02 4.647363386110226315e+02 1.658182478857018289e-03 2.802372148398537405e-03
1.025917924310264425e+03 8.268751825969552556e+02 7.138360751387964713e-03 2.097668570814171986e-03
5.146988473093845187e+02 5.065302906753359480e+02 -3.597542227167326414e-04 -1.066981821514731942e-02
7.346828666587234693e+02 9.640949529382202172e+02 -2.721283643722364337e-02 -2.429793004404977655e-02
9.956477105376729924e+02 8.779476331125246134e+02 -3.742403979650040175e-04 -3.310356245740219815e-03
2.107457874419279165e+02 7.023861397676195111e+02 1.073215964619676777e-02 1.558693653648765727e-02
4.705193530205555703e+02 4.363145092440291819e+02 -7.363367454176303339e-03 -1.005521381640529441e-02
1.087514388713560038e+03 2.287421489451212153e+02 7.325038774064802916e-02 5.664996095442453861e-02
7.866790494342739066e+02 3.386788132156573852e+02 -2.703287905428669070e-03 -7.173825270264374242e-03
9.704697756768333647e+02 8.928457928872509228e+02 -3.219477510044433440e-03 1.392982597920281720e-03
5.710461684046885011e+02 4.306644615641130258e+02 4.238828377827366656e-03 2.195367319307542364e-03
2.176498824639468239e+02 6.999430595053592015e+02 6.568578942346228224e-03 8.106380519334965493e-03
9.270150521243157300e+02 8.401311264345796417e+02 3.633862729401752829e-03 6.184337129325015794e-03
9.701038441901563374e+02 8.236126848803559142e+02 1.754961517663375251e-03 5.427522387003366582e-03
1.963090832194973530e+02 7.048513303594238550e+02 -2.435414619710098497e-02 -2.552162208250439643e-03
3.135131542226959027e+02 4.707807831478770595e+02 -5.160645672738087622e-03 -6.728043546007542522e-03
1.008175655254435924e+03 8.719139320912280482e+02 9.218758925168130114e-03 -3.404900902355035511e-03
2.415454805736934532e+02 3.524085144939074326e+02 -4.982949124581074335e-02 -2.250347129590993256e-01
5.092502546600147184e+02 4.870774520263784666e+02 3.755636405435550280e-03 6.084821570188505592e-03
4.758803686155368950e+02 4.463739098098849922e+02 8.575192977825916302e-03 -5.072692947999032746e-03
2.960232479851399034e+02 6.609399987670776682e+02 -1.547289209841523150e-03 2.749700794413569103e-03
3.440651808368178308e+02 1.091595026363708257e+03 2.011529460997906610e-02 2.192257210739747830e-01
9.010971999043495089e+02 8.594224589710830742e+02 -2.930779296118296660e-03 -4.635948436122934186e-04
2.108616043158455966e+02 7.375794286756395195e+02 -1.834643450346693265e-03 5.227411235601171768e-03
7.925809613975826551e+02 3.684590464433597390e+02 -6.437615607907927820e-03 9.285054630655025702e-05
3.037576314260978165e+02 6.403227564855875471e+02 -1.887311823246940259e-03 6.829996859553352827e-04
1.264027699271572374e+03 2.909092670340796758e+02 -1.806227612700924898e-02 -2.201632642634937694e-03
3.239603876289323807e+02 1.078137548168087960e+03 2.880322057613752748e-02 2.593931055325811030e-01
4.934409161648145528e+02 4.679890284369835740e+02 1.920197158515090513e-02 4.755498770538336972e-02
1.272746456377772574e+03 2.941532378371184677e+02 3.472609120328595377e-03 -7.019193597821724376e-03
1.257079377564622064e+03 3.083274140181483176e+02 2.095280213924218676e-02 1.452883601060006753e-02
1.032444636035452049e+03 8.715934955701850413e+02 5.921344979595791029e-03 3.866347327022306817e-03
1.001739498491113750e+03 8.169899936446607853e+02 -3.354163460905042714e-03 2.225842629804271246e-03
1.156073165911951719e+03 1.408839889692298755e+02 -9.132451666190907324e-04 3.085957460175697744e-03
1.027930612111139226e+03 8.594116291136407426e+02 3.426421669365877637e-02 2.030337173205045559e-02
6.188318927162457612e+02 3.790989820136850881e+02 -8.672492235397236821e-04 -2.489578090417283573e-03
3.947114243637059872e+02 1.069101759012999310e+03 -4.732650381257453263e-03 -2.692443533073901087e-03
9.489206746228978773e+02 8.251923929461289617e+02 -2.150000252749177318e-02 1.990905756974938046e-02
2.445484826797465416e+02 4.964996386766621868e+02 -7.319418548412318440e-03 1.628304131245521030e-04
7.168080453701546730e+02 9.540776154189285307e+02 -7.368002365784278966e-03 -3.537843438875419664e-03
5.336332184814671109e+02 5.152195347895404893e+02 -1.037205873773594869e-02 -1.835176018869783682e-02
1.115174834477454624e+03 2.593200263394481340e+02 -9.281904873041009474e-02 1.398122883643530823e-01
1.035368493245542368e+03 2.778293231689174831e+02 -1.396364130505839928e-02 -3.986041906509932981e-02
4.894814778465991481e+02 4.582338154025251811e+02 1.332675540177971543e-03 -1.511016399494411952e-03
2.458027719091858501e+02 4.901429319026327676e+02 7.780256335782760255e-03 1.131656791079480549e-02
2.190931363899550206e+02 7.409600528207250818e+02 -7.703898890239057207e-04 2.611017673789004824e-03
4.251132642409755817e+02 1.073451952001121299e+03 8.016761327206779753e-03 -5.848553919739258970e-03
2.406572769213147183e+02 3.613586523064844300e+02 -5.301711660130695863e-02 -2.124700523256976281e-01
4.934041584745561408e+02 4.725240150170635047e+02 -1.213187198564216057e-02 -3.337795705797001744e-03
2.367219564454432259e+02 7.153422364109684395e+02 2.664174355305816509e-03 1.905567361399163788e-03
8.247339957149775955e+02 1.102251738159395245e+03 -7.854301980461680542e-04 -9.462492952443786953e-05
2.161640754035804264e+02 5.841834067994763018e+02 -1.949632557016635044e-03 3.925584557163851705e-03
3.206078345331706601e+02 6.071688263985515732e+02 8.406723325579420689e-03 -4.774544355766488675e-03
3.356983364021389775e+02 5.636036406913666497e+02 -3.207499414940576631e-03 -7.806248578321633644e-03
7.629730953396273208e+02 3.875095683602817758e+02 3.348739318025764078e-01 2.467882463940895832e-02
2.168303411007689476e+02 7.344312157591530195e+02 -3.043830786067068615e-03 -7.106877960300963908e-03
7.201369452575329433e+02 9.121857524932503338e+02 -1.016384313155269115e-02 -8.266451978672625977e-04
2.511477253842693642e+02 6.601643778393522553e+02 7.108191169393059073e-04 1.498633046074444690e-03
2.682450229569381577e+02 3.002436778591510347e+02 -3.717043668422036857e-04 -1.486124164648797543e-03
2.214643396804803785e+02 2.992381232445532078e+02 -1.277985137521203685e-01 -2.382362320425240043e-01
1.152449325678029254e+03 2.300885870812570886e+02 2.984426871620652916e-03 -2.615450686698666052e-02
1.163025701501000185e+03 2.148996504109308887e+02 3.948709595884919432e-03 -1.800880237451869294e-03
2.618096597388554301e+02 6.288853269458292061e+02 1.061562832100858278e-02 -2.265356670419702012e-02
8.508349163364067635e+02 9.315352467351133328e+02 3.996162469475886703e-04 2.477012792091459487e-04
3.193695830487415606e+02 5.401520757756877629e+02 1.237732186375028976e-03 -2.222543588219547291e-03
2.101833869150270573e+02 5.839100987053484459e+02 -8.844939729602676465e-03 -1.493695129525885205e-03
2.571757879741634270e+02 4.148773494538696127e+02 -2.342136872215912213e-02 -2.089055902744228199e-01
5.761239588799974172e+02 4.881718407282389194e+02 -2.313764243887484265e-03 1.502793387174116866e-03
2.508702646176523672e+02 7.275730715452627919e+02 3.354069243946548179e-03 8.105147299437982485e-04
4.486614706819630669e+02 1.093856276844863942e+03 5.893078181929472734e-03 1.632665051111322277e-02
2.071102684124109601e+02 6.819779658120259000e+02 1.912169560078850507e-03 2.747248213371550774e-03
2.387740366009305149e+02 6.707145100658194679e+02 2.379902702095691019e-02 6.020071567358136703e-04
2.491749928067654309e+02 3.721521022810836712e+02 -4.255070780168167255e-02 -1.886231133824582129e-01
7.700352476971352189e+02 4.960961107720734731e+02 -6.132080227503408296e-03 -5.187573798103035927e-03
2.866375650505789281e+02 4.338161832932393622e+02 3.945899740708986442e-02 1.470525326080393269e-01
2.799928166789767943e+02 5.321307990310396008e+02 2.919137079465423858e-03 1.868203527739621325e-02
2.910615124451757083e+02 6.305795646242045223e+02 -2.202401999458027289e-03 1.246448195297151541e-02
1.260115374415430779e+03 1.959699925651721628e+02 -1.633594052711739202e-03 3.216928846767089581e-03
4.504671033687649242e+02 1.097121888559147465e+03 6.499023375279801631e-03 2.279640938506489849e-03
2.422127193510866903e+02 5.021301757088456270e+02 1.183158152359186331e-02 -5.222663220334058075e-03
2.510281228980778678e+02 7.097021462045614726e+02 -5.307905651547328157e-03 -7.213573897185803982e-03
1.241517270275325018e+03 3.823848473972165039e+02 -3.696265447565610235e-02 4.546211622908406802e-02
7.190441249651771614e+02 9.613368579619937009e+02 -2.635827889682584423e-03 1.117083655137460912e-02
2.990264240405625173e+02 6.456120957875112936e+02 -7.420591961282199385e-05 -1.589231984250617834e-03
5.197602954479523305e+02 5.300032290272234832e+02 -1.173725448870980084e-02 -5.462388349354402491e-03
4.266819617499245965e+02 1.080878533183845775e+03 5.300695716600627161e-03 -3.281350666586852058e-04
2.281501116612156181e+02 7.107633502122358777e+02 -1.440669906521003987e-03 1.348597009846254011e-03
1.047465374680223249e+03 2.613001559439573498e+02 -2.182490985920743087e-01 -2.276318696368065664e-01
9.703492535178367007e+02 8.291037499887647755e+02 2.148250136818403815e-03 -9.579529334553509717e-03
2.515547327850112538e+02 4.186555308973573801e+02 -5.796441322595489304e-02 -2.232049782653733327e-01
2.189974349778258045e+02 6.468024995702870683e+02 2.373744290621019118e-03 9.181256337714924221e-03
2.569835543225871675e+02 7.179619517124516506e+02 -5.810529767829690495e-04 1.404481869061251741e-03
2.550032671629079459e+02 7.224306717982426562e+02 -5.125683376982890019e-03 5.438393687299058511e-03
2.527262837806178766e+02 4.071222018752357599e+02 -5.053867093631050217e-02 -1.546139852953251903e-01
2.977187906481198070e+02 6.548677038766423948e+02 6.335385007427212292e-03 3.096061804493693229e-03
2.350489445756651889e+02 7.100918122825987666e+02 1.209218695088124884e-04 -4.367702525386637624e-04
6.076924397662412503e+02 3.710629176281197488e+02 -4.603579072427732566e-02 -1.167576716418825336e-02
1.196367391050615197e+03 1.861185270807786480e+02 -1.039094811533975045e-02 -5.082780980579360182e-03
2.534205826071461161e+02 7.357681628075117715e+02 2.531112323234675429e-03 4.806878425138210657e-04
1.123280217465491660e+03 2.110170669785327107e+02 -5.005681128719822320e-02 -2.115042520290360065e-02
2.542857436757295773e+02 4.881413831104046608e+02 -3.311000711154281351e-02 -1.637200322985259832e-02
2.568635248321244262e+02 3.735341890954148312e+02 5.472495743547026170e-02 1.532360246270295656e-01
2.192773135138060070e+02 6.633155745061969810e+02 4.942544609701713700e-03 1.467339228284881029e-03
2.177835558849524489e+02 6.511911796421003373e+02 -1.135587964337264090e-03 -6.883860139005759486e-03
1.198727417374975857e+03 3.190826340462561461e+02 8.727642580543663875e-02 -2.009329027965529035e-01
2.946337685288792727e+02 6.369063067165586745e+02 -2.485725190073388713e-02 -7.755621433958448906e-03
1.001172271875654019e+03 8.557103428350187642e+02 4.192514376299105207e-03 4.333842089683439570e-03
1.022196382557797847e+03 1.661604250484563465e+02 2.157260189460880669e-04 -6.173344397103281561e-03
8.651989354718344316e+01 3.137892412406412745e+02 -1.094851491475583478e-02 -2.644086878434383919e-02
1.191337764390465509e+03 2.489976015296122114e+02 -1.407372112953228158e-02 3.894210281656917960e-02
1.242693635654740547e+03 3.188958214320548450e+02 3.905666560510038243e-01 -3.564570667704613366e-02
1.224679600972781827e+03 3.971271876011587096e+02 2.647632081737419374e-03 -1.472085036849952490e-03
7.532257982847827407e+02 8.450614450334785488e+02 8.623888383764628275e-04 -1.377697732764453058e-03
2.613812614373119345e+02 6.219160858313416611e+02 4.506350327002934392e-03 9.477061269658316675e-03
2.077215519202612484e+02 7.249013974502892097e+02 2.167878506133945771e-03 2.520712474888163555e-03
1.187966592298048226e+03 1.813736354422179318e+02 -2.982091139540331282e-02 1.389284478673182520e-02
1.212033189394300962e+03 2.207487414754087354e+02 -1.913241325481895546e-03 -9.714120219336231602e-04
2.339690275096209575e+02 6.630392284548265707e+02 1.852894591005924477e-02 1.122697614122520650e-02
4.135505860772188953e+02 1.065265987437872582e+03 -1.241159221680704014e-02 -3.872896760407511241e-02
5.459275412048368707e+02 5.163432729018898044e+02 -5.055088405837036836e-02 -1.802543228673175214e-03
2.473056711766115257e+02 3.907595531733435337e+02 -4.211583439708654897e-02 -1.716981734017170858e-01
1.138371968796764804e+03 1.878527067760695957e+02 -2.300153861565692147e-03 -1.709504959795720910e-02
8.227553838442063352e+02 3.406227214340721048e+02 -1.156554470641128892e-03 8.987626580182952324e-03
2.270002196684046964e+02 3.104485902186308977e+02 -3.835254482224866035e-02 -2.271039450837384066e-01
1.204402451421319711e+03 2.559542872472739816e+02 2.107268792672197660e-02 7.921926028676534379e-03
2.474469553445764518e+02 7.362224236832606721e+02 1.808345196946443143e-03 1.116711866462303648e-03
2.290323998130913594e+02 3.406129132583863566e+02 -7.105568285355741420e-02 -2.165180167431264846e-01
1.146534261534937286e+03 1.761233654258293484e+02 4.362462698099539224e-03 -7.034349229871963115e-03
2.760618296689538056e+02 7.001097320100473098e+02 -5.942420479474850789e-03 -7.458266713297684661e-03
2.602592795415083060e+02 6.852966110228443313e+02 -8.125510567551692126e-03 1.831539283872675450e-03
2.293250818105774158e+02 7.458158420047483332e+02 4.384234243598437303e-03 -2.789856459317249446e-03
2.366044968329154017e+02 6.038007482876043923e+02 -1.539647506692452539e-01 4.092811377911830806e-01
3.309036374027709257e+02 1.053073714050934541e+03 4.895300537686517184e-02 3.801913745508000431e-01
1.054979262267813283e+03 8.384161697984137618e+02 1.368529067728856477e-02 1.831594627903185973e-02
2.464742142205788582e+02 3.427246859862638644e+02 5.614687894952237468e-02 1.911377601540150406e-01
2.126227341080227689e+02 7.096042584431500018e+02 4.029399641733742016e-03 -6.632908881687002781e-03
2.955831357837350879e+02 5.127017858037100950e+02 5.865247038909188833e-05 -6.526595280044404819e-03
1.221604270773595999e+03 2.466804792739295351e+02 8.550135830397842876e-03 -8.740529156235573444e-03
3.045582061546405725e+02 5.470506359658342035e+02 9.563620959037471073e-03 -2.381487545399563199e-02
3.009062889778139720e+02 6.199271959165196222e+02 -5.024606320578321739e-02 7.356288479357290730e-03
1.165939702296792120e+03 1.654567557828182487e+02 8.622378869255620595e-03 3.648136220540087668e-03
1.200410854676858435e+03 2.285330466237292057e+02 1.188480344614059603e-02 -2.140108828270213814e-02
1.265758028581687768e+03 2.040134284859213096e+02 -1.613841351782677614e-03 3.050182215469359175e-03
2.506932195823847564e+02 4.774468702917931751e+02 -1.622468991222950768e-02 -4.193548274917819479e-03
4.357491461480417456e+02 1.091226158214978568e+03 -1.381652743808976271e-02 -1.521669292562346761e-03
2.606514461389937765e+02 4.441203160387630078e+02 -6.617945549078904643e-02 -3.914686117477719773e-01
3.077259705177490332e+02 5.570426258398243817e+02 2.217488026651597000e-02 -6.556043490537142270e-03
1.148261758708190655e+03 1.572008988186933891e+02 4.510302427875238600e-03 -1.024790912209698653e-02
2.648682130714182676e+02 7.216668872720071022e+02 -1.477893921669577379e-02 8.618245640431638349e-03
1.178916499346332330e+03 1.830762054595248856e+02 9.815607291100172623e-05 -1.557135606753382723e-02
2.805340778505509434e+02 6.211941770591031400e+02 -7.119999628312458605e-03 -7.505978615479915253e-03
2.718758684539752721e+02 6.715002640595330377e+02 4.576252198736292017e-04 2.844909793960294711e-03
2.986348429534899651e+02 5.109283072729187438e+02 9.569597636273372097e-04 2.854907118696903712e-03
3.406678363637227562e+02 1.045539246209444400e+03 3.587883025444443125e-02 3.158676693561520143e-01
2.698117181237746536e+02 6.965191115770974193e+02 3.508489648616337775e-03 9.230574981203143112e-03
9.179571885141485836e+02 1.102647102048618535e+03 -3.421723396753453654e-03 -5.622947454673639118e-04
2.618070906553595023e+02 6.595481375183638875e+02 -1.242485915844833423e-05 -1.066676836488919533e-02
8.218608486935036126e+02 3.843739446445351291e+02 -9.112629922348184502e-03 -6.409445152470008567e-03
1.092709047145514432e+03 1.568369645500555407e+02 -4.012708392011599644e-03 6.812205327081370665e-03
8.307665819212716087e+02 3.336716572210710297e+02 3.433201006452132886e-02 -2.016473998812423618e-02
5.059711896314076398e+02 4.505651981814625060e+02 -4.745747032295707262e-04 1.103187036597596052e-02
2.665263270495175334e+02 6.624244394943943917e+02 -2.930053005780062364e-03 4.346719204943270444e-03
2.722864055810098876e+02 6.602509580029320659e+02 -2.571961253295848050e-03 1.793458881138576544e-04
1.239947492308274605e+03 2.899650425853170077e+02 1.493160676903532331e-02 1.161958222921963269e-02
2.329502491402951705e+02 3.220089617271949010e+02 -6.978082359181159156e-02 -2.164136937281900819e-01
1.027154716979530349e+03 2.674162281349283603e+02 2.708469373401115390e-03 3.150915551943831144e-03
6.912198684183064188e+02 4.115884417113682616e+02 -3.911459050568332450e-03 -1.744793432486979948e-03
2.788148456607799517e+02 6.846514849613929528e+02 -1.671021856345692672e-03 -6.387837111972630546e-04
2.102838025333425946e+02 5.539095030216586792e+02 -1.971837274341864676e-01 -2.071648723931018843e-01
2.758533635624758062e+02 5.274943192987044540e+02 1.019663323068534071e-02 9.852827183936320801e-03
2.447121872906477620e+02 3.557889226233746740e+02 -7.756525193792415673e-02 -2.192426307522848672e-01
2.385063441149120251e+02 7.381741977546606677e+02 -4.680707771075107507e-03 -5.898224559213403320e-04
2.356413909452639075e+02 3.337985682453610821e+02 -7.543119080945485944e-02 -2.239849563758365691e-01
2.454095463924336116e+02 6.338806636342487764e+02 2.188987918192525795e-03 4.298038552948276608e-02
1.142707014840212196e+03 1.473258888631052059e+02 4.301162798166914374e-03 -1.236481782579730918e-02
2.651356960266383567e+02 7.303732576519583972e+02 4.072783320986339897e-03 3.833298718266425677e-03
2.593608335132072398e+02 3.488863315644430259e+02 5.030988211108178287e-02 1.937555279432542910e-01
2.623442094532712758e+02 7.083613129316119057e+02 2.982287020302573028e-06 -1.395688459117063992e-03
8.576951066191033988e+02 1.101757169364337415e+03 2.302675032269959992e-04 1.039170875552228253e-04
2.308983552263908052e+02 7.403568092017628715e+02 -5.648666776981164922e-05 4.509850111907605721e-03
2.458582983862805804e+02 6.253674586171389365e+02 3.610201315965097524e-02 9.057033424201648558e-03
1.406790880080926911e+02 3.904574822180170486e+02 2.587893677367437712e-03 3.331422126313109393e-03
2.129607893407720951e+02 6.710382383815320964e+02 -1.829685268727878136e-02 3.287994094784724847e-02
7.156720635365730914e+02 8.771482066694904915e+02 -1.949203764347162650e-03 -4.441991488080236986e-03
2.379592374681174647e+02 6.674091918958766882e+02 -1.250394185320198581e-02 2.545934194938244063e-02
2.487523950337461827e+02 6.183817366596779266e+02 -2.600008506390967186e-02 4.232341266687048020e-02
1.124436239024882298e+03 2.122867668922651490e+02 -4.742507854085389191e-02 9.250540067973607450e-02
2.347837194425123357e+02 6.279870469160924813e+02 -1.756412793657959048e-02 -4.434692066702650138e-05
3.503689779301263343e+02 1.051875748876622993e+03 1.831433602534563720e-01 2.140688027381278669e-01
2.595078578320876659e+02 6.387932613970294824e+02 8.460061999278085249e-03 3.247706212194694485e-03
2.730545793254470368e+02 4.843764067261465698e+02 2.242598709311831862e-01 -2.372047309319039454e-01
9.431666009460433315e+02 8.545941892272222731e+02 -4.751040097080296704e-03 6.700301175755211253e-03
1.182677317319477197e+03 2.308489988323647708e+02 1.377229721641573534e-02 1.834632024488853756e-03
9.945487248510034988e+02 2.325093472103737042e+02 1.358391357830059099e-02 2.006708969641954679e-02
1.033105573130195808e+03 2.416116029806828749e+02 -9.137109683100257118e-02 -1.450552258729863597e-01
1.144102911343196183e+03 1.909329009128958035e+02 -2.226573938084341203e-02 2.462517278576903043e-02
1.130898473800089732e+03 1.856151582253666561e+02 1.327219565945696456e-01 1.926344226041122598e-02
1.089365055122169906e+03 2.051231340981284745e+02 2.451004637575378980e-02 1.522507999586318779e-02
1.170501131062536160e+03 3.677221561279570778e+02 -2.715491599805192491e-03 5.031957723986124620e-03
1.185928602282692282e+03 3.592774047653797993e+02 -2.185811497397796010e-01 -2.249352851299647044e-02
1.132755781696229633e+03 2.495801910471810174e+02 -3.057229322307828401e-01 -1.410270677226276859e-01
2.830356739525605576e+02 6.777554209073632592e+02 1.583624101460084747e-03 -6.133090603376637612e-03
9.164439131933177123e+02 8.435404643181473148e+02 2.817077284397206602e-03 -1.472949796643300896e-03
1.234985799021385901e+03 2.781531842565480588e+02 -7.785459374550591713e-03 -1.582391938966068575e-03
1.189091521427940279e+03 2.271481834577507755e+02 -4.500470391211828895e-03 -1.180729906981624333e-02
1.152568910539582248e+03 3.027711159917305963e+02 -4.279843371000875002e-02 3.174873501902056999e-02
1.172262379756972223e+03 1.651591317799529008e+02 1.811506687791094791e-02 -6.189471214608179006e-02
2.797907111046700379e+02 6.927775708785356983e+02 -2.487614925562771362e-03 7.812959493050341403e-03
2.619799729603632841e+02 6.969124681599165569e+02 1.915256164961804796e-03 7.242247058500895368e-03
4.008847617612178738e+02 1.079698066049674480e+03 2.416124832851180848e-01 3.632656384199958038e-02
1.135493891105066950e+03 2.713197739290777122e+02 1.100920629610840570e-02 1.721724048596763980e-03
1.860208914686063792e+02 5.733356696949854268e+02 -3.122981841741393969e-03 -4.841800880700869274e-03
1.192252529707541498e+03 2.289033565298297219e+02 -1.031036379131229815e-02 -4.412767967310309014e-02
1.208681188938942569e+03 3.110482281882383973e+02 1.178526159741576929e-01 5.810741386085733345e-02
2.296246628068419113e+02 6.274194563713585922e+02 -1.178763961768631435e-02 -3.741599710782667499e-03
1.222438493032181668e+03 2.370089312637253158e+02 1.851202960573492262e-01 -6.955781458513558835e-02
1.147206437978032454e+03 1.660562482388783678e+02 -5.593002570202599243e-03 6.186905089503405043e-03
3.091732914099109166e+02 1.048184629328523215e+03 9.298136596340095608e-03 2.755422965486685749e-01
1.091372297472828905e+03 2.366285182629094095e+02 -1.994397779480712729e-01 2.788829617364679825e-02
2.463091407156054515e+02 6.932739067712251426e+02 -2.517028316130489121e-03 2.268653575340679861e-03
2.731582112318652662e+02 6.522896289498479518e+02 3.692522468474189728e-03 -5.163897160243079848e-03
2.910760394956029700e+02 6.479879218572243644e+02 -2.727954150072541136e-05 -3.584039511536340431e-03
5.291223602704594668e+02 4.769312198501908711e+02 1.494649300347042874e-02 2.278249386385105407e-02
4.380677448045930760e+02 1.084647202689630831e+03 -1.930884183986669375e-02 -4.392980268045840186e-03
1.156385727620398256e+03 3.696131197537478101e+02 2.347203294632864076e-03 2.347114936811681846e-02
2.704768244166053819e+02 6.375199385704073620e+02 -7.798530845408580946e-04 2.055073156085686359e-02
2.845486230675246020e+02 5.402531679054951610e+02 2.169524779299683570e-01 -1.890983206946639517e-01
1.136321618180054429e+03 3.109850929884393622e+02 2.994430168866218378e-01 1.417402144951371012e-01
8.234878619715685772e+02 3.785354972797753135e+02 2.712386718895227426e-03 -2.502489050577946122e-04
1.280600402288657733e+03 3.716807834701133402e+02 -6.308872962509298049e-03 5.285462404604815249e-03
1.001647999224982527e+03 8.653310606851459852e+02 -5.780670390069221620e-03 -1.157151727106297927e-02
2.285203176591916190e+02 6.879345373089674922e+02 4.459583113995819331e-03 -4.625364108445108660e-03
9.228439853903927315e+02 8.644071899514824509e+02 -3.313262296578974031e-03 -3.117738857586929094e-03
1.246830368354327447e+03 3.093722644245694937e+02 -8.405920677004999689e-03 3.752059259544703301e-03
2.387444184943536243e+02 6.765601773848218272e+02 1.513254112969470485e-03 -1.989153297903284087e-02
1.103120587500093734e+03 1.786878219414097941e+02 8.723640129701920598e-02 5.779980370027461983e-02
1.159535091753152756e+03 1.970439075781933127e+02 -2.725961844803485683e-03 -8.617030837450894570e-03
2.836043282099188332e+02 5.459283652789948746e+02 2.507174735721034997e-01 -1.930469687319695260e-01
3.524779969268963669e+02 1.014008387708614805e+03 9.040269195616031095e-02 1.858488411034595889e-01
1.156802610581546105e+03 2.118498896261300501e+02 -9.061738178814103886e-03 -2.028545356975288393e-03
2.779364245118567851e+02 6.592965496268234347e+02 -3.505917802560771200e-03 3.849105353260080711e-03
1.136369709548413084e+03 3.507321104345141407e+02 3.868913704925917157e-02 2.998413231790270257e-03
2.236304285275753330e+02 6.199351771989720419e+02 -2.039185652476979971e-01 1.734963412306056441e-01
3.068545284236933526e+02 6.302705956785081298e+02 -3.450714730057946947e-03 8.410279843953710407e-03
1.038282500327376738e+03 1.722340377759277885e+02 7.827409130893308795e-03 -2.883331397115336536e-02
1.050927062164434801e+03 1.867551596979087947e+02 1.996875279088938110e-03 -6.111846750018635512e-03
3.752132059156150490e+02 1.055255639531848828e+03 2.212359610980248470e-01 2.971705110654930260e-01
2.496210684802438493e+02 6.812336443947970110e+02 7.369793438547366307e-03 -2.700673692001065093e-02
2.613595843131915331e+02 4.593248965366561833e+02 3.163290114650356422e-02 -3.684468872922805338e-01
2.723530086103158965e+02 7.171812492303876070e+02 1.601581974371399245e-03 -1.002254702832420467e-03
2.458758840906661760e+02 6.138581854219116849e+02 -2.466153841009069772e-02 3.316975844871977719e-02
6.131972330327645295e+02 4.925914917221041947e+02 2.065133062761799476e-02 -4.978313821233981695e-01
2.841040122357953237e+02 6.706843763175638742e+02 -4.745164101847205648e-03 -1.072357261257298605e-02
2.517292416219758309e+02 6.398931753715770583e+02 1.320413006142543907e-02 4.107713439162300958e-03
2.358319321667443660e+02 5.323066510166322587e+02 2.075010385111994149e-01 -9.118550247392541788e-03
1.113243667989651613e+03 2.137095385177818514e+02 3.671249087077704115e-02 1.896367435295704881e-02
1.184765175461516264e+03 2.587550213406573221e+02 -2.723642855982580900e-03 4.216042588696197399e-03
2.903752288082080781e+02 6.117725949792912843e+02 5.196518543502434001e-02 1.369766144751356218e-01
1.188015242303422610e+03 2.043072007379441288e+02 -1.130853858359328647e-02 -3.255702419397017711e-02
1.129110723419028091e+03 3.378541894745292780e+02 -3.866171819089965489e-02 5.740925362940033777e-02
1.752575933362284104e+02 5.709919602325788901e+02 -4.325197961675977809e-03 8.202899411722539350e-04
2.824492181070873471e+02 6.503582061518957289e+02 5.308663710695332369e-03 1.225557495692695259e-02
1.933654508950895945e+02 6.747263142840768069e+02 1.743459131086040267e-02 5.902193810414579911e-02
2.587413011156323819e+02 5.841606564685356489e+02 2.097971887787946355e-01 -5.466758138441329268e-02
3.961143268354779252e+02 1.089099191232988687e+03 2.307076589029169456e-01 3.725117121225234029e-02
5.679743619891887647e+02 4.261659286251438630e+02 6.219431637297326981e-04 -4.999533015038222852e-03
1.178361310938350016e+03 2.445837911699157701e+02 -5.888033823616256775e-03 2.971350270888959560e-02
1.129499943015429835e+03 1.665360151787700431e+02 -5.206890048321784203e-02 -1.132124691887012504e-03
3.138071877351814010e+02 5.044736607682937688e+02 -6.296891839266470330e-03 3.398471588859660383e-03
6.049740649813063555e+02 4.395916329601084271e+02 -8.287186752381379626e-03 8.905627941740899833e-03
4.630594583910753386e+02 4.527382859114053417e+02 -5.451820622545480895e-03 2.222523221348074972e-03
1.157660116071949915e+03 1.900779141721512246e+02 -3.080685073432910467e-02 6.615902810091509045e-02
1.107091565709082488e+03 2.831609657052334228e+02 1.847381367885335135e-01 1.819683478294452927e-01
2.942099451474650778e+02 6.046585487886294459e+02 2.890118226582221589e-02 1.430779093092314214e-01
1.155642115106279789e+03 3.264843882444030214e+02 1.640941043700255841e-02 1.162660584699808271e-02
3.134742445432541444e+02 4.967023118513624809e+02 -3.138269659733859836e-04 -1.124621507723687353e-02
2.339733336353363882e+02 7.724588769495363749e+02 -3.365858127234042096e-03 3.502162552340135938e-03
3.052947531070168452e+02 1.051222506004826528e+03 4.954923332393725705e-02 2.562258910730602635e-01
1.514733738985749198e+02 4.546591531788072302e+02 -1.093044732257767706e-03 -1.852543226893975728e-03
8.182897280950232926e+02 3.372881244337169733e+02 1.731976443518463624e-02 -3.295851774796551819e-03
2.304513434779462671e+02 6.375555958684436746e+02 1.901700242863362672e-02 -6.237108101429677913e-03
2.732774853852902766e+02 4.221374415711254642e+02 1.015413495631435625e-01 3.032414843103118374e-01
1.267728581696028868e+03 2.585829302608760258e+02 -4.854472616608011479e-03 3.710771048304195574e-03
1.037274572562524099e+03 2.555642182627100567e+02 -1.468898814667763120e-01 -1.768868302685918936e-01
9.415327949326309636e+02 8.510731741187956914e+02 3.197830997187834073e-03 -9.604507515328661663e-04
2.320815507777750497e+02 7.152842745706936967e+02 -2.575244927628951488e-03 1.517486309413101442e-03
2.917238758876579823e+02 6.622643532426004640e+02 -6.259449840545941272e-03 -7.921309379233404955e-05
2.371435679967991348e+02 6.489174231707704621e+02 1.378478872719214642e-03 1.128240755257602264e-02
1.132870357942327246e+03 1.825190157623361245e+02 -9.106619297744155545e-04 3.997828811719447012e-03
1.650783333771204866e+02 5.294980077613771527e+02 -3.230214811854426049e-01 -2.059152507966680590e-01
2.590014775531339524e+02 5.609710329716360775e+02 -3.382313216585285109e-02 2.780631136783578983e-01
1.138796611026994469e+03 2.462946047169489532e+02 -1.407333751384756693e-02 5.769650228567307221e-02
1.149450268148532359e+03 3.324181179187188491e+02 5.201410796741520737e-02 3.384883999778328517e-02
1.070886327534669135e+03 2.319171862164786262e+02 5.408541887860868896e-02 9.405325796177971612e-03
1.167353771812739069e+03 2.889743796629097687e+02 1.607105750904135877e-01 -1.246246685803497484e-01
1.203743176338569810e+03 2.010369798056242132e+02 4.004305422560971127e-03 -3.354761378767591017e-03
2.298163514040139717e+02 3.169169248914170680e+02 -5.204630375661645908e-02 -2.220722264506607146e-01
2.530252167021590992e+02 5.824057197548982003e+02 -5.580655261851298621e-02 2.892353752287236679e-01
1.602329674562334674e+02 5.355728263261239590e+02 -2.735755947113566178e-01 -1.701708718333291015e-01
1.212326370191245815e+03 2.777214969921348029e+02 8.344665142077597325e-03 -1.259990321738604750e-02
2.510529226356031813e+02 6.516699300846579490e+02 3.531866811254256305e-03 1.232138388241643331e-02
1.028423984979279112e+03 2.546017571116804561e+02 -9.343831309161932525e-03 -7.009043693281203670e-03
1.009569272137523171e+03 8.368694862766494680e+02 -2.350279014364678974e-03 -2.872001622689471061e-03
3.246337657178262361e+02 4.822136612270270462e+02 2.383016796311674540e-03 9.886161261997495828e-03
2.413412189009929989e+02 7.036141810644576253e+02 9.840880268835588973e-03 5.996258519634339867e-03
2.547768955109916931e+02 6.704914844113503705e+02 -1.991213295252860713e-03 1.678186081682436770e-02
1.072619324366200999e+03 1.922345814650332443e+02 4.901629280343198537e-03 5.243627960593661742e-03
1.076208490918074631e+03 2.040247774826500518e+02 -2.894369623411668924e-02 3.543608379949054338e-02
1.223132564378652432e+03 2.700320772920679815e+02 3.645480171463973650e-03 2.737227413202316176e-03
2.962831870852679685e+02 5.476286867597232231e+02 5.858867282415027022e-02 3.364528003803671785e-01
9.988276178015292999e+02 2.427830059221350609e+02 -1.589958046046791029e-02 2.262344347956494681e-02
2.575688459680582696e+02 6.032881883932705023e+02 -5.844431818450523952e-02 2.693046572961410590e-01
3.104398803755499330e+02 6.016703315524853224e+02 2.644348929141073033e-03 -1.121542353972035735e-02
2.522583789558388787e+02 5.009629472597789004e+02 1.076616339557470436e-01 -1.139409482905435755e-01
1.176810169860160386e+03 3.468535314604342830e+02 1.655720728311703416e-02 6.212178461576644412e-02
1.176206774717635426e+03 2.813019396488693360e+02 -6.276239464664240542e-02 -3.332540777208777283e-01
1.158744203148873339e+03 2.450171041720316794e+02 1.784818113589095243e-02 -4.423480440085867521e-02
1.083978752226794995e+03 1.883161025580005514e+02 1.602732160226135461e-01 1.646945763418755926e-01
9.865311974086607734e+02 8.771101732088217204e+02 -1.024179947627531194e-03 -8.203861325230241185e-04
2.654529588157028570e+02 3.541371204648963271e+02 5.136275409579535434e-02 2.304005300140616885e-01
1.086401621286571526e+03 3.410688660015412665e+02 -5.503393686607037372e-03 -7.402002743092587871e-03
2.524449888551492904e+02 3.875589475949945495e+02 -4.529627349795826291e-02 -1.532348340571313139e-01
1.110689910654347159e+03 2.055803237514542445e+02 5.626993520853388470e-02 2.661813852891796103e-02
1.212917809236423409e+03 2.293990725118741238e+02 -1.347987848875262760e-02 5.341217403971208755e-02
1.203084851195442525e+03 2.140599253383268206e+02 -4.474487385083995156e-02 -4.763988396204007353e-02
1.939430237318820502e+02 5.537038397446839326e+02 -1.047062460464094208e-01 -3.250344008051054834e-01
2.873552659452226408e+02 6.640201296080897464e+02 1.220115451527624016e-03 -2.754691628115999835e-03
1.174071861824728103e+03 2.329512275017249294e+02 6.817497790901296331e-03 -1.255751533102511530e-02
2.637613843006991488e+02 5.654808930291851539e+02 -4.905774164053289949e-02 2.629492389480213022e-01
3.543561353762740964e+02 1.063401114222259366e+03 5.759675792181623288e-02 3.065282021351696251e-01
7.594452612862103251e+02 3.946213506743791299e+02 4.135023634647441715e-01 -4.299872895334901080e-02
1.144611836493030523e+03 3.564549838381127529e+02 -1.125565976178114630e-02 -1.967645096044634556e-03
3.107195233258440794e+02 4.873725083971563095e+02 -4.578203780881429270e-03 -2.199597539967640663e-03
3.129779497813997864e+02 5.177514081063359299e+02 1.121932507937281799e-04 -9.449419629173588797e-03
1.149816273578001528e+03 3.192564215677368225e+02 2.463923885363153155e-01 -2.298331995713608772e-02
2.460993946729698791e+02 6.664502845180760460e+02 -4.936266399615288044e-04 2.341848063815407492e-03
1.146644199329233516e+03 3.056786884499724124e+02 6.049558501470276434e-02 1.054874407516584317e-01
1.222204445366553273e+03 2.944366716531115458e+02 -9.635506962328267699e-03 8.384630202332312918e-03
5.053547127981660196e+02 4.766310530417787277e+02 5.630388333444070158e-04 1.090335329939143066e-03
4.215232394845330077e+02 1.095937070641170749e+03 -2.945761484693208612e-03 -7.655383355185140827e-04
1.982383801889792494e+02 5.463580201399248608e+02 -8.530896589586108025e-02 -2.735463271032466670e-01
2.274579405985680864e+02 6.002064923143302622e+02 1.779882787786390419e-01 -2.037429841770398431e-01
2.285820646632942896e+02 3.050041706686455427e+02 -1.067488310657868922e-01 -2.970452014659925033e-01
1.204940267646147049e+03 2.781377455432382817e+02 1.890632090889724079e-03 8.539626061057185163e-03
1.160206272877143419e+03 3.321890485946849481e+02 1.237977618158612667e-02 4.183918373026397977e-03
2.695498802048360290e+02 6.557243335598939211e+02 7.407930386740631994e-04 2.475579591872485805e-03
2.216750541720854244e+02 7.157048855858282650e+02 -2.269014874415650317e-03 4.264798319503248819e-04
1.025204173182765089e+03 8.670329636740419801e+02 4.862458513431679175e-03 6.360674318806117979e-03
2.855246227617645332e+02 6.370709878942284377e+02 3.169099281277927560e-02 -2.428294246060386588e-02
1.150560110581315257e+03 2.133385972345033395e+02 8.793095652062319625e-04 8.635382667325577650e-04
2.884835489179560000e+02 5.975877659360038479e+02 -2.624709783542764768e-03 1.564494820367322570e-01
1.274403067668490166e+03 3.547537831531532220e+02 4.778406131047582273e-01 -1.671615983376298631e-01
1.030601406195173922e+03 1.603614147371416436e+02 1.610597095952588306e-02 -2.806459363419903409e-03
1.244390838200422195e+03 2.740696541850021504e+02 -5.633460621324822178e-03 5.703752226526542617e-03
1.061450502663486986e+03 2.038376020933353630e+02 -1.819066150443798824e-02 6.426302221936058823e-02
1.933359150802299666e+02 6.904945982538283715e+02 -3.782558241841899472e-03 1.868775405649548624e-02
1.120280300744450187e+03 3.214803497694914540e+02 -1.382878270117156999e-02 2.690612045684065076e-02
2.171473379466376912e+02 5.563991613625423724e+02 -1.276695867175207388e-01 -1.364608905029498498e-01
2.298879419934743282e+02 6.166134126127614081e+02 -1.998394279224884884e-01 1.931544020701291831e-01
4.770358738463593227e+02 4.857284560534086495e+02 3.685827457637528648e-05 -1.204994307080583214e-03
2.152639149317953695e+02 7.227122746484924392e+02 3.390581764379156475e-03 5.342063257005362498e-03
2.892243424507092868e+02 5.528184556938369951e+02 5.411211647047215606e-02 3.454617188210074019e-01
1.282317410053111644e+03 3.365105344412110639e+02 -3.285923163316555734e-02 -1.069980961657781282e-01
2.770694178092031166e+02 6.744829879186828521e+02 -9.548001855858562594e-04 8.558968044166483970e-04
2.267333418801289895e+02 5.698115591715848041e+02 2.102585032287846989e-01 -2.573212457862594227e-01
1.124922891709082705e+03 1.807515531713430903e+02 1.575051056185053843e-03 -2.520872972965689310e-03
1.170235493902121334e+03 2.534832372105796878e+02 2.637652476509588784e-02 -1.382331050068625992e-02
1.089827970373994958e+03 2.797700192431864821e+02 -2.730437109905103354e-01 -1.127414860343603775e-01
1.164565568235298542e+03 2.993283892980991254e+02 2.213380680721767635e-01 -1.463077645607639976e-01
1.183709193308237445e+03 3.241110248455672149e+02 2.753261454327993532e-02 -1.399756566756911735e-01
2.225547341009470870e+02 6.786222565952655259e+02 -4.514397052671506767e-03 -3.579754094672163867e-04
2.213495647422688819e+02 3.089332627138423959e+02 -4.798082155534751786e-02 -2.126744873183744056e-01
2.809741271965120859e+02 6.032781063253594311e+02 1.991153930783348680e-02 1.999079115830918463e-01
2.471459859130862640e+02 7.621129507414588033e+02 -1.813354915138814865e-03 6.859624027788638508e-03
2.970146626504320011e+02 5.680230751557277245e+02 5.016000333582138621e-02 3.498990805732846154e-01
7.860785425036938250e+02 4.004258812171460136e+02 6.822266132740149175e-03 1.017664920902916492e-02
2.570835907401308873e+02 3.569731649465725241e+02 7.365258341899091898e-02 1.981325540440951605e-01
1.524290992725168508e+02 5.179864387232951231e+02 -3.336374203428609797e-01 -2.137780984592042022e-01
2.339885726015996852e+02 7.210087985917955393e+02 -4.905553017212273270e-03 -6.045136124626960226e-03
1.235785760582867397e+03 1.331407009437606348e+02 -3.058872519535599677e-03 9.876682065449565381e-03
2.262195685442244155e+02 7.312535541057046657e+02 5.613147744685814287e-04 -7.347680053573352014e-03
2.189660225729067236e+02 5.440969076081164530e+02 3.317231689949658446e-01 2.185220789542778319e-01
1.276166949591499360e+03 2.794384520423358822e+02 2.712132424946080145e-02 1.664976027051898455e-01
2.837295774560841437e+02 4.644394043832595003e+02 2.592694564042977851e-02 3.062694324290174963e-01
2.118124250865317606e+02 6.779642242702142312e+02 -3.999937815926909654e-03 -8.134110979490783572e-03
1.227397471408122783e+03 1.492375311260519766e+02 -2.683077844217718593e-04 6.528123065127957323e-04
4.174990822450110386e+02 1.095035917470188679e+03 2.249853121550176617e-03 3.130047399432297952e-03
1.025465074526001672e+03 2.221782322594380616e+02 3.003431343376986584e-01 2.293272480760977783e-01
2.459381958974934150e+02 5.071437474131009822e+02 1.502252189627929502e-01 -1.567958625357822600e-01
7.206577632708566625e+02 9.196463592927532318e+02 2.386344052329960469e-02 4.720280136702607876e-03
2.688452128253937303e+02 4.625946975972520363e+02 4.754984178017120783e-02 -4.577684818628494634e-01
1.036340071052236226e+03 2.492721663968015378e+02 -1.580535244908769787e-01 -1.841360927033406369e-01
2.637633975996927234e+02 6.070302703123952597e+02 -8.821384955913322279e-02 2.740609494397689971e-01
1.178275706553679584e+03 3.829570860791108657e+02 -6.003033127358726496e-03 8.030877836598946870e-03
2.079045415311224190e+02 5.712190683885008866e+02 1.000135634460427303e-01 -2.817569754050849862e-01
2.644353012485744898e+02 4.577679088328462740e+02 -1.079498369103694226e-02 -4.244303285376802015e-01
1.071671834225004432e+03 2.845353241530604578e+02 -1.126847031691727979e-01 -2.024843278028744809e-01
2.212156651650377341e+02 7.086184856645232912e+02 4.320633510893190539e-03 -1.517583337088148927e-03
1.119130698394966885e+03 2.241845108318024131e+02 8.916453816513608688e-02 -3.406841740203846169e-02
1.174679543868373912e+03 1.871483267574742797e+02 1.395764648718975966e-02 2.862358324445085124e-03
2.395816253966359852e+02 3.756727101987200967e+02 -5.540217863055450082e-02 -2.050546540368010373e-01
3.064260059473220963e+02 4.916572499500027220e+02 3.365266698627616265e-02 3.314429830929006143e-02
1.203774167167229052e+03 3.582043744490636641e+02 -1.972931074758007414e-02 4.049172838952614512e-02
1.172565107806735796e+03 3.862007084565712489e+02 -5.904107043883783518e-02 8.913061765482417631e-02
1.026918071368432948e+03 2.966622471218848318e+02 -1.018304902853661535e-02 -1.926681886623618500e-02
2.067608414685329592e+02 7.189637941469007956e+02 2.210699168374627606e-03 7.397367065176793828e-03
1.214748723925176819e+03 3.594084528552628512e+02 -2.085285907599940605e-02 8.983915947703792482e-02
2.213965006807948441e+02 5.913013560555631329e+02 1.768106193694164996e-01 -2.181546091428403500e-01
1.130392099310459571e+03 3.315568874707150258e+02 6.830169088131454042e-03 -1.581138236245988385e-02
9.848894309228073780e+02 2.084535732182148706e+02 1.178161577211040388e-02 6.892162832734288758e-02
1.220012892926764607e+03 2.235356671677081408e+02 2.669882001399594487e-02 -1.962827435162488310e-02
2.918010141708707579e+02 5.079917516911788198e+02 -4.967620272619999860e-02 3.620817245964712550e-01
1.055241917656953547e+03 3.219078931142833540e+02 -4.476550311178786011e-03 -3.219296621244274736e-03
2.125529489521813673e+02 7.116023830359844169e+02 -2.158083378466756769e-02 -1.007817524592016139e-03
1.058218887010535127e+03 2.637159428118805522e+02 -3.162839486197789873e-01 -2.824464241495682759e-01
2.909523718577854083e+02 4.687318756028174676e+02 2.438349553626203980e-02 3.433619232953980527e-01
1.228160538970346806e+03 2.521939943174862151e+02 -1.110665202931483166e-02 5.921843076134482298e-02
1.178992802954608123e+03 1.921942365022773629e+02 -4.442572840468195575e-03 -1.120084210721430419e-02
1.173535233875147014e+03 3.347378270954741311e+02 1.230262306288444352e-01 1.573498250821070699e-01
2.337606172481185070e+02 5.591733251716797213e+02 2.586516635801948127e-01 -4.535757400183780819e-01
1.142226821516679138e+03 2.901013093516052663e+02 5.915332863417074177e-02 9.966940123443424060e-02
1.204993020662485605e+03 3.872454142864125970e+02 1.817161777963330772e-03 -1.198992554390256905e-02
1.140954463566572485e+03 1.793753254511342732e+02 -7.407632067191449385e-03 2.000210026957099929e-02
2.642228961414765536e+02 4.170036635806183085e+02 -1.015688865697094746e-02 -1.804468673749521357e-01
1.058853877829571957e+03 2.914699820256676048e+02 -6.791863612838058492e-03 1.860901762695887224e-02
2.522054981439636094e+02 5.351247568052806400e+02 2.849839824881006400e-01 -5.002785138650663876e-01
1.062226736457410880e+03 2.773525888629329756e+02 -1.954745791954450307e-01 -1.934325048734078789e-01
1.045124272806840281e+03 2.391430773186111480e+02 -1.643916066561589562e-01 -2.039487574704255124e-01
2.339985325031695140e+02 5.722817802795490252e+02 4.440582853516423234e-01 -2.938213844257137053e-01
1.168744984146511570e+03 3.006764354207174392e+02 -5.938298689330838778e-03 -2.784108647731579206e-02
2.852870429795560767e+02 6.280681001981758982e+02 2.994338261523447680e-04 1.520538615294537857e-03
1.996516760772469752e+02 5.667502034565875420e+02 1.398117903325965528e-01 7.509254355095053290e-02
2.402786099554669761e+02 3.202875955344986210e+02 5.142822224874830928e-02 1.530787364868480271e-01
2.585696748246295442e+02 3.227924578927363086e+02 5.209410774742927186e-02 1.976714675184601533e-01
9.899888009838998641e+02 2.251512399636332020e+02 -4.848636084444582495e-02 -6.501965286232272434e-03
3.601009668659136196e+02 1.097257879533077812e+03 6.152396084179867497e-02 2.483974537740503419e-01
1.015322721887632952e+03 2.558843755774187798e+02 -4.980623844878461458e-03 9.616327764719006035e-03
2.319192256217264116e+02 6.078047546726338624e+02 -1.321921054468306878e-01 3.943754063029982215e-01
2.111084668378111076e+02 5.943062828661646790e+02 1.355614354872805294e-01 -3.634652301080094627e-01
1.190735933998262453e+03 2.108626328872688021e+02 -7.993197226504673847e-02 -2.265041180127600265e-02
2.497747012954086472e+02 5.096860443308602271e+02 6.027688272688054572e-02 -1.259879666214171468e-01
2.310229371507759595e+02 3.312398121267985971e+02 -5.607534583640837872e-02 -2.157417940213048890e-01
1.148682567447987594e+03 3.515712259010622347e+02 1.292372977912795195e-03 2.067407172113811214e-04
1.030103655555378737e+03 2.136881062034523779e+02 2.361456208323236550e-01 3.146169968418069951e-01
2.874120635395391332e+02 6.501067637395822203e+02 1.810497251133346211e-03 -1.951283278950396907e-03
1.138815808612441742e+03 3.203913045931864758e+02 6.545423985687084945e-02 7.405305093289592244e-02
2.608804602872911005e+02 7.047034041976041863e+02 -7.112520253235968433e-04 2.919205258683295074e-03
1.048346461876317790e+03 1.736887369402633681e+02 -1.585870964762005689e-02 1.094481011811569877e-02
1.153840631948748296e+03 2.231982282981708750e+02 -5.296547793858114202e-03 9.094838941260461121e-03
1.100187592060636689e+03 2.151376169887210779e+02 5.369216320762254871e-03 1.571486942214304211e-02
1.046947398338204039e+03 1.977994857855948112e+02 -1.394345964915220601e-03 1.919727300885921625e-02
1.059287392607371885e+03 3.038170831084875658e+02 -1.632591090292137906e-02 3.437702307190863837e-02
3.227015926768925738e+02 5.504424435956124171e+02 4.745261311928844483e-03 6.699009609229226656e-03
2.200808809229906728e+02 6.937070942227537671e+02 -9.440486650467590484e-04 -3.032558515980268363e-03
1.244434398684492862e+03 3.234847643093791589e+02 4.009287461628427973e-01 -3.082781538407653940e-02
1.650650009497248902e+02 4.963160190336800497e+02 1.104794140845448414e-01 3.347770544519785424e-02
1.076312529343670576e+03 1.719151909974458192e+02 1.488758165526921362e-01 1.231492327652045637e-01
1.108133761016434846e+03 2.317284012015912538e+02 1.193485224541520895e-01 -5.303973659994705436e-02
1.065774718749986960e+03 2.610475738459986133e+02 -3.128916750846800210e-01 -1.450778973711904507e-01
1.112431048404188004e+03 1.899055432322772106e+02 1.205373697674229708e-02 -5.675204729204317254e-03
1.159113826902308801e+03 3.630515013736036281e+02 -8.968042796697664465e-02 1.922510724122802606e-01
2.074962522110837995e+02 5.987388663798404878e+02 1.478390385902138560e-01 -3.597726232748174047e-01
1.915298318184275104e+02 5.661778421351183397e+02 1.443389977052516870e-01 3.255484677945805899e-02
1.084151208963900672e+03 2.435735659791410797e+02 1.342133514869831290e-01 -1.256210380519282299e-01
2.517069169339119696e+02 5.179704744491722295e+02 4.072739710394843865e-02 -1.224231069000928374e-01
1.189833344625441896e+03 2.468068610987757268e+02 1.083313336221631293e-03 -1.339219882576111326e-02
2.372287039233016230e+02 6.406489486866080370e+02 1.441276293430442633e-02 5.774076171077228981e-02
9.637597988279507035e+02 8.591337716846790045e+02 -1.510974461941691667e-02 1.700916543296839825e-03
1.605652149083316829e+02 5.021249096261702789e+02 -1.053849094162925826e-02 9.665513366493855285e-02
1.235574514357293765e+03 3.998552445649687002e+02 -1.547330967267917384e-02 1.229849098664564933e-02
1.040521760177484339e+03 8.491032464223500256e+02 8.639589266207135798e-03 -3.946646819112273503e-03
2.445730727442204682e+02 3.158283577214328375e+02 5.822678065492153943e-02 1.877761815843941307e-01
1.123513119432591338e+03 2.424729175467381879e+02 -6.120474072086061479e-02 2.096585095004683263e-01
5.170155590209391221e+02 4.809272824669320130e+02 1.189381620753181918e-03 -2.672282170338029055e-03
1.041853313956909005e+03 2.442482069275943104e+02 -1.701877943812790672e-01 -1.003337387043519713e-01
3.346609237602282860e+02 1.089459903283461472e+03 8.029349760562411176e-02 2.220738356012823267e-01
2.655149072088865978e+02 6.780996423861463427e+02 -8.128583013517933073e-04 1.659916059486927359e-02
1.020856863425201709e+03 2.030519407899874693e+02 2.450955775372399836e-01 3.187653085814122766e-01
1.140889500332911439e+03 1.994535336168974311e+02 -2.536914018210695027e-03 1.103068404733483811e-02
1.107283194942252521e+03 2.606152127596784567e+02 -6.123055337547391591e-02 4.675200218668768698e-02
1.297157976873296548e+03 3.588737446958209603e+02 5.216446086957454709e-01 -1.132367253122005951e-01
2.327608747983074693e+02 3.541215597520312599e+02 -8.586319039561303434e-02 -2.393611197103309163e-01
2.657189955433033788e+02 5.243518076311569303e+02 -1.549068970195750516e-01 4.692956450504849886e-01
2.772736174617679694e+02 4.057734060028790282e+02 3.795569692010814650e-02 2.460949659307589688e-01
3.430441433283895094e+02 1.074372855708475754e+03 -2.253186716142530424e-02 2.803410745163167905e-01
1.166136333249912013e+03 1.919190218175843086e+02 -2.245431874855219941e-03 8.387907179161064458e-03
9.820720413032802298e+02 1.969305081277497891e+02 2.033080134316524734e-01 2.027976623816397372e-01
1.097226458460896765e+03 2.006261673628218887e+02 4.666899104164159290e-02 2.114107082860415543e-02
2.243681362846749039e+02 5.476006984336200958e+02 2.606944867056994464e-01 1.427362474462854358e-01
1.019905538057962758e+03 2.368479169947298431e+02 -1.509445385229828129e-01 -1.416667658417594955e-01
3.261054808580868212e+02 1.064029212038470632e+03 7.275233033975676833e-02 2.263435986721520354e-01
1.147303056167516615e+03 3.470004030546651279e+02 -3.359532963884811520e-03 4.196457729908570876e-03
1.961358063934380596e+02 6.069739178277718565e+02 1.546321966618852961e-01 -2.768004298732047452e-01
1.099554970173908487e+03 2.074325349086957999e+02 2.785372274024891862e-02 9.402891352653787449e-02
1.210290617623566504e+03 2.374976269944358762e+02 2.873781843930886884e-02 2.385279455249546265e-02
2.719519296696585116e+02 4.110134531656318018e+02 3.712965453284949868e-02 2.636233522203277890e-01
2.140862825978699675e+02 6.084129060509271767e+02 2.615156167470908399e-01 -3.959451788046538523e-01
2.568618007379380401e+02 5.145372187566598541e+02 1.954659241279711138e-03 1.725492140344320538e-02
2.553183717280746521e+02 3.994820217742579871e+02 -5.081313959285811005e-02 -1.616808632242235089e-01
1.114747099962292168e+03 2.268190417273304718e+02 1.695601706571238376e-01 -7.142680791662469053e-01
2.564258434000854550e+02 3.631294228586920099e+02 7.149277063492610884e-02 1.722050103912406982e-01
1.055776399263324265e+03 1.696517781891041352e+02 -8.446519262235489822e-03 -5.497899734024821496e-03
1.216691980984431439e+03 3.090780408667080792e+02 4.635884449017154893e-03 2.355097627888890280e-02
2.370655498357883175e+02 5.351131491029669860e+02 1.730887936613262346e-01 -7.702754684505454946e-03
2.049639505760841587e+02 6.909032103143606491e+02 -2.022280528085542220e-02 2.087404725236662994e-03
5.037604653058367035e+02 4.690597051760549334e+02 -4.130308148768954690e-03 1.088908867394694849e-02
2.463183310633908718e+02 7.022404236390595997e+02 3.830443304720613108e-03 1.201352036419884445e-02
1.135653542603758069e+03 2.295681942238138333e+02 -1.345015372533561043e-02 2.256062238857924410e-02
1.102156202898773017e+03 2.375695010141156160e+02 -1.467492515097848504e-01 8.644367714464099017e-02
1.229608068386507284e+03 3.066790049479489539e+02 1.124425836467545826e-02 1.697532067447807616e-02
1.055535689638937356e+03 1.923655281014434877e+02 -4.017250837318222557e-03 -1.675933644085631294e-02
1.172080704103282642e+03 2.234685033561410705e+02 -7.915704292122427432e-02 -3.751119162301150972e-02
1.134631535619632359e+03 2.177753342391980311e+02 1.595364569819517769e-02 -8.543609804752884396e-02
1.094319558418407041e+03 2.700050849869946887e+02 2.847676950566122578e-01 1.932367784102314856e-01
1.137607329422736484e+03 2.934439813783013733e+02 5.728980098968007584e-02 6.627495630214925992e-02
1.073738041321362971e+03 2.905987606002815369e+02 -2.841002107331905280e-01 -1.905814169681429027e-01
1.107788461932074142e+03 1.632692380704257857e+02 1.354400813836514061e-01 4.257668441592058622e-02
1.036621395085506265e+03 2.863987176375750892e+02 -1.039848471877985979e-02 -3.212914431491308270e-03
1.030781740710338454e+03 2.372942439387207401e+02 7.877298886449640714e-02 -9.833841511448495817e-03
1.317304749826931811e+03 3.301259624950221223e+02 3.510306152615796926e-02 8.444809741706199233e-03
1.155200514726613847e+03 2.813393250507028824e+02 -1.192610170316129314e-01 -7.142838620087559043e-02
1.187311834803597549e+03 3.869892625923249625e+02 1.929292315680186318e-02 1.075687676579298174e-01
3.598882076580428020e+02 1.050203746951553057e+03 2.320147717779814933e-01 1.974668862876035880e-01
3.336137018347073422e+02 1.062274826957790310e+03 4.493332043785193408e-02 2.331678549847621962e-01
2.848359882114878587e+02 5.025068513018388785e+02 -4.216753103638748446e-02 3.796976125606913444e-01
2.511847731089216040e+02 7.657418384189253402e+02 2.325688261550764354e-03 -1.298713401743934186e-04
1.115353201532732101e+03 2.986673295152903052e+02 -3.662720822679474963e-01 -2.714497216232618013e-02
1.031267360017948477e+03 2.609247768937703995e+02 -1.066903650994244085e-01 -9.951021696010121931e-02
3.475812505927985967e+02 1.018815248811719698e+03 8.450451023322018418e-02 1.734677458959901775e-01
2.508614689377171771e+02 6.984282713798751274e+02 -9.435821789941763529e-03 -6.017173510946912177e-03
4.962257326826763801e+02 4.799174727677391274e+02 -1.456385681216134861e-03 -1.349283648808826362e-02
1.265323577425620442e+03 3.258837124426869423e+02 4.121411717171463707e-01 -1.022084407190365640e-01
1.067228063362074181e+03 1.836645239509461192e+02 4.733871622188830230e-02 -7.588992094241640840e-02
1.252158885788202952e+03 3.366889244205459022e+02 6.716390303683086871e-02 5.758431541805464349e-02
1.995286687230306200e+02 6.049706091583707348e+02 1.544640348798970164e-01 -2.476253520705590516e-01
1.998313257092062543e+02 7.212884072869592273e+02 -2.130483249743519991e-03 -5.076445606249208563e-03
2.092570746130882924e+02 6.269542870901699416e+02 3.235693994266468643e-01 -4.237937796371881727e-01
9.446375554693960339e+02 8.590987337986919101e+02 2.042873778626725766e-03 2.615613552474008088e-03
1.088299509029289766e+03 1.939219166553309890e+02 7.567872206490425246e-02 3.123101789772779469e-02
1.172775536450091977e+03 3.459126171981201310e+02 1.413278734272210846e-01 -6.684367469908139570e-02
3.172350017848875723e+02 5.358982309655704057e+02 -5.802331511739087719e-03 -4.106428919822448752e-03
2.225459312991158356e+02 4.967776610769488457e+02 -1.584785936163819980e-04 -1.152601156872134699e-03
1.102555666742684480e+03 1.893031825885485944e+02 -3.216619188851331523e-02 1.066939789590951211e-02
1.143402539655532564e+03 2.164858283325962418e+02 2.240618138250878924e-02 2.045261210507283434e-02
1.008096868787215499e+03 9.275388730321775483e+02 -3.076090786701143540e-03 6.173383121873529450e-04
1.002636219921858583e+03 1.976630675503768941e+02 2.022457181460765585e-01 2.641571457646471055e-01
3.704468698034436329e+02 1.077785763631559576e+03 -1.486500133924408863e-02 2.508227507916302446e-01
5.038266733651772711e+02 4.482308206347927921e+02 -7.525684859372263388e-04 -1.876957256151451457e-03
6.690351238838248946e+02 4.752929440540689257e+02 1.344662742559162572e-01 -1.418297254176513478e-01
1.126181693084118024e+03 2.590611569613324150e+02 -2.671942557044013067e-01 -1.616387478962395263e-01
1.183939932670171629e+03 3.336579123007982162e+02 6.857176215045818375e-03 -1.587651054404645157e-01
1.287048381214935716e+03 3.675423679128718391e+02 4.684552351857406705e-01 -9.955963718683186192e-02
1.833786720881883809e+02 6.234308561506952628e+02 8.491834859810062919e-02 -3.184600856382119871e-01
1.162497489956260779e+03 2.562530992537112411e+02 4.733704345572899846e-02 -3.318162280880480874e-02
1.131397166269817717e+03 2.837079019301202720e+02 1.694039351078441002e-01 9.936979809787178930e-02
1.244419135757804497e+03 2.964051960088036139e+02 3.377386886020124213e-02 -2.306956855954623350e-03
1.251540078094179762e+03 3.655004965735965357e+02 4.634445186003852690e-01 -1.292194438950232116e-01
5.036999504908447420e+02 4.946524312257944871e+02 5.967425348679576908e-04 -9.768345301276249934e-03
9.766548859584125921e+02 1.889167162309349806e+02 1.856972048821895482e-01 8.500898290749564490e-02
1.182483747411740524e+03 2.226893402563338213e+02 3.796365537049790906e-02 -6.748322339318965635e-02
1.174604805296000222e+03 2.440877007290144718e+02 6.158519725833586783e-02 -6.322611166731841037e-02
1.167839061680272380e+03 2.479120877801553888e+02 1.963445516186816328e-02 4.803628744899159780e-02
9.753329158215584584e+02 8.546455857063173198e+02 -6.954582478951971784e-03 -2.448388236921159142e-04
2.652644484217012746e+02 6.542856648922380600e+02 2.737246281851766030e-04 9.240802163854292331e-03
3.236348944795507236e+02 1.091501511249015721e+03 7.229544029345381928e-02 2.368896992176693084e-01
2.649013129524628312e+02 3.486093979746751188e+02 5.822798229434949374e-02 2.387406845915847897e-01
1.109185149852399491e+03 3.112014595223146216e+02 -2.866581884240854694e-01 2.531476408654416074e-02
2.535392174296132453e+02 5.176951135731818567e+02 2.557854549659519666e-02 1.143797087946070989e-01
1.022954430355382556e+03 2.995386872587043854e+02 -2.611164521872123140e-02 1.605604254160402158e-02
5.173710672128974011e+02 5.329602443154327602e+02 -1.089085971519707270e-02 8.265310602976180809e-03
7.872804535653401672e+02 4.065069858246928334e+02 7.873495213468924281e-03 -1.050607977780695750e-02
1.110603579021379119e+03 2.216354818001177875e+02 2.712894112040709071e-02 -7.945046316911781592e-02
1.147187848162321870e+02 4.413387895410268698e+02 -1.311111117729545916e-01 -2.282573072619586141e-01
1.068489907076970894e+03 1.806220536605236759e+02 2.968777237724955741e-03 -3.890006508716054023e-02
7.064027000400001270e+02 5.828997363451187539e+02 -1.037775702574243036e-03 2.470254229763213516e-03
2.632040226627254356e+02 4.871461674098754315e+02 2.987807364211295669e-01 -2.865279620190790411e-01
1.237240431802576722e+03 3.499179600890853408e+02 -7.405962553080966404e-02 6.305624697591226402e-02
1.216715871608431371e+03 3.614462257586034752e+02 -5.922031449633952810e-02 1.198285335261429080e-01
2.350475638448211555e+02 7.406285125085848904e+02 5.885174944748209312e-03 1.866163744916075895e-02
2.439845550343775642e+02 5.574358901183173884e+02 -2.655967290253866686e-01 4.215889249518340876e-01
1.093731814566206140e+03 2.210429938486596200e+02 -1.364824796995733891e-02 5.123613531176296476e-02
1.170637564781150331e+03 3.175590048602633715e+02 7.905628494467364931e-02 -1.179206252944098310e-01
2.392134912904578528e+02 6.331629628096112583e+02 -4.999400859298397393e-03 -1.391723960265878191e-03
1.156274885148892508e+03 1.651723107397968136e+02 2.725451470352045075e-02 -1.799749446413470566e-02
1.124462456214472468e+03 3.260291864083958444e+02 -1.876813020145987054e-02 -1.211000838780198520e-02
2.937094574308753181e+02 4.766604157034349214e+02 8.496840456811582953e-02 3.009680148829426138e-01
8.258126017170122850e+02 3.935592759794278095e+02 6.652354224354072726e-03 9.532995374964655299e-04
1.277667679371756321e+03 3.474117341887822477e+02 -2.667491867399759409e-01 2.303971201598028207e-01
1.077180849539690684e+02 3.969017437162208353e+02 2.598378696817252864e-01 4.232458770685832983e-01
1.068537376513527306e+03 1.670852911670915262e+02 2.879109182225106922e-01 1.761733322183628991e-01
1.002603569256934861e+03 1.655992096240065337e+02 -4.936962532401482223e-02 -3.118652194046404036e-01
1.170365149801817552e+03 3.529089273649190091e+02 7.341220379915091437e-03 1.503407430644234689e-02
1.129615577347246472e+03 2.080243121445902545e+02 -4.822722017830756436e-02 -5.521572649968883861e-02
1.115160006138245762e+03 2.353925813535304599e+02 2.440377369966123880e-02 2.001852278316107459e-02
1.256000731164520857e+03 3.657413860104074388e+02 4.334642988544828990e-01 -1.634277611041625167e-01
2.327827615364806491e+02 3.012048930736647208e+02 1.663834229713826232e-02 1.955983540294440326e-01
8.152256902311114573e+02 3.392296606867930109e+02 -7.977602726811510586e-03 1.681495894394621771e-02
1.185005528583895284e+03 1.890964178416341497e+02 4.735146143857337474e-03 4.462035841737925501e-02
2.458495562509154126e+02 6.834783614472911495e+02 -4.400612783866328544e-03 -2.123834297614686853e-02
1.128160058327270690e+03 2.231760405523644692e+02 -1.595773958921035129e-01 3.102501989112977920e-01
1.147457490410315359e+03 2.203709265420957877e+02 3.413558865210281155e-03 2.108654042755400346e-02
1.138580383997385070e+03 3.377490329559747124e+02 -7.389872057697645727e-03 2.471798963001419630e-02
3.328137037462489047e+02 1.077816187536630423e+03 5.997059024831671858e-02 2.495752192797555946e-01
1.036403746152654776e+03 2.943702157916310966e+02 7.571482521909369927e-03 5.176689910222034841e-03
2.766439847030728174e+02 5.366877069055617540e+02 3.061072757945064535e-03 6.110292755691085903e-03
2.251898931729164985e+02 6.005331913642154404e+02 1.589351899572821747e-01 -2.510783398231504204e-01
1.087638732240292029e+03 3.325591952701512923e+02 -2.252408405591846755e-02 1.709741789763732141e-03
1.200176626773152066e+03 3.753904659388737173e+02 -1.824823696563064590e-02 3.910386975272682475e-02
3.553361153742314400e+02 1.099288943330191387e+03 6.179702961182907683e-02 2.472271429649894880e-01
8.816246298712067073e+02 1.100579565523147267e+03 -1.637235579968629234e-03 5.407552823726291535e-04
2.531456671680152510e+02 3.226001473792916272e+02 1.980429861031962335e-01 1.799754606270419499e-01
2.408279370130091763e+02 3.027736831403630617e+02 5.038362077560386981e-02 1.881404322185165345e-01
1.112516010302325867e+03 1.509756402947439256e+02 3.746388616913172431e-02 4.165348299115418339e-03
1.132167260665878075e+03 2.742422532134569337e+02 -1.582233473284776551e-02 -2.491182914505268853e-02
1.147917639682610798e+03 2.447849319670409614e+02 -1.317003116133281908e-02 -5.759011790607141551e-02
9.808311199046657975e+02 1.779730159415152571e+02 1.498316324233205654e-01 1.420915955639816541e-01
2.482369556311653582e+02 2.988110617392624704e+02 8.842977104470435556e-02 2.208493529905081187e-01
9.851974263178576621e+02 1.906176273143559001e+02 2.186342618343746769e-01 2.753087228448435897e-01
1.896758813308651384e+02 6.111232593294670323e+02 1.610317709334643521e-01 -2.414753774596020974e-01
1.157418116236925471e+03 2.236395840890221507e+02 -3.650790489103883374e-03 6.434351602842743219e-03
1.165474981516768139e+03 3.684966691011709941e+02 5.667226544086171984e-03 -2.439386253479725042e-02
1.112777230791887405e+03 1.796777939426033868e+02 -1.921004214749449102e-01 1.081050208305244509e-01
1.148915381321147834e+03 2.064750544408267388e+02 -7.712407093844801838e-03 2.732214172207407532e-02
1.008971530811626963e+03 1.787945458091635658e+02 -1.405576670160381403e-02 2.484831888841357583e-01
1.024671500795052680e+03 2.152614815043190504e+02 2.420134053144757380e-01 1.027284916846588764e-01
1.020076685215945417e+03 2.288524515580983802e+02 1.800174956568288687e-02 4.351115716630530456e-02
1.185389269585327611e+03 1.739850780353387734e+02 4.493274650035741606e-03 1.316598668144246947e-02
2.747071741412777328e+02 6.578782760894080184e+02 -6.246854688333028198e-03 -3.092747983976590819e-04
1.118480840315106434e+03 2.167844881718121144e+02 5.528388526156251780e-03 -2.418319379511015346e-02
1.145761949698188801e+03 3.154503159225753279e+02 3.024496890428913232e-01 1.728266253232706856e-02
1.082018542568624753e+03 1.604404124781248697e+02 2.089105414500987967e-01 1.607233592901748664e-01
2.105148327131898327e+02 7.191055484669311682e+02 -8.409098371361329108e-03 1.321394572028370025e-02
2.693023629139743207e+02 3.732234915315614785e+02 5.608509114683458974e-02 1.915440136993248887e-01
1.058470461405259130e+03 2.041258247791596148e+02 -1.858040584960463136e-03 4.451394487673639155e-02
9.772412100777672777e+02 1.819237100327974304e+02 2.908548295387425875e-01 9.809261179810919995e-02
1.105522618268073757e+03 2.146086519369264067e+02 -8.785605723600244110e-03 -8.440944711865974726e-02
1.066595320033521830e+03 2.685942349779697906e+02 -3.363988471876207531e-01 -2.717907201710108023e-01
5.524206561658614874e+02 5.234547712143627223e+02 3.326878514780545748e-02 3.508488802507459935e-03
2.106374155801471488e+02 6.446390287768957705e+02 7.666056816177047040e-03 4.675985723619497346e-03
3.059137557521810322e+02 1.039572926684921413e+03 4.291495682523897154e-02 2.216936495889225700e-01
1.432348296233560063e+02 3.924375522667825180e+02 9.371383103361826533e-04 -6.275450700049864557e-03
1.090584300358907058e+03 1.816535547111247126e+02 1.684910999894868588e-01 8.984784998936269640e-02
1.133144083611556653e+03 2.233140632770539469e+02 -2.050820205985891612e-03 3.794638607414495789e-03
1.080572559221897791e+03 2.785670351992344536e+02 -1.906018111894563494e-01 -2.615646293447891346e-01
1.904476010237892467e+02 6.395917963899561300e+02 2.540258870939146041e-01 -3.713525891781820354e-01
2.401607831884850270e+02 6.796935945200010565e+02 8.534387031183933089e-03 -1.381058883712032483e-03
1.070961387712358828e+03 3.408623972737756844e+02 -7.581994215667821162e-03 6.986228885180675863e-03
1.195864394023347131e+03 2.239926312585192818e+02 -4.731785773615878460e-02 -2.186761798008416899e-03
1.121062673385514472e+03 2.823657607551078286e+02 -2.859959448152299966e-01 2.691031462779083783e-01
1.050615777798228464e+03 2.356376399183687909e+02 -6.743474798199311504e-02 -4.180288245472956604e-02
1.127454469073291421e+03 2.771989309272287869e+02 3.710819463986175099e-02 -1.435603297978821358e-01
1.886047342170484455e+02 6.548561751661909511e+02 1.643259259723019172e-01 -2.371281685511493487e-01
2.005631210135403535e+02 7.126405326893690244e+02 -1.021047816807350503e-02 -6.646245804207947909e-03
3.398860739605531762e+02 1.067377606601364278e+03 4.551198434026818181e-03 1.453381339567151875e-01
3.625153170219705885e+02 1.076326850656652823e+03 4.141677461345497080e-02 2.063414615246129402e-01
1.084350697937365794e+03 1.944733465615490218e+02 1.845925878257190789e-01 2.456547759363658656e-03
1.105905630280714604e+03 2.100094996559180061e+02 -2.779008237364095635e-01 5.130208517491308129e-01
1.137104741403147500e+03 3.346217879767087879e+02 -1.284761536649767777e-01 3.691110983311176597e-01
1.257424686233937564e+03 3.271551495963909133e+02 3.998907177962607307e-01 9.391133319445899019e-02
1.188622969091283267e+03 3.681922382582020532e+02 -2.580852482237574463e-01 -3.748976460071062888e-02
2.602526988079355306e+02 3.389978161051282086e+02 1.051305516071740845e-02 1.716171574324587834e-01
1.100584162996065515e+03 1.656401955047159049e+02 1.024774399269547109e-01 1.727170290907457384e-01
5.120164975572295134e+02 4.577824920623302205e+02 5.602915508927708114e-03 3.114223593982311938e-02
1.048068644848777694e+03 2.240427679591964818e+02 3.129919648261875187e-01 2.032743717442618558e-01
1.241640239613903987e+03 2.706120091912795260e+02 1.248651581846994991e-02 -3.912639881408305764e-02
1.274289392818420993e+03 2.863206980032953766e+02 -8.692104170556073581e-03 3.508623839498928310e-01
2.905848654248399043e+02 6.699639745722304269e+02 -3.787333923397302998e-03 2.386407782228161696e-03
3.329148361913721033e+02 1.099779550060343809e+03 6.089681124200675699e-02 1.648123973739757386e-01
1.105228659025414800e+03 2.008360956051737674e+02 -1.301849158678029805e-01 3.191011064575093314e-01
1.217621132734845105e+03 2.979463253887049063e+02 7.724645107583487380e-02 -1.034830498717250052e-01
2.523418835019713242e+02 6.953086055933591751e+02 3.380021075483831405e-02 1.735817267487994864e-02
2.762309657040526645e+02 4.487595146027239821e+02 1.381118368380295502e-01 2.518032292888879864e-01
1.124402189292302637e+03 2.201880958173517797e+02 -7.698936059950613198e-02 5.864709164869554014e-02
1.110524154325561767e+03 2.258865942171178745e+02 -1.793670160334386310e-01 5.206484424518415671e-02
1.193294538572019746e+03 1.847975991383422354e+02 2.650503125348028198e-03 2.541182035966065705e-02
1.120074003313690127e+03 2.904554885839002054e+02 -3.337384610102032967e-02 3.103599719098062981e-01
2.509351966887610388e+02 5.447447263398055384e+02 -1.821276122666302677e-01 3.572284198695164226e-01
1.849991090136923617e+02 6.394820281547955574e+02 2.864040691214029266e-01 -3.286511982630965223e-01
3.094520099590843643e+02 1.054684327904746624e+03 7.007490257030164413e-03 1.260317187250491015e-02
1.151640874715493737e+03 1.530399365621992445e+02 1.144728692428610868e-02 -1.660173292631944228e-02
1.063158596297144868e+03 2.314821614949789534e+02 -1.311178955797576706e-01 2.339840287935114893e-01
1.226180780072715379e+03 3.623587682353233390e+02 -2.784039843282294646e-02 1.341164835072129746e-01
2.152815828993749392e+02 6.013707730753935721e+02 6.097484069276346008e-02 4.309587290843165941e-01
5.059483360064914450e+02 1.100747100845832847e+03 -3.012007294231538145e-03 5.535482052487673485e-03
2.974041372976030289e+02 5.226007795952706374e+02 -2.849106275850597260e-03 6.029641600048307737e-02
1.005449939014300298e+03 1.809167961138589931e+02 1.700423198559519733e-01 5.851005891109103962e-02
1.012802417633381310e+03 2.371527877151119981e+02 -1.204104942724265742e-01 2.474762816230443446e-02
1.177841633087476794e+03 1.461427898075990299e+02 -1.799338932403315994e-02 3.117732778587896316e-04
2.721118997638192809e+02 4.520893217175617451e+02 7.040848931647587794e-02 1.738881494297265795e-01
1.030116177385636092e+03 1.694744705607664628e+02 3.002012779380493213e-02 4.076580900668431984e-02
1.096308761324672787e+03 2.244199711763988034e+02 -4.669398008615644607e-02 2.098813320718136144e-02
1.261900783805997662e+03 3.892203627482413140e+02 -6.769874553037879758e-03 -6.572380240700112682e-03
2.626207238639773323e+02 5.759643678144097976e+02 2.317512521991920982e-01 -8.952626231126487033e-02
3.051431607519175486e+02 6.235707558291585428e+02 -6.087645748390059508e-02 -1.872625856278773565e-02
2.697905953002453998e+02 3.618455255562594743e+02 4.919963688977920663e-02 2.483518722090186370e-01
1.000013773932295521e+03 1.734746531388159667e+02 1.439455924954510524e-01 2.762296893062921588e-01
1.085527721516715019e+03 2.734322843574364015e+02 -4.394683589938116336e-02 1.671882076645658799e-01
1.111362236708751652e+03 2.925284638103623820e+02 -1.177460929564233538e-01 2.583113758518725267e-01
2.540226032494945514e+02 7.419655458443553471e+02 1.547766578169174068e-02 2.767306681977288463e-02
2.163894418322068987e+02 2.961740006114682160e+02 -1.009054854185142541e-01 -2.977969858061293995e-01
1.097083988488721161e+03 2.740700414702998273e+02 -1.395144461337760877e-01 6.123620911857400317e-01
1.261160034802229802e+03 2.008912213731376823e+02 -7.646948258189181606e-03 1.322646157381111333e-02
3.243501634074836488e+02 1.042393558447660325e+03 -1.292909030829234585e-01 4.063530576685104312e-01
9.915026117208149969e+01 3.982046604582739633e+02 2.383505286372547272e-01 4.111492008197915049e-01
1.130612229724188865e+03 2.151284379682331576e+02 1.232049286082986944e-01 -1.521391874997342353e-01
1.207780422787569705e+03 2.191401408553585100e+02 2.765353629776902845e-03 -3.954895566176281144e-03
1.787271655979028253e+02 6.251529626162745217e+02 2.335011438315733046e-01 -2.608408192026093753e-01
1.889348342621332222e+02 6.482170622271607954e+02 2.619252013960740033e-01 -3.006993139484228084e-01
1.222315356042792928e+03 4.239206929601431284e+02 1.036217378513852507e-03 -1.628704705397736232e-03
8.357356238221600506e+02 1.091418989304641627e+03 -1.765955947281451022e-03 1.110798396439349744e-03
1.081701032776014245e+03 2.148281859312518804e+02 1.412939575607521925e-01 1.422051709387991102e-02
1.048524463836562518e+03 2.287387011423030856e+02 -6.063336079426205616e-02 2.353647700790318098e-01
1.038008991690618814e+03 2.351997472932711446e+02 -1.696989369963614047e-01 -7.082045776719307628e-02
1.127302236002111385e+03 2.708731696060065133e+02 -1.245515712415951881e-01 2.965961384453358884e-01
1.198506422287580563e+03 3.885088118595941751e+02 6.746956393717915001e-02 -1.366304806343128786e-01
2.068739644741375798e+02 7.144311936902532807e+02 2.248923800362945258e-02 8.350731096596150649e-02
2.268667395808375602e+02 7.380018853906830145e+02 -2.388204520971320272e-02 1.855240016186598950e-02
2.391093049640636536e+02 3.435402521410742338e+02 -9.827880976325217843e-02 -1.933706703910530733e-01
1.137139419369422058e+03 2.063232799745447608e+02 7.931960174767027291e-03 2.440060838702606816e-02
1.174743872796942924e+03 1.761033970154139752e+02 -9.767702513613584457e-04 6.324807515199211416e-02
1.170207488498391967e+03 2.162163773995199278e+02 1.836234738093708019e-01 -1.357865573275560678e-01
2.782083571147882139e+02 7.090377706324901510e+02 -3.373083682740229960e-02 -3.256967979251044337e-02
2.899045592907662012e+02 4.488078517969481709e+02 8.039910472768951877e-02 3.213349056898455181e-01
1.062975154736893046e+03 1.934723635419252332e+02 -1.068514042476396628e-02 2.302358837391843202e-02
1.111138301547757465e+03 2.678434972955989792e+02 3.677067954554571333e-02 1.614803271637523796e-01
1.190962248908887887e+03 3.997840169417203242e+02 1.867640829513412051e-02 1.502658042632052347e-02
1.779959192669180936e+02 6.323095404310972754e+02 2.166505752087534431e-01 -3.856365336989052706e-01
2.513627995507593482e+02 6.650787202489906349e+02 -1.372693763365430766e-02 -2.594656855864597815e-03
1.054999855529469869e+03 1.600540438030151051e+02 3.595758354136806556e-01 1.376103847839276473e-01
1.064728438866663737e+03 1.678857499590234568e+02 2.274945385898313743e-01 2.403202908561546947e-01
1.121077835805908308e+03 1.922051788275017259e+02 1.311131181384502797e-01 1.283277998379459273e-01
1.177868792889798442e+03 2.134044190973173158e+02 -2.090290940626952573e-02 -6.588341328556642125e-03
1.121626199943884103e+03 1.690650891643476257e+02 -2.438365075453983732e-01 -4.448508315512439415e-02
1.069570806645372386e+03 3.066590864345179739e+02 -2.377899493906454609e-01 1.491487123435497608e-01
1.165601775719600113e+02 4.584711394420534702e+02 -1.966888121207527318e-01 -1.731972172312907787e-01
4.863477786571216939e+02 4.794820794814647229e+02 1.090347005762547922e-02 -3.801349435578534487e-03
9.729319290612450004e+02 1.916932477503754910e+02 1.648039284494492163e-01 2.691115011076438690e-01
1.064244797007577972e+03 1.773448377974175685e+02 2.389694354273463606e-01 8.032182206510091182e-02
1.351295472198037942e+03 2.612216300149248127e+02 -3.343756928006769331e-03 9.767882328772733297e-03
1.313186766271486476e+03 3.362775134648535413e+02 3.337372509367923790e-02 -7.442765548201274450e-02
9.219096833004933842e+02 8.439863464747626267e+02 -5.654428430921143792e-03 -4.095838640235645832e-03
2.655603883366802052e+02 4.786746553171731193e+02 -1.460925402381820122e-02 -4.244598150983937002e-01
1.066413630746063973e+03 2.238731161259094335e+02 -8.134790675990188902e-02 4.482209327702386253e-02
2.327215614247933502e+02 6.221664643998288966e+02 -2.241875092362408117e-01 1.040555224575590298e-01
2.068243301153618745e+02 6.288771748760851779e+02 2.139746253900998985e-01 -3.336196884427197751e-01
2.121409526878592828e+02 6.917068380331272692e+02 9.303451475273862709e-03 -9.308355075753687105e-03
2.065695600833869889e+02 7.320673036630531669e+02 2.635960394534362858e-02 6.850197229425702972e-03
1.018150643356788351e+03 8.635832928288964467e+02 -3.238043967745137669e-02 -4.142633190943862884e-03
2.314736446044030629e+02 2.933090647186375577e+02 8.509831915034518635e-02 2.358951097055392576e-01
9.916587816106803075e+02 1.696616543693746451e+02 -1.057265799197379119e-01 3.016365869439250891e-01
1.092865848682412206e+03 1.835438331878133624e+02 2.453225192360045659e-01 -4.605841694908882622e-02
1.220184484056563861e+03 3.359950635381362076e+02 5.504492042193410706e-01 4.331395273511326471e-02
1.070415767291725160e+03 2.242332514281044382e+02 1.758811300057535124e-02 -5.116991676188575866e-02
1.153169382937391674e+03 2.947538602164814847e+02 -1.091530438238995232e-01 -2.112959658498757276e-01
1.317703625653598010e+03 3.409246032655861427e+02 2.220414104115585874e-01 5.542849344781567572e-02
3.535400273917869072e+02 1.023415819799854034e+03 1.560860570542104142e-01 2.080010930736667374e-01
2.465819492153046326e+02 3.231789714635161204e+02 1.500576991757714973e-01 1.653270971335959183e-01
7.873409321493111293e+02 4.133650636110658070e+02 6.449777662903051099e-04 1.056774123001828596e-02
1.047259118989387389e+03 1.583076440216894980e+02 3.257064121478792651e-01 1.009853149791695159e-01
9.866848052913741185e+02 1.803759683240368759e+02 2.651693529891810397e-01 -8.664342176424291164e-01
1.045325694854244603e+03 1.797416102378141716e+02 6.377546694216107426e-02 -1.516830803604059252e-01
1.123788772361224346e+03 2.651593060191237328e+02 4.802951692360321601e-01 -1.086536171355093838e+00
1.253028705649589028e+03 2.775512541944386271e+02 -6.281914526237580843e-02 1.034206225207350838e-01
1.160023531028564776e+03 2.986749446963293053e+02 -1.978196506642317110e-01 -2.646804076392651403e-02
1.214789424996531352e+03 3.224183356126787885e+02 -6.151010639645061034e-02 1.255122437639318855e-01
2.164493452306398069e+02 6.849907415661610912e+02 3.452453242692596347e-02 7.559054505860661466e-02
2.449192105323196529e+02 3.307422794671497854e+02 -1.018601827444086949e-01 2.095692758582345105e-01
2.470249454373533524e+02 3.602372504910823636e+02 5.592481549255125944e-02 -7.063843950738828148e-02
4.620100078953851721e+02 4.514671079444370321e+02 3.040094593850426602e-02 4.107734829497076273e-02
9.779286415406169226e+02 2.065650871717731150e+02 4.127754660863047209e-01 -4.763945732416345613e-02
9.802113522866910671e+02 2.037515734412530719e+02 1.759557666300224921e-01 -2.191886505967289567e-01
1.133577209534764279e+03 2.576662674803425830e+02 1.998006821097533109e-02 -2.409401111363536005e-02
1.254095276136218899e+03 3.045084603740004923e+02 -1.935615952829493891e-01 -1.127640742198707385e-01
1.158222353565352932e+03 3.394896327826013476e+02 3.025790284425511345e-02 -3.057602133814043416e-02
2.367560709563217642e+02 2.913270087721453478e+02 -1.168827468036523834e-02 2.228819084933964800e-01
1.021724297685963023e+02 3.522917527580207775e+02 1.258880551366638005e-02 -9.519774813669022728e-02
3.058475850150334736e+02 4.574900219885661841e+02 1.387275038416014954e-02 1.104007491197636290e-02
9.895976327510314832e+02 1.878477440494527286e+02 5.391077273635700440e-01 -2.290680662032779369e-01
9.839881456710702423e+02 2.048453905976817566e+02 1.976415370611701028e-01 3.145645427255014392e-01
1.115298031730897264e+03 1.881618601733214859e+02 -5.044526972526202496e-02 -6.094873980335553838e-03
1.258298738150396730e+03 3.186394336070623581e+02 -8.411711950285886974e-02 1.264645987694797968e-01
1.137253305577460651e+03 3.733707042538741803e+02 2.733426300250761665e-02 -1.025087336923762582e-01
1.046227646117039512e+03 1.872728712853736681e+02 -3.816714040724491497e-01 1.275887412483601935e+00
1.052014452435437761e+03 2.254489539446605875e+02 -5.092655906444463199e-01 2.348089525677430345e-01
1.035334645556809392e+03 2.461817433629818197e+02 -1.199829497875555262e-01 2.140797540420109613e-01
1.051677714159014386e+03 2.498232381393555954e+02 -1.181855034298564533e-01 -1.172583099189381528e-01
1.140288341800920080e+03 2.403599924057809289e+02 2.326709666681381350e-02 2.277414164713675859e-02
1.165960630796401801e+03 2.450497705287561132e+02 -4.889216943175256347e-02 2.436839428142434372e-03
1.201731538883060921e+03 2.694770748982365376e+02 -6.111488745725068839e-02 1.227134581060838059e-01
2.999519260431357566e+02 5.538033343267065902e+02 -4.615693331601278260e-03 2.818852200391859242e-01
3.134802808091002362e+02 1.067780553240759446e+03 -3.458805154982513841e-02 2.503721925330921749e-01
1.131879434821485120e+03 2.792912853880685020e+02 -1.240293330819375595e-01 2.655100915560767993e-01
1.123778969628413734e+03 3.028597670875149674e+02 -4.377864530703001189e-01 9.454120478673237868e-04
1.133628898668964666e+03 3.269664863023872954e+02 3.426692802902055451e-03 9.176449647457372849e-02
1.783347645125760152e+02 6.490568308990057176e+02 1.794019597433589297e-01 -2.149388413524775387e-01
1.150233988967722098e+03 1.756576341572881290e+02 6.232658044397491187e-02 -1.390083768984406165e-01
1.138642698607869988e+03 2.228692910911676393e+02 1.650284929799757452e-02 -7.072279130293186722e-02
1.177629066963161677e+03 2.238611027232449544e+02 7.403562608271840872e-02 -2.033299500124646497e-01
1.143815979330810478e+03 3.234577265132785442e+02 7.108094845701391773e-02 1.064847609305180215e-01
1.190605604099618859e+03 3.234893780970939474e+02 -8.581629523397775461e-02 3.954174103282070973e-02
1.284416879633671897e+03 3.283516007043689910e+02 -2.468802178831310812e-01 -2.453235917969702126e-02
1.169322304202411033e+03 3.680491574590781738e+02 -9.388701302479299585e-03 6.018462953638466922e-02
8.554978008671612315e+02 1.101728291733721335e+03 2.012745751987192119e-02 2.180575844082947509e-02
2.531857830665244080e+02 3.101999340367927402e+02 2.064293455964446022e-01 4.379435075568267055e-01
2.513570498522120715e+02 3.704365853107366320e+02 -4.691735998181911782e-02 -4.372345251759270357e-01
2.579961624643539722e+02 3.983267798391926249e+02 -1.426479511561637992e-01 -2.181522369197523292e-01
1.289733010695450275e+03 3.696002147559970012e+02 4.616534858292197785e-01 -6.237567450896221860e-02
2.838979667528751065e+02 6.685693623838824351e+02 -1.436382472014656811e-02 -9.951395235248128301e-03
9.586776308251073715e+02 7.839437763765936324e+02 6.620291143804024614e-03 -3.607459862223549862e-03
2.240545085533016163e+02 3.068433065186655426e+02 1.759311686467412983e-02 2.822944528295181499e-01
2.523872500058659227e+02 3.358065016265804275e+02 2.055851234668182315e-01 3.386664416868541139e-01
5.727751367309609805e+02 4.443019336016149623e+02 1.003273862036735409e-02 -1.766242470705492451e-02
9.906495764051238666e+02 1.809906764513332007e+02 2.228444003025913389e-01 1.758962777612111950e-01
1.082083956231637558e+03 2.581156740503313358e+02 6.254606265045481450e-01 -1.609149241401553354e+00
1.105130444490604987e+03 2.681120069071312741e+02 -6.085431914584660262e-03 -1.243350629211192881e-02
1.083680099297536117e+03 2.857281638229738974e+02 -1.319903818947523177e-01 -1.505819105897501231e-01
1.179369640043516256e+03 2.695461295048150987e+02 -8.242374104838745552e-05 6.442509278329566769e-03
1.124836582028610565e+03 2.868220196905973580e+02 5.283757667717736695e-02 -1.785338953449411292e-02
2.577677240510249703e+02 5.671458666305630913e+02 1.214107215909621118e-02 3.855595263693203378e-01
2.756970605434182175e+02 6.549843668476667062e+02 1.973998478216287822e-02 1.240774659807470925e-01
2.338013464581215999e+02 7.009019641270743932e+02 -2.808787586602079500e-03 3.145479456355815273e-02
2.614250070563605846e+02 3.756338521927585248e+02 1.664842305677893819e-02 8.159952286151413159e-02
3.690236407440689845e+02 5.180433691789131672e+02 -1.440947213851965537e-02 -7.329914101925775853e-03
1.088561303678987770e+03 1.841173214457138840e+02 8.572270423117818450e-02 5.523935815242945850e-03
1.071330443779944972e+03 1.929662192231153313e+02 1.014251579491277228e-01 -1.740398702121316032e-01
1.035205472423934680e+03 2.265212018185745819e+02 2.890274841855292043e-01 1.435036792016527729e-01
1.097214649795228752e+03 2.641953506920963264e+02 -1.658643573743271869e-03 1.579638337768945744e-01
1.131550683511732586e+03 3.033268381571428449e+02 1.264733448695096740e-01 -3.835263989109686383e-02
1.177158912693107595e+03 3.354709364380179295e+02 1.941122834803839584e-02 -9.145507950662097596e-02
1.251225510209696267e+03 3.323695022357550215e+02 -2.607367911264948934e-01 7.015768717315987724e-01
2.183300845539403952e+02 5.509606653617290704e+02 1.366490515691983487e-01 -2.751339268989643760e-01
2.333502505145767145e+02 6.620209201953515503e+02 5.573747410512434192e-02 1.684482146159401242e-02
1.966567255035165545e+02 6.876071775722267603e+02 3.038779363303471467e-02 3.665433698677134089e-02
2.070758926573445819e+02 7.332812770679380492e+02 3.328684348715190561e-02 5.909723387465722240e-03
1.009041649457207427e+03 1.847690173944117475e+02 -2.776657261655373077e-01 7.162924171903597426e-01
1.056689733852670315e+03 1.774744170109489687e+02 -1.300088050345493684e-02 7.121100432358673515e-02
1.018306239672512561e+03 2.115479779090632064e+02 1.562358505696010980e-01 2.699117819155816278e-01
1.116183350385213998e+03 2.106352425699192565e+02 1.097219775066378133e-01 -2.482686811324299470e-01
1.010548433722407026e+03 2.341759009543695527e+02 -1.540686074159793861e-01 3.012803727999795456e-01
1.041877868769961196e+03 2.368063595977723139e+02 2.360669252755087655e-01 -2.847278139494733296e-01
1.086047758032949105e+03 2.555381312890182528e+02 1.158254787807209141e-01 7.225600484171934568e-02
1.086900315490790717e+03 2.754648998891668725e+02 -1.476219042126558634e-01 4.436278282231569392e-01
1.119251130918838498e+03 3.019880884133960990e+02 -7.533177666266510641e-02 1.888754231845837239e-01
1.154071920833756622e+03 3.105542835786134788e+02 -1.829989232794559939e-02 1.678014141407118132e-01
1.219110012217254280e+03 3.633895462603583724e+02 -1.550130147097661393e-02 6.490155464967983789e-02
2.232802524563229269e+02 5.491174270651690676e+02 -6.281987661867560746e-02 2.025572095480470125e-01
1.797892372403809986e+02 5.675334913098520246e+02 -9.665181954395052344e-02 -8.908896710101998906e-02
2.452518201081366840e+02 6.133524432309001213e+02 2.451358050275587175e-02 1.365971520056064037e-02
1.738803487266816887e+02 6.396518020324031113e+02 -9.269005717040101899e-02 -3.234609041574003641e-01
2.572412353926227411e+02 7.403402483407362524e+02 3.277772207411544514e-03 -6.545236401046850006e-02
2.241251170945446063e+02 7.568203313986646208e+02 1.248428429194916589e-01 1.191632793750727615e-01
2.352738420038417928e+02 3.227486863418282041e+02 0.000000000000000000e+00 0.000000000000000000e+00
2.526341562436501818e+02 3.219249377832632035e+02 0.000000000000000000e+00 0.000000000000000000e+00
2.721031831828944405e+02 4.520893679310738662e+02 0.000000000000000000e+00 0.000000000000000000e+00
2.713928626957908250e+02 3.706320001852793098e+02 0.000000000000000000e+00 0.000000000000000000e+00
6.131140533034330247e+02 4.914717834845700395e+02 0.000000000000000000e+00 0.000000000000000000e+00
6.688836500170376667e+02 4.754790999844263411e+02 0.000000000000000000e+00 0.000000000000000000e+00
1.014984961075030014e+03 2.281357597747088732e+02 0.000000000000000000e+00 0.000000000000000000e+00
1.087881096019846382e+03 2.345380541141231276e+02 0.000000000000000000e+00 0.000000000000000000e+00
1.097213120375232393e+03 2.317206879581086412e+02 0.000000000000000000e+00 0.000000000000000000e+00
1.173785009354211070e+03 1.871301888726815434e+02 0.000000000000000000e+00 0.000000000000000000e+00
1.236705186288514369e+03 3.511018801877094120e+02 0.000000000000000000e+00 0.000000000000000000e+00
2.528724326283054040e+02 5.827693774971085077e+02 0.000000000000000000e+00 0.000000000000000000e+00
2.172340942492997726e+02 7.113783565447114370e+02 0.000000000000000000e+00 0.000000000000000000e+00
4.647775454879615040e+02 7.322822649386157536e+02 0.000000000000000000e+00 0.000000000000000000e+00
3.954620068670291744e+02 9.943692547481091424e+02 0.000000000000000000e+00 0.000000000000000000e+00
