1.347973627541997246e+02 3.802986641065674576e+02 5.938734429091169914e-03 1.156808978820740054e-02
2.656656714752631956e+02 6.836552522262022649e+02 6.606852735070324785e-03 -1.788147819889551390e-02
2.536240200208522424e+02 4.636281363546645480e+02 -1.435548830616793043e-03 -5.121310785413432654e-03
3.163186025066880234e+02 4.769549734826999838e+02 -2.910938231303873257e-03 1.117902334924182617e-02
5.673717732610011808e+02 3.877400334266523600e+02 -3.193096449584316258e-03 -5.746942769579811879e-03
5.651862827374126255e+02 3.820009192904397537e+02 1.893116276087739719e-02 -2.137976199353117113e-02
2.777233005808056419e+02 4.502564665590231243e+02 7.070356804663986694e-02 2.954044493023349482e-01
8.297048300023495813e+02 4.085798048685074377e+02 -2.615129733932449428e-03 8.775492905165197324e-03
7.095495333446833683e+02 4.163976919850306899e+02 3.391522095955566696e-02 9.765712485916245786e-04
2.344842933523276542e+02 6.991568863922518631e+02 2.300635841094736921e-03 1.240978904340435916e-02
3.492049541705297884e+02 1.076714534379039151e+03 5.061614940167587749e-03 2.327308074267542548e-01
3.501475796941517160e+02 1.097925903515037817e+03 2.336541893739570858e-02 2.472954921936817152e-01
3.578982795359721081e+02 1.096399874397545091e+03 5.290336364633857480e-02 1.830691659003587379e-01
6.344118625102427131e+02 8.220058766702336470e+02 5.873243882870335646e-04 3.017116697413590770e-04
9.124034421522608227e+02 8.058707787776352234e+02 -6.925611945813341845e-04 -4.942949883446873900e-04
4.599441927348394188e+02 9.416146352914063300e+02 -1.522132237316174350e-04 7.969438072202794871e-04
9.072459670788992980e+02 9.244377230783254618e+02 -2.908405018289239564e-04 3.478769244872304228e-04
8.999900745006849547e+02 9.271357209661657635e+02 -2.437022239695858707e-03 -1.603641198696572918e-03
7.067162292847049230e+02 9.928541366283537855e+02 -9.835010782279201419e-04 -1.086302493352170323e-04
7.150035163182038787e+02 1.011527408690662014e+03 2.902222953581609709e-04 -5.513393618203096900e-04
7.048452652826322264e+02 1.023716420456895321e+03 -1.127322614166533215e-03 2.185522711102964887e-04
9.842433595817500418e+02 8.470017459125333517e+02 -3.028720141860458755e-04 3.654371422836709231e-03
4.816346113267098303e+02 1.099077346143636532e+03 -1.884586831743666235e-04 2.813281563645108176e-04
7.044098871187860595e+02 1.036491185732829990e+03 -5.155544911585281187e-04 -3.464404566293884506e-06
7.518435764414520008e+02 1.067571964934534435e+03 -1.626137530349909272e-04 -4.411810010730399484e-04
7.456142300969147527e+02 1.071434453318233864e+03 4.604280565947174416e-04 -4.579781048973792469e-04
1.311072601324802349e+02 3.253163125467451096e+02 3.587247129029726470e-04 5.144662903671140021e-03
8.996968630133621900e+02 1.102179243091085709e+03 -1.026092694906080962e-03 3.542171038098236796e-04
1.345304217943701133e+02 3.998880566309818505e+02 -2.141387172994796678e-03 -5.989875295663206348e-05
3.720276795222667374e+02 1.071376294559887356e+03 1.156667173938346754e-01 3.014111342885650302e-01
5.634795516992701323e+02 4.585784501089621585e+02 -3.261881147980125444e-03 3.190711682454530108e-03
2.625120017227155813e+02 7.422567459100924907e+02 -1.381080353802203488e-03 -7.350787393627545609e-03
2.745979017056895373e+02 6.204067330592648659e+02 7.116333670986063446e-03 -5.672770990362424604e-03
4.093665000252856885e+02 1.061912181148941272e+03 -1.356749879186628510e-02 -8.119279540785487650e-03
1.008222611257772655e+03 8.166162813263636053e+02 -1.797456466991855298e-04 4.105259832371221419e-03
4.861385233561397285e+02 4.509628345280309532e+02 -4.053144635685213513e-03 1.513552532308738013e-02
2.226294965117765230e+02 7.544523800382368108e+02 -8.654444005775257728e-03 -8.582198114114848730e-03
3.334454325376160000e+02 1.052471381429688563e+03 9.635739722345380495e-03 2.222875009384092659e-01
5.989099749919275837e+02 4.347603498311940484e+02 -1.916382318417037336e-02 -5.236875419568335147e-03
8.284583034163492812e+02 3.196010568567367613e+02 1.874964376346868831e-03 -9.358978266623079953e-03
4.652938824852543576e+02 4.556397502197278868e+02 -1.843990163657094382e-03 -1.628408965864940137e-03
2.483790603770071641e+02 7.171032958949573413e+02 -5.316986611734758633e-05 -8.768940886301210616e-03
4.933672333338876683e+02 4.303606468798290621e+02 1.417664508935525050e-02 3.364403440053876770e-03
2.296897678007696868e+02 7.005465319071680597e+02 2.030988663603796977e-03 2.074036658419878970e-03
2.427678671509362687e+02 3.636703521796521841e+02 -5.791580331276832000e-02 -2.179260637407044732e-01
9.700917629132316051e+02 8.449130370268541128e+02 -4.089849143986945199e-03 -7.949213614228758679e-04
1.020535678876895190e+03 8.151189033604175620e+02 -4.535145353875212962e-03 3.627464847889061862e-03
2.013927766109725894e+02 5.087796275716863192e+02 2.828186666093723909e-03 2.694262127829911372e-03
9.568904338407375008e+02 8.500259910571352293e+02 -2.779818490544490317e-03 1.621031459385809332e-03
8.286253329538516255e+02 3.446435783405727307e+02 1.566180271323324921e-02 1.913594382156843382e-02
5.056592849731535466e+02 4.416500438592227056e+02 2.685225740318099644e-03 9.121084124493080130e-04
1.003947170111219407e+03 8.316356505007478290e+02 1.853714634172761355e-04 -8.931459785731696820e-04
4.952582197348375530e+02 4.403088358186139430e+02 -1.034163648505016103e-02 1.371812899045304034e-02
2.553917201153608119e+02 7.436601956969566345e+02 -1.909212363858445735e-03 1.669968094873156830e-03
1.915941551614797902e+02 5.806349651371530172e+02 -2.325255306160870991e-03 -2.494836046713487954e-03
9.875899221011625286e+02 8.224886935632812310e+02 5.806329830011911462e-03 -2.802489009841360387e-02
1.017171424503203411e+03 8.104426999424906626e+02 -9.791000257535252896e-04 -4.309068172242315128e-03
9.834016429479312364e+02 8.169950297675974298e+02 -5.372434580227256583e-03 5.530315643977026276e-03
5.808213351291520894e+02 4.459974311528640101e+02 6.661666066597740632e-02 -5.578028661128284216e-02
1.244523963127613570e+03 3.962862282285793754e+02 2.907561571000409281e-02 -1.843880948500174408e-02
1.184420291843898440e+03 2.493512010304732485e+02 -1.610757390633105060e-03 1.777972639157783877e-02
2.669011593190668350e+02 5.072786552514975824e+02 -8.937390496468780587e-02 8.489568084072550425e-02
2.715173956538357629e+02 6.773784170302731127e+02 -1.311798095758099887e-03 -1.526348242498105435e-03
2.407155797553892285e+02 3.836029134043924387e+02 -6.506680295442009154e-02 -1.826215752626237643e-01
2.605117031199746975e+02 6.136382534178642345e+02 -8.880512837114709276e-03 -2.307795617459062337e-02
7.248064131374030694e+02 9.765570509019664769e+02 2.370808858335303731e-03 1.836095961265311752e-03
9.481489232824088731e+02 8.363623810780833310e+02 -4.908249001917932203e-05 -1.699872741861183003e-03
8.079201111007697591e+02 8.810600986985614327e+02 -3.102152966750220840e-04 -1.563909381629720492e-03
9.251050661124979797e+02 8.273334610206775324e+02 -1.366147950138365749e-02 -7.491624286461898152e-02
5.783387613679974493e+02 4.432130727858101977e+02 -2.663037151700165927e-03 -5.264194061924577263e-03
9.250262441932272850e+02 8.558683352690480888e+02 2.727704090376045082e-02 -2.068121090744986026e-02
1.172673906696287531e+03 1.418643254467757799e+02 -2.270355328503476100e-02 -2.489517970407391714e-02
2.757750794830248537e+02 4.952925689914844156e+02 -6.048368571470345845e-02 3.664281834359588985e-01
7.983863443521393037e+02 3.658085007494029242e+02 3.169031184257835223e-03 -2.785386510580148845e-03
9.488692825366679244e+02 8.458017945739336483e+02 -3.656218403870127153e-03 3.061857436301300504e-03
5.312611472941176771e+02 4.822170790487211320e+02 8.884274772353279804e-04 7.135802511213299240e-03
1.031652720547582931e+03 8.316283307489749177e+02 -1.028075223718074617e-02 -1.769012484143138051e-03
2.195182127850176812e+02 3.010885300967519242e+02 -5.115639188365052326e-02 -2.191933164466884632e-01
9.126486223391394788e+02 8.315847777316673728e+02 4.626428204554904403e-03 -8.204151863208041309e-03
9.826216709238744897e+02 8.691892820969562763e+02 6.053748692253147455e-03 1.913587269974855419e-03
2.910986840668674631e+02 4.139740854526475005e+02 -2.194388840712911334e-02 1.008473119557578646e-03
9.792573169420824115e+02 8.665914912062254416e+02 2.388714101832782599e-02 -4.951257919446566333e-03
9.029046956712941210e+02 8.535578023997352375e+02 6.285106397658322443e-03 1.574633256151659888e-02
3.282466141918236531e+02 5.656292681483841989e+02 8.858507734520580808e-05 -1.658151034862925333e-03
2.298946311475190782e+02 3.451620718699013537e+02 -5.226572225215551926e-02 -1.086446828743199700e-01
9.901789425209498177e+02 8.511823647428528830e+02 -1.882778979156772906e-03 2.938102252220133829e-03
9.672870242152299625e+02 8.725053016085430500e+02 7.118103200298827628e-03 -1.163021231087387267e-02
9.568974299807700845e+02 8.617577057475431275e+02 -1.007891331771431156e-02 -6.537605669812832955e-03
1.971836213938005358e+02 5.711278176314358461e+02 -5.414361193729037500e-03 -6.355843668797710698e-03
2.756347262332541277e+02 4.095788852166181186e+02 5.524337225869437734e-02 2.593248775357622216e-01
1.970803308080773775e+02 5.117631798537119607e+02 5.398224159323614275e-03 -5.393507450862941675e-04
5.101548577228141426e+02 4.188969319843831727e+02 -2.745307934887504867e-03 1.184277856587319594e-03
8.024737825885681559e+02 3.567257552920395938e+02 -2.722115154049131302e-03 8.893500363701987294e-03
3.824401286653965144e+02 1.095177475693164524e+03 1.021880961262267851e-01 4.143203877815789804e-01
8.018439405498494352e+02 3.469233677795329527e+02 1.673004670037428606e-03 -1.765028626701533958e-04
5.425689397790685007e+02 4.645151924155534289e+02 3.068915980741234503e-03 -1.710259234995295573e-03
9.419828968722491709e+02 8.731926830834338489e+02 5.650661262080521746e-03 -4.809486229673623839e-03
1.144652729639866038e+03 2.292204741860053616e+02 -3.977114037777234809e-03 5.102260024253466378e-03
1.174267923297118841e+03 2.123357011180186191e+02 1.769071995278576059e-02 -4.611933715159691194e-02
2.867209806519530275e+02 4.637918298305463054e+02 8.306351926015645426e-02 3.164175225071078068e-01
5.662368689590261965e+02 4.646464780645663382e+02 7.619055888138217061e-04 -3.488711933387364170e-03
1.025332809540136168e+03 8.268719687491287686e+02 -2.930980472987501726e-03 1.378173341628674900e-03
5.148603148775752061e+02 5.083124959541349881e+02 4.352018138708426721e-03 1.650129814806510983e-02
7.357683604752461406e+02 9.650508758423536619e+02 1.760913572825932583e-02 1.592422062090503854e-02
9.955833516695987555e+02 8.777358837564172518e+02 1.616356900927208269e-03 -2.847881215746041281e-03
2.105942266549601243e+02 7.024350684157028581e+02 4.264278706753853176e-03 1.275204924440170688e-02
4.707012385535393832e+02 4.354313514691624505e+02 -2.999583376232285454e-03 -8.772919107753291215e-03
7.871837310783296289e+02 3.388803047614941306e+02 2.926002137638930231e-03 4.717158321601247310e-03
9.710333525918127862e+02 8.928632599399405763e+02 9.485058251046590838e-03 -5.987874165177597746e-04
5.708312013777580205e+02 4.310957597408037145e+02 7.660311822170421531e-04 4.597297128956336250e-03
2.175575340365425347e+02 6.998864557734905247e+02 5.751995499917545059e-03 1.942765943328036938e-03
9.304032314586677330e+02 8.397961391726510101e+02 3.019576019610527989e-02 -3.395058772849948378e-03
9.704565538380907128e+02 8.243243199797301486e+02 2.644141102652187991e-03 1.080502640532962112e-02
1.967888545489646219e+02 7.047823822346664429e+02 3.879911494683854854e-03 2.970638174359703596e-03
3.122932692667988590e+02 4.705307000203629286e+02 -1.115315748499500458e-02 8.486429112913851640e-04
1.007203671874977317e+03 8.721302932577606271e+02 -3.555937465568721496e-03 6.804754656365397895e-04
2.359421395743117671e+02 3.397491935073447280e+02 -5.514604424560121121e-02 -2.041610425153437269e-01
5.094583288434465658e+02 4.875147036987430624e+02 5.251859137361785355e-03 3.280747011014326694e-03
4.748447718710891650e+02 4.485127764804580579e+02 -9.035795114590934943e-03 2.337090555707812059e-02
2.960161919915348676e+02 6.606746095744155127e+02 2.914006121351697914e-04 -4.135915375868400197e-03
9.012450148216313437e+02 8.597867087804193034e+02 3.049964231940345463e-03 1.913748947876373150e-03
2.107531508460242264e+02 7.383566039420056768e+02 -4.028509249224887685e-03 1.027466388755797141e-02
7.926696601571690053e+02 3.675579346809131494e+02 -5.164755283794650147e-03 6.657795446386952781e-03
3.041016505387199800e+02 6.409622517548754104e+02 3.994429419487397263e-04 8.178835808437968230e-03
1.265221337124124375e+03 2.906562145849688363e+02 -4.482936872735459287e-03 -2.397809172559463124e-03
3.232914648214751310e+02 1.094684067244274729e+03 8.132240632846225292e-04 2.647314120566390261e-01
1.271081424074273627e+03 2.948806274500587961e+02 -1.837955175535783622e-02 3.364585708918256361e-03
1.255120414940088722e+03 3.079568386216519116e+02 -1.500885102172609979e-03 9.174448638998343800e-03
1.031790873188156866e+03 8.716505896017030182e+02 -4.624806777212484878e-03 4.607989095900551224e-03
1.001837464465463086e+03 8.168424733621752694e+02 -1.716111061361768675e-04 3.833771053995415051e-03
1.156504215230042064e+03 1.407170849476328840e+02 4.139050205085908346e-03 -3.188196227165800405e-04
1.025773549008320970e+03 8.605343202956483992e+02 1.079617866846299679e-02 6.520851144728224968e-02
6.183299740634530508e+02 3.783386310480512407e+02 4.366246893201235907e-03 1.039631857645192557e-03
3.940703679905877266e+02 1.071197550194392761e+03 -1.241113993443330489e-02 2.221159239996106302e-02
9.484696702907009467e+02 8.252803037113336586e+02 -2.342228716145538028e-02 1.034718934404439249e-03
2.446077745604533789e+02 4.965565548454029567e+02 -5.420519006482981197e-03 -2.031357046934484205e-03
7.165326070989566460e+02 9.550131932381926845e+02 -2.077357527500365544e-04 6.848324122350475489e-03
5.488912689304949026e+02 5.038745988756498377e+02 1.454645548156221491e-01 -1.259897636076027783e-01
1.106592518272723737e+03 2.709817894867892960e+02 -7.204467859499273652e-02 1.903063011384862058e-01
1.033479768379816505e+03 2.794642054777526710e+02 -4.164963590595800735e-02 -1.108249313595047018e-02
4.891279449313669829e+02 4.587336838778691117e+02 -3.901327011656031615e-03 4.267019550690121475e-03
2.461685008783881869e+02 4.906728982154002097e+02 2.458975301345619861e-03 2.152335673953235246e-02
2.191533670044893825e+02 7.407304053511394386e+02 4.135544238255700221e-04 -1.675083276776973364e-04
4.246167885566577525e+02 1.073611110850039950e+03 -3.379303553525586212e-03 -1.646753205704953871e-03
2.361786482254045723e+02 3.503985470344383657e+02 -7.159373284489892186e-02 -1.886470068460083804e-01
4.942996126722222812e+02 4.725152023385601296e+02 2.214465446498743023e-02 -3.518854230586015291e-02
2.368497540991876633e+02 7.155805724320691752e+02 3.663185861700070465e-03 1.415927608018317102e-03
8.247238505323130084e+02 1.102284114305915864e+03 -6.480420949633253842e-05 6.366540385532980934e-04
2.159361703459651949e+02 5.837909704174625176e+02 -4.061946459715234936e-03 -2.250913622020507803e-03
3.205732519961319440e+02 6.071628925615218577e+02 1.441190574859441478e-03 1.243249415462949073e-03
3.331842780881127624e+02 5.591350227573411757e+02 -3.393228867324323689e-02 -3.091892413258865227e-02
7.627759968264684858e+02 3.868447875027929967e+02 9.177715532473822158e-02 -1.386688563401929433e-02
2.166109953054533435e+02 7.341216502312462353e+02 -1.377719716997782449e-03 -7.459274594488855825e-03
7.203240653742755057e+02 9.119999994279328348e+02 -7.544529028304267256e-03 -2.050268230040148010e-03
2.510153488072299979e+02 6.599347292855113665e+02 -7.969996305434667817e-04 -3.899613753556013286e-03
2.682372854072992823e+02 3.006330677049013502e+02 1.047289854723923875e-03 -3.002157036681944030e-04
1.152486330226006658e+03 2.297845766541043133e+02 -5.678378447112096029e-03 2.848519839860987057e-03
1.162448906044252908e+03 2.160379392098960523e+02 -6.542621288762086491e-03 1.102570494102347864e-02
2.638754749880939130e+02 6.297233182317587534e+02 2.830245113524808981e-02 -1.595905852228511265e-02
8.507151602713987586e+02 9.314976624097323565e+02 -9.739449172000172418e-04 3.705710060641271598e-04
3.187818459943889025e+02 5.402884869801806644e+02 -6.260001476782195602e-03 -1.343688202478186128e-03
2.106989610319495512e+02 5.833901744474401312e+02 1.290457949349697875e-03 -9.035325085607278511e-03
2.561756499774709823e+02 4.045044235129338404e+02 -2.676297684892591303e-02 -1.839134968012576532e-01
5.759823427800496347e+02 4.882246757338019734e+02 -1.013700255961033159e-03 1.206704244442663660e-03
2.508695339274303535e+02 7.275096720852267254e+02 2.899308629001453533e-03 -1.442388506260126879e-03
4.488017390958233364e+02 1.092715905673805764e+03 2.167952010961921808e-03 -8.631642817052503913e-03
2.070978832766289202e+02 6.819362668828130154e+02 9.334364982730293352e-04 -1.436975833447976057e-03
2.389539588367705107e+02 6.712907955060595668e+02 7.269873483709666552e-03 1.286736192257041320e-02
2.452785200672190626e+02 3.621190941913093297e+02 -4.334318697144703969e-02 -1.763093362161414213e-01
7.710061851870265173e+02 4.963656852996401767e+02 4.573698501848420632e-03 -2.327928063645195392e-04
2.798623224811649379e+02 5.318561996860041745e+02 -2.664033912323459513e-03 -9.281973212988430715e-04
2.905104501196166211e+02 6.309901397682604056e+02 -3.769022228688849452e-03 -5.157876106346241316e-03
1.260207068481719489e+03 1.957943963164220804e+02 -6.037738786393548980e-04 1.916504588320317457e-03
4.505835217261028447e+02 1.097403446310408981e+03 -2.342981693300767113e-03 2.424682785735202215e-03
2.419696389963596630e+02 5.023321427075068755e+02 3.712772503851709087e-03 6.419427449224942954e-03
2.512943831924335143e+02 7.093336644349845983e+02 -1.826720465776034922e-03 -8.776812672148580005e-03
1.242048514332547484e+03 3.818135002829509403e+02 -1.647322073059549058e-02 2.976613953335975615e-02
7.190794924717548611e+02 9.613349241538898013e+02 -1.763238261059320734e-03 3.629271315904219661e-04
2.991432640936197345e+02 6.467123890380761395e+02 1.888953868078400251e-03 8.591617450562834615e-03
5.197244258593894983e+02 5.294027207586501618e+02 -1.146467225265329799e-03 1.047831153976691750e-02
4.265444130120046111e+02 1.081010199564756249e+03 -1.259324444103554963e-03 1.390200509394892009e-03
2.277722265965294071e+02 7.103397510122167660e+02 -5.810659574886939432e-05 -4.626522473596322849e-03
1.041818923958880760e+03 2.516592565434388291e+02 -1.272289198860778459e-01 -1.730581575747693890e-01
2.473723874322263896e+02 4.060147457074938302e+02 -6.743497682925289616e-02 -2.245612452787331681e-01
2.193403416715731851e+02 6.466975611902887522e+02 5.742568992819443822e-03 4.341804481675740415e-03
2.570517216247444026e+02 7.177148565753033154e+02 1.818224972451520146e-03 -7.016382659680903047e-04
2.540828613749929161e+02 7.227142186012450793e+02 -6.729807271848966058e-03 6.554158557311875501e-03
2.488699947282842402e+02 3.974835263562595173e+02 -4.795663173677165020e-02 -1.563155160469552052e-01
2.972472762780471953e+02 6.544539436124911163e+02 2.491623915437856263e-03 3.950014689824249761e-03
2.349517654932000141e+02 7.102240807385088601e+02 -1.601405198141379795e-03 -1.584114403311393145e-03
6.060598002901659811e+02 3.794952089671133422e+02 -2.897210972352159616e-02 8.787202864145021719e-02
1.197031423100452685e+03 1.873146816203426397e+02 1.475951769952873679e-02 6.120177032316702348e-03
2.539308177672132274e+02 7.365870783793494638e+02 2.801245161118168236e-03 6.186425668364664565e-03
1.125265313848606638e+03 2.090338288674153375e+02 -2.410034520684492532e-02 1.355369413842578453e-02
2.551506632196885960e+02 4.880659869611271802e+02 2.147617650053624313e-03 -6.158306768287333602e-03
2.603270844635199524e+02 3.868319336516080966e+02 5.125861652078102931e-02 1.796259945802439195e-01
2.192190489624441625e+02 6.634276472736692085e+02 1.763830001814233961e-03 4.326074785634017109e-03
2.178527694530135079e+02 6.511979769477907212e+02 -1.544375332827593135e-03 -2.183203759922534067e-03
1.198661888252153858e+03 3.200251327806872723e+02 3.409423683454874260e-02 -3.919956958193471230e-02
2.972636191917022757e+02 6.395995033881521294e+02 3.559047914572179006e-02 2.720956407986565434e-02
1.001226441656173051e+03 8.565206362990110165e+02 4.735086973635877113e-03 1.128986766273123825e-02
8.641327153318346177e+01 3.135978254281758950e+02 -9.207453740071575412e-04 -4.147166374723225413e-03
1.191006146955289978e+03 2.457982263864631989e+02 -1.783242870116809320e-02 1.225248042882050477e-02
1.224261651685817242e+03 3.967435613429812520e+02 -6.897706605453248277e-03 -3.641369968060715993e-03
7.531334786829800123e+02 8.451554414000100905e+02 -5.940183888084659769e-04 -9.063050182622547088e-04
2.082014235485158338e+02 7.240508928697886404e+02 6.915062228136102489e-03 -1.046235660448523522e-02
1.179244427979620923e+03 1.810927593319936193e+02 -1.119778443690748748e-01 1.968031087606129242e-03
1.211971140799262685e+03 2.212766287506492802e+02 1.895304615998449514e-03 2.505578850051753872e-03
2.323277144663526315e+02 6.622118671934329086e+02 -4.741556544919185365e-03 1.009611804901810843e-02
4.106506251323543211e+02 1.067971952301435749e+03 -2.999912695189843256e-02 2.457296332682960827e-02
5.493092597932711669e+02 5.169136121281519536e+02 1.761386918397730896e-03 1.539434776216554862e-02
2.440167111889913656e+02 3.788438006313743927e+02 -3.564553072666262756e-02 -1.804281124998036723e-01
1.138912962967820022e+03 1.888235337324473164e+02 1.197095748230002712e-02 2.020595291284480940e-03
8.228689004388800186e+02 3.409342876909438473e+02 1.777605821331181262e-03 1.219228608825329886e-02
2.221418357315168919e+02 2.968241726205302484e+02 -4.751924906217413341e-02 -2.032006375691658429e-01
1.207328013323370214e+03 2.519584575527108541e+02 2.591392519482021983e-02 -3.658796173803777196e-02
2.467835564710196650e+02 7.373654669007637494e+02 -2.627513611738021074e-03 1.817258467148650733e-02
2.269472894711459219e+02 3.269909672275862249e+02 -5.425055751768558671e-02 -2.047126363359350054e-01
1.146247267315371573e+03 1.759709385244528619e+02 -1.958834333424987282e-03 -3.494857251227038823e-03
2.762125496027599070e+02 7.009151252403488570e+02 -1.404170102878850128e-03 6.186546450924715335e-03
2.605950868536766052e+02 6.834217542780302210e+02 -2.633471124812389866e-06 -6.505935598001412294e-03
2.289998677254062898e+02 7.458709391624588534e+02 7.861350592900923475e-04 -4.191319111393369996e-03
2.236254549973318433e+02 6.196330591336781026e+02 -1.594820946796944305e-01 3.488805476614718626e-01
3.346833319844501489e+02 1.068233054147107850e+03 8.187330787843327684e-02 2.952055017499423117e-01
1.055153710450485733e+03 8.389622692795200010e+02 4.387103125185207522e-03 6.729821492992621099e-03
2.512861316956825988e+02 3.530556699884926957e+02 7.337101648765989581e-02 1.831145873458638607e-01
2.127690352541754066e+02 7.117043898727829401e+02 9.657690375359666984e-03 3.853521378414595522e-02
2.953627000901624342e+02 5.133105178548537424e+02 4.210685321020331989e-04 9.331401431192789392e-03
1.221358231790455875e+03 2.477007976154305027e+02 -1.263101988140285939e-03 3.420922778696867689e-03
3.055759790850515856e+02 5.470117748312738968e+02 9.921206707386741319e-03 -4.379244807204044944e-03
3.043697292694125736e+02 6.257197146569008055e+02 -1.701109022782799560e-02 5.892422283158798429e-02
1.147922983267179688e+03 1.656916851846827115e+02 -1.767811698406049903e-01 1.915130967909203091e-02
1.200817441155194274e+03 2.291718447268639522e+02 5.606707872308143090e-03 -6.757944127619255545e-03
1.265909386138469245e+03 2.035869306791286704e+02 8.311523557486087807e-04 -2.173577577653671745e-03
2.502527490270079227e+02 4.781648761345649064e+02 -8.997918662372804757e-03 3.455156717736804477e-03
4.360903558017160435e+02 1.091294515927862449e+03 3.891313309350603270e-03 -1.467230904111575243e-03
2.540271782695882905e+02 4.356179400075254193e+02 -9.385134112397935935e-02 -2.279526946828465406e-01
3.072333259325077961e+02 5.556720295178525930e+02 -1.778674347340346643e-02 -3.341323160718459584e-02
1.148515486323629148e+03 1.529195478218547350e+02 1.062295010841591940e-02 -5.549158330293947616e-02
2.667403932202001897e+02 7.205154477921398666e+02 1.769986406598846734e-02 -2.153031085399696558e-03
2.805346321116299464e+02 6.210828716130994280e+02 3.236793858769208593e-04 3.548484336389796413e-03
2.719189572594339666e+02 6.715351318517608661e+02 2.039964464029141080e-03 2.619272381970953745e-03
2.982084877428582104e+02 5.084144925948451146e+02 -2.438705802442673286e-03 -2.498104599854034796e-02
3.381517418673587940e+02 1.057863883409153686e+03 -5.129614275128262409e-03 2.379563498607307481e-01
2.697961170340072385e+02 6.967186889458320138e+02 1.155367707767281657e-03 1.001539172097010849e-02
9.182927858485500110e+02 1.102628280961990185e+03 1.449423870341060320e-03 -2.637200535437021895e-04
2.615973521039912839e+02 6.598509644568804333e+02 -2.762660450252163793e-03 -3.308515434243850233e-03
8.214454241905015124e+02 3.854008805099540496e+02 -7.180881212529093786e-04 1.404492788756192719e-02
1.093652191411166541e+03 1.585482744951381449e+02 2.936192554059266838e-02 -2.588376641541785886e-02
5.062482959822816611e+02 4.497598924961747002e+02 -1.026550620075354170e-04 1.001987207859097962e-03
2.663006089522360185e+02 6.627320406001142601e+02 -3.796641111044677698e-03 -5.762480518779009714e-03
2.723188264200878166e+02 6.614104364370444955e+02 -2.676676267020582740e-04 1.128046413433898311e-02
1.239875037157200495e+03 2.907526778274545904e+02 -2.907453211975897286e-03 -2.233515800573495887e-04
2.300453880612903674e+02 3.112358766107369092e+02 -4.873867144360077147e-02 -1.921265767332668017e-01
1.026593127669034402e+03 2.673926176704263753e+02 4.327734275123718694e-03 -1.068267190100587530e-02
6.925617194527508218e+02 4.120083426908390152e+02 1.590379153295917378e-02 6.836870886872637061e-03
2.810031263598450550e+02 6.853421026112733898e+02 2.065236204218268146e-02 5.325255693143241681e-03
1.942530322587568890e+02 5.316263231084200243e+02 -2.340742734850460027e-01 -3.628526404251675164e-01
2.760061306690841434e+02 5.282383490037678939e+02 9.987101204910011666e-04 -2.274693726731849986e-03
2.422829501788337438e+02 3.474663185488745967e+02 -6.444848071342926255e-02 -2.065058398034491094e-01
2.386918943577803134e+02 7.381553640914802372e+02 -7.465958550494239572e-03 -1.386067891387888704e-02
2.317240612407583740e+02 3.220234321450976154e+02 -6.606130847683541751e-02 -2.004312701209165770e-01
2.440670922554943161e+02 6.349455288543725828e+02 -3.382714540150556087e-02 4.535138898840798682e-02
1.143806620192270657e+03 1.479013505130836563e+02 1.270641149918077736e-02 -1.194196800546332322e-02
2.651637270467214762e+02 7.298902571159361514e+02 1.762533634539319898e-03 7.271910228126055075e-04
2.629612530050601436e+02 3.606912681395924096e+02 6.745499488847081504e-02 2.021618896773769991e-01
2.622605629033111541e+02 7.083634382977086261e+02 -5.673421684377899510e-04 -1.098444045900992495e-03
8.577297314926378249e+02 1.101739993536584734e+03 1.378790825756908778e-03 -3.570901457810533104e-05
2.312173968920900222e+02 7.400326935215057347e+02 4.454254709445827111e-03 2.302011824865823290e-03
2.456879695822677832e+02 6.271083092629112343e+02 -2.243598494632101630e-03 2.493052822606022303e-02
2.143398385677421629e+02 6.697781372779426192e+02 9.006387163137809931e-03 -1.714267118869555392e-02
7.155925223577881980e+02 8.768827185373077100e+02 -2.984440426478676689e-03 -7.566999914111460768e-05
2.501447570384171399e+02 6.169920723560419447e+02 6.226481782145092472e-03 -9.687914813305201558e-03
2.354137599840983057e+02 6.272065780092469822e+02 4.644687803210384262e-03 -1.940589942559524037e-02
3.645721795680370292e+02 1.062999900727370232e+03 2.129665066288143616e-01 1.796336010094261026e-01
2.587722194100284696e+02 6.381699660371460823e+02 -1.068440894276210737e-02 -1.211289419207035520e-02
2.705872589545957680e+02 4.607307381754044400e+02 3.229066296250442114e-02 -3.667202130398600768e-01
1.183045293131757262e+03 2.301849716807643347e+02 2.917644592746523186e-02 -1.239273176180533814e-02
9.939810889015931252e+02 2.331072026523765430e+02 -9.232936881657863651e-03 5.669176955939236352e-03
1.028636785095614869e+03 2.499381538473137994e+02 -6.936078661645990462e-02 5.107873803504278665e-02
1.144216473564316630e+03 1.907831554030396433e+02 -1.247229417966235279e-02 2.249352945925760933e-02
1.130180303970614432e+03 1.840607010818867764e+02 7.064836849475220060e-02 -9.148074511637387107e-02
1.088742304049161703e+03 2.087601314233192511e+02 3.139037708913720165e-02 2.707996780217447955e-02
1.170356044490080649e+03 3.677838704921592807e+02 8.377932876251945396e-03 6.149177950714943865e-03
1.173844295903515786e+03 3.590829225148194155e+02 -2.122812811914609743e-01 -2.949078855265619206e-02
2.829967322769631437e+02 6.776775617778951073e+02 4.789205309053964975e-04 -3.110781090532498561e-03
9.147084599180835767e+02 8.433847514966163317e+02 -2.155453849438079481e-02 4.378878910351391603e-03
1.234991772173553272e+03 2.788932722069702095e+02 -3.194352293121482944e-03 1.384451476751744937e-02
1.189293313641802570e+03 2.279241189551528066e+02 -1.634864728094897286e-03 6.632092736871660066e-03
1.159780298143390610e+03 3.090067616217081650e+02 4.021258626638125888e-02 9.378962695065339028e-02
2.801121761646300570e+02 6.921586550577135313e+02 3.559085046050529302e-03 -2.243034695000838651e-03
2.619347520005557612e+02 6.970727649058371753e+02 2.640894803491981684e-03 2.753727093606655064e-03
4.054133932538680938e+02 1.078044677646816126e+03 1.346554764338881993e-01 -1.544310302997338631e-02
1.131207875808549943e+03 2.780485657392628127e+02 -6.478823519306514678e-02 6.614662306944268932e-02
1.872859994294359751e+02 5.751155451149068085e+02 1.165854992356009888e-02 7.315390277605531184e-03
1.192408124890805766e+03 2.293356339628734020e+02 1.467603603243945460e-04 5.687004614180120668e-03
1.208408153010971319e+03 3.115433011268521000e+02 -6.047359428897258402e-03 4.006868202165801696e-02
2.308976716743086968e+02 6.280623723946423524e+02 1.052341975302330777e-02 3.770757224176554939e-03
1.222201426670943647e+03 2.357655952586176511e+02 3.811611965236599842e-02 -4.113773422927626683e-02
2.463675140678545290e+02 6.926630418091090178e+02 -1.201068708928912685e-04 -5.812665635817616284e-03
2.916569379212066337e+02 6.487397001924332471e+02 3.151797565251827568e-03 1.141580236624279918e-02
5.269570657794616864e+02 4.786658733820059410e+02 -2.055739757738007326e-03 3.352131209623457342e-02
4.371661780778828756e+02 1.085487311086427553e+03 2.649149041081336198e-03 4.771450688304858419e-03
1.156180802252965805e+03 3.693316828842238806e+02 -6.491075486321891408e-03 1.310393898500316658e-02
2.697299159683078074e+02 6.358465188006448443e+02 -1.035542321633588225e-02 -4.267863558288921555e-02
2.961568039708946003e+02 5.325134832151629780e+02 1.953068012831984113e-01 -1.483702486728548653e-01
1.161441232320040626e+03 3.214667739110747675e+02 3.582096488820109004e-01 1.494975390569886209e-01
8.233865818034948916e+02 3.783678495958477015e+02 1.832830836475961983e-03 1.146530428554392049e-03
1.280725282434294741e+03 3.726117997261769688e+02 1.629820524880919467e-03 1.027617267265053952e-02
1.001570611411977325e+03 8.662367847232756048e+02 -6.161161877112180697e-03 2.745826805918645010e-03
2.281893940035249670e+02 6.883365436966768129e+02 -5.399108663632353616e-03 -2.945369410761234253e-03
9.241250825962490580e+02 8.647272020088656745e+02 1.631926210394218577e-02 2.144450730165682259e-03
1.244516865468218384e+03 3.085081019509315183e+02 -2.813627506167120859e-02 -4.769659757009844445e-03
1.103625133125987986e+03 1.777909226893371226e+02 6.250978847259659743e-02 -1.037478164844085095e-02
1.158584849533206807e+03 1.985228935483352757e+02 -1.689535618557369556e-02 1.537025087602423429e-02
2.963783720392116834e+02 5.373114197278607662e+02 1.878685504313393206e-01 -1.555533253356405909e-01
3.559522737745240306e+02 1.029037529845073323e+03 7.246466227764747359e-02 2.125885664890737048e-01
1.157815395755899999e+03 2.108933021645312351e+02 7.322932412766886522e-03 -2.272829971129828978e-03
2.776776037388037821e+02 6.594642193873100950e+02 -4.806695497513760809e-03 5.300145985653342828e-03
1.136815910193112131e+03 3.522155752716712414e+02 1.452856581723644541e-02 2.207838549530620129e-02
2.126038484880345152e+02 6.324099231892013222e+02 -1.996441206045891092e-01 1.847317217417266122e-01
3.060979881486051113e+02 6.304919740261915422e+02 -8.242004984892765257e-03 5.965985651512413501e-03
1.051135062345086226e+03 1.858294316172570575e+02 1.952119475329862699e-03 -7.606339742342906919e-03
2.496921196473534792e+02 6.812357423522611271e+02 1.210662351385652369e-02 -9.826931179760538607e-03
2.579496829489413585e+02 4.490692816131203244e+02 -6.508450376624788647e-02 -2.436058356970595973e-01
2.723110611473978224e+02 7.170956482692898817e+02 -2.219141251948082618e-03 -9.239442393925063630e-04
2.455519442006682311e+02 6.174575673390506836e+02 2.461108180496451164e-03 4.703408076066933896e-02
6.311306974914841703e+02 4.674150842390798744e+02 2.123789842361000213e-01 -4.436738969756083839e-01
2.843883042335254459e+02 6.714128044688545742e+02 1.607228463475765621e-03 1.765557297742384197e-03
2.512680066116527087e+02 6.406202639374259888e+02 -1.698155292199778500e-03 1.397220999875697575e-02
1.113089087812157231e+03 2.139242895073145405e+02 2.519296920241902073e-03 2.751668176254825141e-02
1.184864454150304709e+03 2.577513793540330767e+02 2.558673663608517120e-03 -1.255866081888904438e-02
2.890253094768959272e+02 6.125982192715555357e+02 3.174506245052203472e-03 3.680866376429220432e-02
1.129872624737372917e+03 3.451356179704728220e+02 5.729865579228722063e-03 6.789299798034315048e-02
1.757466148360749969e+02 5.714670095149430153e+02 9.179062725251306912e-03 6.868266621206139955e-03
2.822261804359083044e+02 6.516051017313151306e+02 -5.012153508858426844e-03 2.344281344054896174e-02
1.868500850022120119e+02 6.796494430427638918e+02 -4.410106559897476741e-02 9.879924207176724038e-02
2.733897831690475755e+02 5.730477749936720784e+02 2.011877799209242368e-01 -5.742688919250519414e-02
4.067623352131432171e+02 1.087673519667577466e+03 2.070946275731782860e-01 -7.833291219444302178e-03
5.682550092068331651e+02 4.259925245936005922e+02 4.312008510444882529e-03 -4.057687209854179099e-03
1.173901374330152066e+03 2.519235638599328126e+02 -4.143693176865106270e-02 9.591395562843176015e-02
1.130770542008800930e+03 1.663407212474030814e+02 -3.416819614437039201e-03 -4.277530781629090145e-02
3.139403531602882822e+02 5.045188555018422676e+02 -1.108692091179926771e-03 -5.863893093291072146e-03
6.022508521565956698e+02 4.396413015605798478e+02 -3.596972298218210212e-02 8.435204669099491057e-03
4.630146762232731703e+02 4.518567498360162062e+02 5.742896411003819458e-03 -1.071471369385171117e-02
1.158508453989626105e+03 1.898383346134289980e+02 -3.945620280033511514e-03 1.473941675309356318e-02
2.949704568500770279e+02 6.042888936316936679e+02 1.128118266116740799e-02 2.983959929192543659e-02
1.176318065807714447e+03 3.286351261036613778e+02 2.116406176127325622e-01 1.108768371511533249e-02
3.141548834198544000e+02 4.966453678327866328e+02 6.329958837361370459e-03 -6.177655161273283568e-03
2.340913702726262215e+02 7.729191109977788301e+02 2.490012359009995558e-03 9.087560879535912586e-03
1.514040178053171815e+02 4.549811593980480779e+02 -5.109110286779264438e-03 -3.574523927498618947e-04
8.186750477834959838e+02 3.360319376349840468e+02 4.124346745550493826e-03 -1.052829951978515206e-02
2.286487527828723501e+02 6.376404576495946230e+02 -1.168241633131637987e-02 6.279043410637034570e-03
2.761646850256240100e+02 4.386530667741301954e+02 6.068081734541534711e-02 2.724796095647485927e-01
1.267894138565395906e+03 2.582981324409884110e+02 1.095027752134822979e-02 2.995141985728437344e-04
1.041336126646992398e+03 2.352050499556096383e+02 3.237189755243817697e-03 -2.494334024323244803e-01
9.412999581775992510e+02 8.513962313238964725e+02 -1.305442820599673256e-03 1.990569225393183910e-03
2.320524672982076311e+02 7.150578459006444518e+02 -1.618262058142385957e-03 -7.699140076180027714e-03
2.920499922508407167e+02 6.625713164629029279e+02 1.417382276682442599e-03 3.098027779702029662e-03
2.375226197679619133e+02 6.465699144686775526e+02 1.559372133434714291e-03 -3.197022575616392109e-02
1.525597766757896920e+02 5.122134860532660241e+02 -2.469901407832290063e-01 -2.491637733886760131e-01
2.562872628627064842e+02 5.761864265788162811e+02 -1.083800206254688370e-02 2.412162361336611660e-01
1.139090600728353138e+03 2.459641588323287351e+02 -1.110837296263219622e-02 5.343751783407366118e-02
1.148763391513231909e+03 3.311142674066567793e+02 3.934827171432255660e-02 -1.734816881254729048e-02
1.073508873922780595e+03 2.237463555313383665e+02 5.456053540363670767e-02 -4.444558764180159965e-02
1.145482398783333792e+03 2.686095794984000236e+02 -1.751586287087923965e-01 -3.296684015357858599e-01
1.203894867280691187e+03 2.007221736076592151e+02 6.393040664633108973e-03 -3.939645028268749620e-03
2.486252121276601201e+02 5.992901024108562069e+02 -6.904829458848199542e-02 2.772117948978847779e-01
1.466035073954440691e+02 5.173552924416599126e+02 -2.461902996580924985e-01 -2.821492554771906636e-01
1.211941440184489466e+03 2.775846751650161650e+02 -1.142485559498844332e-03 -3.353857952910659253e-03
2.506487518918691819e+02 6.513193306134512568e+02 9.660293251544212895e-03 -2.269560328097600804e-02
1.031248432238726309e+03 2.555155943891273012e+02 2.490486022704299293e-02 -2.460840219958081426e-03
1.010040351548435410e+03 8.369682571708771093e+02 1.992544920713584539e-03 2.708470421232437534e-03
3.245657220793797251e+02 4.806720419505302857e+02 7.234147007036178731e-03 2.273320687789795461e-05
2.557756078944682656e+02 6.714735844127143309e+02 8.592475265014245384e-03 8.041167150381760970e-03
1.076448849098934488e+03 1.914779963981308128e+02 4.611750095635683971e-02 -3.559869834589898287e-03
1.079246457146685088e+03 2.058743894974403190e+02 -2.067540547024898645e-02 7.769263176264544490e-02
1.223271432302925632e+03 2.700009100090088623e+02 2.992925587207510493e-03 1.604389984393465298e-03
2.972971284985414400e+02 5.606023676476603441e+02 3.656090177807948954e-02 2.441586109606994348e-01
9.990999997026082156e+02 2.420449707080883002e+02 9.237221410508522895e-04 -1.819961086587598784e-03
2.569326096157344637e+02 6.044564278943119007e+02 -5.104625634990696097e-03 8.300657722876247924e-02
3.090449798871399025e+02 6.024555221445181132e+02 -8.433767016992875856e-03 2.298471858615236049e-03
2.631542934066208090e+02 4.821136900534224878e+02 1.829987558137603776e-01 -2.487369452537373793e-01
1.160346696105567617e+03 2.690043718150727727e+02 -2.189448919879945499e-01 -2.533303687514973923e-01
1.087365961226988247e+03 1.893847952787292286e+02 1.151869944992293116e-01 6.146831167872546242e-02
9.873135745506149306e+02 8.753772366215047214e+02 7.696470913282438785e-03 -1.189561838310906373e-02
1.086091666252960295e+03 3.399013557546552988e+02 -3.834780631803927191e-03 -1.735422464606744750e-02
2.492462319913191209e+02 3.753874731444677195e+02 -4.263910003344741073e-02 -1.855481666875101743e-01
1.111506299738427515e+03 2.060008604785854516e+02 1.054790528947966918e-02 2.525579369706736077e-02
1.213298584201830636e+03 2.278599421998619334e+02 -4.496143828774701832e-03 -5.097023943897686579e-03
1.204181352215728339e+03 2.069558415370792659e+02 1.426423229518285034e-03 -1.155030048370590395e-01
1.809643798665416625e+02 5.373791744820485974e+02 -2.165076931230819346e-01 -2.640447795281533616e-01
2.874657340290534080e+02 6.637818556845047624e+02 1.378641541162611958e-04 -1.797154861353894703e-03
1.173727105849318605e+03 2.335807723939357459e+02 -3.172190307715468637e-03 3.927219713768908584e-03
2.628853196950909705e+02 5.771919680301022026e+02 -2.125462295932866938e-02 2.098124520064670318e-01
7.624837869753840778e+02 3.937603161480629410e+02 1.609058693823798569e-01 -2.974548118434840183e-02
1.148879027244497820e+03 3.516576334299639370e+02 3.676100956785025020e-02 -5.871866236610021744e-02
3.104598422300138054e+02 4.874041567055868427e+02 -2.337317480627763497e-03 2.218224676322405175e-03
3.147299992551199921e+02 5.189751083620388954e+02 2.023427108398571928e-02 6.594751020624342770e-03
2.456312200643623385e+02 6.662375012599142110e+02 -6.621986122527209577e-03 -1.056681666226506731e-04
5.056718512564449384e+02 4.768688200702223412e+02 3.974373950013772305e-03 5.643952363926689822e-03
4.218798393551637105e+02 1.096145764957105257e+03 4.340584074100206635e-03 -1.808933852206530803e-03
1.859537710107583734e+02 5.308940246807823087e+02 -1.856690604609080864e-01 -2.615628424247188888e-01
2.355507630747736414e+02 5.869351990143034072e+02 1.284446441689361673e-01 -2.134881420193859569e-01
2.254851319867369739e+02 2.909866850237654035e+02 -7.959156751067805735e-02 -2.510699184820410768e-01
1.160179054802252040e+03 3.313338442878407477e+02 -8.332302278865813885e-03 -7.550260007258540601e-03
2.694934675707271481e+02 6.560326480835168468e+02 -2.084676014461739248e-03 6.535234481428251439e-03
2.214720610338818574e+02 7.152492115268908037e+02 -1.680456619668136559e-03 -6.361269222290304344e-03
1.024209726871512657e+03 8.663904102838328072e+02 -6.541589597870847879e-03 9.109220003213044968e-04
2.858755401410008403e+02 6.371928678108833992e+02 9.567396023834981444e-03 -9.263821785704956383e-04
1.150739600784302183e+03 2.132732949430278211e+02 6.574222576298528221e-03 2.811713848153444585e-03
2.892363039917513561e+02 5.991268346068458186e+02 1.912289402715410674e-02 3.276325647050495893e-02
1.301527101219565338e+03 3.481425375247644638e+02 4.584808087183953607e-01 -1.057425305975350643e-01
1.030674631277465323e+03 1.607777941758536997e+02 1.259670481221345992e-02 -7.337194115423233479e-03
1.243895205440000382e+03 2.750997529760152247e+02 -1.044744248284893394e-02 1.207732452603815267e-02
1.059371007639490244e+03 2.048674889302559166e+02 -2.509823115313806682e-02 4.801418284649984491e-02
1.931824398140330175e+02 6.913929322470382886e+02 -4.577930357950523409e-03 3.368565002496874683e-03
1.119405101903488230e+03 3.216337372394499425e+02 -1.382446288719188336e-02 -1.629926113931258816e-03
2.046269818986440896e+02 5.313749769284231661e+02 -2.190714455494328639e-01 -3.639457092560680618e-01
2.179204496245070857e+02 6.272415154737647072e+02 -2.008605653904403932e-01 1.651389738319350431e-01
4.769506812302943217e+02 4.856797661355278706e+02 -8.379566035603260108e-04 -1.049375518388194093e-03
2.918124316929243491e+02 5.695150671039962162e+02 4.367636464375061062e-02 3.127508705116024412e-01
1.261564262480684420e+03 3.466730704397794511e+02 -3.036183077536988018e-01 7.738608834546087389e-02
2.771370618297358419e+02 6.748111826831188864e+02 1.688089573736526860e-03 2.044202237845755849e-03
2.364485817032323780e+02 5.485507775720745940e+02 1.520967065826809572e-01 -3.527736531956924826e-01
1.125265125794413507e+03 1.832843781016848652e+02 -9.914665207600024868e-04 3.216336090582080920e-02
1.170579289636516478e+03 2.500271204409528423e+02 3.008774735950633938e-02 -4.495649326843176308e-02
1.157778567713311304e+03 2.762149648323862152e+02 -5.445416613900819908e-02 -3.845754775586820995e-01
1.184170511639729057e+03 3.230570288467163209e+02 1.675612381028835154e-03 -2.146734233007642142e-02
2.226472881585229686e+02 6.789672232214633141e+02 2.146648957476611475e-04 8.357217709586431398e-03
2.175847234426012164e+02 2.942270113211908438e+02 -5.074524403672013573e-02 -2.160131074456578260e-01
2.804439856613132065e+02 6.025921858350020557e+02 1.512163371282805244e-03 3.141312398679362017e-02
2.469694189926139245e+02 7.622220670298630694e+02 -3.435580053326754615e-03 -2.294746284295536183e-03
2.989408151065226775e+02 5.770815727246839515e+02 3.972495329752755155e-02 1.904478592219564781e-01
7.871398351745511945e+02 4.010765140100834856e+02 1.095459059800052946e-02 -1.404080184934938607e-04
2.587697611247855320e+02 3.684086254367976494e+02 5.238924273451929514e-02 1.838915556634231063e-01
2.337971550240500278e+02 7.208790562648649711e+02 -4.695431735513855460e-03 -1.623165325322633787e-02
1.236091777520932055e+03 1.324051153613323493e+02 3.142999247131120742e-03 -6.718236162592939806e-03
2.269859367412757365e+02 5.556149003919261986e+02 2.325858693720970483e-01 1.836624045959801554e-01
2.836792087014549679e+02 4.856328969182774813e+02 7.342209687564182387e-03 3.434689232008775739e-01
2.117173257935192510e+02 6.775807006309983080e+02 -1.146995339095020945e-02 -2.599920174376922286e-02
1.227256469900647289e+03 1.493855628939646749e+02 -3.125771374662591334e-02 3.705690132159415728e-02
4.169279378006469869e+02 1.093571277234362469e+03 -5.634432468033681238e-03 -1.607994631975692007e-02
1.034725878162139452e+03 2.084268579946018747e+02 2.543489123545171204e-01 -9.356545578202318802e-02
2.599413766904841054e+02 4.948408050255144985e+02 2.047770209237960437e-01 -1.779853125388816959e-01
7.227860295528528241e+02 9.185649109286683824e+02 4.998968079600429187e-02 -3.113399262365374419e-03
2.674450853536116028e+02 4.324254312618939480e+02 -2.423402819739735661e-02 -4.732999634416327761e-01
1.034535211016550875e+03 2.384818311895857335e+02 -5.703079611675597460e-02 -1.646298539758117851e-01
2.638327289464879186e+02 6.072486596644740757e+02 -3.150066964843576539e-02 7.653196640556209074e-02
1.974688867378920349e+02 5.503393604717606422e+02 -7.928958912959296890e-02 -3.361586673844554340e-01
2.590127417940641408e+02 4.398667671230834912e+02 -7.674169988472227810e-02 -2.916117772661775964e-01
1.056993425567627355e+03 2.714591392888485188e+02 -1.746067269987877091e-01 -1.779213704549128527e-01
2.207232730053566172e+02 7.084359235741327439e+02 -2.420279150929573967e-03 -3.569798949579218103e-03
1.114300738455864348e+03 2.291283226492096219e+02 -2.953695763938295540e-02 6.068129183059886578e-02
1.176320328643214907e+03 1.883970639580024340e+02 2.540104556863180887e-02 3.734014788140080365e-02
2.343011346455623141e+02 3.627571744556955196e+02 -6.393404967288274232e-02 -2.072146195946268366e-01
3.065595318921259604e+02 4.918464863191415475e+02 2.814820599211327688e-03 -1.467038196974251732e-03
1.025257340053704411e+03 2.978146274088266523e+02 -1.105341283718108518e-02 6.048904813129897529e-03
2.069327697663174206e+02 7.189856705086313013e+02 -2.003281113154638964e-04 4.447189882104776205e-03
1.210027001597718481e+03 3.663572197122039142e+02 -5.007507736490879324e-02 1.014099033756921120e-01
2.302375840274238783e+02 5.808511051720581690e+02 1.502041324711287373e-01 -2.029388711481757979e-01
1.131521636780604467e+03 3.299408749144558328e+02 1.322833388278265611e-02 -1.918439477505878843e-02
1.212585329555852468e+03 2.369027155963050575e+02 -7.507861872521980062e-02 1.270494746131176078e-01
2.894784296398312335e+02 5.273109476768667037e+02 -6.079183038292906849e-02 3.303693989966417499e-01
1.055944594797762420e+03 3.235482006766087579e+02 5.820257494036976814e-03 1.251283952088143303e-02
1.063131700990748641e+03 2.512888586177578247e+02 -8.214955188173413136e-02 -2.304570653312295880e-01
1.229491432979134743e+03 2.470048159067295614e+02 1.413419838562245123e-02 -4.609821504692856314e-02
1.177598656672228344e+03 1.927706980872202394e+02 -1.209506518350983439e-02 1.016558802430722608e-02
1.173756179210352229e+03 3.344041674877618675e+02 2.886744388582532239e-02 2.147772407326695859e-02
2.401366805229203578e+02 5.382074025050582122e+02 1.395125759253719733e-01 -3.967319501018304329e-01
1.145308430777545709e+03 3.010680231357825960e+02 4.580779900611064992e-02 1.836374264630328268e-01
1.204884269028665585e+03 3.877238161439661326e+02 -1.670714109468012789e-03 1.128376389489727741e-03
1.141145009732560538e+03 1.792521561691429213e+02 -4.428870787636030731e-03 1.923861915154973998e-02
2.614023573123548658e+02 4.055290859835935748e+02 -3.001742427658661908e-02 -1.736341186919255763e-01
1.051818956419629785e+03 2.831218528139444857e+02 -7.067484181690662781e-02 -6.912200548535592237e-02
1.051465728222814732e+03 2.654992072210245624e+02 -1.933507991336524956e-01 -1.781184394045100261e-01
1.030236074466311948e+03 2.300857336298246025e+02 -2.091519145316563522e-01 -1.881949160394091602e-01
2.457877004133414687e+02 5.437119526547983241e+02 2.914040828245211823e-01 -4.985381314407914544e-01
1.157944908828554162e+03 2.920153302169586027e+02 -1.193074758580426331e-01 -1.224228177517886207e-01
2.848289576419339824e+02 6.277963267763336717e+02 -2.294057055576554597e-03 5.042628864545111453e-04
2.157727441559464694e+02 5.718999581763275728e+02 2.078955208756538275e-01 6.315573543156910441e-02
2.437187007566985528e+02 3.317059862026912356e+02 5.116098596765581569e-02 1.807922214915483883e-01
2.626431803983501823e+02 3.358699631690271872e+02 6.587836342601738338e-02 2.133802805648015999e-01
9.929328331989636354e+02 2.271222633013111079e+02 3.460217529724298607e-02 2.185519225513850305e-02
1.014515131113476059e+03 2.553795247670194044e+02 -5.118208927103863690e-04 -3.531551068582609171e-03
2.210253153062294587e+02 6.205644212793490624e+02 -1.223580054666276867e-01 2.849470447692031283e-01
2.282585448135358490e+02 5.753214489012132162e+02 2.364916034102524101e-01 -3.116110543526832144e-01
1.190966908698359930e+03 2.100765372245199387e+02 6.314205739891524602e-03 -1.258956600479940215e-02
2.668414710543481760e+02 4.943520879091361735e+02 2.294212496036666382e-01 -2.221376150300126140e-01
2.268410377343890048e+02 3.198322869630420087e+02 -6.239352685528420928e-02 -2.033970791550161472e-01
1.043986544767252553e+03 2.280169689341233266e+02 2.459076178358366171e-01 2.630918356162533223e-01
2.875526941314633405e+02 6.500633079994795480e+02 2.088460242973296313e-03 -9.742915834430961389e-03
2.613426892329678140e+02 7.052244124223878998e+02 4.404407752117707464e-03 5.895106991935187418e-03
1.057495567684292155e+03 1.761910568447946162e+02 9.097630829476899272e-02 2.785090454783624783e-02
1.156775655190833504e+03 2.188933756602043843e+02 2.550981671307490234e-02 -3.324787451955956569e-02
1.090722886770942750e+03 2.180427935578634902e+02 -1.421611544390876947e-01 3.601169454141807391e-02
1.046526294376170881e+03 1.961371497850477397e+02 -2.358080457081158758e-03 -4.508923942396584998e-03
3.224054226507005865e+02 5.499450350740801241e+02 -4.847510756641697401e-03 1.801966951755293615e-03
2.205802824239173674e+02 6.946360222431568445e+02 4.067020713312902852e-03 1.996903169789774474e-02
1.627402549068754354e+02 4.970174712312404495e+02 1.551325665152439130e-02 -1.148464254046278020e-02
1.104835160715778102e+03 2.412884694225911915e+02 4.613353356330887611e-02 4.020705411773373150e-02
1.052576486322040637e+03 2.523650401128503802e+02 -2.339392062477410883e-01 -1.729748183171062048e-01
1.113338309994890324e+03 1.919303436384100223e+02 1.221164924946057002e-02 9.735186423865675037e-03
2.245069302655774095e+02 5.800409126401157209e+02 2.399312228315233775e-01 -3.171718183203803276e-01
2.083326380498835988e+02 5.691777822807034681e+02 1.915674147985184095e-01 6.289263298444691674e-02
2.508179160840839756e+02 5.165182292120507555e+02 3.951985561939643649e-02 -8.292191771208493045e-02
2.368318255189659283e+02 6.393600416041626886e+02 1.186672501341720252e-03 -4.530858196323723358e-03
9.637278222609746763e+02 8.596155174099465057e+02 -2.618823347549127656e-03 4.179957278083882947e-03
1.598067649193627062e+02 5.026781764039545806e+02 -2.020018319985629127e-02 -7.699796868287126297e-03
1.235862695960489873e+03 3.994225574957660569e+02 -4.345670669032764347e-03 7.057767370997230713e-03
2.470198796241198522e+02 3.250003873188273928e+02 4.162970411946975008e-02 1.615573829820031171e-01
1.124008574007437574e+03 2.370392440788814952e+02 -3.522579571224446204e-02 3.417062441621768198e-02
5.168204210115803789e+02 4.818971852690112314e+02 -2.571591385870729274e-03 4.136939945354778901e-03
1.138028063060229897e+03 2.095974422015801508e+02 -2.754703000407809563e-02 1.183991232892437767e-01
2.837838161490998914e+02 4.196782815790909353e+02 9.470010090072350506e-02 2.666184856574104756e-01
3.405600196802826645e+02 1.090673196719928910e+03 -3.843382520536896968e-02 2.803096596340981517e-01
1.020212192359460687e+03 2.344896147165542288e+02 -4.964970059195636387e-02 -3.096015530581501529e-02
3.275693366104150073e+02 1.081605360688826977e+03 4.205672089719286050e-02 2.574798783211242337e-01
1.147015267895090574e+03 3.472557781561638990e+02 -6.880769394776039237e-03 1.041304682054136621e-02
2.093978420508837246e+02 5.961985617925871566e+02 1.961661675004501282e-01 -1.922258169813428341e-01
1.101299580758738784e+03 2.043552461748357416e+02 5.504144162253819805e-02 5.730909492364230293e-03
2.740857812176153061e+02 4.278682146133268134e+02 3.650581826587770418e-02 2.742320509433155973e-01
2.249296200996942616e+02 5.920928334520036742e+02 1.934469579654002902e-01 -3.187679630179382495e-01
2.570099755690533243e+02 5.138413300393098098e+02 2.694027776052991823e-04 4.573642576527316497e-04
2.513966953243488547e+02 3.899137896727319230e+02 -5.990801193202949237e-02 -1.694616552011134203e-01
2.610604716422721481e+02 3.749876447020374144e+02 8.230187876179402562e-02 1.533653919873966820e-01
1.216712244576436660e+03 3.158017930759081082e+02 -4.221499175472862020e-03 9.234718569072106198e-02
2.046001694148886827e+02 6.908867559902170115e+02 -1.024757387954854451e-02 6.250501021910249110e-03
5.037394587102548371e+02 4.689664581170255246e+02 -2.089003511368090534e-03 7.013151404596375954e-03
2.461438921433833400e+02 7.006029400431500562e+02 2.438702191997748920e-03 -9.630218410929146031e-03
1.133200450036364828e+03 2.248956218917542458e+02 -7.572605022181114198e-03 4.753891333181926859e-02
1.140799321948299848e+03 3.042102597073056813e+02 5.792452655308095999e-02 1.358809940014179263e-01
1.056314032760882583e+03 2.824770582822390566e+02 -3.080121947291265538e-01 -7.836492063100787553e-02
1.114557645282068506e+03 1.614112433761631848e+02 1.221850429994834203e-01 -1.426101798377412940e-03
1.038253786050502640e+03 2.861565834264538921e+02 -1.373718447860816302e-02 -1.394866406656542455e-02
1.322993890758610632e+03 3.269731287123711923e+02 3.592172062965773988e-02 -3.000506118981417433e-02
3.764757320356502532e+02 1.059192531331747432e+03 2.639767791342729764e-01 1.744287403874066056e-01
3.336503117093907917e+02 1.076342501899644503e+03 1.640847299778566692e-02 2.161372799326268246e-01
2.840328817486797561e+02 5.195856679201177712e+02 -3.245999916276449265e-02 3.129927664902476536e-01
3.503976826341275341e+02 1.034195564964404184e+03 7.351313791405748865e-02 2.266061514807492794e-01
1.288741612191215154e+03 3.243252366414500898e+02 4.035192937986645245e-01 -2.259170751724333404e-02
1.064706533125706528e+03 1.932079556977919026e+02 9.742637336326015821e-03 3.370927730897348151e-02
2.122866823439042037e+02 5.929069163327260412e+02 1.966404689753297186e-01 -1.961642357157123429e-01
1.999018968651660657e+02 7.212105903013115267e+02 -1.523320003127424851e-04 -2.279627632544973647e-03
2.207812266514876001e+02 6.041812020903474831e+02 2.455629695541135527e-01 -4.106522514295325998e-01
1.097513370472421002e+03 1.894070800739191611e+02 1.136145430637313519e-01 3.944382114091628949e-02
3.169579247200539953e+02 5.356660795624392222e+02 -3.846043385491125510e-03 -4.975391077299727398e-03
2.225416525416583227e+02 4.970895292547660915e+02 6.200722102884320078e-04 3.229431553116831471e-03
1.102649730160996569e+03 1.912181911990406036e+02 -2.461663149064731090e-02 1.394442094838347322e-02
1.142444667337111696e+03 2.164813248509653931e+02 -1.180071181905005540e-02 1.353413579137185095e-02
1.013733105143505782e+03 2.155340704699524679e+02 2.174060853551351702e-01 2.676143935914480076e-01
6.669824549353419343e+02 4.765834025511136929e+02 5.551807295168402490e-02 -5.125516216859149488e-02
1.114361202311341913e+03 2.634004777302084221e+02 -2.222983198780864311e-01 3.051804169423562828e-03
1.911134069589433011e+02 6.083929215344536487e+02 1.092941759653608264e-01 -2.813798839389031747e-01
1.246882822224306437e+03 2.930930223146151548e+02 -2.646118928398641639e-03 -1.360789886701911817e-02
1.280345532950486586e+03 3.576293386899951656e+02 4.746740147706199342e-01 -1.229498415542813194e-01
1.182971711957016851e+03 2.200838938545904853e+02 2.619717494853785258e-02 -7.036165929111090622e-02
1.167055788955654862e+03 2.485146392823774590e+02 1.873539272649638737e-02 2.276244102569164804e-02
9.739057445156438462e+02 8.542968378111097536e+02 -1.573998840972263072e-02 1.694013053084106194e-03
2.656030711063467038e+02 6.541518287958537030e+02 5.812067421827870999e-03 -3.809814471550101664e-05
2.675504182930430375e+02 3.601813250247764131e+02 5.559180283222137087e-02 2.028141333567318461e-01
1.085174269367595571e+03 2.979774066411147828e+02 -3.863883861413229259e-01 -1.763768407173827713e-01
5.171625909245468620e+02 5.330623671703802984e+02 -3.480992806140141647e-03 1.535483144744146169e-02
7.063977274656851932e+02 5.829103546815398431e+02 1.439060704556275932e-04 -1.370345616234123706e-04
2.654628596219333190e+02 4.663053758707753786e+02 1.291802683581552424e-01 -3.385511825407429565e-01
1.237219592648938260e+03 3.523270791020796651e+02 -3.412452301639778973e-02 6.416515589616196558e-02
2.373055690889978564e+02 5.914249906178293941e+02 -1.779283453356977629e-01 5.182480578613669620e-01
1.096727818143159311e+03 2.226472822231353064e+02 1.543095184610191947e-02 4.532541191462773761e-02
1.162655637300509170e+03 2.953390170357092188e+02 -5.104890723655128998e-02 -2.782821616518731389e-01
2.395656206606267915e+02 6.347289515779727935e+02 6.451779630513911632e-04 1.991632629325846768e-02
2.897433740844778640e+02 4.989689523653041761e+02 -3.056939498394355679e-04 3.451002960675608744e-01
8.272645258170809939e+02 3.917687919872187763e+02 1.959077352576892722e-02 -2.044591666594953311e-02
1.242731729198833790e+02 4.185725669045195332e+02 2.570803739121115816e-01 3.823844708363162703e-01
1.075555158403626137e+03 1.777130653916730978e+02 1.798150717385586239e-01 1.947934542060692775e-01
1.169831328084618690e+03 3.532582973260880408e+02 6.123494872324522671e-03 -1.066295749565637947e-02
1.114967904762224634e+03 2.346477007170527429e+02 3.615355259907488111e-03 -2.413267160956746385e-03
1.284238804008419038e+03 3.589893920058341337e+02 4.559782550864334150e-01 -1.088327179990057070e-01
2.334933480417558656e+02 3.043840942578522686e+02 2.829718001176766834e-02 1.061165452253358121e-01
1.186148221497004442e+03 1.869424375987236147e+02 1.876410707641883516e-02 -3.129910330330284464e-03
2.457799397391749494e+02 6.821094702456458663e+02 -4.128808494366940050e-03 -2.599581012949252895e-02
1.128538904630001753e+03 2.230178388153879041e+02 -8.716722048750465135e-02 1.724392632560221850e-01
1.035994462902109262e+03 2.939192463468805840e+02 -7.256194761035514654e-03 -3.800104792541297242e-03
1.199857258415738670e+03 3.760457311818860830e+02 -9.418419339550778910e-03 1.843597828351088361e-02
8.816127482274744125e+02 1.100620121489303529e+03 -3.991501840542102122e-04 7.795047142307978596e-04
2.558225535416145249e+02 3.346156269573471036e+02 1.096009607287195681e-01 1.925553880772082616e-01
2.431180345122982374e+02 3.143745686255314240e+02 4.437501935486559690e-02 1.811629136282715546e-01
1.148959421146695377e+03 2.454005014896818295e+02 4.069485370078242646e-03 8.675695492442373966e-03
1.001800434986067671e+03 1.833150550043814064e+02 2.771148636574791158e-01 1.270895612986363277e-01
2.487402202915845351e+02 3.100109814774919528e+02 3.049689546282529154e-02 2.025102934484761530e-01
1.997713268394022634e+02 5.967550326106768352e+02 1.679272538241391166e-01 -2.308743439815149900e-01
1.112523217022560175e+03 1.852354979854404178e+02 -7.593302303259613639e-02 1.028152620326507199e-01
1.147427728593249185e+03 2.067437054965704419e+02 -1.902839233421128526e-02 1.048410700627896118e-02
1.110250573424889808e+03 2.268142135032499311e+02 -7.943306107513353753e-02 9.113028819286139726e-02
1.174314806064540562e+03 3.236908637402121371e+02 3.968290749197548317e-01 9.523246126765951003e-02
2.739804639167484765e+02 3.890082793102815799e+02 6.907426278719458468e-02 2.301117479458704707e-01
5.524429330009095338e+02 5.233156376315249645e+02 1.333090359406524476e-02 -2.325777313097830278e-05
2.102386477428889009e+02 6.441000836362958353e+02 -1.096506920852246365e-03 -3.686302888799942307e-03
3.057731017949490138e+02 1.053444738135978241e+03 1.520524900129655542e-02 2.275119401575090572e-01
1.427458372143483700e+02 3.920122249750369292e+02 -4.683693727063891789e-03 -6.778546058220966987e-03
1.062711777689078872e+03 2.677719589889564986e+02 -2.568355520291629168e-01 -2.110615205776819880e-01
2.060291399201778972e+02 6.160406508783732988e+02 2.575308940089020004e-01 -3.844452712492326674e-01
2.404805351193840863e+02 6.806885714655068114e+02 6.531144416892509241e-03 9.846446100959601808e-03
2.035064055360629709e+02 6.320469057134056357e+02 2.185422244741987985e-01 -3.294032152147660653e-01
3.400994828217773716e+02 1.080777689443729514e+03 3.909660317710541601e-03 1.956585082036219059e-01
3.561344546849210815e+02 1.085432065843008331e+03 -5.391514811618809688e-02 1.711234775985777945e-01
1.091611372166364617e+03 1.858093396960516372e+02 1.431264895589329789e-01 -9.331953627388855921e-02
1.281110165736350154e+03 3.234360081769564772e+02 3.965432877379666543e-01 -7.760638665345091780e-03
2.651553327275407241e+02 3.513980990128621897e+02 5.745646845700475708e-02 1.947298328367055298e-01
5.115038934317748840e+02 4.592637260606331893e+02 -3.827962890964424058e-03 2.683890084997402753e-02
1.058445538236099082e+03 2.289804315733215674e+02 2.196294703567445994e-01 1.226210529605882282e-01
2.906000086305806462e+02 6.696608169464702769e+02 -1.094186799568635507e-03 -2.572948803258946586e-03
2.801095217234728807e+02 4.677304432961486782e+02 8.801917557823912830e-02 2.956979444717449668e-01
1.127262522953502412e+03 2.193985777595729871e+02 8.007176868336397108e-03 9.688642140735030314e-03
1.193029102873642159e+03 1.852351962354145201e+02 -2.172972850770933748e-03 1.305827349025889816e-02
1.139509669322852460e+03 2.912195745049891116e+02 2.102408899810654930e-01 1.074336947109486573e-01
1.997600241518972268e+02 6.190804969446077166e+02 2.588662394727743732e-01 -3.364064177449380133e-01
1.064103555600709115e+03 2.367116969242397317e+02 -2.983015950677253905e-02 1.327253357090297514e-01
2.978259247228762092e+02 5.212312987073340764e+02 4.043147233733311759e-03 2.304952652046500430e-03
1.001180695551755662e+03 1.953813942079043500e+02 1.765777368722262633e-03 1.858820886713223597e-01
2.765619472375366854e+02 4.717308619851427238e+02 7.306187890152118780e-02 2.822205176861664055e-01
2.758194558133591840e+02 5.619590178266859084e+02 2.234413324042547611e-01 -1.911000770059471943e-01
3.063582518685394120e+02 6.252387307986662108e+02 -3.609650829125311215e-03 1.411551182868205426e-02
2.738261568987501846e+02 3.742231886668020024e+02 6.209943909356530761e-02 2.183108100423687414e-01
1.011413363235856423e+03 1.879299351994543201e+02 1.768367086125205712e-01 2.510094595713019960e-01
1.071367786192351559e+03 2.620916558350880337e+02 -1.811268974517691310e-01 -8.723942307617603420e-02
1.089796050980850396e+03 2.926803089799154236e+02 -2.903820471292311578e-01 7.561093083330931719e-02
1.261290244779404247e+03 2.008165131452797709e+02 -5.502389489627230578e-04 2.765064919755953927e-03
3.241059220380465717e+02 1.062735319633203972e+03 -3.877026675113634524e-02 3.576853194207155195e-01
1.165154812670765381e+02 4.191503798830382266e+02 2.757186795733492790e-01 3.657439249121911540e-01
1.135835055713951306e+03 2.155683880804918431e+02 9.674798072128064363e-02 -3.545258552116423850e-02
1.206100435082575359e+03 2.149221150337542667e+02 -1.974573079438115067e-02 -5.250040883000148262e-02
1.871596411780661811e+02 6.090199058923187749e+02 1.654817163958288984e-01 -2.667262773952823740e-01
2.024199236141766676e+02 6.269969259675201556e+02 2.347249241799643227e-01 -3.394575752012919945e-01
1.222256395580137223e+03 4.238970453244837131e+02 -4.410204918097561442e-04 -7.253553558312865381e-04
2.284615364844156034e+02 7.369313090793962147e+02 1.349720931079093772e-02 -8.407109973921161883e-03
1.171279381488618355e+03 2.145999354187879078e+02 5.930453083017254989e-02 -5.415216409103926903e-02
2.946900062499285582e+02 4.729957593609739774e+02 7.991177150618300473e-02 3.834591236978844297e-01
1.852539117291385651e+02 6.165833945022521903e+02 1.439791568504656671e-01 -2.918131654319529589e-01
1.075300242466418922e+03 1.575968226800357854e+02 3.432404099281449184e-01 2.534077324535625726e-04
1.122102916049294208e+03 1.954781886508218633e+02 4.339892781894878759e-02 7.157577205645082596e-02
1.180730756945913981e+03 2.086440604137044090e+02 3.186809854875240905e-02 -6.255062599393494682e-02
1.111643819488454255e+03 1.808509934225655513e+02 -1.834753387493716914e-01 1.432423096698806630e-01
1.061093428218509871e+03 2.994660587541728205e+02 -1.616054949620110703e-01 -6.324537214274154884e-02
1.071564893867773435e+03 1.833477395821562936e+02 1.453951785547420994e-01 9.610305487620318665e-02
1.351389117781279083e+03 2.608907338099630238e+02 5.798563909471946606e-04 -2.458372933735972557e-03
2.148212914623406959e+02 6.091753447176768077e+02 1.485487311140570310e-01 -3.293581864406276427e-01
2.053402075737047880e+02 7.312979720094390359e+02 -1.162591965469446029e-02 -9.100390437867178148e-03
1.018577160093070006e+03 8.643950990251231588e+02 -3.622894486846456037e-04 1.018661258856078285e-02
1.064260955892356833e+03 1.674376362391062401e+02 2.899240484027622022e-01 1.442370518617972774e-01
1.044963108203998672e+03 1.822023793065009443e+02 4.773851917152697501e-03 1.115852372848320610e-02
1.112470411230368427e+03 2.804045266289678580e+02 -8.500160942619107429e-02 4.638482711180413193e-02
1.253402168568736442e+03 2.762244297461928682e+02 -4.472502517446756178e-03 -2.664754936868633534e-03
2.139239486730294857e+02 6.866988110858285381e+02 -3.022009437907233198e-02 3.576852838467774187e-02
2.471525327511065768e+02 3.422098877517163942e+02 1.735314844775481466e-02 1.937614434735564772e-01
1.133877188539396229e+03 2.578069848611027055e+02 7.139709810595766884e-03 -1.431753291089015541e-03
1.253094326717386821e+03 3.023992266660537780e+02 -4.195093388087960812e-02 -4.624106357350602631e-02
2.401255147645429702e+02 3.032904306488759403e+02 4.730796139272346046e-02 2.024544790314661002e-01
1.045018517682314467e+02 3.570085833166691032e+02 3.540175723562524052e-02 5.594276558576976449e-02
9.956049017510305248e+02 2.236038109556628513e+02 1.941381146885625131e-01 3.128913223552262091e-01
1.135695136712943167e+03 3.735809568837744905e+02 -1.901681880427413124e-02 -1.032356483088515964e-02
1.047194815021299746e+03 2.457072371293673427e+02 -7.982916419343369374e-02 -7.432452190205526832e-02
1.140214143908630149e+03 2.401005942989755795e+02 1.646160015361467985e-03 -1.135367259239050122e-03
1.937054372927111103e+02 6.261996142684864708e+02 2.481565149005762194e-01 -3.636087838803968575e-01
1.138650835111899141e+03 2.228361528203814999e+02 1.623539391168764496e-03 -6.931439675814100171e-03
1.175979894290877382e+03 2.216527095885985261e+02 -1.825695326951490283e-02 -5.194504295032145724e-02
1.143515064910970750e+03 3.238409156546983354e+02 1.902595013672053487e-03 1.548632889398332373e-02
1.191170558116943994e+03 3.230528977692913486e+02 7.584279685040725078e-04 -3.018634569782947894e-03
2.340970615342462509e+02 7.011890025104294182e+02 4.444998840285041553e-03 6.450899400144649576e-03
2.654806769019518242e+02 3.890266251326021916e+02 6.516849388510438656e-02 2.164693890226699891e-01
1.073988854975029881e+03 1.946811810651962560e+02 4.702677252273480130e-02 1.893400367372269702e-02
1.055559688036891885e+03 2.334257646203630543e+02 3.368460010399014770e-01 1.164297434824354133e-01
2.265936691770746449e+02 5.620399800865538964e+02 1.376751075847911787e-01 1.627605229226656014e-01
1.023594951797957151e+03 1.979000775185511429e+02 2.257737240067524132e-01 2.348974993309695947e-01
1.098106558425366757e+03 2.707436129350637088e+02 1.982330862899853718e-01 2.475805428343370029e-01
1.788342687957669455e+02 5.685953550671664516e+02 -1.852051747906377846e-02 1.425299714697398322e-02
2.746356270105790145e+02 3.838589133892616587e+02 5.316007073423261592e-02 2.168346426882352407e-01
1.009726717461118028e+03 2.370207069151955750e+02 -8.620071498216370920e-02 1.456548711555196995e-01
1.101366419413386211e+03 2.318495196161371155e+02 6.808686947793145261e-02 2.111994393909414486e-03
2.172834550465524615e+02 7.116094220107709134e+02 8.091933975850626806e-04 3.787958459991416608e-03
1.086437761531949718e+03 2.040336501134213449e+02 3.672867148914823326e-02 1.495954255744654481e-02
1.212190142448794177e+03 3.911609305022065541e+02 9.985728147842109353e-03 -3.298454195339577816e-02
1.080221502886498001e+03 1.602904736710452482e+02 1.930729948792420381e-01 1.045158855214391724e-01
1.070117569060329970e+03 2.123700231581062781e+02 1.197581807718229308e-01 6.058934364546653822e-02
1.123040319503573528e+03 2.002345069068659598e+02 -9.324638770838153401e-03 2.865268913805270323e-02
1.157360231713146050e+03 1.528945888889721800e+02 -2.067604326193374087e-01 -9.635314567668296082e-02
1.153716425205683890e+03 3.369526031165915470e+02 -7.959633345400739289e-04 -2.538887636151847000e-03
1.790939461938099839e+02 6.147217916355308489e+02 1.378397412845472347e-01 -2.661473986098252253e-01
1.070153770251853985e+03 1.792051140155899134e+02 2.260553058031801177e-01 1.708953670007026804e-01
1.025703987519611019e+03 1.688474553226716068e+02 1.083909677971892083e-02 1.492720875064167119e-02
1.253250632767600109e+03 2.545991998573977639e+02 9.896069734662759840e-03 2.946530122127761012e-02
9.700653696270330784e+02 8.829936832191468739e+02 2.072810283459802436e-02 -1.683272328525737757e-02
1.104664296800656984e+03 2.702460524537867741e+02 -8.922710043959065918e-02 2.084766656518784733e-01
2.711380473124822856e+02 6.535220512378004969e+02 -1.643608271937527579e-02 2.008000039456955300e-03
8.277090873825053450e+02 3.355915711237104802e+02 1.997195572737795952e-02 -1.568503850931454724e-02
3.176260076675354753e+02 1.068816012496673466e+03 8.037942829783498166e-02 -1.425606490603430754e-01
1.079854461320916926e+03 1.716044442108891985e+02 1.477743812919538047e-01 9.934710383074868423e-02
2.428384494605903114e+02 7.219191498908281801e+02 -3.801692510586357661e-03 3.468172904647164739e-02
5.727738570170546382e+02 4.766960939965429134e+02 -1.357099948546539991e-03 1.063105203686711547e-02
1.168714693367245218e+03 1.938775354783998068e+02 2.451294597868015901e-02 -1.613780188244000671e-02
1.164012685215759575e+03 3.564692600649331098e+02 2.516844805461245643e-02 -3.817677190515586516e-02
1.227650969583904725e+03 3.565901029375095277e+02 -3.881656424255626459e-02 3.342271305366188022e-02
2.709546046448951984e+02 5.155452303142180881e+02 2.600880638197069494e-01 -4.300127896115593651e-01
2.845480643782001948e+02 4.503574029195349908e+02 6.893902236363548541e-02 3.297275077368372886e-01
1.121548569954309187e+03 2.201689555022720128e+02 -3.344614355382610760e-02 4.950129516684088210e-02
1.196785905298715534e+03 2.255278169649545816e+02 1.102131514846860227e-02 -1.223257091160170618e-01
4.913972848921088712e+02 4.627694043751014874e+02 -9.325452314055614547e-03 4.926813574128100469e-03
1.069429014775415453e+03 2.792884599115846527e+02 -1.067797778063028502e-01 -2.372420415287904705e-01
1.249303696978335893e+03 3.031510620346763289e+02 -4.361008478045893220e-03 5.170833480111896967e-03
1.306959193594797398e+03 3.468696376761386091e+02 1.184355314012374844e-01 -1.017427432198531878e-01
8.057442661450637615e+02 8.764998142708316209e+02 -1.578799951032935564e-02 2.070665609218011287e-03
2.638984332675105406e+02 3.492383584948789235e+02 2.821693886185391853e-01 5.094989812816652641e-01
1.220835385060671797e+03 2.411466558969330833e+02 -9.642675267969025299e-04 -2.161778289535050065e-03
9.453382086573069500e+02 8.531342693781981552e+02 -7.359809145918915982e-04 2.731589282145705649e-03
8.245291094481503933e+02 3.275227731441514720e+02 1.132313526400649875e-02 -4.282323086979941684e-03
1.201761667401472550e+03 3.173015693598108555e+02 -8.060724375345485609e-03 3.708170599505750380e-03
2.555669155712849374e+02 5.909101920418288501e+02 -1.609895682779041368e-02 3.210687928903683264e-01
2.048660841567336490e+02 5.997877886738303914e+02 2.054455238662664662e-01 -1.548758960346517943e-01
2.288352482414064752e+02 3.366565400734295395e+02 -5.880163581450167237e-02 -2.264566242593157031e-01
8.315293658280216960e+02 3.161521398425308007e+02 1.952572554882910441e-02 -2.299134914718692357e-02
1.093438052184630351e+03 2.976924437817269791e+02 -1.398999943060061923e-01 4.205865607321233601e-01
1.126627320208005813e+03 2.850458615727088159e+02 -9.696559765652068563e-02 -3.398315243122359327e-03
1.317614489637921679e+03 3.350741694721581325e+02 9.347716631980063084e-02 8.735935108012663278e-03
2.573463430806402812e+02 5.490545699086569584e+02 -9.266849035642774068e-02 4.254497202926387778e-01
1.122114148452320478e+03 2.818543745733153969e+02 4.633975922997899712e-03 -1.481500500605793247e-01
1.170424657093615451e+03 1.715756391936288310e+02 3.972690001319278963e-05 1.741286069636030108e-03
1.132932624473736496e+03 3.675366539965756374e+02 1.979722225253819495e-02 -9.170138944558604843e-02
2.265062849217750056e+02 3.070090974885323476e+02 -4.243212549727483351e-02 -1.682635299526434036e-01
1.157906657933889846e+03 1.684940441215771614e+02 -1.200347679136989920e-01 -6.755124922072910931e-02
1.173175578019454179e+03 3.909120289474124661e+02 -1.233226622376706536e-02 8.850940528648404415e-03
3.454885327652000910e+02 1.090448099703274011e+03 -3.956594387634595339e-02 2.846748067630465173e-01
1.116381239009185492e+03 1.754323305464415625e+02 -4.147016382991482175e-02 1.242015876686250186e-01
1.056066719957202167e+03 1.914247649937695712e+02 -1.198257213647221757e-03 -2.770345739869319729e-02
2.928161210966102317e+02 6.245954544256038616e+02 -5.849797486559085886e-03 1.258090381063745782e-03
9.900466736253866884e+02 1.708405868197394568e+02 6.876524552586055217e-02 -2.322173181339634920e-02
9.953610293645643878e+02 1.953819076320157251e+02 3.297927339503377575e-01 -2.314966941022985059e-01
1.083055595293486931e+03 2.184483662880847135e+02 -6.345630543047412267e-03 8.837821884327930200e-02
1.130812491230770775e+03 2.376997396255248987e+02 8.887659125394049842e-02 -3.293409046602979035e-02
1.163452390443185095e+03 2.345866738509775189e+02 -1.539981761348022983e-02 3.259283085156465531e-02
1.128183175741796049e+03 3.107220097470658402e+02 9.368602828858774156e-02 1.499865695917645680e-01
2.363105418180148831e+02 3.129041101014890387e+02 5.889420306114481057e-02 2.203017164629421654e-01
1.125011452069994903e+03 2.151199849221016507e+02 -6.630514358442680944e-02 -1.873308678642683286e-02
1.025534400663523911e+03 2.921041519097211108e+02 -1.729558268560295667e-02 8.107278714043963941e-02
1.000673753139426594e+03 2.104653727352684882e+02 1.552985455809448578e-01 3.696216369235280075e-01
9.935679064772294851e+02 2.170058230893802147e+02 1.577764170293704526e-01 3.166907206757038074e-01
3.710765079029426374e+02 1.096812775911546623e+03 -7.179261533385669636e-02 2.414756744821602297e-01
4.884526979103901567e+02 4.549068479298299508e+02 -5.697998844370069866e-04 -5.732619324433949753e-03
1.063571852312400324e+03 2.584777134053219925e+02 -2.072409898504387338e-01 -1.283264413900243317e-01
1.155325838985382916e+03 3.270889099101231636e+02 -1.231245145163484267e-03 -3.591790099686675668e-03
3.168150363664141196e+02 1.081347738592325868e+03 1.719285390228501159e-02 -1.418173883046865147e-01
8.094921056697364747e+01 3.425982326407884671e+02 8.371553561659084153e-02 1.197691241111083632e-01
1.022929406316392260e+03 1.667258667024423460e+02 2.541868186702195623e-02 2.217929549687737076e-02
1.039916820286376151e+03 1.705536113597357826e+02 4.425946555363081958e-02 -6.557053761182367324e-02
1.124107654092304529e+03 2.987160383695769497e+02 1.968630795353311924e-01 3.166211522332075534e-02
1.136680115979876518e+03 3.252176442433470811e+02 -3.136223130614947813e-02 5.915792952354224921e-02
1.857809486307627651e+02 6.510929670628422627e+02 1.339513881695555408e-01 -2.856864449862571709e-01
2.512227723571156162e+02 2.985414341557643070e+02 3.608252441934942101e-02 2.241641064709216091e-01
9.808536987856472251e+02 1.796700168007442642e+02 -5.062764365890403892e-03 2.431612167246610945e-01
1.013755845463310834e+03 1.648151522613100326e+02 1.543326409911410513e-01 -1.981762249666495501e-01
1.038829964125604420e+03 1.595833825734071638e+02 -2.564128508757258507e-01 -2.050723498313156701e-01
1.079953019846201641e+03 1.999406769298749964e+02 -6.577888683960810001e-02 -5.222905968395252785e-02
1.032353781802035201e+03 2.204777704595295518e+02 2.396490144379099796e-01 7.593000967573043658e-02
2.518510780652363792e+02 4.050369532147404357e+02 -5.316387192107817350e-02 -1.779607085970079938e-01
1.089146231744936131e+03 2.267311940938828911e+02 8.545529838796205035e-02 -1.712004008025363316e-02
1.064501622378633556e+03 2.825665247486851968e+02 -1.596297497943560684e-01 -2.345544222265421863e-01
1.217784038601484326e+03 3.763519402711270345e+02 -1.343132755710030324e-02 -1.047645111495209419e-01
2.211952904710889811e+02 6.974543561877502498e+02 -9.052492734680426395e-03 -1.251033899642569301e-02
1.390292699001454366e+02 3.974458546038788427e+02 2.262457970947805066e-03 4.041205872113096120e-03
1.143744996000729998e+03 2.870580807671383923e+02 -3.351308636778412842e-01 -7.684726829327570563e-02
1.204980945871123140e+03 3.809388275820828653e+02 -1.437308340874291768e-01 1.356272130496498640e-01
2.693312107679859650e+02 5.024056593388932583e+02 3.046132850547682014e-01 -3.005715931813112696e-01
1.063049162220682774e+03 1.736805368173557724e+02 -7.626861687128894118e-02 5.609262152505782861e-01
1.081308827144316865e+03 2.162162921015670349e+02 4.367800000979032982e-02 -4.608173961303956012e-02
1.128689841021941220e+03 2.308483887304585949e+02 1.542185024465304866e-02 -1.882247579203354809e-02
2.539117977992435158e+02 5.444384147363484772e+02 -1.810780118268553451e-01 4.842809490286024143e-01
1.130614621305702030e+03 2.122296990643626771e+02 -1.679650008028340386e-02 1.602423842414058344e-02
1.046445319132177019e+03 2.595875747048824564e+02 -4.611599927253943847e-03 -1.208735960141935212e-01
1.214084944263647685e+03 2.696460340147220904e+02 -8.606868314003887632e-02 2.229171563095977762e-02
2.431464841768355996e+02 5.769083925093319749e+02 -1.491295258117218414e-01 4.897191462804392215e-01
1.156160026920170765e+02 4.530331909784397340e+02 -1.215229592072564202e-02 -1.235306568252614312e-01
1.125309733780423130e+03 2.922020868775161375e+02 -7.978050054990859508e-02 1.877212409211583832e-01
1.112289351187196871e+03 1.669315731177343594e+02 1.228657546944891821e-01 -1.904655049292464097e-01
2.424232975385549196e+02 7.129288421181350941e+02 -9.878228098091680360e-04 3.572564678646109222e-03
1.124896184229834262e+03 1.748546668367781081e+02 1.092504011585333432e-02 -1.164361852413160620e-01
1.024126143075408891e+03 2.364176080526434589e+02 1.292834006031550187e-01 -9.953123681422463079e-03
1.160730486861699774e+03 3.654024467561554275e+02 4.128192713292264809e-02 6.320074869694281179e-03
2.140902619594897089e+02 5.911483557091586363e+02 -4.281999561768164847e-03 -1.580953282148129732e-02
2.085150900102409253e+02 7.485681657658089989e+02 -9.408429704172742089e-03 1.221009823519807538e-02
2.619851830403724193e+02 4.500569447747026288e+02 -3.777381664399948741e-02 -6.705774857763030505e-02
1.047702811288276052e+03 1.982740816231409440e+02 -4.299937955277621966e-03 -2.903737283617539161e-02
1.097061334906943330e+03 1.999800053664444590e+02 3.545083312713296492e-02 -1.986204992863447455e-02
1.016493160646061597e+03 2.280141275199103745e+02 -1.044761034738085452e-02 -3.615153442978155315e-03
1.114583888212712282e+03 2.436753115133874985e+02 -3.720461883324097663e-01 1.060913646200110048e-02
1.235439270217030298e+03 3.410990124844218485e+02 -6.313693771901320202e-03 4.529923731050287256e-02
2.602456444985183452e+02 3.570812842859010630e+02 5.989591000897372813e-02 2.348509451907310475e-01
2.842466258775516508e+02 4.936272242885771107e+02 -1.632949673836086441e-02 3.609247114464579909e-01
2.534145280805106779e+02 5.264267139378657703e+02 -1.340155439797391206e-02 1.825595270431087588e-02
1.035546029786449935e+03 2.478619649608614850e+02 -3.621021647950328770e-02 -1.309848881367204065e-01
1.164362302059490048e+03 1.426031094397168317e+02 -7.902559877695440604e-03 1.678472565831894137e-02
1.179291252226768393e+03 2.447305889937430550e+02 8.590271497967949879e-03 -1.499487958238361271e-02
1.299563785488144276e+03 3.591938480470552122e+02 1.066777364501292485e-01 -6.875167821858373107e-02
3.011539992358984250e+02 6.189761929694456057e+02 -3.251652838131938866e-02 -2.689518817865737925e-03
1.789710954024930345e+02 6.315193431416854537e+02 1.996249704727183216e-01 -2.833385391316756707e-01
5.173887946762259844e+02 4.735315716581139327e+02 1.629741762276091036e-02 -8.692325934559728962e-02
1.156256893114690001e+03 2.897975598461954405e+02 5.991090986616690039e-02 -3.881138145407480589e-01
1.123754256278850335e+03 3.260564165617716412e+02 9.670108228060424194e-02 8.045394939701439041e-02
8.354584583652000163e+01 3.519783918958124787e+02 6.437149215586771001e-02 5.702283605463889793e-02
1.120074726434840159e+03 2.927396177376595006e+02 6.686257876732269734e-02 1.781360803684265137e-01
1.204561131088850061e+03 2.784385274714030629e+02 -1.133668914942973123e-02 2.904122702135054912e-02
2.553627403698553735e+02 7.059527659812496267e+02 -7.365931022044833187e-02 -3.733947939053905212e-04
2.442506771111465298e+02 5.294178951889845166e+02 7.999290835482615603e-02 -1.126165804961421629e-01
1.141242682436070709e+03 1.996655629700692032e+02 1.199205532881819636e-02 -2.300823083023217919e-02
2.575124769486387777e+02 7.136631292411806271e+02 6.414332627668291494e-03 -1.977947312461007454e-02
3.557204119130507820e+02 1.078513288903997136e+03 4.061824621260731044e-02 2.848522800254613685e-01
2.921348953309713465e+02 4.907867047152727196e+02 1.540366619911498307e-02 3.282441121502672754e-01
1.076249191069423659e+03 1.687039669155146271e+02 2.846580886122331289e-01 2.006967747080229125e-01
1.102684708212759915e+03 2.048324782631963785e+02 -1.503727796939232364e-01 6.099470752744072521e-02
1.005714188648675872e+03 1.683501378323722122e+02 9.606871989613162410e-02 1.484713026494119958e-01
1.169890799988225353e+03 2.260402553775162175e+02 -5.201574451492971089e-03 7.298207509802781719e-03
1.154691397783813272e+03 3.112666340536504777e+02 2.012959779315637576e-01 6.273156353156847387e-02
2.579656813079035373e+02 6.874881318735048126e+02 -2.242011175924186681e-02 -1.398791207492732502e-01
1.122638817159841665e+03 1.847224809409928525e+02 -3.871494397316425917e-02 3.523862886990784815e-02
1.111475710967165924e+03 2.224927039794384882e+02 -2.058415239976273473e-02 3.964870947995163819e-02
1.100071261464668396e+03 2.671735589509536908e+02 -1.190823640763483127e-02 1.481128488512532815e-01
1.030196989257253108e+03 2.754358480816846964e+02 -5.883680279512624491e-03 9.433197021250873393e-03
1.058618990765256513e+03 2.907372857201855822e+02 -2.044821598982101210e-02 4.043723558023278736e-02
1.194952012074824097e+03 2.225154152296036330e+02 -2.717314574510965031e-03 -2.582941619519509707e-02
2.334094900884982167e+02 5.597935694772601209e+02 1.050731821948431843e-01 1.819658629564660790e-01
2.533223652767532883e+02 6.969596285347305411e+02 1.613500261262450913e-02 -5.315046597578592519e-02
3.131263319425370355e+02 5.320776450650444076e+02 8.845155171267530050e-03 9.432339094809364874e-03
2.334142580187417764e+02 6.876181988365893858e+02 5.961050933984779129e-03 -2.212424878482011081e-02
1.098790681383428364e+03 6.608604486525052835e+02 1.336858286367714711e-03 -1.659518476964194633e-02
1.169013739104094896e+02 4.446835277194885521e+02 -2.269827955253417295e-01 -1.820871462815603081e-01
1.054432491002533652e+03 1.973513096177341311e+02 -1.088369333152561652e-01 8.587359964970549264e-02
2.441461885533876739e+02 2.911565691551017494e+02 2.228293210731793414e-02 1.265155145039247864e-01
1.051192775509008470e+03 1.611846028460081470e+02 1.063553243923757302e-01 1.911358244813530782e-01
1.004398091779305105e+03 1.835050179527800935e+02 6.893364511098652031e-03 -4.008588612188961758e-02
1.107694193107499132e+03 2.351126826177423084e+02 -1.760776504021224417e-02 7.597725019869490393e-02
1.317184529708792979e+03 3.462245502431227351e+02 2.157379029555260008e-01 -2.140873527090718653e-01
1.182185039746698749e+03 2.264435440310738556e+02 1.283567593913283178e-02 2.975175116249401466e-02
1.224707795632236639e+03 3.101221350877456189e+02 6.418321206838835391e-03 1.744777956597745872e-01
1.174872891854738782e+03 3.534276468119007859e+02 1.226446460798476419e-02 -5.797581136213506708e-02
2.321662345281869193e+02 7.362417934667330428e+02 4.716919188717504097e-02 2.919955017093530877e-02
2.405042847649428666e+02 2.926939234649942136e+02 -1.989934906664281300e-02 1.540939318122980239e-01
3.112785861013475142e+02 5.220386794288516512e+02 -2.321979103533067246e-02 -1.705386212388759759e-02
1.062503582932582503e+03 1.860302426096138788e+02 2.925532340979515311e-01 1.466182449190789328e-02
1.289747043503359464e+03 3.732827276995439547e+02 4.518616542741966668e-01 -6.480437227913782294e-02
7.886693894697390306e+01 3.191150825999043832e+02 4.617911289252371598e-02 1.345211982021964903e-01
1.090274855752365738e+03 1.603444901809855594e+02 1.738437229050001920e-01 -4.656969552586171512e-01
1.037691037933523376e+03 2.164336296467548948e+02 -3.097622404959868847e-01 -1.705789617595087349e-01
1.158709667353765553e+03 1.857527226706556576e+02 -2.432403317758901895e-01 3.516535163858331425e-01
1.186281327241763847e+03 2.476431115079413416e+02 3.331693137079128151e-03 1.162404736855175257e-04
1.270520318817549423e+03 3.196224757611626615e+02 3.928091804534384890e-01 -2.280723201666508704e-03
2.660646680239831312e+02 6.734367779460783368e+02 -2.563859962590413558e-02 -3.079611627319991246e-02
1.025553176523390448e+03 2.433006471907373509e+02 -6.911663695195459367e-02 4.634029329913452039e-02
1.139346972555691764e+03 2.790822909437413273e+02 -2.132013002398512602e-01 3.915478288305962451e-02
1.137091691021111728e+03 2.929994552478531773e+02 1.979642995212316237e-01 6.055193705865998845e-03
1.176178732414728302e+03 3.796299341850798328e+02 -2.221074544947246668e-02 -4.217805308644122925e-02
1.085447046907467666e+03 1.982998298039380813e+02 6.714070681692436808e-03 1.895924397096302241e-02
1.104138857858703886e+03 2.777613083559362508e+02 -3.072798759165624727e-01 1.979980308197162586e-01
1.105409278055082041e+03 2.941900515987285303e+02 -5.957929648338204653e-02 4.001554317090905699e-01
3.389550235107315075e+02 1.097990559692555735e+03 -4.036440353131900971e-02 1.569526284426431750e-03
2.531655728848923559e+02 3.847981325674490449e+02 9.860111018885220346e-02 -3.341002727980395548e-01
1.198451381611355089e+02 4.554325395228282787e+02 -1.651918744234338876e-01 -1.575519446610229579e-01
5.709633427850855014e+02 4.844338059702145074e+02 9.634901389006245154e-04 6.874733837610354399e-03
1.154655262984504589e+03 2.339978045492825061e+02 -1.268096555381248436e-01 1.843421528377078289e-01
1.183603384691042038e+03 3.476299051356730274e+02 4.760196029080058372e-02 -8.370912886698533839e-02
1.831850724368820806e+02 6.516710651135080070e+02 4.103764174436932421e-01 -1.742758717348256992e-01
2.415474592929730875e+02 7.026287729869096665e+02 3.752573883055276838e-03 -4.944707399943126802e-04
3.824470371044782837e+02 1.070727286620616951e+03 1.089947374734236973e-01 1.501942171207701904e-01
2.931211936372138211e+02 4.729820433506091035e+02 5.918082893101551251e-02 2.028728687711081335e-01
1.056648284116593231e+03 2.169302597462139772e+02 1.220716566887279989e-02 1.747695862901252895e-01
1.021960726369991562e+03 2.745258401599008948e+02 -7.758168727915207242e-04 3.289600899982112608e-02
2.623141330852072883e+02 7.095799778368937041e+02 6.457077499590013758e-03 -1.441337286557468726e-02
9.612599448400676465e+02 8.692242237098541864e+02 -8.459671722525027859e-02 -3.349514547401420250e-03
1.030713703751499907e+03 1.663975669653004843e+02 -4.851471916958871589e-02 2.123631302247872554e-01
9.848978260243002296e+02 1.796425026784885119e+02 1.728423538683841743e-01 2.702476980625533320e-01
1.099289965051669014e+03 1.782270156850713931e+02 -2.889935473783680070e-02 2.220475540336053766e-01
9.863365604086677649e+02 1.981176004997604139e+02 1.213810674830142489e-01 -3.789513352117580558e-01
1.064537850177186328e+03 2.150857680531353537e+02 8.932502109751112862e-02 1.137553402995962470e-01
1.107872028992288961e+03 2.582996421865289562e+02 -2.516473915975893649e-01 -2.605992497221904999e-02
2.271464501050881779e+02 5.892945810828839512e+02 1.282740451055133235e-01 -2.598219193154022721e-01
5.147171819990854829e+02 5.060580985337837205e+02 4.240975384823287078e-03 4.670765918127130906e-02
4.922089711633033744e+02 4.296503169041031924e+02 -1.765763329428990669e-01 -1.310298761246713184e-01
9.806413077315154396e+02 1.677781004569931440e+02 1.665016852561317651e-01 -1.014588452262741095e-02
1.105392813324968074e+03 1.697317471583382655e+02 -8.605355865461206122e-02 2.929396191515915571e-01
1.117246946695111546e+03 2.119371602920918463e+02 2.636980057688257870e-02 -2.540791966110431468e-02
1.163007977966010003e+03 1.709077664271086121e+02 5.730357735946098319e-02 1.084031274329378125e-01
1.171976624987114519e+03 3.676966523580662169e+02 4.003280819812163327e-02 3.311889765464886420e-02
1.835260477051508303e+02 5.440626627954052310e+02 -2.722714883382985063e-01 -2.702904512161821149e-01
2.554630880727708018e+02 5.826754915743669017e+02 -5.974416465019455856e-03 1.546357186371854764e-01
1.034948656114523146e+03 1.623248777999004062e+02 -1.652094826506242953e-01 -2.487798655087409827e-01
1.055264680907233242e+03 1.565309710293562944e+02 2.439893335183569434e-01 -4.370718865988720836e-01
1.015061654694098138e+03 1.764680951140817058e+02 1.165917438751904456e-01 -4.041418639690164127e-02
9.883334950269893397e+02 2.103697305123266688e+02 2.862867472475301156e-01 1.353000475717820450e-01
1.099037680975523017e+03 2.308606451397213846e+02 3.236015548282011878e-03 2.285261021314255458e-02
2.337290161610667099e+02 2.909404487620050190e+02 2.174609869737764711e-02 2.612776911217257192e-01
7.918433308486922897e+02 3.855836216976399555e+02 2.952782405632855579e-03 7.462118456684915802e-02
7.864403348343477091e+02 4.136666958546877026e+02 -3.102097470059561601e-02 2.629717182894962188e-02
1.008819392392824966e+03 1.726258864485816105e+02 -6.523242788445518525e-02 1.296628867830195708e-01
9.889433889431501257e+02 2.262775372191502186e+02 -1.181853692197429584e-01 6.835513466466969223e-01
1.055969083362461333e+03 2.462548403244853148e+02 -2.120419921502616489e-01 -2.239679221789978303e-01
1.097409294758364922e+03 2.801677458665858467e+02 -8.794186195937722661e-02 2.548512896578115083e-01
1.192189462410721944e+03 1.829026844624791579e+02 -3.284144510582466536e-02 -1.286275365605271392e-01
1.213971242566122328e+03 3.691437712303867897e+02 -5.234265642388891138e-02 4.986922647792165625e-02
1.945273950972582497e+02 7.038208646698760731e+02 -1.423164716220363946e-01 -5.510103720484949008e-01
3.085060786970790900e+02 1.062007767559535068e+03 -8.360264851626197924e-02 8.751218750762745913e-02
2.548184005722800123e+02 3.459285365947100672e+02 6.229412261216301511e-02 7.736677530120535107e-02
1.122707859157638040e+03 1.777915621148744094e+02 2.416649313185341083e-02 -1.607587556532052986e-02
1.088439927797821838e+03 2.346289601615680738e+02 -7.316908959334493534e-02 1.354625714513938706e-01
1.073215994400248292e+03 3.421277761313779706e+02 3.875774661609435873e-02 -1.170303788406859696e-01
1.157028452451107796e+03 1.654422967335503074e+02 1.767850253482568593e-02 -6.704168900325650771e-02
1.165631800821241086e+03 1.818697794689378213e+02 2.284072016565611915e-02 -5.867956199570301123e-02
1.133156317626398959e+03 3.250599200902400412e+02 -4.054464385781860608e-02 1.825707470570705482e-01
1.183548322083410994e+03 3.350775613638485311e+02 7.521007188120165665e-02 -1.956310119945972870e-01
1.154507734002690540e+03 3.423193364259038276e+02 5.757829358458366187e-02 -6.991510049354587863e-02
2.538137366796549088e+02 7.004532883008550925e+02 5.583586216208402675e-02 -2.392468993765154150e-01
2.473994643373903841e+02 7.271970276443905732e+02 -9.191437796403079119e-04 -3.804216125987144176e-02
3.673576379380833146e+02 1.091748744106648928e+03 -2.550713170330425328e-01 7.407345501955357736e-02
2.201366339079011993e+02 2.917455729918589213e+02 -2.453107117912054630e-02 -1.749794481862522733e-01
2.692615984516193066e+02 3.647602480300870411e+02 8.112661263326118033e-02 1.127078259321365322e-01
9.926576376107859687e+02 2.235241146187846653e+02 1.250233419603091478e-01 -6.727372089456423732e-01
1.102361567649491690e+03 2.425817743396067669e+02 -2.062522313381123101e-02 9.544946060158281120e-02
1.192439716519759031e+03 2.443313709076618352e+02 -8.661967755506339364e-03 -1.250239569634743475e-01
1.201191931345260173e+03 2.509426481504511059e+02 2.768592786915178433e-02 -5.745842347270695150e-02
1.255828577801301662e+03 2.631400765154812120e+02 -1.129380775576464685e-01 7.664032984540654347e-02
1.268741164088055712e+03 3.158064865926385210e+02 2.974480183786454290e-01 6.086948639535876004e-02
2.980378545132876411e+02 5.468062673573119810e+02 1.994721303931669409e-01 -1.103907747378571058e-01
9.698705104219258146e+02 8.294323092411719927e+02 -3.687592307103386424e-02 3.370622209408793285e-02
7.845945983634935601e+02 4.159280824261044813e+02 -8.535259457687516260e-03 -4.636257458457748726e-03
9.823431314335725801e+02 1.722318680696531317e+02 -6.878546774021288002e-02 8.152811515638802575e-02
1.093809489666663694e+03 2.244235177940716142e+02 6.968399107660161462e-02 -5.889076283715155569e-02
2.968396263188584498e+02 5.651715397535665488e+02 -1.043277880602033747e-02 1.598725839164103490e-01
1.012390784230884151e+03 8.669951570198523996e+02 -2.958700714640372098e-02 4.366914832701240812e-02
5.344181256374632767e+02 1.100409793749591472e+03 -1.704244832802714882e-02 -2.621932434010432189e-03
1.057307571457538643e+03 1.859644827419164415e+02 1.445135831909283297e-01 -2.569688522917014661e-01
1.003081472775662064e+03 1.973710055197570057e+02 9.879674575135292958e-02 -4.013293930913259255e-01
1.073356827643209272e+03 2.317578836261076844e+02 -6.127788383954187873e-02 -1.079462170776347846e-01
1.091796302436666110e+03 2.798629139521739830e+02 -1.343030312129940285e-01 2.531730278468178885e-01
1.086666686629802371e+03 3.333271705961186626e+02 -1.604571257078835911e-01 5.206725458199154000e-01
1.156412900992810819e+03 2.321940130136788980e+02 7.719830843226797856e-02 -1.961587962795761086e-01
1.146600637251829767e+03 3.557337121748133200e+02 -8.339373179910580802e-02 1.546504272956023274e-01
1.783145604931401920e+02 6.515574590649409856e+02 9.531437791409302918e-02 -2.308445278113140375e-01
5.167687774152815336e+02 4.735136288988369984e+02 1.210576165874499566e-03 -3.902975114729656525e-02
8.309283699463080666e+02 3.320429958632132639e+02 1.768968440779872253e-02 -1.156134184312236357e-01
2.778829535717440535e+02 6.514303392638047399e+02 -4.040159560670986139e-02 -1.253135739945605565e-01
2.106244528622897008e+02 7.185590049207162338e+02 1.565176477168961355e-02 5.360860442488046829e-02
1.024294523190772452e+03 8.662795163740953512e+02 -4.567511668483348330e-02 4.113904790824562951e-02
8.649745686207464814e+02 1.102321763756570363e+03 -3.077262044553208398e-02 3.581961649763343303e-02
9.199939642848006542e+02 1.102593936401661267e+03 -3.929460575847087966e-02 4.562104853584969533e-02
2.455893039082306473e+02 2.878180385239280668e+02 0.000000000000000000e+00 0.000000000000000000e+00
3.743455655661693982e+02 4.569627254183751006e+02 0.000000000000000000e+00 0.000000000000000000e+00
1.161743630680022306e+03 1.390641951251163846e+02 0.000000000000000000e+00 0.000000000000000000e+00
1.008525813468132242e+03 1.976145170456715050e+02 0.000000000000000000e+00 0.000000000000000000e+00
1.118219813174146111e+03 2.254577075216498088e+02 0.000000000000000000e+00 0.000000000000000000e+00
1.030912516864367944e+03 2.421482851854840135e+02 0.000000000000000000e+00 0.000000000000000000e+00
1.058551449636164762e+03 2.391439070626993839e+02 0.000000000000000000e+00 0.000000000000000000e+00
1.050529974936385997e+03 2.456893915613824504e+02 0.000000000000000000e+00 0.000000000000000000e+00
1.163396222879815014e+03 1.523019881159580393e+02 0.000000000000000000e+00 0.000000000000000000e+00
1.188745137818743387e+03 2.030724488811248705e+02 0.000000000000000000e+00 0.000000000000000000e+00
1.144167808095385453e+03 2.764775013089660547e+02 0.000000000000000000e+00 0.000000000000000000e+00
1.821680747432639578e+02 5.730786650461345744e+02 0.000000000000000000e+00 0.000000000000000000e+00
2.092077984149368604e+02 5.961653506984995374e+02 0.000000000000000000e+00 0.000000000000000000e+00
2.766975327594087730e+02 6.392159038268582663e+02 0.000000000000000000e+00 0.000000000000000000e+00
4.419879113080318120e+02 1.019824000232286039e+03 0.000000000000000000e+00 0.000000000000000000e+00
3.341761068553582845e+02 1.093202588590763753e+03 0.000000000000000000e+00 0.000000000000000000e+00
3.500094505157464368e+02 1.099576679247168840e+03 0.000000000000000000e+00 0.000000000000000000e+00
5.402730179018963099e+02 1.099258635418941367e+03 0.000000000000000000e+00 0.000000000000000000e+00
