1.344725436664397193e+02 3.803242428703740643e+02 7.736361275127671272e-04 5.961271409171106476e-03
2.655434660946914960e+02 6.836807365571081618e+02 -1.108201902791459276e-03 6.889865714757064307e-04
2.535440412349681480e+02 4.637928365068700600e+02 -3.109293720874372409e-04 1.981372578072322990e-03
3.167107758711223369e+02 4.763633432850782015e+02 3.292769758962720440e-03 -6.589602867499103761e-03
5.665696564128564887e+02 3.850008189917637083e+02 -1.412629379237976927e-02 -2.723786260573696910e-02
5.666833922735515898e+02 3.797922553107551948e+02 1.456256825120155751e-02 -3.494776818160352794e-02
2.772961846905200787e+02 4.807610401326282386e+02 3.449192895323219439e-03 3.423970953003316331e-01
8.303024325189813908e+02 4.076524204508271509e+02 5.738006810795671410e-03 -7.825118504415355669e-03
7.112983107601958181e+02 4.168465688804764682e+02 2.400621069599234020e-02 7.507103655166022342e-03
2.343567890966548362e+02 6.977242789572594575e+02 8.443864285344725856e-04 -1.422365051014524637e-02
3.544896315386250762e+02 1.094452262529730888e+03 5.169840476413346819e-02 1.998757770359629315e-01
6.343450593598552132e+02 8.220091181856387266e+02 -2.158662499202211246e-04 -4.041792683392936639e-04
9.124117818143936347e+02 8.058839135329560577e+02 3.079256054609749390e-04 -1.372079586066194063e-03
4.599385021523831938e+02 9.415525993689985853e+02 -7.104834421760201446e-05 -5.923344499794015565e-05
9.075771924109823203e+02 9.245451696925351825e+02 3.063317904274533588e-03 1.369220928817376729e-03
9.002762240350285765e+02 9.268982025137279379e+02 3.025510798364497260e-03 -2.302491042036587578e-03
7.070013733488117396e+02 9.929457910055839420e+02 1.881667416116647711e-03 1.067789365560436066e-03
7.150822999077753366e+02 1.011474509843567148e+03 7.068831895547209336e-04 -9.902333179318045851e-05
7.049174961112773872e+02 1.023807082361292146e+03 -4.414367173273721096e-04 8.499734290272400192e-04
9.846433461750618790e+02 8.458718712344665391e+02 1.034101079444373766e-03 -1.194904584181671545e-02
4.816633056629246425e+02 1.099021184081376759e+03 -2.604556558064431530e-04 -3.014552551841988108e-04
7.044230890974259864e+02 1.036427029123384727e+03 -1.969892026512626605e-05 -2.525911840423012366e-04
7.518826319722073777e+02 1.067570071289305361e+03 -1.987663820138082149e-04 -1.597862873459595040e-04
7.457008136689838693e+02 1.071418966371950319e+03 9.713032800458911743e-04 -4.743808872217864306e-04
1.310968978203988513e+02 3.252169800389408465e+02 7.423382191297993142e-04 5.423598917077740098e-03
8.997657171909999079e+02 1.102149346274459049e+03 3.886112361570748220e-04 -2.974138021232143191e-04
1.347503887789482064e+02 4.003506848605563277e+02 1.185955354117984974e-03 2.702688559710091608e-03
3.771310270832905189e+02 1.092085222791282831e+03 4.328232785253577353e-02 2.429480010250316957e-01
5.640449623639076435e+02 4.584639141561373208e+02 4.788767721513319774e-03 -1.051269939980534456e-03
2.619627642015631750e+02 7.405866482884607649e+02 -5.983693303419116219e-03 -1.580854364510516849e-02
2.747005041957568210e+02 6.206970985550198066e+02 1.573257399741686364e-03 3.817363644830578957e-03
4.087617020071069760e+02 1.061280558445735323e+03 -1.051479908494344466e-02 -4.800559278192390381e-03
1.009081362351834514e+03 8.160696627346724199e+02 8.413195228478465362e-03 -6.155420989983051254e-03
4.864264262735009083e+02 4.509841099223545484e+02 3.699868020395016225e-03 4.290762978882304256e-03
2.232781127341521312e+02 7.542439932423017126e+02 8.313852545826972210e-03 -1.919103597606633795e-03
3.228583783914471041e+02 1.068802239643927805e+03 -1.094548281060434142e-01 1.760669397578977224e-01
5.983773663575185537e+02 4.351431970153072371e+02 -1.181810797521902143e-02 -7.159209928439543708e-03
8.309042105679119459e+02 3.276322576088843448e+02 2.558212195559251417e-02 7.869522541485289568e-02
4.655520708077467589e+02 4.558189038930815400e+02 2.338725098015834430e-03 2.689003965577055517e-03
2.490041296575700471e+02 7.182234836577027863e+02 4.252382155625740456e-03 1.338232353263341980e-02
4.923775277904902623e+02 4.297369235209937415e+02 -9.039082024850188246e-03 -3.430201164733396972e-03
2.300593332929262260e+02 7.007152865444282952e+02 3.251754495914050205e-03 1.674439834009672744e-03
2.358484098912540219e+02 3.483835445253164949e+02 -6.599262866243373049e-02 -1.783363666813018722e-01
9.701456207001864414e+02 8.448363864305306379e+02 -4.954071146524409788e-04 3.700054487040634532e-04
1.020227855640695452e+03 8.152855682556217971e+02 -2.326694221515386574e-03 1.205160421573234913e-03
2.009714981139063354e+02 5.083862315559507579e+02 -5.100033945109203916e-03 -4.189996969674297106e-03
9.568983935632315934e+02 8.499805255434978335e+02 -1.120053473114960164e-03 -1.965046631535232661e-04
8.293724643753683949e+02 3.445428804171708634e+02 1.306145079958678443e-02 1.904111625893250637e-03
5.056637612203499543e+02 4.421017419503045858e+02 -3.969768759829868198e-05 4.446694861699840989e-03
1.004820436064944829e+03 8.318444886770028006e+02 7.518799819756690969e-03 4.122847768490999799e-03
4.939522442656710837e+02 4.385413644315153192e+02 -1.878078518344164158e-02 -1.039581656009330377e-02
2.557738119765291458e+02 7.436397134007579552e+02 3.788340282634036684e-03 1.932822219102247469e-03
1.914027983779817248e+02 5.808027796694703966e+02 -1.684366324743767976e-03 4.707034038752267151e-04
9.885834910109136899e+02 8.225365122872296979e+02 1.378307348485384096e-02 -1.195403115962063133e-03
1.016849254262413638e+03 8.100946062693772092e+02 -3.534517056009192984e-03 -5.036882293559233684e-03
9.844426770183015378e+02 8.170997225418640255e+02 9.258674669562387896e-03 2.644147180189569766e-03
5.815427784132962188e+02 4.460645528907314770e+02 9.598180451423941190e-03 -1.541672048829533957e-03
1.244042457211210149e+03 3.965783604906833375e+02 -4.339539834525044451e-03 5.046905991992047067e-04
1.185859674703459632e+03 2.502997993233374814e+02 1.397132730198566083e-02 1.023357895435412016e-02
2.705135916170285668e+02 4.834405514484846549e+02 4.266995328061786580e-02 -2.855833902472006414e-01
2.367695558206477529e+02 3.630979409814145242e+02 -4.579704970794408470e-02 -2.162108186439142821e-01
2.618976636319234785e+02 6.144520429827821317e+02 1.207730092048081225e-02 7.298692631587811418e-03
7.262163094790979585e+02 9.774310104323034238e+02 1.292103398987472923e-02 9.250514660261660929e-03
9.483602253693626380e+02 8.368886295166246327e+02 1.749654871142267056e-03 5.255980784203538418e-03
8.080616249349471900e+02 8.810604625294159860e+02 7.236894648823442248e-04 -1.721351495250316159e-04
9.280582037319502433e+02 8.291886688052393310e+02 3.062122937295061811e-02 1.980555885974228172e-02
5.803795837728787319e+02 4.401115728359022796e+02 1.938314069934339232e-02 -2.973673422077117642e-02
9.224401428096479094e+02 8.569291228405168113e+02 -2.495689612774838403e-02 1.055846394439129837e-02
2.638484233523965372e+02 5.253513709168331616e+02 -1.381804927334069621e-01 3.285757594779897262e-01
7.980473590359320042e+02 3.657878292853999369e+02 4.215770144246517269e-03 -2.116462411788576272e-03
9.488443685126270566e+02 8.455888144756789870e+02 -5.229275088124880899e-04 -1.393551220686087711e-03
5.342727971793968891e+02 4.840880784952055933e+02 2.980896826837502872e-02 2.301559893158632367e-02
1.033371978790030425e+03 8.317242924287170354e+02 1.620251823742769812e-02 1.121417290523642782e-04
9.153610752269307795e+02 8.311576237586266416e+02 2.282184419602169279e-02 -2.466084798298328381e-03
9.828661339748844057e+02 8.687687790907407361e+02 2.339854046665707909e-03 -4.203961981637227216e-03
2.912984494813778156e+02 4.135117012037032964e+02 -9.097408961484589615e-04 -2.966307781396536510e-03
9.792169392470693765e+02 8.665952159982786043e+02 -5.073260050460586239e-04 8.065704101267833163e-07
9.039266690840537422e+02 8.538022604513915894e+02 1.802947655147872294e-02 4.839892109827706977e-03
3.279777564223982154e+02 5.651698318209889749e+02 -3.938361939221392098e-03 -3.829290519786242211e-03
2.267546395844868812e+02 3.278037487338052642e+02 -3.215258809655125588e-02 -1.859172151750227986e-01
9.897589736623810950e+02 8.513122368301991401e+02 -5.390224572220356919e-03 1.309084602866332232e-03
9.668839661714997646e+02 8.739490004092052686e+02 -2.089286062430189151e-03 1.701792319585194307e-02
9.572549181388213810e+02 8.618041690821253269e+02 1.350662784821087328e-03 -1.856089180006561526e-03
1.974891782152776329e+02 5.707325910930187547e+02 5.152213057752728920e-03 -3.926389649300650320e-03
2.812453843893027852e+02 4.352456007920363277e+02 6.332418359169263156e-02 2.919974798573221064e-01
1.967018500080124284e+02 5.120220521058149643e+02 -2.994019765360530268e-03 4.366418384238228423e-03
5.110617135161281226e+02 4.189387840340461935e+02 8.974816226268018254e-03 2.870618403147379540e-04
8.026260609963045454e+02 3.557485306266117959e+02 -2.004216871637704545e-06 -6.051892131652737011e-03
8.018479212059685324e+02 3.466117782448794173e+02 -8.649949783350868856e-04 -1.036156925446412528e-03
5.414845339277663925e+02 4.648778520293399765e+02 -9.870882364156846264e-03 4.233624954091701545e-03
9.419979348128623542e+02 8.728117848533762526e+02 -2.799324286492814451e-03 -7.324702681742538066e-03
1.145270904266843900e+03 2.282448350033469353e+02 6.928210492808172492e-03 -7.125323608258805549e-03
1.174711543970206321e+03 2.119054282172862429e+02 5.635043162508754887e-03 -7.609215786603422925e-03
2.891790716658574070e+02 4.896224565322421540e+02 2.677570500415217547e-02 2.874805264466965826e-01
5.661253920509128648e+02 4.651623425471414066e+02 -1.399537732306208255e-03 4.431359046021038708e-03
1.027122193374112157e+03 8.251328536011614005e+02 1.763442212525588582e-02 -1.609342938984197405e-02
5.143677522719231092e+02 5.062081643667534081e+02 -5.338378652072156214e-03 -1.999388832964124965e-02
7.381684012795788021e+02 9.654697199670717964e+02 1.039884497711655344e-02 -1.313542232165079053e-03
9.953010026224321791e+02 8.774526862860212759e+02 -2.392791176249590892e-03 -2.796756573377591568e-03
2.114646624984066818e+02 7.017895172172092089e+02 1.811370677606446294e-02 -6.048989273733582951e-03
4.711394514945409924e+02 4.358722148303788231e+02 5.084729149133397977e-03 5.236623092818406752e-03
7.869673381391399971e+02 3.389628566904715399e+02 -1.985745310435049760e-03 -1.133891499305849423e-03
9.691820271038068313e+02 8.932093957265966537e+02 -2.668763220726804927e-02 6.660997523428281719e-03
5.710414520144166772e+02 4.308026130690300306e+02 1.889199947703952467e-03 -4.627410724898852953e-03
2.173449882986882358e+02 7.002227451251112598e+02 2.053010548569554768e-04 6.590295462433009774e-03
9.280184778547088627e+02 8.407591936921730849e+02 -3.030856827905662951e-02 1.679271988333685614e-02
9.705238612945678369e+02 8.239989974656646154e+02 -2.921222253221593228e-03 -9.659931111508569162e-04
1.979618903143806961e+02 7.049067935016589672e+02 1.058482232216639493e-02 1.255894268246544789e-03
1.007777162570803398e+03 8.716420123280079224e+02 5.253070615120996115e-03 -6.694849106802304092e-03
2.337422877989459096e+02 3.242586691975956796e+02 -4.596772212198405039e-02 -1.619463329431067300e-01
5.084563869123029463e+02 4.874506229911996229e+02 -8.941001214641166456e-03 3.728446082257816287e-03
4.751947700910745311e+02 4.484190930519648646e+02 3.192024967545151540e-03 1.600946549979536315e-03
2.947636631332888442e+02 6.597118856803382414e+02 -1.230892091424358632e-02 -8.843328573314213070e-03
9.015827616557653528e+02 8.595726678271961418e+02 1.465131773120267183e-03 -1.492743034498627251e-04
2.106177715529020702e+02 7.384825116272197647e+02 4.922490163301288142e-04 8.125027588363028163e-05
7.923152558060191950e+02 3.684987718182963476e+02 -1.504032359192852527e-03 8.971614927963517810e-03
3.034367131210393040e+02 6.403470519448915184e+02 -4.205200872144188549e-03 -3.652582119807358182e-03
1.265013836490851872e+03 2.902699507866367981e+02 -4.000124045811246157e-03 -2.197375179441048067e-03
1.271550349686499658e+03 2.950762839543062910e+02 7.523922429572399082e-03 -3.069933326635732301e-03
1.256376149302791191e+03 3.068728584236782808e+02 1.219122723546881872e-02 -9.667086295220912034e-03
1.032105096885234389e+03 8.712130910715222853e+02 2.042575101345076895e-03 -4.485349809447098345e-03
1.001291785045948131e+03 8.166517388057845892e+02 -5.351133980735936144e-03 -2.400276699587932522e-03
1.159883689077608778e+03 1.393283008642038396e+02 3.671862593348060311e-02 -1.811826691821768684e-02
6.176653864399424947e+02 3.862044606729292582e+02 -1.110367802641126257e-02 7.296911713635971519e-02
3.922207772643415069e+02 1.070856042268499777e+03 -1.737238533367795740e-02 -4.503229777954780542e-03
9.495720533424046153e+02 8.237852560312242076e+02 7.790548569378999248e-03 -1.811317447979405096e-02
2.447719863268960694e+02 4.965969127778513439e+02 7.626957577789234607e-04 1.334731934239491566e-03
7.172338945149590472e+02 9.555372954273572077e+02 7.314488159229966084e-03 4.597093977159908557e-03
5.991319623459625063e+02 4.916149491658594002e+02 5.440290599620059009e-01 -1.381573287812510042e-01
1.032720646279536595e+03 2.798944093816677992e+02 -3.021881874834020376e-02 2.674268451167083772e-03
4.890948073644216834e+02 4.590695717648216032e+02 -2.640491432121863050e-03 4.041657125143691132e-03
2.462738016232542009e+02 4.908431700895778818e+02 2.659777891283970127e-03 3.662542532005304795e-03
4.246817604001617497e+02 1.073861443342546409e+03 6.168698231037821056e-04 2.236263129719704215e-03
2.315800438010076618e+02 3.347717825004261840e+02 -5.398034762690752386e-02 -1.611043257519038929e-01
4.932639363654049589e+02 4.730249460778788375e+02 -1.126114988645915416e-02 9.159463304166649833e-03
2.370291559862660904e+02 7.159842863013733449e+02 1.378619563892320189e-03 3.535198730667229224e-03
8.246866742675566684e+02 1.102269469364359111e+03 -5.609195937668658627e-04 3.412559878602178872e-04
2.156796826270172289e+02 5.837685429701747353e+02 -2.483661356968347098e-03 1.240478636526688066e-03
3.202668029868260646e+02 6.070680499388682847e+02 -2.817459193860855343e-03 -1.055229263313479503e-03
3.347925343661095212e+02 5.624712921751774957e+02 1.575673615854222484e-02 3.264212446879693336e-02
7.622687561789664414e+02 3.855216894336164728e+02 -2.657542420862038946e-03 -5.026478458216730207e-03
2.175525001725883953e+02 7.350063551886918276e+02 1.159680932325622867e-02 1.302533626260085793e-02
7.205745158933254970e+02 9.117952450733390606e+02 3.457345302006903549e-03 -7.333073759190762405e-04
2.507894896411316665e+02 6.592932167297417436e+02 -2.236437681901715189e-03 -4.594727947300955399e-03
2.682488699731235897e+02 3.005151935656157320e+02 1.104927761777599023e-03 1.368336108542523492e-04
1.162537016969247588e+03 2.140292289283765683e+02 -3.709109702953409821e-03 -1.256753599538388416e-02
2.654842558473548593e+02 6.304292358035609141e+02 -6.628598013201166157e-04 5.268748777127419021e-03
8.507485875550207766e+02 9.314423347613794704e+02 1.913320859319013554e-04 -1.001873637366347547e-03
3.182357674926064419e+02 5.398675266181249981e+02 -6.471604905997164169e-03 -4.595399448735091631e-03
2.107761326869239440e+02 5.830054904161436298e+02 4.328936899891330965e-03 -1.982040830207192073e-03
2.480146481577970121e+02 3.868583185231717039e+02 -7.567176593793834005e-02 -1.881222585226480781e-01
5.769060123892064667e+02 4.891806197067884341e+02 8.136921479215760908e-03 7.625786399422273751e-03
2.507257899690771978e+02 7.275114506063614499e+02 -2.863365538326316777e-03 4.017065988897805875e-03
4.484931849455019801e+02 1.093241773087470165e+03 -3.060109351149729179e-03 1.835959304997069772e-03
2.066899945850465770e+02 6.823174052813720891e+02 -3.103507756531378049e-03 4.194841325286661690e-03
2.396201190585557868e+02 6.714499327768984358e+02 7.927921555003840728e-03 7.311886703089137554e-04
2.390147668771253393e+02 3.464627655241496313e+02 -7.800163677727325884e-02 -1.662696679926624621e-01
7.718799760501373157e+02 4.936336892165967924e+02 7.495914210977335651e-03 -3.622237590697000714e-02
2.801581180435840110e+02 5.314909396222229816e+02 2.201564041231427165e-03 -4.410586746180432741e-03
2.904554265933857096e+02 6.292887361677271656e+02 -1.180570839343689313e-03 -1.471565983457583278e-02
1.260395441961784400e+03 1.956608628413697772e+02 1.453855682119874464e-03 -1.567886382955543684e-03
4.506132659105986136e+02 1.096493117171655058e+03 -5.537316475925259515e-04 -5.561045698510893795e-03
2.406095220535408714e+02 5.027397095981457369e+02 -1.556179671316055939e-02 5.147352518094683478e-03
2.508742060284524769e+02 7.095887118836984655e+02 -6.078346518674239939e-03 2.144741121682192022e-03
1.245097580121675264e+03 3.786630592865553808e+02 2.782758590526307474e-02 -2.810145391044549176e-02
7.194690431407484539e+02 9.606253377066644816e+02 4.552494110693358804e-03 -8.360392398004694650e-03
2.996643563190098121e+02 6.470453395102947525e+02 5.929318549858793308e-03 4.868740231289182124e-03
4.252411308344890699e+02 1.080619825053184513e+03 -1.393974102444923979e-02 -1.638692976903617865e-03
2.279882626720311407e+02 7.101772031307051520e+02 2.199067607724690745e-03 -1.149936089607556241e-03
1.036142188350192328e+03 2.408118207693667898e+02 -5.691312505352993240e-02 -1.356509125510958202e-01
2.468466577597691014e+02 3.925202739019915157e+02 -2.290118331973415092e-02 -1.622739199646217045e-01
2.189835416298035113e+02 6.472378722859690470e+02 -1.511327562436724390e-03 7.302221997227405052e-03
2.570062267862860494e+02 7.176494245470876194e+02 -1.348318515741732783e-03 -9.493487337009031248e-04
2.524455661204627859e+02 7.249661727915680558e+02 -1.979738159176231554e-02 2.741944159695344427e-02
2.424181740341084321e+02 3.802088421594404508e+02 -6.235656757428218594e-02 -1.956103170590287044e-01
2.972598374606915286e+02 6.545074816596011260e+02 1.427998639857972580e-03 9.644854336917014267e-04
2.351369903037793279e+02 7.104623640530392095e+02 2.034395399245775369e-03 2.812988930031679047e-03
6.117704397433562917e+02 3.870740013010905614e+02 3.418997938474986620e-02 8.306870284777889690e-02
1.196320808157961665e+03 1.871686262791843944e+02 -6.323566534869278291e-03 -7.223129518472500455e-05
2.537393377021456899e+02 7.364632873221351019e+02 -2.555487866182134214e-03 2.111738597190565819e-03
1.113220262865457471e+03 2.145421038554276265e+02 -1.083424427746005753e-01 2.359336890649355381e-02
2.549394027129014546e+02 4.879628559243491281e+02 -1.697437905739821676e-03 -2.008723094700324424e-03
2.655475119248180249e+02 4.046154836906501373e+02 5.274587099868448259e-02 2.009572016749952283e-01
2.186924855501658556e+02 6.618371915472790761e+02 -6.184680290882095879e-03 -1.453365630889398748e-02
2.175543842728433788e+02 6.515418363298421127e+02 -4.153978943524763538e-03 1.318653280110434990e-03
1.200107643733010718e+03 3.201767016399649606e+02 2.008929199078551484e-02 -3.473628773677562426e-03
2.962970703227477429e+02 6.372730298313502999e+02 -5.678076817708521337e-03 -3.124945776424526561e-02
1.001093982557841514e+03 8.560114873361120544e+02 -6.833057804437930784e-04 -1.942174056232556009e-03
8.644891688634403693e+01 3.134354082438554769e+02 4.772462423542861800e-04 -2.033158409976704682e-03
1.224440590350973707e+03 3.969538870540221751e+02 3.317252793315017111e-03 -1.725045642470237521e-03
7.531554752503639065e+02 8.451709938523796382e+02 -6.959268974451513195e-04 3.790460440696544631e-04
2.073555768907073968e+02 7.245853755897639985e+02 -2.213764661305368982e-03 1.062938846925617041e-02
1.174121206624496381e+03 1.919243606747477884e+02 -7.528049981616133368e-02 8.794479145967643019e-02
1.210880686976757943e+03 2.219097067816752826e+02 -1.374619849311424329e-02 1.395950116295751470e-02
2.317702055639286982e+02 6.625305097315041394e+02 -3.163255840756182789e-03 6.479492867708700789e-03
4.130502369520833668e+02 1.068139504756493579e+03 2.218356892285780826e-02 2.273476702366859087e-03
5.473665622928451739e+02 5.164878724459214254e+02 -1.001114336840020283e-02 -3.156699993418991823e-03
1.138500506522453179e+03 1.877619849297755650e+02 -5.323721120854172165e-03 -7.226452218160679154e-03
8.233551360878882406e+02 3.402662345860825326e+02 4.867314691256690966e-03 -4.006959782243642298e-03
1.204360799208570597e+03 2.568259192359504368e+02 -3.231748020796135906e-02 5.380306701465627228e-02
2.468607395894361218e+02 7.353085665595617684e+02 -5.121267001518480314e-03 -2.888226528848170452e-02
2.217436060546632746e+02 3.081715226323510706e+02 -4.870561366462423936e-02 -2.026898857285335809e-01
1.146228638260627122e+03 1.761823094787932007e+02 7.714592495334061245e-03 -2.963184816586376751e-04
2.766002671972739222e+02 7.007919761654910644e+02 3.387076733040228060e-03 3.736759698811754210e-03
2.609330026829462668e+02 6.849637052902145342e+02 2.273550687567030271e-03 1.065401175187369320e-02
2.293836054524771839e+02 7.456613276102519876e+02 7.022606016917198359e-03 5.037210474263180242e-04
2.093611829327944349e+02 6.372656612148949762e+02 -1.643768051389581097e-01 1.812822057431393297e-01
1.055270326680484231e+03 8.386020566271838561e+02 -1.289210213018474006e-03 -2.751298783788241453e-03
2.132427241995941074e+02 7.120537875428268535e+02 2.943347145609964428e-03 3.335275600255108164e-03
2.953924186776724810e+02 5.123649355119807751e+02 -3.915406710180462796e-03 -8.205081937794962699e-03
1.221557011837704522e+03 2.472592745970707142e+02 4.230376206346636060e-03 -4.824265924102886550e-03
3.054533896920940492e+02 5.459404902676683378e+02 4.441093395894200359e-03 -1.253584050368547129e-02
3.052304660174787045e+02 6.220761407315513907e+02 9.842662478150139560e-03 -3.368767809396928242e-02
1.201053672452031378e+03 2.294587927979088704e+02 1.593309346464305380e-03 2.095752231179849340e-03
1.266000733624933218e+03 2.036537808345163683e+02 -3.887035915237119113e-04 7.264537494129759626e-04
2.504170375731621050e+02 4.779430874698848015e+02 -5.308044922518286631e-04 2.115822315017952104e-03
4.362652314253910504e+02 1.091261671359637830e+03 8.345888739545398536e-04 -4.962756145300097933e-04
2.517881301988560665e+02 4.135978572407171896e+02 -3.122978086385935770e-02 -2.367616718660674191e-01
3.080655426859563022e+02 5.560582290551163851e+02 5.687273952814578606e-03 4.061379373549450431e-03
1.124784573820405058e+03 1.518308711008119474e+02 -2.222637446422532359e-01 -5.780411036283682191e-02
2.671441279700263749e+02 7.205722261675149412e+02 6.227941177040646759e-03 1.053612301897337900e-05
2.803004365709638819e+02 6.211101626059411274e+02 4.847495627840057888e-04 6.279730438235322728e-05
2.719316513625184371e+02 6.714796525839092283e+02 5.090634215945903217e-04 -2.464252907774346253e-03
2.988324376625163268e+02 5.099618541372912546e+02 3.770746946791873368e-03 1.610042162152501176e-03
3.168478115408602207e+02 1.077956933084790990e+03 -2.314306100822806356e-01 2.164294909795813349e-01
2.695450099120896539e+02 6.962235248798623388e+02 -3.131183173129084042e-03 -2.485926329420703237e-03
9.182132485380269600e+02 1.102658783561769269e+03 -1.079999327984215469e-04 9.180709316256476090e-04
2.610505413788035867e+02 6.601086361193270022e+02 -6.478754341984957477e-03 3.716894698667115582e-03
8.215161948435979866e+02 3.834043318159100409e+02 -1.790676487460830107e-03 -1.849028102050045974e-02
5.059724543385133302e+02 4.504351364635696200e+02 -2.091147420392279813e-03 5.505750269117916547e-03
2.664606966876787055e+02 6.619532373941731294e+02 1.800848838377303420e-03 -3.440767451285982065e-03
2.724248040038280578e+02 6.606251257502755152e+02 -6.520632315926485224e-04 -4.524106822385523356e-03
1.240099301671794137e+03 2.892134095735017922e+02 -4.800430290814991507e-03 -8.013551777414232649e-03
6.785752314670306760e+02 4.120037104108814674e+02 -1.325590803312659827e-01 -1.262471427825142048e-04
2.821313934368248511e+02 6.867258327364130537e+02 1.344129150619088539e-02 1.601843556152807158e-02
1.664454697442822635e+02 4.980634953908759144e+02 -2.953680056510302188e-01 -3.707803448377589017e-01
2.766772957367663253e+02 5.284080275472044832e+02 7.718399019839210923e-03 1.062698565944385914e-03
2.367034594451555165e+02 3.310868033516238711e+02 -6.068143760353422039e-02 -1.877260428592484875e-01
2.396192931859603164e+02 7.374640518104827152e+02 1.197161641306281228e-02 -1.820334311562396817e-03
2.248104929797698333e+02 3.028999020606811996e+02 -8.344981542106633121e-02 -2.027869151383684121e-01
2.444539897059564737e+02 6.352281575375986904e+02 3.309092939927907664e-03 7.174435852730897019e-03
2.651463999232331048e+02 7.301112024597226764e+02 1.639920254451501108e-03 8.599350585697748293e-04
2.689445108115437506e+02 3.794394631014610013e+02 5.506889777873795466e-02 2.122038421400967156e-01
2.621998764335952501e+02 7.082903093889324282e+02 -5.353184472730643023e-04 -3.939512718889631357e-04
8.577265611609909683e+02 1.101659554314220031e+03 -1.713687951303537660e-03 -8.138564247870493486e-04
2.306561251035419673e+02 7.399642148505286059e+02 -5.370323972778742738e-03 1.160343934924018723e-03
2.490229143362910236e+02 6.294568303232091466e+02 4.548980203100844860e-02 2.911637627922271723e-02
2.129009790619634543e+02 6.665035875796694427e+02 -1.488232513334239275e-02 -3.368716236736017666e-02
7.158478596691564917e+02 8.763052280076037732e+02 1.755463641261890669e-03 -6.105299059603710651e-03
2.502069386566526532e+02 6.155677597274159325e+02 -3.976094985036394578e-04 -1.661766011828279613e-02
2.362817202335954505e+02 6.269877120807344681e+02 8.409341183449490706e-03 -5.020747981748712591e-03
3.839666634068964299e+02 1.094882601228533531e+03 2.301752677579024242e-01 3.359085322551486064e-01
2.579519092493583230e+02 6.376892657235121078e+02 -8.861529596529608629e-03 -4.158388402092581294e-03
2.637826142495817976e+02 4.201367446347346686e+02 -6.122636303209471470e-02 -4.428657443266247884e-01
1.181810339705943306e+03 2.255755727958998875e+02 -1.310344612036012935e-02 -4.518527336067405809e-02
9.950725871726546075e+02 2.302470265947501673e+02 1.158652260941006769e-02 -3.080983527594597163e-02
1.144756890490664546e+03 1.893596126737033103e+02 7.353520848205829900e-03 -1.523346212506160834e-02
1.124428433381408013e+03 2.098332267119606058e+02 -8.039270101968699900e-02 2.677335177295063762e-01
1.088341343509952594e+03 2.091855705040701139e+02 2.701895046717290357e-03 -1.003099538060818301e-02
1.163875680936054550e+03 3.643059478503669766e+02 -5.969104055702925682e-02 -4.500134846553955487e-02
1.163379187106135305e+03 3.554492586849275426e+02 -1.222932597417913658e-01 -2.231475940311611339e-02
2.827800873490947993e+02 6.778227119787093216e+02 -2.013143561488941503e-03 7.767759837998700762e-04
9.191950005948059470e+02 8.437676167449075137e+02 4.544537746977483222e-02 3.055334989918120827e-03
1.235342527161260477e+03 2.784740360796677123e+02 2.664784873167542947e-03 -3.288416037011896429e-04
1.189637128002482996e+03 2.267549814089815072e+02 3.207315783329519818e-03 -1.280841878902024347e-02
1.174008391326421133e+03 3.194113038203269639e+02 1.540073006642682374e-01 1.189413985052176354e-01
2.617710484982922026e+02 6.966716888849608722e+02 -1.148981726907779720e-03 -2.655189613936065254e-03
4.056471012430938003e+02 1.078600439137235071e+03 3.215922706848831168e-03 1.483791223933558952e-02
1.120337505137387552e+03 2.900224320156465865e+02 -1.187887885936975557e-01 1.335600358575403934e-01
1.882838470695302249e+02 5.764917389756260491e+02 1.669640898315812028e-02 3.133801466216288439e-02
1.194130108368234914e+03 2.257027675961955708e+02 1.503555016874952820e-02 -3.197098108993563087e-02
1.210266720761964962e+03 3.128401878212471274e+02 1.481748787754630023e-02 1.743227445118038579e-02
2.316087754742623588e+02 6.263107822890821126e+02 1.357018512749248555e-02 -3.739901035462728143e-03
1.220640215794354617e+03 2.380861061822794227e+02 -1.422973081565996264e-02 1.937032131886125969e-02
2.461633671576856557e+02 6.932892569017790265e+02 -3.014423831187136062e-03 5.965135924171672231e-03
2.909736752582536496e+02 6.482726706911057590e+02 -6.916690220967972730e-03 -2.302384874507095846e-03
5.273569267535186782e+02 4.746220647231607472e+02 2.447508215416944848e-03 -3.839561428408261312e-02
4.379365224094266864e+02 1.086020219797141181e+03 4.406285387482070971e-03 2.186598300390374134e-03
1.156178727409966996e+03 3.678372035170788195e+02 -1.858891917287686449e-03 -1.308913508232042652e-02
2.697553202414263751e+02 6.363616702709779247e+02 -1.303210290972860999e-03 5.788410083968895982e-03
1.184692387025000926e+03 3.332122134077629312e+02 2.664555928294820575e-01 1.354897869765867291e-01
8.233516682406186646e+02 3.780537588473015944e+02 -1.456067119539682748e-03 -3.898949544974368662e-03
1.280780983255658384e+03 3.709957502407984293e+02 7.213274254723674866e-03 -1.652513555824282332e-02
1.001544001715430909e+03 8.653897341559196548e+02 -2.768606776647508411e-04 -8.240245932830646269e-03
2.281203155482783416e+02 6.885283122956323041e+02 -2.151347276980410030e-03 2.585858093417606890e-03
9.237204534151522921e+02 8.644135287991023233e+02 -5.874297628826869594e-03 -2.537004778585892628e-03
1.247147623164362585e+03 3.086937654904327815e+02 3.004712312671436319e-02 -5.626846077407748198e-03
1.107521474554284168e+03 1.759131637864822437e+02 3.320774996911207699e-02 -1.452188466271477942e-02
3.034632755862394902e+02 5.343587371823972489e+02 9.789785262645218922e-02 -4.998155010263088949e-02
1.160151866103782368e+03 2.103006085717332496e+02 1.935194734431494590e-02 -3.312380557172680141e-03
2.777272110503720342e+02 6.581707250114448016e+02 -2.819439166611380047e-03 -1.192000897587451244e-02
1.965174236100174312e+02 6.565000273803233313e+02 -1.806722168881214619e-01 2.585908911123095399e-01
3.064195822038330448e+02 6.294512998809940427e+02 5.323490467433337862e-03 -1.209389302411663890e-02
1.051418248411943296e+03 1.857533539224480421e+02 5.262666167984189104e-03 -1.300223867602847208e-02
2.481290479431265510e+02 6.823220138727923541e+02 -1.709935386699978216e-02 7.316967180689980081e-03
2.543982243559862866e+02 4.347333997384400845e+02 -3.476717752822915813e-02 -1.348510912738864198e-01
2.725608860605022983e+02 7.169533647259654572e+02 1.748329843782794575e-03 -1.607853424956158387e-03
2.458406855105825173e+02 6.147490082038380024e+02 1.733453039504568704e-03 -2.969391134886359071e-02
6.723909689634861024e+02 4.467594485437170988e+02 4.585407384288249788e-01 -2.207546282969869433e-01
2.840941823976400542e+02 6.706371525783474681e+02 -2.678706487109471998e-03 -7.169658685730646505e-03
2.519283960172754462e+02 6.389749353503093516e+02 5.505224953354696804e-03 -1.527693131855033769e-02
1.109328449472429611e+03 2.288268090332481108e+02 -3.650837891878647851e-02 1.494130391864250673e-01
2.892022280034839810e+02 6.133193041350709791e+02 4.026823529782762486e-03 8.229401607538853330e-03
1.727033863107133129e+02 5.732484362842485552e+02 -3.114304773931330164e-02 1.602673211453694083e-02
2.828392644771935238e+02 6.511598881286654432e+02 9.750891573265328682e-03 -1.083144719068694119e-02
2.822178986765513855e+02 5.511385642228129882e+02 1.009404723636968260e-01 -2.511403678408716811e-01
4.073754185422051250e+02 1.086864927015520834e+03 1.651199738251865612e-02 -4.943630277916826778e-03
5.682196061965219087e+02 4.257996483381142525e+02 -1.164122472725538692e-03 -4.843840440658746770e-03
3.135224918880875862e+02 5.040514715162707944e+02 -3.516564882569681635e-03 -8.322492032398754163e-04
6.025342144859008613e+02 4.409022213606479568e+02 1.229680182420749435e-03 1.470312852896511584e-02
4.624337047060218993e+02 4.522795245374100546e+02 -5.796700829988042820e-03 2.984367052489899502e-03
1.160374973890739966e+03 1.883002312984727951e+02 1.945123940985431926e-02 -1.056056454450977032e-02
2.954025336310065200e+02 6.040596610311455379e+02 5.798959117461017707e-03 -1.415545953137768839e-03
1.190773051886700841e+03 3.418014957630651907e+02 1.875661073342625718e-01 1.505453426012398066e-01
3.131666028230878283e+02 4.973784594048810845e+02 -8.125413611459957053e-03 1.020998584920895444e-02
2.355823102747728512e+02 7.756204780256077811e+02 1.623821071914498607e-02 3.135711535680281437e-02
1.514516167986067217e+02 4.549905425535637278e+02 -1.780363858914158685e-04 6.509630361149605637e-03
8.178622711621661665e+02 3.356599483743854080e+02 -5.519071848717016331e-03 -1.100709651356652011e-02
2.287358518164837449e+02 6.379148490235596682e+02 -1.719731959881717464e-03 -3.500395697105571947e-03
2.796146240143065711e+02 4.684798986031659638e+02 3.502064594894733346e-02 3.234764089884209493e-01
1.267419224453250308e+03 2.585417666068383369e+02 -3.931482590688925756e-03 -1.266117128451615644e-03
1.047628172186253323e+03 2.202856918788436076e+02 6.692714421916153011e-02 -1.660698901033249020e-01
9.419423031668284239e+02 8.507128407835438111e+02 6.091335309828635643e-03 -7.647455007793606957e-03
2.314668114577198992e+02 7.143574939637852594e+02 -5.573557542518729410e-03 -7.114967878345679862e-03
2.918688360114455804e+02 6.619264167406690831e+02 -1.895356395195476338e-03 -6.855336189247363508e-03
2.368527991271295434e+02 6.470885172309957625e+02 -5.318360532520849740e-03 4.512717210610110372e-03
2.497709983704998535e+02 5.935914088591766813e+02 -6.295705643217917868e-02 1.962540637008408639e-01
1.138641111757565568e+03 2.455793531627153925e+02 -4.797381645196107346e-03 -2.435773235513262122e-03
1.164655222974554363e+03 3.317366644898265235e+02 1.538018764970477403e-01 -7.432664435985109194e-04
1.042467731323149565e+03 2.004649674226923537e+02 -3.158452819584296467e-01 -2.557444164408944065e-01
1.107368223652658571e+03 2.498701036175218633e+02 -4.138114055443354311e-01 -2.047307932120867868e-01
1.202909328082579350e+03 2.016294930668227039e+02 -8.240538732178098041e-03 8.105770473295002138e-03
2.356889713675589917e+02 6.153605497980679502e+02 -1.434196781513512875e-01 1.792666614025545946e-01
1.213202889395509601e+03 2.788122641798057089e+02 1.194175132818960268e-02 5.982568232859153574e-03
2.507194732331429066e+02 6.514681763807054722e+02 8.355154715679805999e-05 2.003391158795427961e-03
1.032790621966430308e+03 2.522581813386783267e+02 2.545713104374800959e-02 -2.562732069744562413e-02
1.009559824259143397e+03 8.368788811270618453e+02 -4.978950219149755850e-03 -1.185110586372574481e-03
3.243445814902260622e+02 4.801343668702051559e+02 -6.906219868635233954e-04 -4.964463726456878716e-03
1.074606949143363636e+03 1.938197000765210873e+02 -1.255112243765018655e-02 1.890268927079145553e-02
1.223323147232622887e+03 2.699294581061032545e+02 2.079296109552232312e-03 -3.579137789224300092e-03
2.975396986212098227e+02 5.740974411340980623e+02 -8.836882852496711141e-03 1.544956515684625387e-01
9.987726811450573905e+02 2.430007772023813857e+02 -9.780116872245415809e-04 3.385378298129679882e-03
2.567799792068781812e+02 6.039943051291249958e+02 5.545960984739727647e-04 1.608469751617310883e-03
2.615766562744089470e+02 4.536110173117907607e+02 -9.075175076726272466e-03 -3.190411031899215155e-01
1.090363247766622635e+03 1.918902367787330263e+02 2.756201674911059121e-02 3.143413779744944070e-02
9.878478832152318319e+02 8.749676767938369721e+02 9.397436153663101671e-03 -1.300221719660916465e-02
2.438116542416593120e+02 3.585085931147733618e+02 -6.409303070062331853e-02 -1.904347640262780417e-01
1.111416909781545883e+03 2.065220254404526088e+02 4.166513718973424360e-03 -2.130834178463301878e-04
1.597476326232552708e+02 5.122519819258968710e+02 -2.391823671765287151e-01 -2.701346057573942860e-01
2.873517915829112326e+02 6.640118131521753639e+02 -3.341767480084836513e-04 3.925640231367615376e-03
1.173503085198960207e+03 2.337019635980645944e+02 -3.041920437449379712e-03 2.063196295766390326e-03
7.616191100086589358e+02 3.934846202762568623e+02 -8.258588700535859223e-03 -1.268288986885649818e-03
1.149062004759845195e+03 3.508541264742694352e+02 1.213495768732146020e-02 -2.839670025745383297e-02
3.108732984283091128e+02 4.869195025112964572e+02 3.929449162441896529e-03 -2.708564862282041019e-03
3.161474227909663455e+02 5.164808218628426175e+02 1.624081314943033594e-02 -2.387639660891618595e-02
2.460777021428400815e+02 6.661434989080066771e+02 3.118532458344562205e-03 -2.245533509037636339e-03
5.060862580074470998e+02 4.777670854006749437e+02 3.693079426811171195e-03 7.792794826551889889e-03
4.217041054748735291e+02 1.096216974339228727e+03 -3.607675528251723146e-04 1.101575446763589702e-03
1.658318650814207160e+02 5.063630816227326932e+02 -2.219158563261833528e-01 -2.717294643739320836e-01
2.476128529995462486e+02 5.700471884324932716e+02 1.339525996254018192e-01 -1.833328674833842598e-01
1.160340460946422581e+03 3.331166023478899660e+02 3.285645749221910005e-03 1.412214742206760812e-02
2.695871076413736773e+02 6.560061823884456089e+02 1.057512999978479180e-03 3.620702325909603940e-03
2.216523604330810713e+02 7.155249717612547329e+02 1.481474543887973489e-03 1.993201929241589059e-03
1.024828090545742953e+03 8.659158776541738689e+02 6.700789203514072312e-03 -7.440291792080967574e-03
2.895925133356190599e+02 6.383556993929150849e+02 4.317831593036231680e-02 5.970197626806616163e-03
1.150734094975412063e+03 2.126570388342596232e+02 -3.592420383657185263e-03 -3.162675115415575309e-03
2.885242741887809643e+02 5.984352275160869112e+02 -5.004957281815870969e-03 4.161511849394745628e-04
1.314615084258280604e+03 3.343824662433048047e+02 1.665000718329802121e-01 -1.427883354643172675e-01
1.030667562438460891e+03 1.607690222173577581e+02 -4.561363538873548025e-04 -2.696602557949295039e-03
1.244789727458003199e+03 2.736055388031863913e+02 4.508419118042858963e-03 -9.369664350661778898e-03
1.936655056105184372e+02 6.912093377400930194e+02 1.158439954190046027e-03 -5.052875076569194636e-03
1.122966369000245550e+03 3.173942542135158646e+02 3.414724012153702581e-02 -4.164061524951848808e-02
1.737096065073513103e+02 4.994404009635103421e+02 -3.271887896458069434e-01 -3.638519276376355749e-01
4.769483146617944271e+02 4.858585471225576384e+02 -4.951832000515558928e-04 6.781437652376093653e-04
2.910254513273360999e+02 5.780926610291699035e+02 -1.532174699670378788e-03 1.076815416172090256e-01
1.247995839994124481e+03 3.549528053403097942e+02 -1.579546656741157573e-01 9.247637264637334487e-02
2.773550179736396899e+02 6.743508969798978114e+02 3.559865312941873968e-03 -1.987870496866953052e-03
2.611811527943549436e+02 5.227027954335118238e+02 2.589662099906159809e-01 -2.760782217379327830e-01
1.127817687463117409e+03 1.854262097212919116e+02 2.677983024731213704e-02 2.104166704559544757e-02
1.171915162080430946e+03 2.519050716542362807e+02 1.314524268873175882e-02 1.388106924024311989e-02
1.112395492559915738e+03 2.454581288800511913e+02 -4.966453248357515782e-01 -3.436454738138934317e-01
2.229226322319932478e+02 6.800625855064429288e+02 9.130294693917594996e-04 1.034758630219873195e-02
2.815733882330997062e+02 6.006222543827617528e+02 9.724226568879553584e-03 -2.800939546382706646e-02
2.966569217731278627e+02 5.867821955746453568e+02 -1.842278243369640384e-02 1.035251854048078457e-01
2.658630029131628021e+02 3.868817068507433987e+02 7.231163426447866083e-02 2.040531610175982113e-01
2.330814128266940202e+02 7.238299114977697855e+02 -5.155942890565533808e-03 3.424653742578050858e-02
1.235619413008764013e+03 1.330145766916912180e+02 -2.849403816199891446e-03 6.603555059340655321e-04
2.355196911537102267e+02 5.622703975757441412e+02 1.017107465187274962e-01 1.000530440727122189e-01
2.728380090234898034e+02 5.152124307101814793e+02 -1.139190010187373647e-01 3.295911763531559902e-01
2.128521681145533933e+02 6.776169024756978843e+02 1.190461464836087974e-02 1.309431829902155901e-03
1.227105617100821519e+03 1.492284516339138634e+02 -1.489049086184521861e-03 -1.474426818108699744e-03
4.170625296630836374e+02 1.094897825764008758e+03 1.036765014230420917e-03 1.143449692994190532e-02
1.020353101590812003e+03 1.791693633236506571e+02 -1.699287383010229802e-01 -3.086976832624294120e-01
2.664485855931519609e+02 4.677553252941702908e+02 9.047890802437315305e-02 -2.858991282609548157e-01
7.222105137604341962e+02 9.179447805204298447e+02 -9.423222869964765352e-03 -8.179635645075391745e-03
2.535110803594889148e+02 3.883456623015939613e+02 -1.407307699284810198e-01 -4.936079688673151722e-01
2.634972782844570816e+02 6.070953006504408904e+02 -2.579549734467955196e-03 2.127878952978339618e-03
1.731245393815904947e+02 5.220968796787459496e+02 -2.596680326396338945e-01 -3.035526101851196978e-01
2.544395556377102139e+02 4.219678935454791713e+02 -6.008859796004783344e-02 -1.885018331142620518e-01
2.207286505291523895e+02 7.084145696711666460e+02 -1.047904732651753828e-03 -2.011824861583725969e-03
1.178430163190941357e+03 1.873655927620953037e+02 1.942695382051917372e-02 -1.187418928140202001e-02
2.288848222323768482e+02 3.454838032315157079e+02 -6.949327700442356481e-02 -1.941659465439830312e-01
3.060914432658335613e+02 4.913882931470427593e+02 -2.628071165673591652e-03 -1.092530342528487755e-03
1.027635849022899720e+03 2.970808375863643391e+02 2.435696541500748536e-03 9.204185122545669936e-03
2.068202553208489860e+02 7.188016059943497567e+02 -9.478247176990308451e-04 -3.667098892415962454e-03
1.206785934625664140e+03 3.689431524958882846e+02 -3.059849676982017916e-02 3.131732720177947404e-02
2.438775479848073928e+02 5.671157469520330778e+02 1.497177382651581068e-01 -1.448885458083220279e-01
1.128063620225099385e+03 3.380996939800992322e+02 -3.154580490116465352e-02 7.408093976068688691e-02
1.211559645590779155e+03 2.348952742062751042e+02 -4.236767163000435855e-03 -2.377509354616983567e-02
2.944530180104064812e+02 5.521501711586028023e+02 5.857044608301868044e-02 2.687448661027828090e-01
1.053805258696114379e+03 3.196541654509592263e+02 -2.372016801746438044e-02 -2.392722445169526840e-02
2.018493600255442573e+02 5.320069133795383323e+02 -3.788127691973456890e-01 -8.742073607457331863e-02
1.159014651963095275e+03 3.105207926245737440e+02 1.273630815369528047e-01 1.133596536546704475e-01
1.205679155203505843e+03 3.871028849773412617e+02 1.016319122547006126e-02 -7.801087273278854359e-03
1.142892852859726190e+03 1.780425519117901842e+02 1.730570931867267057e-02 -1.420802244464233234e-02
1.042480275584782021e+03 2.497422249012478233e+02 -1.121576523169389300e-01 -1.756559631923787501e-01
1.009648515948413433e+03 2.066758207101200071e+02 -2.369833834393533234e-01 -2.384817691301965026e-01
1.138978326265289070e+03 2.830562406968110167e+02 -1.993386314732646658e-01 -1.225521192234963336e-01
2.848048414686758747e+02 6.276788034580612248e+02 -1.699284532650277525e-03 1.325784108293065694e-03
2.225843945517542011e+02 5.812040836507776476e+02 1.003016982653857914e-01 9.591902912657110369e-02
2.476496179479430282e+02 3.495802114076303155e+02 3.559507939509148206e-02 1.906058287501583293e-01
2.663811674146768951e+02 3.537198491112408760e+02 4.922669036925819003e-02 2.013731580557181489e-01
1.012676817839711362e+03 2.537438674488591914e+02 -2.452380749484813632e-02 -1.070849516423861940e-02
2.044799379245361592e+02 6.396753671514977668e+02 -1.792969612014568004e-01 2.083227722468208309e-01
2.503047307307855647e+02 5.418804344233100210e+02 2.449143299175553790e-01 -3.680819942265682876e-01
1.190720185315365825e+03 2.073408487817769128e+02 -2.445158578276989021e-03 -2.457693642640149459e-02
2.706940631183164783e+02 4.603211844116300426e+02 6.239606998052928122e-02 -3.680544879789443558e-01
2.198765333823725143e+02 2.972845652984439653e+02 -7.507418762386075528e-02 -2.373855979263671534e-01
2.877068824993840508e+02 6.503667567423827904e+02 2.335749387572544182e-03 2.496573524482381765e-03
2.613096626280516261e+02 7.051323342453962368e+02 -3.412414623544982040e-03 -1.540758715764646266e-03
1.058493115013223814e+03 1.764815912079504869e+02 1.211601274387320848e-02 -7.964470950022561890e-03
1.154403651649961830e+03 2.223629453471256454e+02 -2.483618722797446138e-02 3.287260285814810196e-02
1.053107883707252540e+03 1.992807263712925305e+02 6.968483067435450595e-02 1.659247214061565501e-02
3.221287384846696114e+02 5.501195781474517617e+02 -3.223118412352456077e-03 3.461970362653767237e-03
2.204706056367198528e+02 6.944193538528580802e+02 -9.249026695211494745e-04 5.618338256064618792e-03
1.529148553595978512e+02 5.077350716268578026e+02 -1.093310930732128428e-01 1.001477095325229438e-01
1.048667141152579006e+03 2.393408361266039321e+02 -5.350908565558279428e-02 -1.544866806107481061e-01
2.444051230480344259e+02 5.496412109626800202e+02 2.076960572742438116e-01 -3.442348412602415086e-01
2.229610904203437656e+02 5.756584657270979051e+02 1.865062987473145306e-01 6.680954148184764518e-02
1.236236918016476238e+03 3.988095043422167123e+02 2.089585726167516016e-03 -1.039873031758550403e-03
2.530401073423861362e+02 3.422455346081386551e+02 5.827484903426604496e-02 1.788950840702003553e-01
1.124606481764726368e+03 2.369881321728995545e+02 1.075770467142851163e-02 -3.075582734085500342e-02
5.167989166296061967e+02 4.818907664592912852e+02 -2.774714430697173087e-04 -1.807914488075753300e-03
1.143964109817366534e+03 2.165731637389752677e+02 5.740556917979543206e-02 7.245762588899853918e-02
2.302256130555404070e+02 5.837574951470820679e+02 2.344281181424816562e-01 -1.230475021492969112e-01
1.104111903975587893e+03 2.026311504830132151e+02 2.913112300533125809e-02 -1.735790310304159006e-02
2.819708267708283529e+02 4.564614931530449553e+02 8.745047225112172196e-02 3.123430732367948326e-01
2.246026971578158395e+02 5.537731897654942941e+02 2.987798078837298511e-03 -4.099608673266017522e-01
2.448529720903994757e+02 3.711243386962364639e+02 -7.547088499039530940e-02 -2.029750179507767982e-01
2.682536873130398476e+02 3.935926474137818332e+02 7.774304459166563042e-02 2.144637992784218516e-01
2.045921304315121461e+02 6.910496879875322520e+02 1.647609243922216159e-03 2.197421633484124715e-03
2.456588419408692801e+02 7.008688969416484724e+02 -4.836671196545807259e-03 2.415796021526796407e-03
1.133524210952662088e+03 2.238609668393136189e+02 9.331332413687573255e-03 -1.588125351408151836e-02
1.152797724425336810e+03 3.160701718267620208e+02 1.211696366736233210e-01 1.400978521242879360e-01
1.036699694019306889e+03 2.859271116619329405e+02 -1.910726672614902408e-02 -2.230390363424118120e-03
3.855702819777625336e+02 1.085598762249920810e+03 1.086872449948304564e-01 2.851461699256016002e-01
2.892902118834574594e+02 5.416885636305246408e+02 4.523112262035675069e-02 2.471388488086829760e-01
1.314265591619692941e+03 3.282896821807718766e+02 2.895134736122420005e-01 5.186408200698861687e-02
1.067173068397851011e+03 1.890761212790958439e+02 3.235149333659812637e-02 -4.265839354151622353e-02
2.011390478914129289e+02 7.258259971313802907e+02 1.270036413740734810e-02 4.713759325380187382e-02
2.405255574638012206e+02 5.807019884558555987e+02 2.206498246188648149e-01 -2.566399807201254490e-01
1.102529728210739222e+03 1.921137209995541184e+02 8.475018654075489044e-02 -1.259726669525854624e-02
3.181717916879186419e+02 5.342450770527235591e+02 1.238182452108546432e-02 -1.364888429705811423e-02
2.223824000618582488e+02 4.967789649256959592e+02 -1.018886308842881921e-03 3.668267689108958520e-05
1.148563207549889739e+03 2.052358288568578359e+02 5.887182750801696340e-02 -1.132654131473068704e-01
1.009395491574416155e+03 1.994539268052727436e+02 -3.405409686736715624e-02 -1.260559307350161418e-01
6.600333658469545526e+02 4.963611711600999570e+02 -9.202383148786874578e-02 2.091470150708068521e-01
1.105585381560413907e+03 2.601530230806367854e+02 -8.708119330516286838e-02 -4.620096260195751675e-02
2.041709349218889429e+02 5.866270741456082760e+02 1.426470228558814335e-01 -2.435297775555767819e-01
1.244768189797589912e+03 2.949196088160686600e+02 -2.739245746005562407e-02 2.097553701038113935e-02
1.164410946151344660e+03 2.473899934385929384e+02 -3.106867715823367210e-02 -3.416073975492761160e-03
9.741350359867039970e+02 8.556056081164119860e+02 -3.853874697684020120e-03 1.089579248156775926e-02
2.654826223666251508e+02 6.543302683373055970e+02 1.495529591767702331e-03 5.420760769384692403e-03
2.730205078445445110e+02 3.787787443424211347e+02 6.691924247799124759e-02 2.075631587283455204e-01
7.064115304246780624e+02 5.827907705759402006e+02 -3.497741135329351307e-04 6.930024633535626481e-05
2.654721824282196394e+02 4.386921251295052571e+02 3.300448799143621166e-03 -3.057644047962060352e-01
1.232027544187125159e+03 3.545730531763475710e+02 -4.214496230981852609e-02 1.075587447346403915e-02
2.114356637890032289e+02 6.243360454638823285e+02 -2.787680437732983352e-01 3.724735069337359872e-01
1.098403815239196774e+03 2.206422102375269105e+02 4.579766714440405145e-02 -2.916862457989833832e-02
2.398782972589960139e+02 6.334819186928273211e+02 4.557399887566549075e-03 -1.067413870393605496e-02
2.711321755789300028e+02 5.254218745044918251e+02 -1.941634840754177527e-01 3.028850716356056294e-01
8.270223324778380629e+02 3.909583795911910897e+02 -1.149921210241592511e-03 -5.841781112303354000e-03
1.114676056331888731e+03 2.357871361277687470e+02 -4.847669946099300228e-03 4.767465957360004017e-03
1.313710523350924177e+03 3.510155464045300846e+02 3.363728888197450861e-01 -9.152162621569628898e-02
2.384948068993882941e+02 3.212436252633636400e+02 5.312460358360784896e-02 1.866371887857560530e-01
1.190068127957803426e+03 1.839723782230907716e+02 4.902575531769069045e-02 -3.461056517615992978e-02
2.457849225941254758e+02 6.836328888173702580e+02 -6.881291371935884318e-03 2.501556698359426109e-02
1.127345699626308487e+03 2.206171356652943700e+02 -1.304985031556768309e-02 -2.262811963035769869e-02
1.200079418312093367e+03 3.752830027107814317e+02 -4.912015833206799824e-04 -9.107144647513526481e-03
8.817037500564632637e+02 1.100453841008706831e+03 3.587904007908586162e-04 -7.466719967684940992e-04
2.605133033505637741e+02 3.542352797288643842e+02 4.262174339683075935e-02 2.070061538051475303e-01
2.482525188711236126e+02 3.290894630392910472e+02 4.685490788866369244e-02 1.656411313821049835e-01
1.149938573153057405e+03 2.449181967686628809e+02 9.438443765358248486e-03 -4.725966696171461688e-04
2.549344030910405650e+02 3.275056550968766373e+02 6.001450027468118592e-02 2.053266028489370010e-01
2.187274141797082621e+02 5.871379450503458202e+02 2.060743848849820592e-01 -1.180674120036469127e-01
1.115764065510096771e+03 1.902633630454127740e+02 3.364646473435884549e-02 4.896497706452904858e-02
2.800547174179886269e+02 4.119530431441792189e+02 7.802812736552668105e-02 2.510391003381547415e-01
5.513994666728677885e+02 5.225837892769882274e+02 -8.303748517072122651e-03 -6.186129493803581639e-03
1.429119911636901179e+02 3.914936027100322349e+02 -1.594618276716447619e-03 -4.332570707759097529e-04
1.066522868416719348e+03 2.519813323369602074e+02 7.956073347153199554e-03 -1.676151088080570783e-01
2.258979102859141221e+02 5.938195266946268021e+02 2.153171288282141327e-01 -2.718010030891777618e-01
2.403460513931534877e+02 6.804877319437142660e+02 3.174876721281031516e-04 2.232425259597284328e-03
2.228249922620311168e+02 6.082330987981349608e+02 2.123184160341658189e-01 -2.737538657180831336e-01
1.093552731670401727e+03 1.853834930422090963e+02 1.027629772065125416e-02 6.752816585804008627e-03
5.106716851537109392e+02 4.563602254356060826e+02 -7.834625458428945421e-03 -2.897894874116268074e-02
1.032894908003960154e+03 1.985433687948496697e+02 -2.893135791971890303e-01 -3.305980181195967704e-01
2.802931934890024763e+02 4.961204850024494704e+02 -9.810518090630196333e-04 3.113443015945252523e-01
1.192590455552025560e+03 1.845517016648833817e+02 -2.422565908834104983e-04 -9.727878495929268704e-03
1.153983097034007187e+03 3.001232001201706225e+02 1.488911918265447276e-01 1.172706301642155169e-01
2.194456224879917556e+02 6.018960108533145785e+02 2.179039050510354070e-01 -2.020392749211218364e-01
2.816221323206358420e+02 5.415774631775482248e+02 7.360795335375826254e-02 -2.275428776584267065e-01
1.070197274332511597e+03 2.516981579239608209e+02 -2.409825510825486516e-01 -4.064617306412648956e-01
1.261429159712792170e+03 2.005404414940249183e+02 5.616020631949518969e-04 -1.101442408706433717e-03
1.135202779130157978e+03 2.165991699953695786e+02 -2.426931710598444029e-03 4.661197659046793437e-03
2.002779916121021984e+02 5.947651107046406196e+02 1.434385012425699046e-01 -1.645269562387693951e-01
1.957772168270589646e+02 5.986366927270760243e+02 1.100403381297901939e-01 -1.965188784917591969e-01
1.077933314237380500e+03 1.623312067871244722e+02 5.989500511335259930e-02 3.343890634783355797e-02
1.119416244349333283e+03 2.076701938918229757e+02 -1.305072145842672490e-02 1.039236025139311376e-01
1.061199589902995285e+03 2.985814000126284213e+02 9.317478885071131750e-04 -1.225803993435417918e-02
1.351401425081542811e+03 2.609178986347770888e+02 8.916823944448401583e-04 -9.790613885134952839e-04
2.440922456731962882e+02 5.937814667693197634e+02 3.016683807852086341e-01 -1.984028635707052735e-01
1.017489795828115689e+03 8.609751819661671561e+02 -1.126286844526876510e-02 -3.621832454689635772e-02
1.078452449955869952e+03 1.675916647437832125e+02 1.771555998504283913e-01 1.051287680138444838e-04
1.048711925861694226e+03 1.723494395693117553e+02 3.745061330329629845e-02 -9.278384974974407395e-02
2.158550267111546077e+02 6.844182095196326827e+02 1.596252474517529177e-02 -2.173272191368983558e-02
1.253661327092010197e+03 3.030941405888189593e+02 7.371933246740989404e-03 1.769907646585597598e-03
2.452630016897470000e+02 3.189718561019066669e+02 5.518378561907810037e-02 1.816469597323402407e-01
1.134710358788072881e+03 3.705295795064614026e+02 -1.786083218918506701e-02 -2.607102221357180533e-02
1.034644541589223763e+03 2.306844952130125534e+02 -1.397262325175922804e-01 -1.717932964229301473e-01
1.140378865902037205e+03 2.405370467152004039e+02 3.538787738807063540e-03 1.104464490342673246e-03
2.114760884061960553e+02 6.017989696541654894e+02 2.049475802097598109e-01 -2.720556478637787823e-01
1.138699065628196649e+03 2.216140798217554391e+02 -4.666929037543608196e-03 -8.497125531588684000e-03
1.174942928667468777e+03 2.226381623488925072e+02 -1.142810719887048763e-02 1.060586971924758377e-02
1.157064324376251989e+03 3.272485929461545879e+02 1.348298263523436680e-01 3.230651391583541643e-02
2.340234481434082738e+02 5.673658363472932251e+02 8.475169805430088354e-02 7.925216634126033832e-02
1.105618490038061509e+03 2.910416428661683881e+02 9.285794010849379720e-02 2.286921108648670431e-01
1.796447979936159243e+02 5.676751224187348726e+02 8.372867746558794802e-03 -7.703214706329036821e-03
2.810747347988721572e+02 4.075190095654533593e+02 7.059240032331690062e-02 2.646125392365177298e-01
1.103173328784435398e+03 2.313093156888001545e+02 2.491780051747521929e-02 -2.670844101317831898e-02
1.085496319232941687e+03 1.991470217843233002e+02 -2.620918131814244448e-02 -5.927762212768059036e-02
1.897676700663773488e+02 5.953687709285834444e+02 1.257257902536514649e-01 -2.042299725449117642e-01
9.696297985501599896e+02 8.844026579098820093e+02 -2.037198247973206686e-03 1.306371198167410180e-02
2.724836267998193762e+02 6.538039625753054906e+02 1.098808439053806929e-02 9.816091605627418754e-03
8.268422014193400855e+02 3.334921853496622361e+02 -6.950102317056583781e-03 -1.972176878603540406e-02
3.210875354222463329e+02 1.054081620965024513e+03 6.175653774731879736e-02 -1.525441842772718992e-01
2.428691768966488667e+02 7.221377613232875774e+02 -8.108497135988880847e-04 1.615995560473043038e-03
5.727807433205525740e+02 4.770453987688980533e+02 -5.237656425349834820e-04 5.670487746472460330e-03
1.169215951421301952e+03 1.958225071245333595e+02 4.079880959161168164e-03 2.460791794822714956e-02
2.826844444981013567e+02 4.829172231254248118e+02 -2.241567554373283949e-02 3.557585576650846848e-01
4.913384721489386493e+02 4.625571586470280181e+02 -1.104244004135814406e-03 -5.984241258767661114e-04
8.058688306597206292e+02 8.763960568377791560e+02 2.638216521733180615e-03 6.255938693471978793e-04
9.453133800213568065e+02 8.530263701368726288e+02 -1.757536230331992275e-03 -9.510850553635806688e-05
1.204497764318469308e+03 3.200834969119662787e+02 2.955027409382970580e-02 1.742834057824781124e-02
2.411920773951160868e+02 6.078570017338528260e+02 -1.422315918586002925e-01 2.064304135713322108e-01
2.249616421846388050e+02 3.196702691653734405e+02 -4.469756819835710854e-02 -1.874057173466583959e-01
8.311025649387304384e+02 3.181441230375272653e+02 -4.996153674887234344e-03 2.153064782750996331e-02
2.574792849595547182e+02 5.800333716460952473e+02 -6.995635387834406565e-04 3.335488895004053433e-01
1.178311315467445866e+03 3.823014981690764102e+02 5.256457245134850409e-02 -8.836617251889979097e-02
1.112393922630922361e+03 1.802586519760829447e+02 -2.480557798082264759e-02 5.461044401100972195e-02
2.929605472081249786e+02 6.243779805278275035e+02 2.562457876819627077e-03 2.708391356912954583e-03
1.001041358362817050e+03 1.918202683664625567e+02 1.178990169161113627e-01 2.271204891259576975e-01
9.969543425283130773e+02 2.157477853008745399e+02 2.702440100184539534e-02 2.333206031491915078e-01
1.130903642754191878e+03 2.393138204323105072e+02 2.433365535112123716e-03 1.218633637025625348e-02
1.141346823466762316e+03 3.185343025722509083e+02 1.363583538394088912e-01 8.868658882833038715e-02
2.411503195422435226e+02 3.275522596662910360e+02 4.849816101741965396e-02 1.791686162611305366e-01
1.126406766128144909e+03 2.144040832520796869e+02 -5.840801819035147495e-03 -5.218330233662250330e-03
1.000980052931125897e+03 2.232539137844644870e+02 1.740884816811869018e-02 1.649620947878292498e-01
9.961389776430803522e+02 2.268529964817211919e+02 3.417669609998123803e-02 1.364566712853082509e-01
3.166379375200106665e+02 1.065858736336860147e+03 -1.032054220795341516e-02 -1.674699842026707297e-01
1.023911741907606711e+03 1.661053938587513983e+02 1.631006549273772074e-02 -2.872894228267111952e-02
1.039248705925874219e+03 1.706856994836144850e+02 -5.913410479976873371e-03 3.240119986743917550e-03
2.025011941829916680e+02 6.095901212642509108e+02 1.838391684460801423e-01 -4.329278539646273516e-01
2.562309312392880543e+02 3.138870134404305077e+02 5.496633006123571863e-02 1.735634109902373934e-01
9.955364197465487450e+02 1.928343675067184506e+02 1.299941339259082229e-01 2.133929884483114214e-01
1.013817036524175705e+03 1.860422073856015288e+02 1.964371587830510482e-02 1.840218612773656393e-01
1.050491105548047017e+03 2.652800576886285171e+02 -1.518524487400086664e-01 -2.033058258249980099e-01
1.063945771108460121e+03 2.086671899757178039e+02 -1.733433530496651109e-01 -6.561523607514981038e-02
2.530092703879283818e+02 5.780900594373143804e+02 -2.721270766819419706e-02 3.919550707450789040e-01
1.139120056553837912e+03 2.951855349124110717e+02 1.156623321396254289e-01 6.837976071680842982e-02
1.112619778635418697e+03 1.725042387340248524e+02 2.284560194944599068e-02 1.073699254931058215e-02
1.096024317232185012e+03 2.019211082827414714e+02 -1.077986496050534031e-02 2.276251397669419585e-02
1.020804001047128736e+03 2.319537727031016345e+02 -1.515269894053454247e-01 -1.628377743800147326e-01
1.178621186528509725e+03 2.460611417041446032e+02 -1.094450290710627383e-02 1.969402792446312694e-02
1.901755277797751944e+02 6.095736858372805500e+02 1.390054060581493722e-01 -2.419758827117826361e-01
5.168317252287777137e+02 4.722139787361418257e+02 -5.187420076272066666e-03 -1.806024161564070279e-02
1.123388757674437784e+03 3.260269233876949215e+02 2.803080727373148152e-03 1.068256472292083634e-02
1.204880306000987730e+03 2.774218471829094028e+02 2.556309188280871027e-03 -7.183613664301109064e-03
2.504442978339437786e+02 5.276201841857832733e+02 6.465640780168886714e-02 -3.169351454918418326e-02
1.141195606314431870e+03 1.986362915071742634e+02 2.671903019610440654e-03 -1.429994420238381130e-02
3.619862147571415107e+02 1.098039242044033017e+03 6.061474580597986384e-02 2.158070602696566809e-01
2.812132312506810763e+02 5.202827275921300725e+02 -1.075086802792581259e-01 3.264274390530598202e-01
1.170179582284670232e+03 2.261609637573137945e+02 1.379807238012884614e-03 1.667029491285786785e-03
1.169272428530818388e+03 3.231301197745203808e+02 1.612928242531964373e-01 1.248023941128368758e-01
1.030164019368396339e+03 2.760428802241069093e+02 8.009782200741317028e-04 9.785952329453081674e-03
1.058448210123054423e+03 2.916875650829509823e+02 -8.366521670792947257e-03 9.733066966614703497e-03
2.333235324844040974e+02 6.888155930406103380e+02 -1.884943642856529112e-03 7.768033414251503468e-03
2.484659944215957523e+02 3.111189914298512349e+02 4.747584493575986164e-02 2.116149301258192783e-01
1.108180595729977540e+03 2.344398317632467865e+02 3.507638580141238097e-04 1.206936663368590561e-02
1.224724093439210947e+03 3.202298866401526993e+02 1.080959488909135008e-03 1.252807132442873006e-01
1.176222321898518885e+03 3.474947879001843489e+02 3.160990228580111416e-02 -9.311519158804328067e-02
2.276868474799406101e+02 7.372743685912606679e+02 -3.819268742753821611e-02 1.542151517801560422e-02
2.443315008268238557e+02 3.100874201749764438e+02 3.635343854432111083e-02 1.882376416834161126e-01
7.674197976930484799e+01 3.173228114930898869e+02 -2.044551319454667587e-02 -1.536600867610775530e-02
1.022774957358860206e+03 1.901382040290967836e+02 -1.806802564414731471e-01 -2.806454332401892016e-01
1.299485350999826096e+03 3.209494431389675242e+02 3.346784777318360105e-01 7.178762743057186084e-03
2.660524818701495633e+02 6.727519124347302295e+02 -5.407083561161327503e-03 -1.281671609710388453e-02
1.024721860107440989e+03 2.486794710683673202e+02 -9.659079332762006420e-03 2.577997079218014020e-02
1.068479407889089288e+02 4.299582292064098965e+02 -1.484206095249404334e-01 -2.725757846468485068e-01
1.154923419573060755e+03 2.337044992179231429e+02 -1.277020455201168317e-02 1.886511706553951548e-02
2.412856805070296957e+02 7.028721960311809198e+02 -2.523416828267110393e-03 9.032304050297980955e-04
3.890596392200363880e+02 1.087355187583365478e+03 7.726921101863858110e-02 1.803681587196181990e-01
9.621067456559762832e+02 8.690074853940524235e+02 -8.293373620704593127e-04 -2.510722532902757032e-03
9.860794675001737914e+02 1.996292005870062098e+02 9.567177663361689857e-03 -2.277913264871784735e-02
4.934876093803890740e+02 4.300381211794843921e+02 -3.136856357579717505e-03 -7.994592017584263924e-03
9.900035870645256182e+02 1.867269849905065371e+02 1.097049949526804485e-01 1.904805209374721975e-01
1.107790107796146458e+03 1.707916501901761990e+02 1.639204488168560792e-02 3.733696569901270162e-02
1.162672104848797744e+03 1.718748298779047161e+02 1.816758373968585831e-03 1.962314745143984088e-02
1.066813388586148676e+03 1.608456902203032541e+02 1.377614525210437701e-01 8.348409164856971168e-03
2.363791688650946980e+02 3.037875884527981043e+02 2.889046798875909150e-02 1.512998301922182098e-01
7.860844233519793534e+02 4.140365039889194918e+02 -5.907817580129124529e-03 5.710189041592129110e-03
9.892876135839339895e+02 2.360350803736546368e+02 -4.980133440766359477e-03 1.499216760931061654e-01
2.610040016699920216e+02 3.621369743925309308e+02 6.832672743109362290e-02 1.736733171836259970e-01
1.074474135536645008e+03 2.436502829530644476e+02 -1.500500708201760458e-01 1.024385231271326829e-01
2.547229174402588399e+02 7.015928275345903558e+02 1.296037430808786618e-02 -3.082730859623220802e-03
2.747178716440013204e+02 3.865139210118267670e+02 6.170427637419283878e-02 2.349180222252674477e-01
9.699098774497128943e+02 8.306991493716348032e+02 -1.526448290190417396e-03 1.510917095719210672e-02
1.073187865223703284e+03 2.233870165522686762e+02 -3.793506140049606769e-03 -9.349145940937540755e-02
1.831615065165764236e+02 6.303952605533934275e+02 5.519235652880118831e-02 -2.349971193008763559e-01
1.025657859402066151e+03 2.430982532930877369e+02 -5.774348859672299994e-02 1.043920997366729053e-02
1.188832652442375320e+03 2.040416013478575792e+02 9.616991607904660068e-04 1.065002710695284356e-02
2.773834550344315062e+02 6.385345206411983554e+02 7.537607417832232343e-03 -7.487727314944075604e-03
9.800055575583700147e+02 1.869149030041037634e+02 1.028937626541543693e-01 2.029085661846124766e-01
1.119341698633694705e+03 2.301767298411872105e+02 -6.765339656252915279e-02 8.777021279603584858e-02
1.159279845625026610e+03 2.512258354836452838e+02 1.096472635972531827e-02 -1.420580309007160869e-01
3.139481359161887326e+02 4.719549782807284259e+02 -2.045948950424598956e-03 1.256893293692157645e-02
1.061665046454898402e+03 2.795777496144771135e+02 -2.320099330616593181e-01 -2.899634115485581476e-01
1.085763616552532540e+03 2.992304813249628523e+02 -2.363165127093561080e-01 1.200787673445647269e-01
1.191267817709409201e+03 3.565648706319044550e+02 -7.026471519483576227e-03 3.939436106174360255e-03
1.083835964385899615e+03 1.724593487786907247e+02 1.939575235325169400e-01 -3.061696442553936137e-01
1.131088001521689193e+03 3.528569479940522911e+02 -4.676877431273718938e-02 -2.403929366374504047e-03
2.241885751226998025e+02 6.585750612561513435e+02 4.610146251027054040e-03 9.400904109154083416e-04
5.188321910355994078e+02 4.897600587113261668e+02 2.281149410567146624e-02 -3.049217383314211868e-03
1.143268314553849223e+03 1.427168920870298336e+02 -3.640666452040856177e-02 2.386208857852218507e-02
1.114824253434001776e+03 2.179727254498350533e+02 -3.572296118228125705e-02 1.099280559742780994e-02
1.070602043346309756e+03 3.415185636502071702e+02 -1.137400608695315896e-02 2.607007719650157943e-02
1.126953081086595148e+03 2.863704289763442148e+02 -1.736868841536046981e-01 -1.182898065906846062e-02
2.403616259942544104e+02 6.617261093714075741e+02 2.866537231540618180e-02 -5.039151415494253633e-02
1.042061254213723714e+03 1.825962147095353032e+02 5.216198507519421990e-02 -7.203311615100117804e-02
1.103096534715552025e+03 2.597069355328231381e+02 1.537857353690080635e-02 -1.492303986746537359e-01
1.041696762861809020e+03 8.466282202457792891e+02 1.602789863194772554e-02 -3.100185309304253310e-03
2.511267686770045771e+02 3.035971043188063732e+02 3.442773680545450909e-02 1.963334274153022141e-01
4.634724195443423582e+02 3.923581028438482576e+02 -3.232483913407344279e-05 3.399469998076550242e-03
1.148068904083463167e+03 1.581102535034641505e+02 -3.715161321778252118e-02 4.647283055804022484e-02
1.262673150317477393e+03 3.875438200456896993e+02 3.154771624317285594e-03 -1.041343732907970381e-02
1.828614971218371466e+02 4.885375675325009865e+02 2.453771957022345407e-01 2.828449154226361228e-01
1.104126826757737945e+03 1.952319904070731127e+02 -1.160730252160119269e-02 3.795541467278055331e-02
1.131345412047378886e+03 2.653901018461859849e+02 3.007660682273025424e-02 -2.889505305539207675e-02
2.529552873413742589e+02 6.827198256411153352e+02 3.903923275904238373e-03 1.597798322127121778e-02
1.068095582802985291e+03 2.473514646865269242e+02 -2.113137180873536809e-03 -2.536151260604952995e-01
1.182474920755498033e+03 1.822360615419483452e+02 4.239627750904446934e-02 2.528456357593995493e-02
1.137442902106111433e+03 3.235557410288780602e+02 1.333027503569610486e-02 -3.550207769255209200e-02
2.622250302729880787e+02 7.097077619002016036e+02 -1.063737164020039884e-03 1.593528240150021702e-03
3.598141408041441878e+02 1.041083157630993583e+03 4.582919975233253063e-02 1.217041049154090615e-01
2.503999242058570189e+02 6.983908202853804141e+02 6.223126553159824201e-03 6.866340545143487933e-03
1.952716823620732782e+02 6.272065831246533207e+02 1.097940941086797545e-01 -2.364638728654820388e-01
1.181929283137055791e+03 2.152574873445718140e+02 1.561527795963654590e-02 -3.890669280810305636e-02
2.659843815560652729e+02 6.795067722498018838e+02 4.389775063400549841e-03 -1.791323584063037044e-02
1.052521908121387497e+02 4.035117494748086528e+02 -2.694084908096783804e-01 -5.167735283235237453e-01
1.051910795058012127e+03 1.938803721612918878e+02 -6.558898159775146397e-02 3.977132296078354085e-02
1.136008796660332791e+03 3.048123281912476159e+02 2.728678789589241149e-01 1.376582674078315194e-01
4.955018164863203083e+02 4.813325365331263015e+02 -1.128285943967891058e-02 1.210244860523819986e-02
1.000542821643812886e+03 1.825421247543753225e+02 1.862641992182458850e-01 1.947493761626022390e-01
1.169064806900740223e+03 1.877276888663864725e+02 1.702273760072178788e-02 3.614679236397971146e-02
1.084820136085266313e+03 2.172492795077144194e+02 1.794960144577052719e-01 -1.250319843248221818e-01
1.159186502895901867e+03 2.462909494226305469e+02 -1.155854200889636519e-03 -6.915913459604280077e-03
1.160760879887760211e+03 3.441566917218936510e+02 -1.966185820259164045e-03 -1.041965107537628880e-02
2.368643943300229751e+02 7.024426544151833696e+02 3.265947268188885977e-02 1.838020113623192384e-02
1.003273675933274490e+03 1.730808722465626488e+02 4.274052900684045808e-02 1.104822900011716291e-01
1.170455263170141279e+03 1.716738884979789646e+02 -1.576928144976130286e-03 6.707151015250910732e-04
1.081559063712250236e+03 2.078279820368452420e+02 3.291663503953638076e-02 1.354556642011633255e-02
1.166697151691499130e+03 2.479290375849874408e+02 -4.260106536053045317e-03 -9.854910887976903525e-04
1.132921734482878719e+03 2.552872526579494661e+02 -3.254108443179417609e-01 -1.440066776498112044e-01
1.782359329853424867e+02 6.320635229069495153e+02 4.066540743120031220e-02 -1.723743147002968212e-01
1.131410910976852847e+03 2.048250439079844796e+02 2.002577657022606636e-02 -2.162870786205562876e-02
1.045661409110833347e+03 1.854255187922642563e+02 1.483743918398171789e-02 5.167972382449639857e-02
1.096867968074505825e+03 1.685383857169429120e+02 1.855815943796859935e-01 -1.279721952095388138e-01
2.436266218025243404e+02 5.302558903407910975e+02 4.179192899138600703e-02 -4.906882070221907713e-03
1.115807774992626491e+03 1.800774116511830982e+02 -3.153999943136829298e-01 4.569215081417777463e-02
2.606768119154536407e+02 6.188747307050587096e+02 -9.575260481483383046e-03 -4.422869485368858405e-02
1.183468456633821916e+03 3.213460581380002168e+02 -2.916045967221682442e-03 -2.552007128772589006e-02
2.436206663167405964e+02 3.005276499544420972e+02 3.180244320584833806e-02 1.875516011600580346e-01
1.024405225651988985e+03 2.990462167670688700e+02 -2.811940358543379981e-02 1.416752262909228288e-01
1.321050665103865867e+03 3.394481081804239579e+02 1.990717925386539244e-01 -1.216652084059476752e-01
3.690285474364200127e+02 5.181663627890545740e+02 1.142516609483834600e-03 -6.638977569277670909e-04
1.183046335473871977e+03 3.654485364467361137e+02 -2.893209406343544288e-02 2.195055025281646977e-01
1.223559993879831154e+03 3.492466518199952361e+02 -1.045137543750911391e-01 7.382812877365996229e-02
1.131277277019032681e+03 3.628846795236464118e+02 -1.701430682917148829e-02 2.022518092303915438e-02
1.045721294066223436e+03 2.700355818941726511e+02 -3.569894352399351489e-01 1.821940535067429201e-01
3.350827154674831263e+02 1.090925525350061207e+03 -4.834878343417801927e-03 2.541411648854403627e-01
2.906430086452970727e+02 4.523372830851444633e+02 5.911958396115602615e-02 3.012940467386127641e-01
2.966271114971889915e+02 4.952585814560350741e+02 3.298022966775841780e-02 2.428857629958249553e-01
1.025793202795494835e+03 1.682511283335720407e+02 -3.310187729135988265e-04 -7.960859013598378317e-03
2.020725346946653929e+02 6.480925488872459255e+02 -1.541007935291660025e-01 2.495323640756091921e-01
4.189951679476181425e+02 1.099679548938054040e+03 -1.893142964839229943e-04 2.755729710843884354e-04
1.171225608210492283e+03 3.765332799178937648e+02 -7.572200756750716195e-03 -6.766471733647367280e-03
1.677456844926936697e+02 5.277300520347357633e+02 -2.869216793827211176e-01 -2.437066352800949798e-01
3.108337393305440060e+02 6.014580947422148256e+02 9.170849925132529626e-03 -3.054493443119099712e-03
2.610520733094010097e+02 6.082756913211986785e+02 -1.273968581322883599e-03 -1.687555994583632771e-03
1.946829455364913599e+02 6.427627963989100408e+02 2.290998202790233140e-01 -3.546833882597750787e-01
9.747643315510107414e+02 1.807893622913063609e+02 4.548136189443876404e-02 2.159478472347052813e-01
1.051315283966427614e+03 2.513930539273360694e+02 -9.247268845297185180e-02 -1.484313223026732520e-01
1.008758496246564277e+03 1.796375632463984005e+02 1.414181350231669132e-01 -2.975327557821696653e-02
1.092528056707629503e+03 2.258225293024298992e+02 6.304222443515372643e-02 -3.082716050553214668e-02
1.250703340169300418e+03 2.518706566585634050e+02 -2.350675861106809109e-02 1.275327046206355119e-02
1.768703847675236602e+02 4.921353871614174409e+02 2.737645785041117885e-01 3.556874714583945218e-01
1.069803056379175587e+03 2.319334167256630224e+02 1.804773463697578045e-02 -4.804627260575854153e-02
9.986013405370774763e+02 2.320324015568232312e+02 -2.236500973876693818e-02 1.953469109633870493e-01
1.202518807846417985e+03 2.166789497622401939e+02 -2.273771376491243862e-02 1.506083194298190042e-01
1.216183551395128688e+03 2.987481833270385891e+02 4.019125500710123144e-02 -7.236572317511280605e-02
1.093936163068495716e+03 2.161707331914232952e+02 -1.687507553330962889e-02 -5.326514086076654777e-04
1.053469092576669254e+03 2.651286898551989566e+02 -1.870431293417132712e-01 -1.480904153683024194e-01
1.153707206143023541e+03 1.655621732777420334e+02 -5.670302007815650885e-02 -2.366290904772517384e-02
2.564672404384899096e+02 3.704516837697465803e+02 7.945465266513505875e-02 1.714367458323876325e-01
2.870510314856891796e+02 4.725006573295913768e+02 1.992546298577439756e-02 3.671205618655957736e-01
1.105689778898863779e+03 2.413971237374529437e+02 1.634683200639747841e-02 -8.269894288876882341e-03
1.096086480439990737e+03 2.955267883983675574e+02 -6.663391717006990345e-02 2.925931549323753100e-01
1.134304376303894742e+03 2.698611330853824484e+02 8.435502115011891955e-02 -3.607372260253127044e-02
1.136412749551529487e+03 3.403510898361374188e+02 -9.058305231257271148e-03 1.822871702986197592e-02
1.313391649032014357e+02 3.925537805692409847e+02 7.132264621101374463e-03 -8.206104006208034610e-03
1.136617887624036257e+03 2.290923177198880012e+02 7.140851198309795811e-03 -1.157987251367145753e-02
2.110119730183344871e+02 5.259848380091992794e+02 -5.706784349243159138e-01 -1.940125135319712979e-01
1.014882941432287112e+03 1.755101780251216894e+02 -1.153341766382732225e-01 2.086243816814237484e-01
2.197275368503314610e+02 6.206527751331959735e+02 -2.771035816591785328e-01 4.178979574382606366e-01
1.768686544207800466e+02 6.247157666394549551e+02 9.960353381860442834e-02 -1.885891567156409154e-01
2.511435306215111041e+02 6.653454470745318758e+02 -1.794552326600751258e-03 -9.119266263496683894e-04
1.193061378479789710e+03 2.445999621019175549e+02 7.595016623094941535e-03 2.279204864465457850e-02
1.111818677759884167e+03 1.495470960113544265e+02 3.925103832948195759e-02 -5.359824715578002247e-02
1.163448305638864895e+03 1.976444859651243462e+02 7.590195400195891284e-02 -1.292594937234407305e-02
1.153995304948936564e+03 2.385544611296192841e+02 2.680179882869045474e-02 -1.654252844293194469e-01
2.511979274395857260e+02 2.942635139777990503e+02 2.931507544655960820e-02 1.667146988728349100e-01
1.144473431234024019e+03 1.485365810326881046e+02 -3.696963206155178157e-03 4.736575591307923966e-02
1.102835008961319318e+03 2.427882767682928602e+02 2.696497955433071331e-02 -2.435517804668927908e-02
1.221782044855994855e+03 2.995145857227074089e+02 -4.849099052556936351e-02 6.102471492738096442e-02
1.395976049314213014e+02 3.887024633107261025e+02 -8.052231003204561588e-03 -1.019008771298192915e-02
1.076742302674014127e+03 1.949487272763306578e+02 -3.253305766268903970e-02 -1.851579786286638718e-01
1.147516434422665725e+03 2.204196141995683718e+02 -3.613699057570121578e-03 1.786657871317394800e-02
1.214046302796772579e+03 2.420685594677314612e+02 2.732181454627172212e-02 -1.642182359927902777e-02
1.123353177651584019e+03 2.660580481920978286e+02 1.041400828735870344e-02 -5.577712926666361648e-02
1.223223367817714234e+03 2.934388470952699208e+02 3.983522977492888473e-03 -1.835599828407660783e-02
1.992601826059196810e+02 6.074581777652488199e+02 7.053269326023696439e-02 -1.319251336974330002e-01
2.706373170239389765e+02 4.994789497562853740e+02 -9.083387203433075652e-02 2.761909876304609046e-01
1.028837951888473071e+03 2.372393667352845910e+02 -1.402005108871536287e-01 1.989279569849233820e-01
1.186499065764107399e+03 3.555025020193959904e+02 7.519661201199596967e-02 2.578367246806970159e-01
2.209412405215216495e+02 6.972104210127650958e+02 -3.960034776143730312e-03 5.782305077496453435e-03
2.064186833624814312e+02 7.128304385422055702e+02 -2.148647131433436674e-03 -1.958303192860613544e-03
2.416924827621221823e+02 2.971085787641723073e+02 7.090724847686789845e-02 1.779918560301196606e-01
1.100140432798367101e+03 2.290717879241146875e+02 -1.700466863383667260e-01 1.281035789655420587e-01
1.248704952731680578e+03 2.750230221956059609e+02 8.392889831872128725e-02 -1.378761622873502790e-01
1.190267602378278752e+03 3.232649732836709404e+02 -1.339217165899113209e-02 -1.385468017409023471e-02
1.170237378980211588e+03 3.533366052927595433e+02 4.276248720340059678e-02 -2.190602734919557676e-02
1.172548528177463140e+03 3.666110501565328263e+02 6.026891030223747309e-02 4.278092999298750698e-02
1.209283727655105167e+03 3.718940920167457307e+02 -5.107051278613928408e-02 7.525126456736479230e-02
1.083305103626053551e+03 1.807250578925883815e+02 -7.796887143541923748e-02 8.815312508274143755e-02
1.011531218142522448e+03 2.290969751839597564e+02 -8.188736549234254536e-02 -1.057845852165034545e-01
1.007730402022181011e+03 2.384491887011048732e+02 -9.685641752842652843e-03 -6.532734544059675894e-03
1.110008347224242243e+03 3.025071329818742925e+02 1.811798340098784155e-01 3.224769203776139403e-01
1.203197745323551771e+03 2.671984491514887736e+02 2.472336250494187350e-03 -7.177175105995491078e-03
1.220518660111135887e+03 3.646906573993496750e+02 6.263990695120334219e-03 -4.713767712076554622e-02
1.867950128363553972e+02 6.380479327558323348e+02 2.228377464382551298e-01 -3.118049691583825167e-01
5.207771841569378921e+02 5.358984722019465607e+02 1.586323258260197155e-02 5.887078321730802172e-02
2.148920363525109281e+02 7.563349345217246764e+02 2.097417447117777556e-02 -1.295742651976946463e-02
1.093597164711231244e+03 1.582818809197941903e+02 1.887927200709782526e-03 7.940520289960062428e-03
1.088349355349373582e+03 1.512154029310500505e+02 7.695426434337349075e-02 -2.263659948508343622e-01
1.154616520841555939e+03 1.533462677055399581e+02 -6.492359843553995036e-02 -8.168107886723199873e-02
1.036578899710432552e+03 2.899969821460377375e+02 -9.688031494673711441e-03 -1.129131070847185919e-01
1.133967616536887817e+03 2.589803691793732128e+02 -1.583687053268406988e-02 4.381453903345672307e-02
2.368026550604212730e+02 6.396102097064523377e+02 -1.855429338992528251e-02 -6.154883739938481896e-02
2.479149846568616340e+02 3.685650627895228695e+02 -6.553808053995169303e-02 -1.852728164293825641e-01
1.126833173504015576e+03 2.778571824925493843e+02 -2.973998926205375648e-01 4.299474820326106284e-01
2.491629693203563818e+02 6.759354940310931852e+02 2.370406610323796525e-03 7.525975823851523312e-03
5.113039750214259129e+02 4.272062385226705601e+02 2.495014698745813640e-04 -6.518278783092214951e-03
1.056617743949738724e+03 2.367035421062091132e+02 -6.902383997327080078e-02 3.374227558016716366e-01
1.193621214934789123e+03 4.018467430768459394e+02 -6.039954355154415581e-03 1.156129560717350339e-02
2.391616852193010629e+02 6.773081814869551636e+02 7.650554771813363603e-03 2.238420431340875164e-02
5.140103501678698876e+02 4.622660816545907210e+02 1.854016617354511259e-02 5.608180827242091604e-02
1.044826433819709791e+03 1.804785493759599433e+02 -6.822169937164069328e-04 -3.951467299207010904e-03
1.171716445569948519e+03 3.405543447769947534e+02 1.959728022745270137e-01 2.734349777431120954e-01
2.803155733440690369e+02 6.926959478203776825e+02 8.301346678675517940e-03 1.526743396359300092e-02
2.034212993831276037e+02 7.325583573726468103e+02 -6.903120641856927420e-02 5.336212982042938535e-02
1.099498761227487194e+03 2.063940968648697947e+02 -2.444606814561467445e-02 1.503288736071972664e-03
1.098945831157915109e+03 2.996949932355267947e+02 -4.400977744694500871e-03 1.177533231819349879e-01
1.185000222451444643e+03 3.769643697384605048e+02 4.979594382255214668e-02 1.533791598216360796e-01
1.133101334058761950e+03 1.833966312653785735e+02 2.108924563958240461e-01 -4.463594021000336087e-01
1.146248034434042665e+03 3.557795740379841050e+02 1.219153220606659233e-02 -1.148193234698627850e-02
1.223072522562521272e+03 3.668892470586440595e+02 -3.905444872771113296e-03 3.392623643781960893e-03
1.067823747057312175e+03 2.683419441825440686e+02 -4.708157832002750065e-01 3.320778910194178701e-01
1.101203088411562931e+03 2.964359203873682986e+02 -7.967368937909971582e-02 3.671139754570731384e-01
3.056502425509121394e+02 4.573711147554641343e+02 -1.666858787501723782e-02 2.826554679726235586e-02
1.118058666622012424e+03 2.778153732010476915e+02 -6.917737098714152322e-02 1.447100032383485113e-01
1.105808968038490548e+03 2.090306079694645121e+02 -6.515273601668727932e-02 1.466204187558872718e-02
1.133954231430723439e+03 2.738319303768001873e+02 1.019293599711415671e-01 -2.223369795681346128e-01
2.448128535318024319e+02 2.923365261019449690e+02 4.652947853461518457e-02 1.544995063676803115e-01
1.087802035080920405e+03 1.679090875862098926e+02 -4.849217673480173824e-02 3.268546558781845746e-02
1.031846565058760916e+03 2.424330617840735727e+02 1.317240336605428330e-01 -1.109723596597226164e-01
1.135469324815305526e+03 3.759729416982991097e+02 9.403512081883457635e-03 7.273186580202188438e-03
2.101362697038719602e+02 6.432858671149122074e+02 -2.716804736379509200e-02 -2.887458030171206544e-02
2.390468494259579302e+02 3.070381063094703222e+02 1.095307812344663845e-01 1.636947913326113058e-01
1.226993224779767161e+03 2.166085245277383251e+02 1.984362726872090227e-02 -8.743974339085652803e-02
2.712294288002954090e+02 6.780041681376012548e+02 -9.678706952861113391e-03 4.884272011536093527e-02
1.130089709858944389e+03 1.529143741291056529e+02 -1.400745440670289055e-01 -1.311173332151702176e-01
1.073339119943834476e+03 2.478143804952208598e+02 -3.312725422165658795e-01 -9.033032493701739774e-02
1.236073557479895271e+03 1.362137443187561985e+02 -1.482676084712693416e-02 1.088837560900060390e-02
1.164379871247142319e+03 3.036488726069867425e+02 5.687803955056005556e-01 5.119332639084632486e-02
1.185281425816159526e+03 3.707836099151719509e+02 3.622755703028906482e-01 -3.400917719406698070e-01
2.135191980965188634e+02 7.129813871204573843e+02 3.187526201367063636e-03 -1.647061615027723899e-02
1.067970966887449094e+03 2.849186194711729172e+02 -1.830183036204952318e-01 -1.590518691291507025e-01
1.119696443793351818e+03 3.117564370735221360e+02 3.078224086951877325e-01 1.179562592734200166e-01
1.074534292516652613e+03 2.063491090300706503e+02 -1.954459018339627444e-02 1.600363459814216002e-02
1.078660842192582550e+03 2.306651920896034653e+02 -1.016189738641554412e-03 9.399072661508349469e-03
1.126926067652725351e+03 2.395111107651253519e+02 -8.128489267649099959e-02 1.851949330090316981e-01
1.963669029676512139e+02 5.869826682192642693e+02 -1.171680541070160321e-02 3.635752844250260754e-03
2.172662012042923720e+02 7.115059468528194202e+02 -2.066113190789031426e-02 -2.519742350614251336e-03
3.113285334951736445e+02 5.226329882723455285e+02 9.239060583157962568e-04 2.987947758293268627e-02
7.906860130883503643e+02 3.984508385417817635e+02 4.820877771099028181e-02 -5.771332240105018357e-02
1.125104699984972058e+03 1.749296566761804286e+02 9.175421154023670131e-03 -3.027846970512371172e-02
1.056811329915001807e+03 1.910059806792281734e+02 -2.539600632091957300e-01 9.413790804769787968e-02
1.055338908221991232e+03 2.033017813916788441e+02 -3.029331048406385882e-02 -8.081044367628077707e-02
1.043660079825952835e+03 2.552009241952499394e+02 -1.471624544650673994e-01 -9.450959859822334608e-02
1.177792866608043823e+03 1.946137854209589193e+02 -4.056641300729262739e-02 9.464608688865377983e-02
1.180042059225321964e+03 2.090142812233116558e+02 -1.536878575569227681e-03 -2.458555538859999792e-02
1.168774270487719150e+03 2.941902520722009626e+02 6.112383093909143916e-01 -8.376034371379793841e-02
1.026559841141733614e+03 8.683466224857919542e+02 5.938724634264955053e-03 -1.215956515534861136e-02
2.328273731856748157e+02 2.937265848921240945e+02 9.160047346461078210e-02 1.840783575994302257e-01
1.076174991621918480e+03 1.794395380325057943e+02 3.298573475725182641e-02 1.113296908346445013e-01
1.064873322273801250e+03 2.482510950400127570e+02 3.321328080475420275e-01 -4.309613764145472925e-01
1.082645853003094999e+03 3.097052110061697476e+02 -3.954349151137562246e-01 4.540037521808000798e-01
1.168792799197134173e+03 2.163472929303481180e+02 5.686811782530163534e-02 -9.682353794842074590e-02
1.156855514870203933e+03 3.569703773689086006e+02 -1.953357449742833540e-01 -1.134918218599225426e-01
1.819063409329150716e+02 6.075524216076986477e+02 1.089253788958385039e-01 -9.821832521416647144e-02
2.959737489301573987e+02 6.437192151232460446e+02 -2.432619657532985105e-02 2.602990091160488004e-02
7.051114386575134176e+02 9.996221798120225230e+02 -5.486255164311971792e-03 -2.534322205202074740e-02
8.181125917791787288e+02 3.311400320026064605e+02 1.122967557029710441e-02 5.350185664690627896e-02
1.188897822581113815e+03 3.957666300088686739e+02 -3.114553446135914783e-02 8.646165382195362958e-02
1.901364512835511675e+02 6.017443062202297597e+02 1.386620197208784933e-01 -1.089576984737505028e-01
1.072217600428549758e+03 2.696916127505722329e+02 -2.474250329853714958e-01 -2.194461713171569073e-01
1.221014298040390713e+03 2.233658778533666691e+02 1.757089767879135289e-01 -1.300725413780935980e-01
1.124111186023944583e+03 3.403618893653926420e+02 -5.186673547519891209e-02 3.395829992930071151e-01
3.022010251561305836e+02 5.329130624542726764e+02 -4.147540760273291278e-03 -4.089228834842933979e-02
1.813496618459128626e+02 5.764619636872503179e+02 3.126172145627043736e-02 -3.174977647458227057e-03
1.026472288425794204e+03 2.187229539601255510e+02 -2.275118339434811787e-01 -2.683654650591225654e-01
1.117432431549977764e+03 2.204030164992124696e+02 -1.344170509938243940e-01 4.227028331328755439e-02
1.220600733743588762e+03 2.669801370552517596e+02 -1.032240314016361349e-01 5.401704256246691455e-02
7.873645702605775796e+02 3.953263220738232349e+02 -1.428149626651568742e-02 -3.312453970486264193e-02
1.088993438202957805e+03 1.610595103749730015e+02 9.171191145686166668e-02 9.239777837455461981e-04
1.125234805171941161e+03 1.825473729890234154e+02 9.405507313672120673e-02 -8.804965799339303789e-02
1.027953897696381091e+03 2.034829801197060135e+02 1.868547806484858742e-01 1.439660534366633826e-01
1.183948149236729932e+03 2.304514534925166345e+02 1.063954599123248610e-03 8.564641114209252740e-03
2.671980249807624546e+02 6.192302193060548916e+02 -3.025108777302755458e-02 1.130621299672812316e-02
2.304751865405565923e+02 3.121757132986261354e+02 1.278834668609540870e-02 -3.020401556435210466e-01
2.746914159483296771e+02 4.670165783333849845e+02 -1.683108612308714669e-02 -3.515766526735610853e-01
3.113878006665079283e+02 4.881478778859314502e+02 -3.040542601897868596e-02 -6.687823741722619120e-02
1.022797876940982633e+03 2.201969157894121452e+02 -2.265990281235341908e-01 -4.170496976073574391e-01
1.153673943393298032e+03 2.268468387909079524e+02 1.669217896072344373e-02 -5.019394603927670312e-02
1.124559444068011544e+03 3.023370660753441257e+02 2.846321949833660603e-01 1.517061325071949740e-01
1.310905337944435814e+03 3.287654891174971681e+02 2.045579171031022270e-01 -3.356973594191269283e-01
2.122177669425721547e+02 7.056641755237219513e+02 -2.033581293375164023e-03 -2.088983377476173187e-01
4.281499069201151997e+02 1.086033209502731097e+03 -9.428949620587444985e-03 -1.382532730414520045e-02
5.171443893233042672e+02 4.901221665921419799e+02 -5.190269816515476068e-04 -1.198984317308924956e-02
1.055620018970367255e+03 1.859172307233267247e+02 -6.751328422426793215e-03 -3.030123342130000910e-02
1.064911929665428488e+03 1.999559969502782053e+02 -1.617798961777745237e-01 2.660762658697360949e-01
1.097586070953586386e+03 2.726929695391706900e+02 -3.407030476604404612e-01 -2.316635453058048799e-01
2.326362032773523367e+02 5.817776978436151012e+02 1.206576420952793771e-01 -1.972141503075671987e-01
1.842642722859801268e+02 6.598940902321080557e+02 1.830622130150142690e-01 -3.459980888309327485e-01
1.863749524397329651e+02 6.652961068976823071e+02 2.169424077731036959e-01 -2.952890231859604531e-01
9.953690395780412246e+02 1.770424639192927998e+02 -1.305983945066618024e-01 7.484923710624116211e-01
1.133138249400057020e+03 1.639927863834453774e+02 -2.829756571363934436e-01 -3.206976501939624857e-02
1.026638091663391833e+03 2.669517353703172375e+02 4.247317724880654219e-03 -2.871595383204259347e-02
1.122944934171548084e+03 2.791321388580943221e+02 6.083703069559585896e-02 4.163510815292371242e-02
1.120270021086900442e+03 3.218236593627712523e+02 -1.656192082429277937e-03 2.990257450599424077e-02
1.154290195073319410e+03 3.361926961853714033e+02 4.810489032776716495e-03 -6.324351289205545901e-02
2.590616873493829644e+02 5.956004970634865003e+02 -5.575022484361642772e-02 1.529738350344849451e-01
4.934263648765888775e+02 4.677804493167287774e+02 -6.915968215632043456e-04 1.160461299411016077e-02
5.041341541217993267e+02 4.852892351952306171e+02 -2.777731930748927880e-03 8.566114519989298515e-02
1.030966304066838347e+03 2.118883980073179316e+02 -1.773119495758616534e-02 -2.280717286100942542e-01
1.111032812183475244e+03 2.408157958601435382e+02 3.937766021304393155e-02 -1.345122819220042308e-02
1.070161975507929810e+03 2.731168799913455700e+02 -1.893237421546132282e-01 -1.788265882243109672e-01
1.115920596478326161e+03 2.979398789389990156e+02 1.928013155953559876e-01 2.123487964841312137e-01
1.134276960613310621e+03 3.339494740107938924e+02 2.188751073871534059e-01 -7.646955049492494549e-02
3.042372676131172398e+02 5.453527190595503953e+02 2.974594477294563791e-02 8.207014612510003804e-02
1.080977659643162042e+03 1.669275073889724581e+02 -2.346513480268764759e-02 5.984822949445794266e-02
1.090233595133133804e+03 2.674527898545579205e+02 4.696101014384856387e-01 -3.759445307057686647e-01
2.639983721107552697e+02 3.750629380628389526e+02 -6.001778351412667342e-03 1.100604328943461524e-01
2.890125212872499674e+02 4.472210649022861162e+02 9.174980832499386729e-02 6.190946186983410371e-01
1.046244079772743135e+03 1.599910333155358160e+02 2.440948458369120999e-01 1.109496809006145640e-01
1.130576260232743380e+03 1.649542612003055808e+02 -9.752756916896032635e-03 -7.691974601601714485e-03
1.062366478909978014e+03 2.607290382224639984e+02 2.124575651964732970e-01 5.229432534493412554e-02
1.156656363321435265e+03 2.323226152004487801e+02 -2.885841257113952452e-02 1.991801725386892555e-02
1.130801171389416368e+03 3.309832984905782496e+02 -1.478845786643887515e-02 7.824777940202806703e-02
2.534592368149254469e+02 6.809469546413200760e+02 -6.195744236087818990e-02 -4.534436364201610906e-03
7.154961849405477778e+02 8.764833638852697959e+02 2.094734006243470503e-02 -2.425149612785162251e-02
9.164339265789152478e+02 8.304912320352308370e+02 -8.213121284552472173e-03 1.483628694459184806e-02
3.420762149698699659e+02 1.097327822833145319e+03 3.469998942796337360e-02 1.197160001713882538e-01
1.048296571067215268e+02 3.586570393857866748e+02 6.770854131924705643e-02 1.498921819864954541e-01
1.049229507854424810e+03 1.571305314522373067e+02 1.828784000358357198e-01 6.917616541767618310e-02
1.082130958613711073e+03 2.317761696310496689e+02 -2.257141881501006919e-01 -3.745103493632231939e-01
1.052085166318744768e+03 2.577358543565978266e+02 -6.418975855965275423e-02 -3.923866323351098140e-02
1.101409030953349884e+03 2.509228063811499965e+02 -7.909642900846039493e-02 1.606251565020815897e-01
9.438511577866227071e+02 8.289855468185022573e+02 1.638813418821882806e-03 -6.402795249591185581e-03
2.478440137800670584e+02 5.159735970486416363e+02 -1.211026939733557128e-01 8.674276041992357023e-02
9.825176474429376867e+02 1.682702060588259769e+02 9.534554974695197416e-02 1.421581286220074958e-01
1.008578811141355345e+03 1.758282217146110611e+02 1.927608258543500597e-02 1.073163777923085149e-01
1.043854656907108847e+03 2.289172566964269322e+02 -1.190021236093627977e-01 5.185332487634539689e-01
1.111621972598985622e+03 3.067235996827282065e+02 2.575645142004816535e-01 1.104855632644401453e-01
7.209870256560036523e+02 9.805116627494037402e+02 -2.844837634215480193e-02 5.138012630992250251e-02
9.867880858363956804e+02 1.739946757999099702e+02 -3.933074260235765868e-02 3.756463610172074419e-01
1.126918586562795554e+03 1.569939760408617246e+02 -9.530245481840081412e-02 1.415947317086201085e-01
1.117015957264814460e+03 1.925633032172380865e+02 9.468756610034947951e-02 8.026059204975613537e-02
1.015150641746545489e+03 2.504732526414287861e+02 1.057564216985156236e-01 -2.735306093891186618e-01
1.172513828343036494e+03 2.139527793303952024e+02 -1.803300653074464688e-01 -2.952550872833309414e-01
2.459899664516825339e+02 5.771641616792321656e+02 4.940763091409345470e-02 -1.883008341060953550e-01
2.863960486540389638e+02 6.430490110820986729e+02 -5.227754659805279244e-03 1.664161638797980163e-03
2.407423286687682946e+02 3.406127185091762044e+02 -1.760742244217302147e-02 1.826927376356195509e-01
8.205947230119024880e+02 3.205681603057842040e+02 -1.182613842413123527e-02 2.639359480100248942e-02
1.082585147938627870e+03 1.886652746233536107e+02 -3.979088150629195297e-02 -4.230484448768834227e-03
1.089094271561888490e+03 1.880309236513162716e+02 -4.382983191173177133e-03 5.068355106549423013e-03
1.118236542968667436e+03 1.986150786817655103e+02 2.220108386447539883e-01 -7.025611088483998401e-01
1.018763150913248865e+03 2.190300377452479950e+02 -1.659809222681663810e-01 -1.115710943357015594e-01
1.039316338367582603e+03 2.307004067231216311e+02 2.902335999046575243e-01 -6.547658838338653586e-01
1.064081010729331865e+03 2.381737893310393872e+02 8.190979961765758322e-02 -1.907574200881327897e-01
1.029361032466552615e+03 2.913186308361534316e+02 6.250132462109074527e-02 -1.376302717449107149e-01
1.200131712375886536e+03 2.553882287337428352e+02 1.816433844626696159e-01 4.581859440101965220e-01
1.991292294853514591e+02 6.525104630285964049e+02 9.648702972375626519e-02 1.439983744912751717e-01
2.313668285255718047e+02 7.367225460738488891e+02 2.089475888044489693e-02 -2.745546557285176090e-02
9.443206254652091047e+02 8.589214045436181095e+02 4.417170952914754693e-03 3.737383327404586453e-03
1.077159704824173787e+03 1.866994746416254713e+02 -9.183663628059549056e-02 -2.652226395927641533e-01
1.160213973947821614e+03 1.862520610184213865e+02 -3.796898341756786699e-02 -9.838484018206372639e-02
1.988953063701850112e+02 7.172889106710420037e+02 5.519044108049797615e-02 1.823236407906279194e-02
7.212304090546319912e+02 9.803523112107919815e+02 -1.353645822950966249e-02 2.568993862334991579e-02
2.566074986061085497e+02 5.231556111294095217e+02 -1.860065357698488242e-01 1.506376365006190099e-02
9.964701858451986709e+02 2.056632006805439516e+02 -1.883653842369881204e-02 1.568520313434760283e-01
1.130181688580012178e+03 2.122569304587431986e+02 1.221938060098182177e-03 7.336586780646570105e-02
1.131271301992629560e+03 3.135790106706676852e+02 2.760636813419523605e-01 -2.123459066865081013e-01
2.548163906041235691e+02 6.707974327877523137e+02 2.032923507755413084e-05 -1.635791076219561546e-02
3.270021552637197715e+02 1.088073789344896113e+03 -3.201032875765008612e-02 1.309275144549246761e-01
6.653902909746836940e+02 1.100666217912806587e+03 -1.050521309043688234e-01 -1.246024186773979636e-01
2.788585042942504515e+02 5.174637421763621887e+02 -2.051261315848288691e-01 -4.152911283855095087e-02
7.619770972043853590e+02 3.925847640593642609e+02 -2.145354115452846600e-02 5.983126970206361500e-02
1.110414724285200236e+03 1.989307289142930983e+02 3.581307833140575519e-02 -2.283204641808254109e-01
1.120971455753352302e+03 2.050926462803903121e+02 -6.730063917541428964e-01 1.442366011984574925e+00
1.060778121111772407e+03 2.497433283437005969e+02 -1.597374821488604935e-01 1.671275689368295903e-01
1.151672185661694130e+03 3.015774610211871618e+02 6.686209413548264979e-02 3.359275301258056179e-01
2.441194000279766101e+02 5.390584501925126233e+02 -1.956506764762859160e-02 1.464278171772548376e-02
1.005472342047396523e+03 1.679636271762510376e+02 -1.929427497714755191e-01 2.556342104633699819e-01
1.080419864952546277e+03 1.587975076083080808e+02 1.230971455574945139e-01 -2.570570606413298265e-01
9.926117507368559245e+02 1.779732907373832802e+02 -1.786297306205142377e-02 1.022253239294173000e-01
9.937103439114949879e+02 2.154575463896353256e+02 1.727476912321890268e-03 -4.632573964639163933e-02
1.063016224890182684e+03 2.319512775128680744e+02 1.469935508235948873e-01 4.342134292006960550e-02
1.206002771514176857e+03 2.523423484611809045e+02 -6.178436144193710788e-02 2.044707528438749478e-01
1.157984292082612228e+03 3.400713578538282036e+02 1.311865078725418243e+00 1.577455232393276674e-02
2.475152382274631861e+02 5.349156480883010545e+02 1.081491244185883716e-02 6.640312108856960549e-03
2.229768482985642208e+02 6.530331947415323839e+02 -1.561042079933372406e-02 5.463121684925908994e-02
2.327261680566653297e+02 6.636155286973230432e+02 -5.330148285824520826e-02 4.345848826704923340e-02
2.231703977666397805e+02 3.133496430855198014e+02 0.000000000000000000e+00 0.000000000000000000e+00
2.623212171740932490e+02 3.535205062706683066e+02 0.000000000000000000e+00 0.000000000000000000e+00
2.568103303144944221e+02 4.317519440043812438e+02 0.000000000000000000e+00 0.000000000000000000e+00
2.724321889119201501e+02 3.715825073791685895e+02 0.000000000000000000e+00 0.000000000000000000e+00
8.273300459301136698e+02 3.354879845373963576e+02 0.000000000000000000e+00 0.000000000000000000e+00
1.099667238765051479e+03 1.488129269317919920e+02 0.000000000000000000e+00 0.000000000000000000e+00
1.000272713807128298e+03 1.674856342109504226e+02 0.000000000000000000e+00 0.000000000000000000e+00
1.093350664108175579e+03 1.636735349876960299e+02 0.000000000000000000e+00 0.000000000000000000e+00
1.115243570713964573e+03 1.590460936640020577e+02 0.000000000000000000e+00 0.000000000000000000e+00
1.076484527316304138e+03 1.915505269972879034e+02 0.000000000000000000e+00 0.000000000000000000e+00
1.107650566682481667e+03 2.870251685995410753e+02 0.000000000000000000e+00 0.000000000000000000e+00
2.345227146836108432e+02 5.687195916602451007e+02 0.000000000000000000e+00 0.000000000000000000e+00
2.357967742741946040e+02 6.154026901694435310e+02 0.000000000000000000e+00 0.000000000000000000e+00
2.697439216073051398e+02 6.367747443155217297e+02 0.000000000000000000e+00 0.000000000000000000e+00
2.901865825939243564e+02 6.702571036859623064e+02 0.000000000000000000e+00 0.000000000000000000e+00
7.370239691247386418e+02 5.719867800549764070e+02 0.000000000000000000e+00 0.000000000000000000e+00
4.125322905348180029e+02 1.010204436367684707e+03 0.000000000000000000e+00 0.000000000000000000e+00
4.217733839265502525e+02 1.096229337425800850e+03 0.000000000000000000e+00 0.000000000000000000e+00
