1.346203984832264950e+02 3.804094059712671765e+02 2.400780119074289419e-03 4.265880407643581756e-03
2.651868125237490972e+02 6.850263828806097308e+02 -6.656470636595948100e-03 1.323682818999691486e-02
2.536490772498650585e+02 4.641233767037378470e+02 6.570289276018936647e-04 2.973938902920900129e-03
3.169837345056857885e+02 4.766646650877364664e+02 -7.140599225626918919e-04 4.204942266598533755e-03
5.659464688450377707e+02 3.858094873861044789e+02 -3.856886516472297997e-03 3.826501112773104604e-03
5.666806628120958749e+02 3.800740479272106427e+02 -6.670326277088915040e-03 2.438633172263539317e-03
2.689451086010422500e+02 4.985430991308719513e+02 -9.210109863806567598e-02 2.806215685673466576e-01
8.301804972345602209e+02 4.077073139393115753e+02 2.498232798970012516e-03 -6.728198602963227429e-03
7.051890096045684686e+02 4.159970455276491066e+02 -5.576517944201882931e-02 -9.955266358161626167e-03
2.338481943438145265e+02 6.979597785396911149e+02 -4.660620819346985091e-03 -4.347546815633094577e-04
6.343284296397698654e+02 8.221002724816318050e+02 -5.544668610249266910e-04 1.370681050122296400e-03
9.122919282877608111e+02 8.060407900180437082e+02 -1.886100469588731544e-03 1.205556151196087973e-03
4.599038944363219343e+02 9.415527631418809733e+02 -7.942863999058471028e-04 5.097632871794114274e-04
9.070297260937605870e+02 9.241788996665560489e+02 -4.236795584957500638e-03 -3.070194910428158692e-03
9.002450635042259819e+02 9.269733887049520717e+02 2.293632401335911428e-03 3.986927596540704123e-04
7.073657657855111438e+02 9.918417267657169987e+02 2.659109532108160263e-03 -1.200269562352246702e-02
7.149278751524678910e+02 1.011520494024493246e+03 -4.462698192209344763e-04 -1.276215249082170936e-03
7.048624702446375068e+02 1.023666606255570514e+03 -6.364988040604207739e-04 -3.323927475611805865e-04
9.844289536601606869e+02 8.461478723548366361e+02 2.647331824731520545e-04 -1.881088066295320740e-03
4.816010097349274588e+02 1.099116583116419633e+03 -4.273459116152165103e-04 1.029065770756523506e-03
7.043729223267004045e+02 1.036548882854410749e+03 -7.069711609880536488e-04 7.025739785509394538e-04
7.517858114149294124e+02 1.067584225372437913e+03 -9.346584986011600288e-04 -4.251076397894853684e-04
7.455888658593286209e+02 1.071440317782905595e+03 -1.020396477614856806e-06 1.745783756947762004e-05
1.309719860128470543e+02 3.250951676203334841e+02 -3.025201071579041671e-03 1.016498044624642100e-03
8.997186408762363499e+02 1.102136165720809686e+03 -1.040220945551797354e-03 -3.918633606280318301e-05
1.346672822979821831e+02 4.004679317128005778e+02 1.077790289657784377e-04 3.724768319420045364e-03
3.848284715632070743e+02 1.092441597314382761e+03 1.135958168405430541e-01 3.092971863522489193e-02
5.636015478489563293e+02 4.581800751108574445e+02 -3.179066679406490192e-03 -3.785340913684041506e-03
2.618912735590599254e+02 7.413371411876214552e+02 -4.734985642588156879e-03 -8.139244280528146192e-03
2.741640046753584556e+02 6.195771259951256980e+02 -5.886832059652173654e-03 -1.091296359208181362e-02
4.086057661772200618e+02 1.060902321774399525e+03 -8.052741933574277325e-03 -1.220963928908036338e-02
1.009473464358201340e+03 8.165606866634949483e+02 6.678115879541866515e-03 -1.856993411598694506e-03
4.874616201325133034e+02 4.481243224978599642e+02 9.906714805751589206e-03 -2.700116838541316913e-02
2.235118328408808850e+02 7.547552113351218850e+02 -8.124672331878274312e-03 4.524120648992234484e-03
5.982919526725299875e+02 4.362881348397705210e+02 -5.338842545475107684e-03 1.000247365088526887e-02
8.311401500763488457e+02 3.233402426367102862e+02 1.282958010971366192e-02 8.890176625404347735e-03
4.654467376492262929e+02 4.557648744013364990e+02 -3.170108018352520499e-03 1.911433411152918928e-03
2.486883222426126565e+02 7.178684735288220509e+02 7.148806137777656208e-03 -5.714447118309477769e-03
4.934600761160256184e+02 4.301131507959379405e+02 2.214407602453135823e-03 9.709131262514005076e-04
2.297365858050518739e+02 7.002782138340127176e+02 1.639703525763752038e-04 -3.213414059003001210e-03
2.323758888710964925e+02 3.372515211812025200e+02 -4.898441285601028844e-02 -1.594850868651054854e-01
9.704266586968720958e+02 8.449996338192727308e+02 2.958094620662630320e-03 1.578641336382674088e-03
1.020420713358799503e+03 8.153409850512861112e+02 1.595667731008364783e-03 1.079536263334672942e-03
2.012714168471856055e+02 5.082572295357111898e+02 -2.926582656057111036e-03 -8.421071784355398148e-04
9.563828514882026184e+02 8.498831289388241430e+02 -8.577335189215773426e-03 -1.206210264698900480e-03
8.335002945089198647e+02 3.430766424697220600e+02 4.557621102753840747e-02 -1.866008954627008942e-02
5.056778765155426072e+02 4.419022540139064859e+02 -7.836815716602656134e-04 -8.240162006470677604e-04
1.004503684513861458e+03 8.319759967796627507e+02 -2.526173543776284464e-03 1.080209040327249079e-03
4.939807875110430473e+02 4.391179032021822763e+02 -1.026225731181111284e-03 -2.485846590360439590e-02
2.559361725440844566e+02 7.438106545678842849e+02 3.898110122116860881e-04 2.930316544334931380e-03
1.909954212763773000e+02 5.806759483656239809e+02 -4.706506297448566703e-03 4.867821675764452357e-04
9.884906281948682363e+02 8.228283864166801322e+02 6.099507279825525270e-03 2.994731091302362414e-03
1.016066744117385497e+03 8.094811178789196902e+02 -1.035431492234220249e-02 -6.748571588494285504e-03
9.843156497485369982e+02 8.180503618715032417e+02 6.175341305909497376e-03 -1.253794199424371897e-03
5.815209276413812631e+02 4.515179947785801460e+02 4.594187948692697761e-03 5.335924750373254727e-02
1.243510774802895867e+03 3.972430386593074445e+02 -1.098051384755002226e-02 6.935142015100780911e-03
1.185343983275233768e+03 2.506694993857609290e+02 -1.537459415869919365e-03 1.873792290914558928e-02
2.735588322997425621e+02 4.604436510121651622e+02 5.522905214493423892e-02 -3.038070354155649189e-01
2.339657355396034575e+02 3.540551238982050108e+02 -4.294316285050162052e-02 -1.684621978731425107e-01
2.614060949575916197e+02 6.137747144761434583e+02 -3.084123607080901854e-03 -6.777317539614960938e-03
9.478648076616708522e+02 8.366258598971461424e+02 -2.632147129892617541e-03 -2.945852177036964621e-03
8.084176400153539817e+02 8.813947137517812962e+02 4.090790154461979196e-03 2.931234585579803407e-03
9.276502697080155713e+02 8.289874904895725649e+02 -2.816358379673732483e-04 6.746146870425784141e-03
9.229837849171561857e+02 8.566840704891563973e+02 -7.759529032955020042e-03 -2.969950843912061173e-03
2.627696748379083829e+02 5.518246536866938641e+02 -4.765226424512777892e-02 3.613093143870518276e-01
7.959782248691998348e+02 3.654522897971705220e+02 -2.369622676868101199e-02 -2.929808502013918174e-03
9.488857068295383215e+02 8.455609347427880493e+02 -1.232867841630344097e-03 -1.687469837905398312e-03
1.032490340246361029e+03 8.315061077791959860e+02 7.497916181382427176e-04 -2.371473460326873652e-03
9.139236265936785912e+02 8.319271647215645089e+02 -1.246227807571853759e-02 1.181073601338935609e-02
9.828988604486571603e+02 8.687521562694262229e+02 2.507897965368119896e-03 -1.062785791880219936e-03
2.899020486052534693e+02 4.139857721388673895e+02 -1.071264713656623103e-02 -1.015505727299780697e-02
9.780835227718001761e+02 8.657792349069006832e+02 -6.682971038808228556e-03 -5.200483381747406791e-03
9.025401132469716003e+02 8.525959595030817582e+02 -1.015958241733340775e-02 -9.130680726208524264e-03
3.289213379477641865e+02 5.664648377031483051e+02 3.057528925879042167e-03 6.916164452083630766e-03
2.215710616283508898e+02 3.122162851614590977e+02 -6.024727320996788038e-02 -2.019478338962164554e-01
9.905517321174415883e+02 8.509497011923871241e+02 7.765737480595627518e-03 -3.596971272629324087e-03
9.668839661714997646e+02 8.739490004092052686e+02 -2.769973248036021202e-03 4.143763542226161500e-03
9.576756733166290587e+02 8.614480502005732205e+02 3.767277412356913237e-03 7.033733161076477372e-04
1.975915200937237159e+02 5.710801426009903707e+02 9.984081009896149991e-04 8.313873651813721757e-04
2.834629827364910284e+02 4.589558461098443445e+02 3.692139131579937061e-02 2.876919061036668501e-01
5.099250903520019165e+02 4.193560221442253351e+02 -9.932870343242044056e-03 3.437657569700059909e-03
8.018905799968883912e+02 3.558334737171479674e+02 -7.657870553088070784e-03 -5.491284048433287468e-04
8.016484285209104428e+02 3.467751341203247080e+02 -1.074348641705315981e-03 -3.818979221695245727e-04
9.422108287983992341e+02 8.717165928363476723e+02 5.467677952397295357e-03 -1.683814286913261696e-02
1.144628831585074295e+03 2.286126491109896506e+02 -7.668463400973045928e-03 -4.234855982049328185e-03
1.173214846246110028e+03 2.132695181883001112e+02 -1.798030760675720791e-02 1.598582028035362007e-02
2.911764269260517040e+02 4.974171451996843416e+02 2.943775490702067385e-02 1.369249671997006812e-01
5.654267194138271861e+02 4.658765849493723294e+02 -6.624698580489985986e-03 5.589647409169742030e-03
1.027342007285414184e+03 8.257780565457136390e+02 8.686543938395489481e-03 -1.521142456807626948e-02
5.141482899258782027e+02 5.071802522212423696e+02 -4.963991394478992937e-03 9.424972929071030389e-03
7.340122577871965177e+02 9.640175606178688668e+02 -2.581538811028117816e-02 -3.806557235684026892e-03
9.949034676418319805e+02 8.770553821358719233e+02 -1.869204473561046241e-03 -3.241710046346846577e-03
2.113558916998498205e+02 7.016218432271085703e+02 1.432818151285611841e-03 1.496423206239486299e-04
4.708676541102510669e+02 4.368677204390011752e+02 -2.602406571074565057e-03 4.676223803487415676e-03
7.868694902733631125e+02 3.387569467138150117e+02 2.810131058049366963e-03 -4.456295017832579038e-03
9.692170015578204811e+02 8.929882647251191656e+02 -1.416712620942523100e-02 1.876820335092537016e-03
5.713273054663244466e+02 4.309236993313453468e+02 3.423428621162391116e-03 -1.086008604449763965e-03
2.165231930236667495e+02 6.999053133507225084e+02 -8.190748826410304204e-03 1.056353113266829836e-03
9.269096153899638466e+02 8.418199872715493939e+02 -3.540188085402392465e-02 3.042950957311710974e-02
9.703843710476069191e+02 8.234867460432285498e+02 -2.101599322580987531e-03 -5.410526557615286114e-03
1.979727169685989736e+02 7.044304933069978460e+02 -4.861146744003566438e-03 -8.405935979661953786e-03
1.007560823174943152e+03 8.720213921402512369e+02 -1.073458045790166588e-03 -5.066023175837328432e-04
2.258778821984965361e+02 3.100487291711682474e+02 -6.956446998881493649e-02 -2.040916145333883380e-01
4.748983310396334900e+02 4.481699363285348454e+02 1.536054136090344744e-03 -1.979432370581205199e-03
2.946263888245117073e+02 6.587205915434733470e+02 -1.393622754814809010e-02 -1.936207323408910622e-02
9.021956492515046193e+02 8.593031118353529791e+02 4.458387150867736994e-03 -5.307985729916821736e-03
2.109894758838162829e+02 7.436466445857799954e+02 1.725993493531823800e-03 5.085862668333069464e-02
3.034745498307030971e+02 6.404435239488561820e+02 -2.962951886420026916e-03 8.908884503977004170e-04
1.263548519016660975e+03 2.905165222306292776e+02 -1.219595565730246904e-02 -1.950260247402674837e-03
1.272044918980992861e+03 2.980217886664337357e+02 1.063395534201575085e-03 4.505711785316292295e-02
1.258992222771524439e+03 3.095090564130494499e+02 4.559638808556280148e-02 1.891543382372795970e-02
1.032095677516368596e+03 8.707835546311091548e+02 -9.675712247682517232e-04 -1.482899466077244486e-03
1.001953755251083635e+03 8.159346518870331693e+02 3.576601943269217942e-03 -6.484041671467253611e-03
1.166572659951418700e+03 1.440188892290929346e+02 9.048488117698953725e-02 2.619827368832486694e-02
6.137716245835196105e+02 3.900029383480189722e+02 -4.414160189508443966e-02 8.262751588607794573e-02
3.711813029475069925e+02 1.081548475364505748e+03 -2.392253859469159472e-01 1.109491007228141368e-01
9.493032745740262044e+02 8.238683682227490408e+02 5.203886922940640161e-03 -1.245719928354645060e-03
2.450344242616555732e+02 4.971093545199454979e+02 1.675819226376110182e-03 5.078443712527655127e-03
7.173042265747386637e+02 9.559573357888483542e+02 -1.769228171080684852e-03 3.483102514252041631e-03
6.295267803177029009e+02 4.731923483102661407e+02 4.573113191079604678e-01 -2.337660340265149961e-01
4.892667570461953233e+02 4.584103479279560247e+02 -7.818376193865946011e-04 2.484234899800795600e-03
2.462834789687071577e+02 4.914955225348379599e+02 -7.232880895204775017e-04 6.398034024436250258e-03
4.246275019414221106e+02 1.073791763512232365e+03 -2.505879122850274143e-03 5.507033072690589812e-04
2.289522619045920919e+02 3.201217104629404844e+02 -4.685447495186331746e-02 -1.935828358446695652e-01
4.946933151493290097e+02 4.736177657346613614e+02 1.060950098894019623e-02 3.648567121039791600e-03
2.370646960090361688e+02 7.162260743077434881e+02 1.351528798979848326e-04 2.803555374056135134e-03
8.248052491914930897e+02 1.102304788396614640e+03 2.033296625293335368e-04 5.359062612601204730e-04
2.156478065346109929e+02 5.840972291313789810e+02 -5.003665291860163664e-03 9.985670912414262076e-04
3.203005236731287368e+02 6.070961652752954478e+02 -2.041404403128846846e-03 -1.320212878572374869e-03
3.343205819564930721e+02 5.627396275796817235e+02 -4.342632463286881864e-03 -4.274327530824263309e-04
7.628145033097023315e+02 3.877062971165486829e+02 -7.509299064102577075e-03 2.164786326546834418e-03
2.174533918480945829e+02 7.345138499209435849e+02 8.436373225398292094e-04 3.314533686700024684e-03
7.206385436370042044e+02 9.123786032034298614e+02 1.418888058295952577e-03 5.854985783815722447e-03
2.510078231944930849e+02 6.591855090972314883e+02 3.338780497238988225e-03 8.158537108453072688e-04
2.682015966389467962e+02 3.007501237358958406e+02 -5.805480539072167562e-04 3.218633766870974966e-03
1.163769661861057102e+03 2.135041249286937841e+02 1.927657041050233680e-02 -1.777824210496801961e-03
2.652019891696153309e+02 6.308316334278725890e+02 -2.654143945225615961e-03 7.544934244643483959e-03
8.506906339145266429e+02 9.315271212348905010e+02 -1.391579174922542156e-03 2.829078117420157209e-04
3.184509488167368545e+02 5.406712561175975225e+02 -1.780215660793452593e-04 9.099539092483493324e-03
2.111857469835588859e+02 5.839131875642558498e+02 1.185965315571446991e-03 7.966662748021737656e-03
2.441229636913823526e+02 3.746911555830045018e+02 -6.343709553025876635e-02 -1.804677384151200381e-01
2.510638906033491651e+02 7.277922120724294928e+02 -6.186422978033186571e-04 -4.410035768274826761e-04
4.486189048652186671e+02 1.093334363280039724e+03 -8.514809093860617115e-03 1.357637123327108154e-03
2.063839631851436991e+02 6.815644790856472355e+02 -7.817238458146517910e-03 -4.284248204026151058e-03
2.393355648961122029e+02 6.713742844525504552e+02 -5.388821357017956233e-03 -2.205742122664605047e-04
2.354949819292483539e+02 3.352585519782886649e+02 -4.983369117769936157e-02 -1.630226750634671540e-01
7.704239651215245885e+02 4.935995680539700174e+02 6.023109514953290528e-03 -1.524681385019662286e-02
2.802311693213449075e+02 5.321408343097020861e+02 3.041450513744238353e-03 1.948494382662433475e-03
2.904061936417953689e+02 6.303317910828989170e+02 -6.486536779474104397e-03 -4.864338146008137200e-05
1.260101932561147123e+03 1.960336250738163528e+02 -1.183352710984421439e-03 3.890346343804693412e-05
4.500928163892542671e+02 1.097466837522890955e+03 -2.129320598187675259e-03 4.486671816545759195e-03
2.406154297022689548e+02 5.028208860659253787e+02 -6.201370660038615446e-04 2.237653213494085296e-03
2.507435135890274296e+02 7.092260898734252805e+02 -1.590475157647485609e-03 -1.152074604310610560e-03
1.245044326009893211e+03 3.789772665043474831e+02 -2.308066274038240561e-03 -2.966367726018986060e-04
7.195194888025033606e+02 9.605385353790385352e+02 1.637175837948567567e-03 5.777818168985729592e-04
2.996199249990767726e+02 6.470590337947509170e+02 -4.554497161498800677e-03 -4.293316115270427898e-04
4.264418626764827422e+02 1.080615793748800115e+03 3.666641979871111331e-03 7.245722845052321318e-04
2.275770061345749014e+02 7.101475736129157212e+02 -5.137405928989005784e-03 -3.373326536486481817e-03
1.028883686198102396e+03 2.280388120846428137e+02 -9.573475239976868278e-02 -1.656927166390728678e-01
2.386968490880648801e+02 3.798291942781116859e+02 -6.189166122643377510e-02 -1.581936948653138997e-01
2.192117631522551164e+02 6.468036895821588814e+02 2.422144002889187360e-03 6.468205983776330239e-04
2.570324048267140142e+02 7.177066518937048158e+02 -2.241629586277181670e-04 1.206245829908397316e-03
2.524830747968411231e+02 7.237246624382819391e+02 -2.592142145996410244e-04 -2.065355007420573152e-02
2.388811336685298272e+02 3.672975050377173147e+02 -6.856724062087343752e-02 -1.775086344065807675e-01
2.973582326429100817e+02 6.543763640929888652e+02 -7.164616892746290691e-04 -1.091415664203364277e-03
2.350127447541623553e+02 7.104299895828908120e+02 -1.907387439210102504e-03 -9.976094522012363044e-04
1.196432565412724898e+03 1.881904192088497894e+02 -4.533349694728452169e-04 6.087684743307860899e-03
2.525389496128528322e+02 7.357816826766689928e+02 -1.301631341823873342e-02 -1.353120019517307232e-02
1.115463840757514163e+03 2.145270170161483634e+02 1.049788807224536109e-02 5.170724344440521397e-02
2.549747797159103015e+02 4.881653290401374079e+02 -7.812768374005017160e-04 9.676127120590734525e-04
2.716132958839373828e+02 4.222109422944118933e+02 8.244244980826780089e-02 2.468868894723061647e-01
2.189488528224167112e+02 6.628659132049295977e+02 1.500678664196228914e-03 7.732706245991325181e-03
2.175250107211215891e+02 6.515709862241720884e+02 -1.520567593119737798e-03 -1.788245263302843877e-03
1.202032955926202703e+03 3.213399982699187944e+02 2.307174548037428316e-02 2.380506371119817458e-02
2.865570887027400317e+02 6.355440558924535708e+02 -1.008298325161561398e-01 -1.372751909475752700e-02
1.001188768218886594e+03 8.553148936066520491e+02 -1.691752642754820919e-04 -1.039940780572236496e-02
8.631788587875509222e+01 3.135202591645484063e+02 -8.530374683956416749e-04 1.077940179350274971e-03
1.224341668608307828e+03 3.969297692325211528e+02 1.006071602437214572e-03 -2.504702417440111701e-03
7.531888602595211069e+02 8.451320513169079049e+02 -4.866541866888810896e-04 -6.510855417968066695e-04
2.057433671775956725e+02 7.335776714519787447e+02 -1.939119671586757299e-02 9.426993240437114840e-02
1.189558303880583935e+03 2.041744001009132603e+02 1.474898962114123413e-01 1.942497472989090923e-01
1.212642309495817017e+03 2.206941227550052531e+02 1.006863503804053539e-02 -6.357744523150118086e-03
2.315379481213385588e+02 6.631959150996693779e+02 -1.191254380241343197e-02 8.930192042436765898e-03
4.147454413025276949e+02 1.068734588283688481e+03 2.417529853148540214e-02 4.951718114900340896e-03
5.465949711230832690e+02 5.164088498331260553e+02 -2.795097646622653545e-02 1.574752010471888990e-03
1.130576153284641578e+03 2.054650832566303222e+02 -7.355380630773615536e-02 1.643580200655655466e-01
8.234483576901700417e+02 3.403794142228896362e+02 1.113286878904491944e-03 1.020007610323696821e-03
1.204024445056873901e+03 2.571290886605294759e+02 -1.773244236179236100e-02 3.424570036635839199e-02
2.474072573880871460e+02 7.353122621160531480e+02 -3.721675871716878612e-03 -9.229489554972996820e-03
2.173736830887369251e+02 2.940496600299725856e+02 -6.424262803760553975e-02 -2.192546479308473406e-01
1.148726616843740203e+03 1.767315112309340464e+02 2.411125398215166471e-02 -8.476867627095571343e-04
2.760788875005972045e+02 7.010816754220962821e+02 -3.186160565042198307e-03 2.214402063659105194e-03
2.609423401099491571e+02 6.848226557015085518e+02 1.203199216231248684e-03 7.543804045085515707e-04
2.293828967502148259e+02 7.462059220397411536e+02 -2.522561178210396340e-02 -4.626049331032972001e-03
1.997728400262734851e+02 6.588653380842250726e+02 -1.343637169347522975e-01 2.792701361300131691e-01
1.054973478804093020e+03 8.384453890059766081e+02 -3.961264293965010251e-03 -2.895645478773049494e-03
1.220044457323104098e+03 2.436418042816032425e+02 -1.201635688243645785e-02 -3.870414727862001025e-02
3.052674429049933451e+02 5.463520522633125438e+02 -2.504474843294814210e-03 9.061508925289654378e-04
1.200106789943231206e+03 2.301937212402396256e+02 -5.348643309101288115e-03 7.874222062386845855e-03
1.265802983560857683e+03 2.037189490620515073e+02 -2.348980345776917594e-03 -1.200093915856248971e-04
2.504564691548832798e+02 4.780309449477167618e+02 1.726427088040662430e-03 -5.597945128692802079e-03
4.368895311630263905e+02 1.091506232601233023e+03 6.749716664314904524e-03 1.213376604590677603e-03
2.460836165147662200e+02 3.935860768704440034e+02 -6.651577711638545498e-02 -2.810712967128806139e-01
3.074774519190083879e+02 5.560934297352005160e+02 -1.995938930846959461e-03 3.718691015841172655e-03
1.109283741000848067e+03 1.609131485822054799e+02 -1.826886284757660572e-01 8.395895023089296194e-02
2.674137384638578965e+02 7.205908752992729660e+02 5.497314651069412465e-03 4.575930206290578124e-03
2.803255214777660171e+02 6.210947342530106425e+02 -2.070345373944841583e-03 -1.502367280848077979e-03
2.716962423752891596e+02 6.715026998843283081e+02 -3.438541158055897617e-03 -4.219051912407326480e-03
2.988625673824215596e+02 5.099073676119729726e+02 4.419318668464491430e-03 1.706555450325234966e-02
2.693367167106366082e+02 6.960339479944226468e+02 -4.370308149065754363e-03 2.034573927235755215e-03
9.183387325612504810e+02 1.102597254635587205e+03 7.384769136015255494e-04 9.300318159076406647e-06
2.611382198712045692e+02 6.603447389919335819e+02 -2.554432855285905177e-03 5.651532003125254305e-03
8.211490621031188084e+02 3.845344086258959919e+02 -3.378496427173315747e-03 7.681313509296484703e-03
2.663776014817800615e+02 6.616794874640794433e+02 -4.341977735724876324e-03 -2.063997796301576901e-03
1.237940928848853673e+03 2.890409345580951026e+02 -1.502119844860209247e-02 -4.048014234658942403e-03
6.887335144536581311e+02 3.991429948356119439e+02 4.067297838362422813e-02 -1.344585872981371166e-01
2.820636321588251576e+02 6.865795357717393017e+02 6.608238992072582724e-03 1.783987271180941967e-03
2.768794180337813486e+02 5.281560828276972188e+02 4.496239968887602058e-03 -1.783219120294359981e-04
2.329543659322777955e+02 3.153641929880758994e+02 -5.245996460782079845e-02 -2.101715570152093981e-01
2.411949021811539353e+02 7.366978811033960710e+02 2.543497956016756850e-02 -9.199950581500394853e-03
2.441803067343632847e+02 6.350654610785271643e+02 -1.450011024368425645e-03 3.380232170427754316e-03
2.648322313495824574e+02 7.301824027633438163e+02 -4.074723951104337362e-03 1.204087020312834917e-03
2.725588311617992758e+02 3.983177229866213906e+02 6.831420661343473588e-02 2.473899695617970129e-01
2.621339981967946073e+02 7.078855159882713224e+02 -1.451779030177103051e-03 -3.593782173078409036e-03
8.579043042313354590e+02 1.101623512646414156e+03 -2.140536946829135886e-04 -1.520037446245605913e-03
2.311882483330692821e+02 7.397388493769544766e+02 7.258626340505390170e-03 2.989100237007931145e-04
2.481174941908219580e+02 6.272079486828474728e+02 -3.037214212742295021e-03 -3.078930387623766279e-02
2.141561993856384731e+02 6.671084854249028240e+02 -1.366027469267613447e-04 -1.175238151471837567e-03
7.150763339144336896e+02 8.771795182534117430e+02 -3.866430849514850519e-03 3.391845086221875662e-03
2.508025197504821335e+02 6.167899054502253193e+02 7.980214869561597438e-03 1.756885190797454355e-03
2.361429210960824321e+02 6.271795459730454922e+02 -3.336792111845665858e-03 -1.977771930220421220e-03
2.579494489396400922e+02 6.385667234236656213e+02 1.643068847532405067e-03 1.142909120157880112e-02
2.539401012144073775e+02 3.942384207037834472e+02 -1.297051875082873562e-01 -3.869118667837573300e-01
1.183148966709771003e+03 2.260155029256285673e+02 8.113783327293150978e-04 7.811766275667065933e-03
9.947537838031738602e+02 2.307388612834746198e+02 1.247170747162028998e-03 -5.430599325198796901e-02
1.117380393536363044e+03 2.206941987008389390e+02 -6.582693172937061077e-02 1.635158641057178619e-01
1.088872065358363670e+03 2.098392474590021664e+02 5.680679868867241286e-03 8.675141307242817434e-05
1.159516265530762212e+03 3.622581378138561945e+02 -8.261982385441132837e-02 -4.633880012039188340e-02
1.163402182654103626e+03 3.521014125374397281e+02 -6.685195773170022693e-04 -5.186890960607003220e-02
2.829288393432906901e+02 6.780698880137848619e+02 7.298077571587134810e-05 2.003873396647982887e-03
9.219918856192656449e+02 8.418333202192898170e+02 4.557684939009905289e-02 -1.543122687779613020e-02
1.236086737830911488e+03 2.773901578992643522e+02 1.043443594983610966e-02 -2.237164349972684679e-02
1.188917834098038611e+03 2.274144694404602944e+02 -5.805492076215069616e-03 1.652497461892022627e-03
1.179891136427425863e+03 3.252284513508664645e+02 9.487915623331576176e-02 9.659602698168485990e-02
2.640910480157095321e+02 6.995525889323459978e+02 1.606210103146017004e-02 2.078671295598071359e-02
4.052140383805537454e+02 1.078464344643249888e+03 -6.822238426792918281e-03 -8.619965924301123102e-04
1.096881126125904075e+03 3.033041745275569383e+02 -2.817709878280392211e-01 1.870682695491661385e-01
1.881563597411968374e+02 5.764804455711488345e+02 1.181077116471967049e-03 -3.189970749783449609e-03
1.192151136740649690e+03 2.295389655542950607e+02 -3.706488517410785888e-02 4.645447079909216515e-02
1.211864251646698222e+03 3.131462429774131806e+02 3.452452392009648652e-02 2.578948969406185190e-02
2.317469783756445736e+02 6.276231734525840693e+02 -2.337063856641510666e-03 1.064811112196974510e-02
1.220530155293063444e+03 2.388772810644764775e+02 -4.271585265998942109e-03 1.231177421231288184e-02
2.461295002738409892e+02 6.933513670271540832e+02 -2.942118004749725430e-03 4.809166539737564673e-03
2.910191542426355227e+02 6.480311919158881437e+02 -1.928295299319865994e-03 -9.314101705649365306e-03
5.245277039867709163e+02 4.768432109817331366e+02 -3.020767808702162771e-02 -2.743736893572500113e-02
4.382010193150658210e+02 1.084914376479869588e+03 7.436810294689616754e-03 -6.382479946199568280e-03
1.154133312154493751e+03 3.687215459647887315e+02 -2.056294718244145586e-02 -6.185946557619413644e-03
2.700779689641415189e+02 6.352321944484480127e+02 3.886666072323332862e-04 -9.614887973492670936e-03
1.186923873632345703e+03 3.358014504830775309e+02 4.171510653680226416e-02 4.332173314448577173e-02
8.229898913876240840e+02 3.786687464887438068e+02 -1.892630312224832540e-03 7.538999184982395074e-03
1.002169630328148742e+03 8.667033021380683522e+02 2.291831401229915699e-04 2.624039065885386008e-03
2.287431876414852070e+02 6.881444262741824787e+02 4.984431254147205122e-03 -2.302186604075665693e-03
9.233695971300840029e+02 8.643620551663478864e+02 -2.238078948435617051e-03 -1.908042447269616511e-03
1.247363316158066937e+03 3.096123091315857891e+02 7.802017299660868668e-03 2.210552606708076143e-02
1.108418379978204484e+03 1.822769917929394410e+02 7.254456245561531624e-02 5.595683381619045993e-03
3.031005312708545034e+02 5.345385248519025936e+02 -2.181402606791240338e-03 1.714606372654160814e-03
1.157596591476709818e+03 2.226957047770597455e+02 -1.137608324140300907e-02 1.152927640047170521e-01
2.782494547380466656e+02 6.585840655612764749e+02 2.269435847420207125e-03 -1.661376417745946124e-03
1.922545156783929485e+02 6.769344863699797088e+02 -8.541023771509050067e-02 2.902748103649481770e-01
3.068929224831767328e+02 6.292889404141158138e+02 1.134382132156948548e-03 -9.958217011125954435e-03
1.052840942920051930e+03 1.862001725817895306e+02 9.273891574839401158e-03 1.155378745642476369e-02
2.498337169899879768e+02 6.831535898007800824e+02 8.008129460233591804e-03 -5.592193344259297795e-03
2.493917109372287655e+02 4.124458470030511421e+02 -7.860546064446259640e-02 -2.877601517820825294e-01
2.733545218289299328e+02 7.179281530501195903e+02 7.718504794818182788e-03 1.010770577499785043e-02
2.467881349664486379e+02 6.144401756815780118e+02 1.171059675323361977e-02 -4.651132120012776289e-02
7.039107108908817736e+02 4.321183603395638784e+02 4.567928162153536698e-01 -1.882804067139454418e-01
2.893345669092179833e+02 6.134709587755795610e+02 2.568587209487637954e-03 4.401976877411110933e-03
1.695068185150908562e+02 5.754350107954198847e+02 -7.032577598060767154e-02 2.664505870134887752e-02
2.822489243272417525e+02 6.513319077232407608e+02 -5.589195424751760601e-03 1.983436782072905882e-03
2.819025367012094421e+02 5.462579031185200620e+02 -2.317116642217061356e-03 -1.227889776495676294e-01
4.075682065851373750e+02 1.086646217649529035e+03 -9.590649882399009682e-04 -2.281643077556437429e-04
5.685410753149214997e+02 4.259394051944867670e+02 4.259770450314342635e-03 1.992962848134993692e-03
3.135820920547857895e+02 5.049192575918102079e+02 -6.471728492635187794e-04 1.076247944677680840e-02
6.010042748012477887e+02 4.408166840809183782e+02 -1.601755896579129188e-02 1.620264975784239492e-04
4.628062669636337318e+02 4.521967424447861958e+02 1.093846046320088704e-03 -1.307558019504432472e-03
2.942779408525174745e+02 6.050723778013350511e+02 -1.889766637720633954e-02 4.037880465521895106e-03
1.192635329480129485e+03 3.433475412588501285e+02 2.459778019954340922e-02 5.022294463207860327e-02
3.140681459827029585e+02 4.969352945938148878e+02 4.625017681203504559e-03 -1.371084271110617958e-03
2.326263670588304251e+02 7.742803332604934212e+02 -1.097235374381211499e-02 2.654003986109354594e-03
1.515979438156496997e+02 4.544653832555993063e+02 1.318646026981644490e-03 -7.773913051699643181e-03
8.190528763637141765e+02 3.364102235057147823e+02 2.712564175422218192e-03 2.256721511532805077e-02
2.289913763988641051e+02 6.395768511863918775e+02 -6.839016025472035784e-03 1.615440460872522022e-02
2.756869670730802113e+02 4.898055812420989810e+02 -2.436596882982557111e-02 3.103022894766893636e-01
1.267141310519516082e+03 2.593809830150915445e+02 -2.656061298637831837e-03 1.107161059999248361e-02
1.057739410644927830e+03 2.158090394616074263e+02 1.878377979014117793e-01 1.417713046632623590e-02
9.416450717434613580e+02 8.507166008713305700e+02 3.043521952419480509e-03 -4.813662062390156211e-03
2.318912592532674068e+02 7.146844918768495063e+02 2.333847366040991359e-03 3.062808582583757475e-03
2.925062815502760714e+02 6.616743473678446890e+02 7.535959198141971641e-03 -3.898018415915574606e-03
2.398865779057137217e+02 6.472956140627712784e+02 2.969003700698551532e-02 4.755744595888362208e-03
2.431074419627311443e+02 6.014787566350464658e+02 -1.278765808965412754e-01 1.324411726653413057e-01
1.169208649894625296e+03 3.398812592799876597e+02 1.249710681061510509e-01 9.583773586430287261e-02
1.028893348995386532e+03 1.786823657300467119e+02 -2.355622349662818971e-01 -3.291309682523112512e-01
1.074765761635585704e+03 2.356797167001923583e+02 -4.934687725687293414e-01 -1.611125338081154101e-01
1.202345533510536143e+03 2.029217661787268412e+02 -7.744628391481113948e-03 1.812684853888863606e-02
2.326703971679380913e+02 6.177513867370776097e+02 -7.506562078091803814e-02 6.901969154984213817e-02
1.210993496179787826e+03 2.787833948259178101e+02 -1.585259128424551522e-02 3.836964523948086739e-03
2.510765849407497967e+02 6.527185986826737008e+02 -8.833323617894544254e-04 1.033744426001140942e-02
1.032242290118941355e+03 2.524715354344801881e+02 -1.066407191623655604e-02 2.785468285201159709e-03
1.009859686006763013e+03 8.370212965714714528e+02 -7.945907834304721817e-05 -1.080095147712974331e-03
3.243970368951360683e+02 4.811367305913628343e+02 1.558048797874906667e-02 -5.185020233806660918e-03
1.075261950151684914e+03 1.934263090049557263e+02 -3.917630128403243837e-03 5.299720551008558177e-03
1.227290325335602574e+03 2.736430011603112575e+02 4.300766848850889196e-02 3.663789163461034226e-02
2.997572871323048957e+02 5.769784119015373562e+02 3.887813564715666970e-02 7.430128247235845418e-02
1.007864221463954323e+03 2.382242875256515049e+02 8.218432023419842969e-02 -4.237888298290145433e-02
2.587517026244776162e+02 4.319642245689058200e+02 -4.873660606607821411e-02 -3.050614317470208836e-01
1.092175162690698926e+03 1.876925493859989160e+02 2.665958397629441048e-02 -1.481706646303806475e-02
9.870409438066428720e+02 8.755570165688260431e+02 -6.413146750065102687e-03 4.372796539481140290e-03
2.387227070748512858e+02 3.469218439911643372e+02 -7.128430419462879197e-02 -1.742525902694475604e-01
1.112404562963087756e+03 2.072330212521247574e+02 1.165190044364205514e-02 1.501648486223440201e-02
1.489903105727203467e+02 4.878113898459466782e+02 -1.631898362739043484e-01 -3.362904761773241047e-01
2.872548129180656247e+02 6.633516148496796632e+02 -1.163221401520561247e-03 -4.528473209343291707e-03
7.608861084182241257e+02 3.948997388411589213e+02 -1.634524443340753738e-02 1.461152124886497781e-02
1.147880336400883380e+03 3.520804030082862255e+02 -1.124101954330471165e-02 1.123457903795024512e-02
3.100021135576147913e+02 4.875679903249372842e+02 -1.103444989320279861e-03 -5.069193115924454547e-03
2.460379454579292542e+02 6.663202723301263859e+02 1.955530764463716750e-03 1.850513370036784228e-03
5.031072602239471507e+02 4.797350609056983899e+02 -2.387894207537508834e-02 2.732554853392484689e-02
4.220127089812377790e+02 1.096318059614360664e+03 3.493453903722706249e-04 2.866228798258798650e-03
1.531010160459785538e+02 4.866955969902005563e+02 -1.839859826850882007e-01 -2.803944108262860224e-01
2.547228550779205705e+02 5.589133672194636802e+02 1.033852242656119469e-01 -1.743617601732840583e-01
1.158287811500891166e+03 3.319663361265110098e+02 -9.291629736118451818e-03 -2.079293141160590622e-02
2.694132585210332991e+02 6.559778780961959228e+02 -2.222340938453501273e-03 -7.131588440811941322e-04
2.218163002973577989e+02 7.152622828881696933e+02 -3.733832433961805156e-04 1.252079333252737381e-03
1.025047898751835419e+03 8.664210038937859508e+02 -1.537289088871895580e-03 8.255808491680503500e-03
1.150388621371611862e+03 2.121032986935461793e+02 -1.623910268155650790e-04 -8.182966383802434129e-03
2.885976887800078430e+02 5.990688283014746958e+02 -4.217969076425970819e-03 -6.311462950229229391e-04
1.323655695328242473e+03 3.350075172518611453e+02 7.949862124423186238e-02 4.337933282319494932e-02
1.030613165927850559e+03 1.601829021601441809e+02 -2.161068435473473184e-03 2.659489875489750698e-03
1.241851783273132696e+03 2.738597685519857805e+02 -2.720508995251761861e-02 -1.126678621405048999e-02
1.942596150481276140e+02 6.916525905539298265e+02 1.890029385170446637e-03 4.965646052594388689e-03
1.140021411197331190e+03 3.141595379187609751e+02 1.996046655211841381e-01 -8.265444327313524464e-02
4.769336766472321187e+02 4.858180119543702631e+02 -6.094205189888631186e-04 -1.035268092548471703e-03
2.910084011661575687e+02 5.777847392625848215e+02 -1.039186847679846905e-02 7.033971984518046054e-03
1.245919487500026435e+03 3.553187146088468467e+02 -4.740848073162968329e-02 2.928386428400998887e-02
2.770668507416934290e+02 6.746232837981075363e+02 4.121257249252185972e-04 1.200103850853320416e-03
2.652952089120498158e+02 4.811569343519718700e+02 1.172106040385103576e-01 -5.427364846123161612e-01
1.127954422035866628e+03 1.863460576144698848e+02 3.550577373846296181e-02 1.956323112211090162e-02
1.172259958864176497e+03 2.555066384787367042e+02 1.038085593334039675e-03 5.285054762059543387e-02
1.108176702848120158e+03 2.400450498159780182e+02 -1.945105802086584401e-01 -1.167624052416386393e-01
2.232163849974930940e+02 6.821594881645805799e+02 -3.476734993358663109e-03 4.682152246369687860e-03
2.818162627055704093e+02 6.056991918459676754e+02 1.425000331151144752e-02 3.139178469909398306e-02
2.903712712780168772e+02 5.877977181698486220e+02 -7.964433947632576505e-02 4.191467106760354833e-02
2.684516352868676563e+02 4.054474656270256219e+02 5.156200482033601595e-02 2.426085427740504452e-01
2.314895697970542017e+02 7.247876230212762039e+02 -2.414634970747897569e-02 2.055674060668840133e-02
1.235448014724148379e+03 1.335646618617737715e+02 -3.250549840861885476e-03 3.053757262621263537e-03
2.349792644952095486e+02 5.704174662246163052e+02 3.156122150168350071e-02 9.719516817194789882e-02
2.656957829935680024e+02 5.375653535366184315e+02 -1.272000491486213469e-01 3.027645905870104404e-01
2.116423859941774879e+02 6.765545938182418695e+02 -7.336595293621161031e-04 -4.145904860499537679e-03
1.227295976655700770e+03 1.490290950126937162e+02 8.914734654525198910e-04 -3.032660228702842645e-03
4.173080759202254058e+02 1.094514208403495331e+03 2.060878663990092004e-03 -1.593334997479170945e-03
1.015054748642115442e+03 1.630188751234421147e+02 -8.613275505912483532e-02 -2.475487196602764728e-01
2.610942594444169913e+02 4.468034563216475021e+02 -4.431388644389239878e-02 -3.045592342017673926e-01
7.213006886872403811e+02 9.209513031175973765e+02 -1.369861153677272292e-02 3.032536439553442167e-02
2.498009709148237789e+02 3.748577530002567073e+02 -8.703254548622692266e-02 -2.607138365690591653e-01
1.559312183723867236e+02 5.032332937291627672e+02 -2.557048903118093741e-01 -2.676105237803593218e-01
2.495949242733909443e+02 3.996356780943056606e+02 -8.181100678998017017e-02 -2.981348714781452136e-01
2.206237131518751369e+02 7.082187860126566648e+02 -1.028103643163561084e-03 -2.426805075012254849e-03
1.177894976394971309e+03 1.935879435354715383e+02 -1.417850394153055520e-02 3.023459758278792403e-02
2.258293729948647410e+02 3.345968834226608237e+02 -4.740904326305838551e-02 -1.642249236579945981e-01
3.066741832568353630e+02 4.927615920396937099e+02 4.593434817390160303e-03 1.372724934494422809e-02
1.030394790376265291e+03 2.950161229335641337e+02 2.640071393780360140e-02 -9.392000143303574911e-03
2.485321182433019658e+02 5.531307652158237715e+02 8.653842904574771122e-02 -1.835995715177020371e-01
1.129881075142770442e+03 3.419518526420714579e+02 8.248929937037859095e-03 5.760741083228275439e-02
1.207155074379933922e+03 2.374376737001206550e+02 -1.791245235519436582e-02 2.533783059589249029e-02
2.976270134639726166e+02 5.643013531731207877e+02 4.715855753729871619e-02 2.041602676917213255e-01
1.709498243008994507e+02 5.122442113342291350e+02 -4.881724135624744276e-01 -2.216237229605665104e-01
1.167868568927880460e+03 3.199395153069723392e+02 1.382783708346539686e-01 1.420015717612728712e-01
1.205853922104155799e+03 3.862263379113085193e+02 9.222467153415774693e-03 -1.186120767216371046e-02
1.038616695115697894e+03 2.446243132985009083e+02 -6.386231872589984149e-02 -1.001750432935688828e-01
1.007416741236917346e+03 1.972607908507264654e+02 -7.836170409812232007e-02 -1.824750562428359146e-01
2.857965633400375509e+02 6.287539890108465670e+02 1.076673481509541827e-02 1.547382638575234802e-02
2.199488552033642463e+02 5.945669356058094763e+02 -2.212605913368152072e-02 1.591776728077901326e-01
2.519070022950154453e+02 3.616601517815181523e+02 6.105928415029222844e-02 1.858753361908065671e-01
2.712894699794820212e+02 3.684909683612975755e+02 5.018950048443317907e-02 2.110712986475318242e-01
1.010385668319884530e+03 2.563295938317543801e+02 -4.668440698329991145e-02 3.496131913331708418e-02
1.936030694935762710e+02 6.645742483293553278e+02 -1.689597752353889371e-01 3.075142613695581728e-01
2.595915865997102969e+02 5.118154024407966176e+02 1.434088078469103744e-01 -4.126247418137182765e-01
1.189984325002598325e+03 2.070563529369332230e+02 -5.944559093763072477e-04 -3.784885702891856857e-02
2.657346029291359741e+02 4.376910053896114050e+02 -6.410637105987818107e-02 -3.184312644405149495e-01
2.874475215638831287e+02 6.502013454052615771e+02 -2.903316108771458823e-03 1.561288586157892925e-03
2.614431732143060003e+02 7.055743420279550264e+02 1.205783955310722657e-03 5.352172916439098746e-03
1.154108778016664473e+03 2.227914120720274127e+02 7.594192337918603299e-04 2.599577735374436743e-03
3.220289763763939845e+02 5.504565834654265473e+02 -3.167748027505744388e-03 2.952477863726305114e-03
2.201792467091262893e+02 6.949235628576994941e+02 -4.565398041105796743e-03 8.871968745084040514e-03
1.471838777252277453e+02 5.212563300441089496e+02 -1.091636273016744346e-01 1.863392692605649603e-01
1.036412791282208900e+03 2.251167364781115907e+02 -1.528035855600803905e-01 -1.570602081565773966e-01
2.550311758556369455e+02 5.239795150191403081e+02 1.645680481849408350e-01 -3.878802143607603670e-01
2.228740100556094887e+02 5.879388290975964537e+02 3.596913050666212391e-02 1.159994838427542418e-01
1.236108571744028950e+03 3.991497977874857384e+02 -2.389281475769724876e-03 7.550727329137970050e-04
2.566386757907372385e+02 3.534140650601109428e+02 5.058813723525640987e-02 1.623057438595343072e-01
1.127554854584964232e+03 2.385836159525810274e+02 3.221385627843218608e-02 8.566308364788598542e-03
5.167678440542870248e+02 4.825906205760825287e+02 -3.741879845698925858e-03 4.547593490761499095e-03
1.147386131210527537e+03 2.205938637447182771e+02 7.929629935692181220e-02 8.677914173834680445e-02
2.415287696827113848e+02 5.762050339688329359e+02 1.673514134220515648e-01 -1.165165669137314813e-01
1.107325049280308576e+03 1.940544323251339733e+02 3.477105665611852220e-02 -5.132199983431223050e-02
2.838886910218081994e+02 4.804610781610576282e+02 4.731357797385609548e-02 3.441244444361276078e-01
2.325292641492845576e+02 5.135119079208681114e+02 6.049269895672998443e-02 -5.605009987931722781e-01
2.424015256920623074e+02 3.592073002193937441e+02 -5.244411726308872979e-02 -1.674448450815785028e-01
2.743698111431054372e+02 4.146060975278077194e+02 8.225365900851965006e-02 2.687715793972861311e-01
2.048510385398253106e+02 6.904039771090150452e+02 -2.563905645772727830e-03 -3.909249117996431259e-03
2.457816971167187319e+02 7.006059383763640653e+02 -3.499841043294497824e-03 -2.537907957410893457e-03
1.132755268129037404e+03 2.238638718637649561e+02 -7.162290393262983786e-03 -4.960291397322457406e-03
1.162528531423587310e+03 3.238274946535716481e+02 1.392041926056924450e-01 1.137675137034012268e-01
1.036992153439700132e+03 2.827580575914792576e+02 2.730102586797734845e-03 -3.528200580564989919e-02
2.886437916191009663e+02 5.616681979284705903e+02 -2.232522938837487592e-03 2.916513346065940926e-01
2.435634224588702352e+02 5.631911584129298944e+02 8.656272474752031709e-02 -2.302072935476768278e-01
1.104214804416587185e+03 1.980001402958764061e+02 4.065663006472637619e-02 7.165954471637062118e-02
3.172702614802243488e+02 5.353146379238194186e+02 -9.083247263341077266e-03 1.260666262467539369e-03
6.555407845331843646e+02 5.096892672880238706e+02 -5.113120889773041522e-02 1.953443723606549665e-01
2.056406794748727691e+02 5.576653147252117151e+02 5.222222358230003969e-02 -3.771153138538402838e-01
1.242662461327342044e+03 2.954946342034407394e+02 -1.986684406497351077e-02 2.103704331401300143e-03
1.165897747714946945e+03 2.446181008825471679e+02 1.668244478771994943e-02 -3.036008141807294836e-02
9.739092818403792080e+02 8.553984888072982358e+02 -3.423447725408145046e-03 4.564752681365390370e-03
2.766364315415481201e+02 3.944255758011925650e+02 4.793036951306001159e-02 2.293507106322299482e-01
7.063849709325763797e+02 5.827520811086446884e+02 -6.016927805101676989e-04 -1.761597947828668579e-05
2.587266291723647669e+02 4.176589395248913661e+02 -6.526574752106373278e-02 -3.108601242591497171e-01
2.006687243669696556e+02 6.432457066525274740e+02 -1.674466220692020224e-01 2.859036959193849703e-01
1.099276417391181440e+03 2.121656810093877823e+02 1.517986336301027465e-02 -8.189987615443389268e-02
2.404999097742692697e+02 6.340488288616206773e+02 7.655704150266165985e-03 1.016657230795344445e-02
2.698041113236099022e+02 5.485564570203138146e+02 -6.750671714986357375e-02 3.089832167295028520e-01
8.280873880850466549e+02 3.907920092068440567e+02 8.284369046941493855e-03 -5.432227284667632541e-04
1.116144543661927401e+03 2.366290598575409945e+02 1.107811523013762199e-02 1.462389709111489011e-04
2.435341500735883926e+02 3.331657845745321538e+02 5.608535904324039867e-02 1.776543639813759345e-01
1.190042381252924315e+03 1.834295976742896244e+02 -1.278020265540407742e-03 -1.275738653809177156e-02
2.451595061148234436e+02 6.827903524142164997e+02 -6.823917298517175045e-03 -5.578133889471111224e-03
1.127379014269719164e+03 2.205581118324982413e+02 1.037644740347219621e-03 -1.214325904365691142e-02
8.816606671936208386e+02 1.100565926751735560e+03 -2.915875528233840739e-04 -6.096872204516960882e-05
2.497172373036556223e+02 3.414463925050475268e+02 4.380691572603751666e-02 1.733750366395292730e-01
1.149621051152237897e+03 2.452850104291851778e+02 8.325841723998934430e-04 -1.140509983370398099e-02
2.629415544937938307e+02 3.410222431218017505e+02 7.319790305445812717e-02 1.845111503791687646e-01
1.118213801905003038e+03 1.926283135290282473e+02 3.706515458528802931e-02 2.686903240687052441e-02
2.873450873324299550e+02 4.332976048967559564e+02 1.087917878294471924e-01 2.824843247545384961e-01
5.516579330616063999e+02 5.227043711752637591e+02 -7.587748384301647425e-04 -3.112528784726291149e-03
1.428541184159561510e+02 3.917045325197075272e+02 -1.525797548901049790e-03 5.336053949959181086e-03
1.058223866650999071e+03 2.381932374391008977e+02 -7.146930422273987948e-02 -1.579958259535819698e-01
2.357721128622790445e+02 5.838737975682138313e+02 1.607219646221909048e-01 -1.559700145460170551e-01
2.401030005423519071e+02 6.799821235242088733e+02 -4.559933866575517462e-03 -1.199516927465538174e-02
2.349599431051823331e+02 5.977090967604542584e+02 1.905274991738349910e-01 -1.692697390581200945e-01
5.115940911164543081e+02 4.574655206413286237e+02 -5.665823115485649859e-04 -3.301398745195861708e-03
1.021577325690457883e+03 1.820885714509326476e+02 -1.928751097818443561e-01 -2.682671964564883882e-01
2.739731537179262091e+02 5.140274406996998096e+02 -6.362163057237449348e-02 2.795939831866592895e-01
1.192735012539646277e+03 1.841425346733273045e+02 -2.498734298562862218e-03 -4.421163267731925695e-03
1.177917664311100907e+03 2.980365072345886119e+02 2.935002265701854296e-01 4.166885602058858877e-03
2.361753073041905111e+02 5.940776861801629138e+02 2.223408438722683511e-01 -1.021192633654495058e-01
2.815731648862667953e+02 5.402756496321517261e+02 1.040070376321898180e-02 -5.347895389126963717e-02
1.135315259220125427e+03 2.147973820105347329e+02 7.726879214881745075e-03 -2.727739540059256895e-02
2.042853975663068127e+02 5.721870181208198574e+02 9.213316108951354055e-02 -2.477060661224062543e-01
2.059655148273117504e+02 5.807105897915496371e+02 1.467176931500190074e-01 -2.217883387985263854e-01
1.061336014474444937e+03 2.998957719195203708e+02 3.669996887342361937e-03 2.411438375702346093e-04
1.351485967674102085e+03 2.607520706772421590e+02 2.854642850988426111e-03 -6.053560214224539514e-03
2.530423180962706908e+02 5.727480547780413644e+02 1.937848029114042636e-01 -2.828305031632444289e-01
1.020181421425501640e+03 8.614306595319486632e+02 1.145705449123802719e-02 -2.580158538340597205e-02
1.079583686395473933e+03 1.611262004722185850e+02 3.122318693787144023e-02 -7.902037416853840979e-02
1.048365117275353441e+03 1.725615440344147089e+02 -2.183805296483277199e-03 2.838621402656432875e-03
1.253358085329349251e+03 3.036617199654395449e+02 -1.884616783154522551e-03 2.152481171397467759e-03
2.480383507524807385e+02 3.303590517996136100e+02 4.910396647148804888e-02 1.675949485522711113e-01
1.134051334287397367e+03 3.648670064181455928e+02 -7.425878906903139731e-03 -6.074632258686379904e-02
2.263029143951382594e+02 5.935078341626394831e+02 1.987794631032137049e-01 -1.443584568064230911e-01
1.136482495466531873e+03 2.314369425559837339e+02 -9.227974289358663665e-03 7.319915009997718380e-02
2.333557275262663779e+02 5.763708624022586946e+02 2.169989597611825943e-02 8.478810663879951526e-02
1.103371811704861102e+03 3.318168327058078830e+02 -2.926516604873198590e-02 4.674048757351280670e-01
1.775070397834563494e+02 5.689847579945029565e+02 -1.992669381768770454e-02 7.043832164375017808e-03
1.103349442118421621e+03 2.321863871129593235e+02 1.854427838882449905e-03 1.149548999746000458e-02
1.084826714357126320e+03 1.998178666368612255e+02 -6.711373863436615253e-03 3.718395969012434736e-03
2.028398975458190421e+02 5.865359308449221771e+02 1.612408169914880951e-01 -1.277821851446702406e-01
9.696085815032273558e+02 8.840026377635064136e+02 -1.689040755473518538e-03 3.778758240380486900e-03
2.726300102074087590e+02 6.546410157472979563e+02 -1.758062081837961877e-03 1.955569604206175427e-03
8.271395605151518566e+02 3.297862562924644863e+02 -3.753403271672942597e-03 -6.226376830255506145e-02
3.225731614629532942e+02 1.053329140277740180e+03 2.840151766271377040e-02 -4.610094590297158373e-02
2.428047109665018866e+02 7.221442902799061585e+02 -2.475125057025373901e-03 -4.351794000301494048e-03
5.733792123015550715e+02 4.765532500243043614e+02 5.923268738927005284e-03 -5.831267493165611868e-03
1.170925065671533048e+03 1.945745712343440630e+02 1.652569061784696369e-02 -1.308915866555293746e-02
2.765149267055822406e+02 5.009947269697632350e+02 -8.819930862971218921e-02 2.856945928860567530e-01
4.913299718173132078e+02 4.639987702982391511e+02 -6.175891768361232471e-03 1.024447537838681262e-02
8.056857224533605404e+02 8.763943093963048341e+02 -1.113073043443769646e-03 -1.284747272168238180e-03
9.452265537746990276e+02 8.529930271672303661e+02 -3.798840059080068471e-03 -9.989142487673162603e-04
2.360851046443988537e+02 6.133991855597980702e+02 -9.626723201126473339e-02 1.062030318674469648e-01
2.212708601950799618e+02 3.035691094436540993e+02 -5.816626183279355322e-02 -2.286120328739183749e-01
8.328123484324538595e+02 3.166937316853048401e+02 8.328322510003613108e-03 -7.363613828786555850e-04
1.116157784331629273e+03 1.855436482060070205e+02 2.385149844805241684e-02 8.987156694880296670e-02
9.969734183183830964e+02 2.172571375325411793e+02 -7.278794155662679684e-03 4.407175192477158499e-02
1.159364318616601167e+03 3.171618067533049725e+02 2.322274229006847379e-01 3.988010440419918583e-03
2.452800843450756645e+02 3.401392022476603643e+02 6.390997597164874144e-02 1.774979311827986905e-01
1.127606074261851745e+03 2.128852780492312036e+02 2.332627684911067756e-02 -1.959630253712404610e-02
3.173333162130027745e+02 1.062108604529429385e+03 6.623882411859783464e-03 -1.001220682730923073e-01
1.023134853230504405e+03 1.671771332020912268e+02 1.129373634357041644e-03 5.712479726898013043e-04
1.038538027971468409e+03 1.717758797407948066e+02 -1.017591003838193980e-02 6.668330922273994245e-03
2.135123144095113901e+02 5.930992360965949501e+02 1.673948201966262428e-01 -2.876497702048407823e-01
2.598841017446432602e+02 3.287141036753789081e+02 4.657017178140569064e-02 2.105327568789064629e-01
1.010478659126469211e+03 2.022693451928547006e+02 -2.801221473518607924e-02 2.161414056436582187e-01
1.043853953158957438e+03 2.573973763535300350e+02 -1.108288532446718155e-01 -1.406295173399587373e-01
1.168643042631049184e+03 2.979388918200227181e+02 3.864905587942447096e-01 2.148039006212484198e-02
1.100555208089647067e+03 1.973210537673777196e+02 4.866380248970044592e-02 -4.235208813075629075e-02
1.179945163862821119e+03 2.436170701899134485e+02 6.504480132202888377e-03 -7.665794889298145620e-03
1.970504739934222869e+02 5.943197528453728182e+02 1.197898307239862181e-01 -2.421948596368707352e-01
1.127084182624152618e+03 3.285652102954466045e+02 2.951366424890288290e-02 1.666727826490767631e-02
1.203489957056728827e+03 2.808189416366179785e+02 -4.199482759547505661e-03 1.861232054392021953e-02
1.171385097765662977e+03 2.238313043266762463e+02 1.545291841430208521e-02 -1.995580147088011486e-02
1.177100419853213225e+03 3.285996534447456838e+02 1.110044205852273591e-01 1.034400800394483511e-01
1.058645275956214846e+03 2.907318471370280690e+02 -3.467693378718532653e-03 4.628498904116557650e-03
2.336676793022105869e+02 6.889744412561532272e+02 1.628671425784418945e-03 2.478566224977380664e-03
2.539581673788695468e+02 3.251872700682077948e+02 7.239323207745926303e-02 2.130486032496673177e-01
1.224636399135131569e+03 3.261876301878562003e+02 -2.410698148957302403e-03 6.331552846871142670e-02
1.176220495468687432e+03 3.471887112981024188e+02 4.469907619858360564e-04 -1.718465443889947552e-03
7.644124566173462654e+01 3.179322876396995525e+02 -5.525402324040966373e-03 2.335111106090310539e-03
1.015196854841249547e+03 1.728440056397002991e+02 -1.067642622533651192e-01 -2.575457999024561850e-01
1.307111231655965867e+03 3.208338517124377063e+02 1.458819674695418789e-01 2.828725733843103288e-02
1.025197505959850560e+03 2.476535746406385670e+02 2.749390582199105326e-03 -7.276269285542281799e-03
2.408385289396939299e+02 7.029165551341720857e+02 -7.037092544803186939e-03 1.269157035820437165e-02
3.900568527772486505e+02 1.086688782790655523e+03 1.684507294623983215e-02 2.196738220003014580e-02
9.613356958986295240e+02 8.694250960876712497e+02 -1.324203331528629388e-02 1.085421947944422219e-02
9.831788356929399697e+02 2.008474339891592706e+02 -1.782829005158234267e-02 -4.425596103327968968e-03
9.953043871903309991e+02 1.953858084922311775e+02 9.315790490834748028e-02 1.419538480887242715e-01
1.112002143881582015e+03 1.728284648562812720e+02 3.497874910978437252e-02 3.677026820675743241e-02
1.161647356094267707e+03 1.705078150701434936e+02 -2.116068209478600207e-02 -2.288337896421616720e-04
1.067933887510567956e+03 1.644340616543874773e+02 2.931445163619290570e-02 2.115367041583756866e-02
2.420123756761140328e+02 3.204180051857590001e+02 6.827770220540896329e-02 2.008085216290198538e-01
1.036561070144170344e+03 2.931978052930962235e+02 -5.244320093796400739e-01 5.614353192499869083e-01
2.546601501804707368e+02 7.020101239928626455e+02 6.863280723320481017e-03 6.639095021077226141e-03
9.724242905247618864e+02 8.304882940015826307e+02 1.928457043972779325e-02 4.011117076549570309e-03
1.066418572671057518e+03 2.196846767923440495e+02 -8.216758937332951929e-02 -6.966306569186110804e-03
1.852575011551844000e+02 6.183644142268269661e+02 6.385747346887129909e-03 -1.477039300745992823e-01
2.774044193070394044e+02 6.388503047804476864e+02 -1.283855629944157146e-03 3.162196398944156286e-04
9.886130010636888983e+02 1.926798774928573437e+02 1.146955799487474476e-01 1.118898927506547930e-01
1.158861645255548410e+03 2.465002189660083616e+02 -6.281486963328884732e-03 -4.376952382006995407e-02
3.143210013340283808e+02 4.719881527034545456e+02 2.276175374559573968e-03 6.518003952873983355e-03
1.075392270188243401e+03 3.001776008384346142e+02 -1.814429613623473325e-01 3.520971478781852182e-02
1.095018364263333751e+03 1.726088829575861894e+02 1.735514028669238595e-01 -3.234320297916030984e-02
1.133608502126487110e+03 3.503655348202831874e+02 1.605612716129243330e-03 -5.926096088717933662e-03
2.243619857306539984e+02 6.585382173639462735e+02 1.412859973400616004e-03 -8.620273886118402632e-05
1.105745079929683470e+03 2.188940614046864255e+02 -1.104034928526307219e-01 6.336150649441227301e-02
2.385174839279820844e+02 6.616563145498375889e+02 -5.643270710682863830e-03 -4.117560547140981797e-02
1.044954925156122044e+03 1.805171708390914489e+02 3.667223303446547761e-02 2.407156783229903382e-03
1.040375534281464525e+03 8.484250000477591129e+02 -9.107376188771157052e-03 1.205372600700927582e-02
2.545326932199997430e+02 3.155976105948323607e+02 4.857213993578694822e-02 1.773163201707275982e-01
4.635043964943379251e+02 3.926484419717149876e+02 -7.389353175589763467e-05 6.196017434669358077e-04
1.263276322980025498e+03 3.883100795172549624e+02 1.049377199052008158e-02 -5.482058139727771610e-04
1.900703012349863457e+02 5.088817481415009070e+02 1.637746672887938071e-01 3.018588923552843473e-01
1.182189009980425453e+03 1.844899893181336950e+02 2.470568174539543652e-02 1.794732185748816600e-02
1.142031052787863928e+03 3.268722299721949867e+02 4.465929304030333280e-02 3.454979086955806133e-02
2.623054320494095464e+02 7.095033212507831877e+02 -3.352200056816841329e-04 -2.220117572451812699e-03
3.693840664401868139e+02 1.043091047144206414e+03 8.176241899106441446e-02 5.349445266843794872e-02
2.507829895560553553e+02 6.982289078341181039e+02 3.750077031332583761e-03 4.746188041287882978e-03
1.923111564740572703e+02 6.183176138399909405e+02 -1.374672813731414242e-02 -1.678911351583497746e-01
1.180516065443977368e+03 2.164949552468170566e+02 -5.442013455147407495e-03 -1.100212141838371668e-02
2.658030116916805241e+02 6.770807924588339120e+02 -2.362133647043512721e-03 -2.753843411854217660e-02
1.158586403942913648e+03 2.948512259345339430e+02 3.125250662476964369e-01 -1.141058020001357309e-01
1.013710244197091129e+03 1.910971520935534897e+02 1.721688366914336521e-01 1.264788073236105537e-01
1.168250595200540602e+03 1.890620375068680232e+02 -2.769271067014451079e-03 3.179295271813219886e-02
1.084100353324183970e+03 2.178305874181751278e+02 -1.583299220235651061e-02 1.852780070992009892e-02
1.169924873491083872e+03 1.724702577933686314e+02 -5.950516057480692393e-03 6.953152799821559447e-03
1.080665329571735811e+03 2.070403971204301286e+02 -6.783215379980470257e-03 1.335391941163767936e-02
1.167180154705988571e+03 2.478783375754534859e+02 6.488854285407796851e-03 -3.920185518833284137e-03
1.102489746164975713e+03 2.516810090624881866e+02 -4.071070452242129267e-01 -6.809650963670899060e-02
1.811722205710377978e+02 6.226266183182993927e+02 3.315128554949649253e-02 -1.257324683954671452e-01
2.346213250107360295e+02 5.362803376850951054e+02 -9.569896850404920052e-02 8.794261443779868848e-02
2.607635279117043297e+02 6.193105535760728344e+02 2.370763610891720580e-03 -1.731355176466332565e-02
1.182206890269163750e+03 3.184380108885211484e+02 -1.728330350768076881e-02 -4.603097507321823878e-02
2.488006967959933036e+02 3.155321374454035208e+02 5.708695541623333425e-02 2.081775108309615874e-01
3.689018867264259143e+02 5.181931993801207454e+02 -2.015289041344991636e-03 -1.387182965892393670e-03
1.223264700220777740e+03 3.491543971945917519e+02 -4.470118014463121681e-02 1.717074356157458070e-02
2.907543663671516470e+02 4.751963438490305407e+02 2.884872016879527074e-02 3.503348108652045712e-01
2.967149705547531653e+02 5.011487427903815046e+02 1.793258030676832954e-02 1.231428010823491376e-01
1.516755167983769184e+02 5.050738535417199842e+02 -2.394061198817071523e-01 -3.024220846612165059e-01
3.109203244785076095e+02 6.014395788055085177e+02 4.013297932874143256e-03 -3.355335393728250178e-03
2.111711974989314058e+02 6.181381976456365237e+02 2.273638953089754666e-01 -3.484529968423898949e-01
9.831939566509427095e+02 1.822660660180986554e+02 9.100112565029391809e-02 7.938581476023326422e-02
1.087249461654582319e+03 2.286736054084288412e+02 -2.546149834188327077e-02 7.560424730856689889e-03
1.252728488476061557e+03 2.501027915791534042e+02 3.076435258038478712e-02 -2.108506701543883671e-02
1.896535031265763394e+02 5.173750649551250262e+02 2.127989248472873796e-01 3.485274336733322764e-01
1.069798703322581105e+03 2.320753001678858141e+02 1.656633327452299888e-03 -7.162157744084319058e-03
9.987730853063226277e+02 2.271463838663678700e+02 -2.105544230809557223e-03 1.500493083515514045e-03
1.216905620819980641e+03 2.960466070030807941e+02 1.055728815672770000e-02 -3.143282300559146342e-02
1.156340193931292333e+03 1.649053393020806766e+02 -9.714366171267263496e-04 -9.582231264839899659e-04
2.587637213992244938e+02 3.850912657013694798e+02 4.192934119375010815e-02 2.007191780369080580e-01
2.826398347379524694e+02 4.951497404854949309e+02 -4.455663431090924748e-02 3.440691624304273444e-01
1.151439837200007332e+03 2.752483597749425144e+02 2.045025481113925958e-01 1.613888417340050146e-02
1.135897048918811151e+03 3.408235315155703233e+02 -7.909115738325769862e-03 8.140027682468551490e-03
1.777021491398097623e+02 5.095375812201136227e+02 -5.114653651657108391e-01 -2.098312688091947265e-01
2.061875647610354747e+02 6.388775914824217352e+02 -2.076647762411452935e-01 2.977560692114638585e-01
1.765794878852198906e+02 6.177015910011634787e+02 2.892087350776668259e-02 -1.203740285173123536e-01
1.192809383376294818e+03 2.445301228818769061e+02 -8.139460161628178994e-03 1.963122717383903801e-02
1.160624238575362369e+03 1.984638450973641852e+02 -2.390192853598963052e-02 8.959192546514583091e-03
1.153584560262649347e+03 2.365358394180516370e+02 3.790682273730264663e-03 -9.318609012449016737e-02
2.541661618590353555e+02 3.063767991984196328e+02 4.094236162264179579e-02 1.629458011120096528e-01
1.144849846591467440e+03 1.502431001493069687e+02 1.691716968577052773e-03 3.889417399549999904e-02
1.100520840990824581e+03 2.430358386392625789e+02 -1.529862744699373583e-02 1.518890092471126467e-04
1.399335541613827445e+02 3.890133884590678122e+02 -1.668545897312206320e-03 -5.804549951279222055e-03
1.211616209104537120e+03 2.425192181330314156e+02 -1.260320598924922174e-02 -6.589075089898910591e-04
2.672985557843156812e+02 5.134075287862136747e+02 -5.594350660922571550e-02 2.226745758847246681e-01
1.024287106230580775e+03 2.209196592493548792e+02 -8.495898133812018749e-02 -9.663622467729794663e-02
2.205683071344931250e+02 6.976738217210317998e+02 -7.206223661887859074e-03 4.575894006911136974e-04
2.059533410598513115e+02 7.166087321266710433e+02 -6.684902000262240261e-03 3.625676806674875408e-02
2.454307699076868232e+02 3.101265443823353962e+02 6.244588058858552282e-02 1.815143377389137336e-01
1.252687753533471323e+03 2.659231455337828720e+02 6.058642249780688688e-02 -1.077578364371937214e-01
1.189060589988559514e+03 3.209511457045088036e+02 -2.023244024826904158e-02 -1.131353354539986825e-02
1.170377939115798426e+03 3.550164109816081464e+02 -9.610626293061335116e-04 1.851729639671723104e-02
1.170326056153608761e+03 3.692652718240054810e+02 -1.566422271431779090e-02 4.911562439583171125e-02
1.084514254378040278e+03 1.780037257734828415e+02 -7.304383100196027920e-03 -5.909997218803836327e-03
1.202818812368775752e+03 2.676340142652643976e+02 -3.776254898229585647e-05 -1.781680652030526472e-03
2.022220795383785799e+02 6.149537339974750694e+02 2.415233556497691503e-01 -2.980477201972765999e-01
5.213850351900173337e+02 5.335704462407044275e+02 6.158772094189465113e-04 2.439239643977224087e-04
2.153602620591945254e+02 7.570467044760262070e+02 1.224537199261242250e-02 4.877079921676782080e-03
1.094632529538722110e+03 1.560297320060052471e+02 8.525046586204426680e-03 -1.821550826273543242e-02
1.126818124645907346e+03 2.735855792481168010e+02 -7.190902055927916869e-02 1.518731557805511889e-01
2.367131831360715637e+02 6.405669591736026405e+02 -4.816366410921091301e-03 -8.720495929187653886e-03
5.111672588395636581e+02 4.274058866488144304e+02 -9.059028460547094604e-04 3.906665677115399586e-04
1.173166318032976051e+03 3.378887124471644370e+02 7.605123775544715692e-02 5.462845170677103901e-02
2.808688432134938466e+02 6.930918849136171502e+02 8.006932351950936735e-03 8.379716605861743314e-03
1.134336279249999279e+03 1.820832295059864236e+02 7.695654791591956256e-02 -1.500053784603286311e-01
1.058949060209411982e+03 2.530354126775198438e+02 -2.299916034390844244e-01 -5.344194774441689277e-02
3.055185239587857495e+02 4.582737402358063150e+02 -6.213208489918078774e-03 1.739723573194736431e-02
1.147278616009013831e+03 2.810325465754185643e+02 1.650857822192077218e-01 9.950824190924573501e-03
2.471155341408193351e+02 3.050630512512318546e+02 3.669047968506714691e-02 1.742063074351984930e-01
1.027140519683191769e+03 2.446522541215725823e+02 -1.185047903849990002e-02 -8.010941992922689103e-03
2.716011468511453586e+02 6.789324530726237299e+02 1.250746563287089995e-03 2.289787143772770150e-02
1.202014969623148772e+03 3.146526207202065848e+02 5.458379817225944564e-01 1.293008555051684272e-01
1.119919070647032186e+03 3.188456248210700892e+02 8.096132619537098341e-02 1.055333826607450370e-01
1.961408174045017461e+02 5.870147946391350615e+02 -5.328732124683921260e-03 1.244610056866110072e-03
2.168344191076858465e+02 7.115756334703823995e+02 -9.752560542881750366e-03 1.261563817080812294e-04
3.121149209405581360e+02 5.222385870454903625e+02 8.768623681167814557e-03 2.858122608362533359e-03
7.898986378631966545e+02 3.981232921258578017e+02 2.969759614000830415e-03 -1.736129900812028240e-02
1.057184016598029984e+03 1.928447164956409097e+02 -5.667863812580573729e-02 4.249749775502271315e-02
1.057699976539375257e+03 2.047252867353359420e+02 1.841973355146325417e-02 -3.851352361098685836e-03
1.042323597858105813e+03 2.422971266622103883e+02 -4.971799963128808314e-02 -1.628587902413093924e-01
2.366768043607427217e+02 3.067820742518308066e+02 6.344001228378826074e-02 1.859465370252169902e-01
1.155874593557722164e+03 3.572593617092588261e+02 -5.585683469166724535e-02 -2.301476833745217526e-02
1.930111664369269420e+02 5.939327834078587784e+02 1.471676753936755899e-01 -1.723321212015095083e-01
1.215959116456503580e+03 2.267603871369146589e+02 -1.928888792041321548e-02 1.037225839735068759e-02
1.795498904292531961e+02 5.762574774970295266e+02 -1.354830010101717129e-02 -2.975401859803343887e-03
1.033663965905364648e+03 2.108441148913082657e+02 3.518709623395208097e-02 -1.444251981804715035e-01
1.124687894050046907e+03 1.820188041155489316e+02 1.209224277505754029e-02 -2.328060987772603840e-02
1.183518097410709515e+03 2.313330168329547405e+02 -4.735225262474964530e-03 1.180646252160532511e-02
2.257602783256596695e+02 2.932873047990875079e+02 -5.244528683627205229e-02 -2.758261743004065680e-01
1.017493343960081802e+03 2.163408509540296620e+02 -1.023943341500452159e-01 -1.189624741116805245e-01
1.152901010601344751e+03 2.295925230632653324e+02 -6.147648324028576888e-03 2.344441272668505369e-02
1.145325847465346214e+03 3.046334600095034375e+02 2.945398390833548485e-01 5.378806966784983878e-02
2.117436393625646929e+02 7.080852464976364899e+02 -5.936838816565755822e-03 -8.381224615290835261e-03
1.048631491409750652e+03 1.968306594417597921e+02 -2.207780571686509541e-01 7.139645400689194517e-03
2.435664026319769562e+02 5.760916268214426736e+02 1.502310279042682328e-01 -1.005603467437900939e-01
2.004309409766404144e+02 6.349548213168317261e+02 2.034902648301297745e-01 -4.104206179220717399e-01
1.002716175736240075e+03 2.067967881204486957e+02 6.806454252544875960e-02 4.757195786140632210e-01
1.124697275492366316e+03 1.754618948635343259e+02 -1.460199692826966156e-01 1.331590546365879202e-01
1.026376472070892760e+03 2.671922089299970935e+02 -2.486800747899095467e-03 -1.600407712490334181e-03
1.129795232960346766e+03 2.808006003957165149e+02 9.206241190170395827e-02 2.662310775433977122e-02
2.484799556886979133e+02 6.053586229499304636e+02 -1.362227058271333058e-01 1.415275390589429971e-01
4.926042018598086543e+02 4.708198500833869957e+02 -1.012758754437782446e-02 3.876409905594561250e-02
5.017314150720577572e+02 4.881530471333192622e+02 -2.970819308427508076e-02 4.746031317667512989e-02
1.140918979008564065e+03 2.986902588166936425e+02 3.330731502119777532e-01 4.022640775005123515e-02
3.036975645244583575e+02 5.448867220751598097e+02 -2.228679894921153579e-03 6.327375233056278803e-03
1.100132765889693019e+03 2.800471878026342551e+02 1.859861959553402166e-01 1.044321988927515987e-01
2.676172015635095818e+02 3.925998965441726227e+02 4.448514586550231936e-02 2.329695351284641336e-01
1.058746790385069517e+03 1.639630809861869523e+02 1.867957383836937879e-01 6.351930599571602165e-02
1.134619307136085126e+03 3.365973692333832901e+02 4.587813960005462238e-02 7.995685671031652064e-02
1.045437239217843853e+03 2.499092192556746852e+02 -9.146373326503531853e-02 -1.035415578484144283e-01
7.183687436452236170e+02 9.808923529658981124e+02 -3.648550027586248273e-02 1.015040034581733523e-02
9.959857691829254236e+02 1.757795994806203339e+02 1.158749110170550628e-01 5.733049620559500792e-02
1.029614359694169025e+03 2.904130140742623780e+02 8.267568096617819093e-03 -2.278155779421733862e-02
1.077515485987070633e+03 1.875074196415116603e+02 -1.378693580081744637e-03 -6.908909307701757707e-03
2.451641163068676121e+02 5.379487724550282337e+02 -1.646947086800044924e-01 2.007218429759318745e-01
1.154392985140266092e+03 3.054331909055364918e+02 3.273775388243829743e-01 -1.215568025929354840e-01
2.548034700580979859e+02 6.706121841124971752e+02 -1.735030957469326895e-04 -3.387571868971905528e-03
9.893271874711095961e+02 2.257353508124742802e+02 -6.082918731334371887e-02 1.414604575492523775e-01
1.058583982665852318e+03 2.294320654256584646e+02 -5.747576559282189385e-02 -3.378290835235375766e-02
8.270054280898272054e+02 3.364215009464961099e+02 -4.572082257555835916e-03 1.314811843802468107e-02
1.093107456770398812e+03 1.639060060823744038e+02 -3.117762527262782912e-01 6.844947068130065315e-02
1.086535382920252687e+03 3.036122719968009278e+02 -2.973969543975912844e-01 2.336211746092936858e-01
2.899916104990998633e+02 6.703649166371257024e+02 -2.746085842598494121e-03 1.518492269906986927e-03
1.005908006836666686e+03 1.740605496873039613e+02 1.684907830161572195e-01 2.941369121169432402e-02
1.315868021254138512e+03 3.303626394700600031e+02 1.158492705706936077e-01 3.848742120098586766e-02
1.175731186812618034e+03 3.809317639445606574e+02 4.450192034680105352e-02 -4.970978051876867587e-02
2.571193703381038063e+02 3.150292460978846520e+02 3.297897559454978506e-02 1.717030812778134463e-01
1.188168228518913111e+03 2.166797642743388508e+02 -2.758816268298497441e-03 -3.188281601304542023e-02
2.419673398071481358e+02 6.965410741097890650e+02 2.494959577309281695e-02 5.916373575326245443e-02
1.000498380613199515e+03 2.203767248724032868e+02 -2.598204611758326427e-02 2.220460986867452136e-01
4.700852684227821214e+02 9.414915724903886485e+02 -1.860867418700577671e-03 -2.584600028416334221e-03
2.338618194188005646e+02 3.505244086374524954e+02 -4.416428959032758089e-02 -1.626116227711900952e-01
1.000099821161000250e+03 2.368644415106993790e+02 1.233207612998949744e-02 -9.304117639989568922e-02
1.086731540166749710e+03 3.406709174281774608e+02 1.719367445352173313e-02 9.179103096132970596e-03
1.873454801721905199e+02 6.291169261369474270e+02 2.007765154957378562e-01 -1.647252525664673339e-01
1.844235097976824420e+02 6.457906669933275907e+02 7.575816332150636656e-02 -1.891214585662335246e-01
1.022451767816456481e+03 2.034742913287629165e+02 8.367639940569659984e-03 -1.939034782682078628e-01
1.145349833275603714e+03 3.623122275314930789e+02 6.525089650278914633e-02 -1.296123057566713754e-01
1.063136620312631976e+03 1.683216900058866656e+02 2.916387535851248936e-02 2.938509328082599889e-03
1.119998005139753559e+03 2.914393335739659960e+02 -1.700213658511370574e-01 1.279905231808770028e-01
1.215970499926551838e+03 3.293745733947320105e+02 2.164420640077777472e-02 6.174012779586209032e-02
1.196651537401225823e+03 3.573942653595557317e+02 1.319158954528677763e-02 -3.760877849137500561e-02
1.257165114141067079e+03 3.933711142253811772e+02 -1.942051008153788255e-02 2.019333662176523575e-02
2.571217943192930875e+02 7.143802370399145047e+02 4.768463602678982803e-03 -3.576827731841780190e-03
1.086090243596940354e+03 2.622514836756772070e+02 2.494170471516435061e-01 2.297645319105931505e-01
1.217679965481979934e+03 2.855730070590510650e+02 2.978190373748930073e-02 6.975993226038876283e-02
1.281771697101743939e+03 3.701531896785367053e+02 3.350708203779125677e-02 -3.723299663893726852e-02
1.133203787081634573e+03 1.633999174139217985e+02 4.941233422356178240e-02 -4.565320242069768886e-02
1.179340178845314540e+03 1.828713575464192616e+02 1.236165325576425444e-01 -5.088967076629802994e-02
1.199457963994555257e+03 3.753871049379650913e+02 -1.671853979586683525e-02 2.065981423644631942e-02
2.364507298622057192e+02 7.017253612921290369e+02 -6.933420526919782147e-03 2.318217109185545174e-02
1.026195523837060136e+03 8.599670487062556958e+02 -1.916096250024486303e-02 3.096333050092326192e-02
5.302366827542416559e+02 4.839071384178514563e+02 -1.564942285839216601e-02 1.187293588255958557e-02
2.544536075974542655e+02 5.928836190396206121e+02 -6.967867916758661850e-02 1.713974857195889323e-01
2.188765169454264594e+02 7.413067610766403277e+02 5.996586526469473198e-04 1.139200929950691561e-02
2.836097328860487323e+02 4.131454547699015620e+02 7.585526290847399711e-02 2.714647538860588405e-01
1.041389682285408298e+03 1.769569050026446178e+02 3.932237621669359105e-03 -3.306786400610740861e-02
1.197978523913383242e+03 2.240871818046956889e+02 6.319445100843444629e-02 4.016049264436105659e-03
2.312605031880670481e+02 5.786097302576429229e+02 1.455988689620634491e-01 -1.306771466188912934e-01
7.928396098544845927e+02 3.676375400387013883e+02 -1.483230421946623353e-03 -6.641906505456277900e-03
1.088458218717858472e+03 2.532287484628126322e+02 4.349251229705860394e-02 -3.374194421763960783e-01
1.163449288595347980e+03 2.344511026463470671e+02 -5.175077733061904731e-03 6.179742655025972052e-03
1.082919258575785307e+03 3.111925406332841249e+02 -2.602841184535079067e-01 2.805541651189429331e-01
1.137093454968780861e+03 2.230231211325149161e+02 -7.027104697770552438e-03 5.891926984055828598e-03
2.340523045660850130e+02 2.970278472377955836e+02 4.711273493649672378e-02 1.341148195370030494e-01
2.749240185935610725e+02 3.867584070228217570e+02 6.690180362138851977e-02 2.198416696757991562e-01
1.125331986697354068e+03 2.362506934730496369e+02 2.593927504917433943e-02 -8.018874480562739049e-02
8.173791177177581631e+02 3.315896862451829179e+02 -4.942613579494263554e-03 -1.184799467058951505e-02
1.139112811464466404e+03 2.457582283891154873e+02 -1.435810298033175086e-02 9.489800547864718494e-02
1.192742336377538777e+03 2.839092222344532388e+02 4.733022520896611185e-02 -2.182582908962899665e-02
1.213404102139073530e+03 2.253382326073742945e+02 2.380328317859234030e-02 -4.033464675049806825e-02
2.538508489452466108e+02 7.069323266745317369e+02 3.272438836437551943e-03 7.103277197202538876e-03
1.138750946270309441e+03 1.876301143812300154e+02 9.369335871023546161e-03 -4.204658950623022667e-02
1.083253075920505580e+03 2.679750554118904233e+02 2.611517857102872431e-01 2.485659621716950485e-01
1.255828024788960420e+03 2.962804349295683437e+02 -1.908992345598079510e-01 2.651212213311282540e-01
1.185588213848859823e+03 3.067544116021323930e+02 4.834576047944191823e-01 3.768488785468567664e-02
1.224221393893504455e+03 3.603459897653708026e+02 -5.779554028120514886e-02 -8.593203375224808468e-03
2.483424583117638065e+02 6.999480671898951414e+02 -7.790284617108511611e-03 1.067867511891762433e-02
1.098894036018779161e+03 2.340055845165026653e+02 -8.233298455495079160e-02 2.321524465325203457e-01
3.017821177861620185e+02 5.330995050839181886e+02 -8.971193384545682326e-03 -1.188521365043983605e-02
1.277832097549844775e+03 3.501274388021808477e+02 -4.289903634075630245e-01 -7.352422140843126175e-02
9.842132039117735758e+02 1.880488378658052397e+02 2.361437182492358566e-01 -5.518638672524881633e-02
1.012681661326445465e+03 2.094042602205936703e+02 1.874734921054571016e-03 -1.558222615992071458e-01
1.064722653431750587e+03 1.990268610478871096e+02 5.452599125952575787e-02 -1.810383214997993151e-01
1.095165021018109428e+03 2.269642932954841115e+02 -1.604442683679533632e-01 2.386747231943698033e-01
1.318867221476305986e+03 3.300289061119191274e+02 3.058988763502080988e-02 4.364034020935983992e-03
1.992803304566354541e+02 6.299610871801684198e+02 2.330162435388103970e-01 -3.963902562021454634e-01
2.335019756339404182e+02 3.231916744740300373e+02 -5.476411193801182520e-02 -1.969680567199144638e-01
1.027924320604005970e+03 2.184911569903893565e+02 -2.027409503960277692e-01 -2.135914658832469837e-01
1.077210311495617816e+03 2.814642802720364898e+02 2.333195794353900565e-01 2.983162567132789933e-01
1.098162777611325737e+03 1.816189647863700145e+02 -3.687720505034316337e-02 -3.487903262316717490e-02
1.901988640544319651e+02 6.511620367724102607e+02 1.873944124356586860e-01 -3.779455301321052452e-01
8.306474740738180174e+01 3.332922638015803614e+02 1.362145771573313943e-02 9.433392969313211807e-03
9.763915690200332165e+02 1.739551315614978648e+02 1.079368656008050376e-01 1.260879868088908284e-01
2.791287914856171710e+02 7.064389610833884490e+02 1.155924293107645807e-03 8.558788416225092052e-03
2.394295744338304814e+02 2.950277112963588593e+02 1.013103590982495847e-02 1.696832303577224255e-01
1.737555239562643976e+02 4.793791042057155209e+02 2.840286878368708523e-01 3.550322274041789461e-01
9.874680407915949445e+02 1.796477781694636064e+02 -2.332695318419268984e-02 3.291929633882226258e-01
1.166321330031729531e+03 3.336244842743794834e+02 4.957029469297822427e-02 1.120116145115773038e-01
2.701180588030253489e+02 6.842465619838500288e+02 2.028933023087518134e-02 3.635398931348845369e-02
1.272835636553892300e+03 2.917462593625120348e+02 -5.226239333549132643e-02 1.553437678972179603e-01
2.533017749410420834e+02 6.972727332351460063e+02 1.412871202701674114e-02 -3.655123996460565156e-02
2.768948948497966853e+02 4.367835620129754943e+02 5.593353524696303980e-02 3.571492820459689632e-01
1.089920098725105163e+03 1.999528700049335157e+02 2.965351374009036339e-02 -4.866523015158313870e-02
1.236180356900339348e+03 1.357722695550057210e+02 -1.316044979160467705e-03 1.905531606530829706e-03
2.388288561805231609e+02 5.853833908268051118e+02 1.343138128162009726e-01 -1.549237209994173137e-01
2.491320897234227800e+02 5.878332325778128506e+02 -2.385660385089820659e-02 5.497932426875207224e-02
2.127574404715057028e+02 6.922689651326111289e+02 -3.612886150777051483e-03 -1.668679357392319467e-03
1.051366323303327363e+03 2.270524462888723178e+02 -6.910727941028328714e-02 8.748285437722123914e-02
1.103580896782410491e+03 2.167858367074544219e+02 6.007534063757183351e-02 -6.049678322680489967e-02
1.082091856174394707e+03 2.322002854189222774e+02 -3.124233120537805442e-01 -3.276979622555212940e-02
1.136677402181644766e+03 3.553868839470031844e+02 4.329552852401060727e-03 -2.162675226283162014e-02
1.133175253570072528e+03 2.593297554107930978e+02 -9.358331312669446872e-03 1.378797833364127021e-02
1.209665030697805150e+03 3.703846258595398240e+02 1.387259226154422855e-02 -1.794098968483461010e-02
2.508849314823687848e+02 6.410594019739580744e+02 -9.158677409326501997e-03 1.645378075697328038e-02
1.100734348177196352e+03 2.038052853678421457e+02 -2.818775951186580642e-02 -1.062560268131218233e-01
1.102358437444531546e+03 2.534858648943856849e+02 -4.433921676412211355e-02 -4.049674382995620547e-01
2.637378632188582515e+02 6.066466661939266487e+02 3.469932066511915991e-03 -7.887446209053905477e-04
9.994598256282160946e+02 1.688169511910926985e+02 2.430572210227725793e-01 1.675132880844253450e-02
1.109772477104727386e+03 2.018238047378316935e+02 -8.131318247513909248e-02 1.209655621849354962e-01
1.093268673261936328e+03 2.625997434055167332e+02 -1.262318344551658922e-01 -9.525776527887236389e-01
1.153594024817245327e+03 2.437482199144332071e+02 1.307943081262692361e-02 1.202257323216050083e-02
1.131493604981601266e+03 1.786477811864851901e+02 1.820592931881362397e-01 -2.091700583866327179e-01
1.160661330531750536e+03 1.882257507523819697e+02 2.368885238849673374e-03 -5.709140416138934644e-03
1.219016964256657729e+03 2.993127293660148780e+02 1.125614095924934790e-02 -1.451685407726951635e-02
1.227149077743609269e+03 3.358576248730528846e+02 8.412784382626828372e-02 -1.978020043399705309e-03
8.650061268572228528e+02 1.102310388730958721e+03 -1.115040145123202819e-04 2.230105689510050206e-03
2.705118542284986916e+02 5.359436477816112756e+02 -6.417795777898366305e-02 2.482541630198216720e-01
1.087449530169966465e+03 1.565265764145478045e+02 -1.105754099331466948e-02 2.562916979216033064e-02
2.408492123122733233e+02 3.563487319300232912e+02 -1.685883360198910386e-01 -2.239167904984989965e-01
2.960006701736379000e+02 5.015003162711028608e+02 -6.147221180168133906e-04 3.092038163785778421e-02
9.833078465741942864e+02 1.703237734191565949e+02 -1.548538478197350335e-03 1.005200044908036716e-01
1.206970952766922665e+03 2.886417710625312338e+02 6.396704364008725524e-03 9.735130441835227952e-03
1.193825966532322127e+03 4.015238378367650967e+02 1.835318305499045871e-02 -1.518781573803861494e-02
1.098770113646553227e+03 6.610604217491068084e+02 4.362740031550716943e-04 4.811637452567433084e-04
1.029461570104148649e+02 4.170003085223328867e+02 -1.142715634022766769e-01 -3.461917269727632362e-01
7.861403828776462888e+02 4.142192279588505244e+02 -7.107572648354562594e-02 7.456720181965011129e-02
1.120260759603879023e+03 1.920667087106299107e+02 3.289965417079656479e-02 -6.314119103969460800e-02
1.018296912179381820e+03 2.390939521605137656e+02 2.129513650758781129e-02 -2.126845526280021770e-02
1.070020817498180577e+03 3.392282316181111810e+02 1.500394117033101715e-01 -2.767041261237295768e-01
1.220499777564280066e+03 2.460562446385540056e+02 -1.374068628094391939e-02 -4.346736546088095232e-02
1.216296491240947262e+03 3.388279180286598375e+02 1.607011434462947419e-02 -2.343901323658428848e-02
1.185014848041013693e+03 3.877866481377209311e+02 6.604918482025823323e-03 -5.403372287633146503e-02
2.458928353059435494e+02 2.927441473825964522e+02 -6.923078019076338296e-02 1.651081205289675891e-01
2.583108392755743807e+02 3.745954060000667027e+02 4.456468276507763449e-02 2.012338690417365683e-01
1.646510391923651753e+02 4.793200332416765264e+02 2.399863939508482813e-01 4.645929594536966079e-01
1.060956679934169415e+03 2.569411078949187299e+02 -9.260038198965503398e-02 -1.425469493914164332e-01
1.081848309928614754e+03 2.971623947340581822e+02 -1.037238280572125859e-01 3.883074630657503690e-01
1.160915235243981442e+03 3.509513051439344054e+02 -3.171975475065854505e-02 8.771426032676761519e-02
1.188102980967596750e+03 3.976255504483390837e+02 -1.928215665890320452e-02 4.499690982398855260e-02
2.439969147702914256e+02 6.775511787187899699e+02 4.671496120466874132e-03 2.914134210142549364e-02
2.367172529697252230e+02 7.465914354923069141e+02 -2.161050669349625156e-02 -4.321565664163529163e-02
1.130588521652199233e+03 2.128474737216018298e+02 -3.035055063668076758e-02 6.097811317011331278e-02
1.016067281476772223e+03 2.065091626661965449e+02 2.867541609351126689e-02 -1.046668300464365237e-01
1.228213344494685089e+03 2.433594729306959152e+02 -7.146840996276957044e-05 -9.745162799843078150e-02
1.121308827607767171e+03 2.837383617333481993e+02 -1.076239595213544092e-02 1.475334359437567855e-01
2.566131239116220968e+02 6.045453129854870440e+02 5.633185660449478282e-04 4.550962478251883297e-02
2.271590641300761888e+02 7.318642709036992073e+02 2.052093845996177598e-02 1.717626806856225805e-02
7.242334394036637377e+02 9.778162144517436900e+02 -4.987155974216958554e-02 1.156579627612266264e-02
8.982799711484214811e+01 3.417014441294077756e+02 7.200164021602025724e-04 -3.537349749775774155e-02
1.005523321057002931e+03 1.692426728293508518e+02 1.494288222018256007e-01 1.601485167576962854e-01
1.121738018877124659e+03 2.099743058604567807e+02 -3.601171076658309794e-02 1.265013256961754554e-02
1.086244153311808304e+03 2.899961606344102165e+02 -4.745161003491678992e-02 3.718057668297985452e-01
1.076144208579892165e+03 3.024179505056995936e+02 -5.238160489301706135e-02 -1.557849637710221891e-01
1.144498272194851097e+03 3.554774139321861526e+02 -4.928057233277762655e-02 -2.386695139459031004e-03
1.094033448332987291e+03 2.377223896380930626e+02 1.105162836190061171e-01 -5.078389112588866175e-03
1.020770555050484404e+03 2.856752313752512578e+02 3.347539996414639063e-02 -7.622132584246799070e-02
1.785375201654807427e+02 6.415734655069003338e+02 1.094582954847140854e-01 -2.578725196754191873e-01
2.627361271854439337e+02 6.703122846845286631e+02 2.727606198681087248e-03 1.156111280874199537e-01
1.027757374790081712e+03 1.917349827483917295e+02 2.070061197648316864e-01 6.559716258758828411e-02
1.070072579287749249e+03 1.815442791749930507e+02 -2.460333877096625241e-03 -6.084181641167680371e-02
3.047923629091034741e+02 6.233274070010758123e+02 1.069757057181457138e-02 -1.607068775011181311e-02
2.240971957837567459e+02 7.395032859099369489e+02 -2.207078152173679725e-02 -8.165020996479574467e-03
7.201697162992862786e+02 9.792806121991226291e+02 -5.412455570885748440e-02 -1.166740757701302880e-02
2.368325910937535355e+02 3.249970138350244611e+02 -1.117337992521625079e-01 -2.612877189780438703e-01
3.178457307731810033e+02 5.167095007546570287e+02 6.197395363092789849e-02 -1.835650112637080347e-02
1.089763928232711578e+03 1.778574201824417855e+02 -2.149980038517402547e-01 4.332872882644430712e-01
1.062305830343956131e+03 2.635407168773608646e+02 -4.256157438179504204e-01 4.513473613829600134e-02
2.401531690476062977e+02 5.737398504984871579e+02 -1.901650606460153145e-02 1.083765821360416631e-01
2.564732416979148866e+02 3.635109358287851933e+02 1.472545782314309548e-01 1.627990726102659380e-01
2.719698161644341781e+02 3.783144211998011315e+02 7.775813852529012138e-02 1.825764243644165674e-01
1.019233755854525384e+03 1.960100176294061214e+02 1.958679579957447459e-01 2.546148699898669321e-01
1.103780077234018563e+03 1.785094694164672262e+02 9.868906038401803471e-02 -1.281081737129827758e-01
1.061947811439647467e+03 2.048559791219538795e+02 -2.870014978822155172e-01 1.017048657050853677e+00
1.044073982345511467e+03 2.094120895071106645e+02 -4.440392197776077410e-02 1.498769178503032151e-01
1.151056608632351072e+03 2.055501902581988247e+02 8.632446757010825422e-02 4.132748393240959217e-02
2.933234777845990493e+02 6.399052081149287687e+02 -2.057793332825497146e-02 7.545615181517462133e-02
1.090267621989691634e+03 2.087220676339192948e+02 -1.489361699866246225e-01 3.629817174229250099e-01
1.010414479866765760e+03 2.282330714395518214e+02 -2.666839111810380414e-02 1.859401941535073280e-02
1.073926114790688871e+03 2.225038873307933613e+02 5.574469845052287126e-02 -7.997794951669069674e-02
1.111369765845749953e+03 2.274497121697995397e+02 2.103509846187383292e-01 -4.293868801958467540e-01
1.070797911117017748e+03 2.579029895322553330e+02 1.722290663334357930e-01 3.995481742600456299e-01
2.666390025651891165e+02 3.791979420527103457e+02 8.884076936013636516e-02 3.312039128471602756e-01
2.660183810491314489e+02 6.821811795207042906e+02 -3.204368674922924379e-03 -3.344485755634910712e-02
1.111676009888458111e+03 1.797772733350831516e+02 1.074064530419911179e-01 -7.470556244713250083e-02
1.073110394345004352e+03 2.760687281462467126e+02 4.642003016287022527e-02 -5.863749757508222027e-01
1.103905226503064114e+03 2.943801988599823289e+02 -2.281603538948939469e-01 3.498088428928598087e-02
5.715070282542283167e+02 4.838397594741655894e+02 -4.979453944343958938e-03 3.542719424935588529e-02
1.092750959782155405e+03 1.782455673207005873e+02 -2.675156579382094793e-02 -6.481236626150395363e-02
1.100624768402312384e+03 3.313708341701567974e+02 4.026796761147958398e-02 5.647787768627144933e-01
8.140514746508740984e+01 3.340120930036673030e+02 -2.798940077246666810e-02 -3.829828817751748660e-02
3.004235271721527738e+02 5.309048207324633495e+02 -6.323059629788862351e-03 9.506030848797308863e-03
2.400753030697721329e+02 3.754935881591503062e+02 -3.398277184541313722e-02 -2.310651423684078054e-01
1.161724120817244966e+03 1.549347221941586383e+02 6.858937573717867331e-02 -2.387879430235528844e-01
1.242786453781193359e+03 3.257162479518987652e+02 -4.456200995582549132e-03 1.602207224203766687e-03
2.883793887747233384e+02 5.996572251512632192e+02 -8.386049426036379373e-03 4.744942830510581050e-02
2.691679397735757675e+02 3.672680153075947374e+02 5.298353368735004426e-02 1.792560109428665005e-01
1.126010040264857707e+03 1.509385163202417743e+02 3.467422402913042379e-02 1.361154951817411529e-02
1.149058320201617335e+03 1.895576774140079692e+02 1.694299170291439435e-02 4.288777685273240797e-02
1.168130808180470240e+03 2.172078978105175224e+02 5.173314717164127600e-03 -6.619321075523506561e-04
1.207739449231278286e+03 3.041870766149068004e+02 4.828175444341064049e-01 1.174917463257543204e-01
1.247494261977325323e+03 3.049456676534745725e+02 3.526225637071749713e-02 -8.570816797819386101e-02
1.207916413648919161e+03 3.236263805015231014e+02 4.370913947246259090e-02 -7.939854548221900177e-02
1.309159366546301726e+03 3.249033309086614167e+02 8.221187768933507778e-02 -1.572723865143327848e-01
1.211146218406544222e+03 3.591836781744372047e+02 6.433810675515714422e-03 -1.936172059244098669e-03
1.165409735568995529e+03 3.683607177773332069e+02 2.207230874296328693e-02 -3.569477996833509553e-02
3.048038700434415205e+02 6.155742087751837062e+02 4.464767053857738276e-03 1.081094629060999068e-01
2.485557102621249044e+02 7.613143620573956696e+02 -1.350852611622567756e-01 -1.986607825998968832e-02
2.799736236248627392e+02 4.044324358435670774e+02 5.996240647016293224e-02 3.047224648832269622e-01
1.063146221379662393e+03 2.494610430749547163e+02 -2.822119787688848191e-02 4.500091651844329022e-02
1.076090093503498338e+03 2.884191986972630843e+02 2.300976324789587579e-01 3.970499912177203328e-01
1.053781878598837238e+03 3.206221225315869106e+02 -5.634594545728077719e-02 7.249336114814042276e-02
2.858511548784455840e+02 6.423646209574980048e+02 4.032790535700314649e-02 7.205904202265855929e-03
6.268147178111317999e+02 4.915817447246004122e+02 3.774110406529871398e-01 -1.300015437280208630e-01
5.300682560936302252e+02 4.655813756373509023e+02 -8.437953013701969540e-02 -3.452784543203181455e-02
1.137992416863974768e+03 3.735415057522708366e+02 -3.676607358543800691e-02 -5.194108424286371373e-02
1.869863220488179820e+02 6.764300056591062003e+02 1.775840058874150196e-01 -7.283569491716791744e-02
2.967226905503587204e+02 5.142387233609683790e+02 1.964563882888607435e-02 -2.996214401785361400e-02
3.108271657495538420e+02 4.867850913923909388e+02 -8.966715397927297118e-03 -9.739748171695812584e-02
1.066495455120372299e+03 1.899144644403070856e+02 -2.447950077582087755e-02 1.497060916258969032e-01
1.120231752057349013e+03 2.337210864919846927e+02 3.751799664708718035e-02 -1.764447829514400115e-02
1.131420984262458887e+03 3.670846410376444169e+02 1.098952014464960741e-01 5.490521471910483342e-01
2.425730210493078118e+02 6.070644113424514217e+02 -9.981923030104648820e-02 1.369952142961020913e-01
9.923118984799273221e+02 1.663529954236516062e+02 1.026485940599286550e-01 -8.438783603116348231e-02
1.099934300582765445e+03 1.481671956684560598e+02 2.512305314489822125e-02 9.038331156529012117e-03
1.092507145563540007e+03 2.234370449725835215e+02 2.756336652292702416e-01 -1.054203944583025576e+00
1.103854762220974408e+03 2.415922819912425155e+02 1.447584897942761073e-01 -5.119057689171200298e-01
1.162619610052799771e+03 1.588263593034855035e+02 7.465964907169109210e-02 -4.150648178182336778e-03
1.737230122151026137e+02 6.368447284520946141e+02 1.057486462101962787e-01 -1.844816992747382867e-01
2.308408199545970376e+02 6.613835121421296890e+02 2.469324668294348157e-02 -5.838883728599739836e-02
2.591378879179176238e+02 6.931457486981699958e+02 -6.853720218499574635e-02 -4.475112604496643831e-01
3.133677967489135767e+02 5.320439512225181034e+02 -6.902616044883416735e-02 -8.047969310516692176e-02
1.099486485341689786e+03 2.277868052452993766e+02 2.099398561223324577e-01 -1.669787782499412288e-01
1.161506813424838811e+03 2.103485088734286990e+02 2.019841791747012394e-02 -7.225584968452380963e-02
1.584033337379580928e+02 5.437672689198524267e+02 -4.080587643881727899e-02 -1.265767047389658728e-01
5.145729202554574613e+02 5.077759306298142405e+02 1.529842892827559808e-02 -1.047855168469880027e-02
2.567848902281434675e+02 7.280666631295569005e+02 6.171808573357395744e-02 1.216758451622581561e-01
1.024805120916122632e+03 1.697637358779382737e+02 -9.282790879554643493e-02 3.183486646985424495e-01
1.054979199480186708e+03 1.976071516032662316e+02 2.237152622509105127e-01 -8.027778365961543150e-01
1.056443939043476121e+03 2.461398051482780716e+02 4.851726180431039093e-01 -9.738688288121579717e-01
1.237747139574930316e+03 2.985412815871370640e+02 -9.695870287108240490e-03 8.079817877520175870e-03
1.131086746558802133e+03 3.410343733451563821e+02 7.689762490061487210e-02 -1.507747114297141311e-01
1.171390899823023346e+03 3.871648901574880028e+02 -7.413563837311205884e-02 6.885333143389971156e-02
2.395027075775400931e+02 5.844699202748724929e+02 1.427960675576306071e-01 2.892136450687606344e-02
1.054335298883412406e+03 8.289894093436801086e+02 -8.252420165793713722e-03 4.579351295387823484e-02
6.862674943315000746e+02 3.981724509390698472e+02 1.002384277841201765e-01 -2.763572077093954249e-01
1.080750615245310883e+03 1.664416454488734018e+02 -1.344540033815064817e-01 1.033570787887754250e-01
1.001713515614181347e+03 1.957961060373848170e+02 1.593884637005999139e+00 -3.178630860323863772e+00
1.145788810245815966e+03 1.885276909825801965e+02 1.874979213001779499e-01 1.350943171971152879e-03
1.072427642153861370e+03 2.561042808472606112e+02 -9.635545030595267235e-01 1.919386489279190755e+00
1.082210453566245633e+03 3.168087598782441887e+02 -3.398046072595661826e-02 3.659603788310050732e-02
1.087811966286282313e+03 3.327955506070552474e+02 -9.085492585211341066e-02 -1.232207541133334416e-02
1.068907520226609677e+03 3.453766597816868398e+02 2.212701766518421209e-02 -1.573739571296357553e-01
1.173427561805460982e+03 2.285695033120036044e+02 -8.882925329794488789e-02 1.886563525979170208e-01
1.202580973535546946e+03 3.203876143549096014e+02 4.546878452952114458e-01 -2.849199523473942008e-01
1.131011190611118082e+03 3.626932477743260961e+02 1.343349294704694330e-01 -2.964945832953560512e-01
2.769212113932007924e+02 5.376347544639821763e+02 -1.002047182647629597e-01 -1.096668053398275333e-01
2.652148408490450038e+02 5.505024776462415730e+02 8.071696532454097905e-03 -2.122121212998422379e-01
1.833103199709927082e+02 6.152631910758469758e+02 -2.190907597644269345e-01 -3.538034541765000540e-02
1.216724712084752298e+02 4.589014170978667266e+02 0.000000000000000000e+00 0.000000000000000000e+00
2.982588334568567348e+02 4.311219875635088101e+02 0.000000000000000000e+00 0.000000000000000000e+00
5.783256051579375026e+02 4.411465775692900593e+02 0.000000000000000000e+00 0.000000000000000000e+00
8.145175331909158558e+02 3.412654537893818656e+02 0.000000000000000000e+00 0.000000000000000000e+00
1.113940500729539281e+03 1.501809911452473898e+02 0.000000000000000000e+00 0.000000000000000000e+00
1.034423085287110098e+03 2.439339829238585367e+02 0.000000000000000000e+00 0.000000000000000000e+00
1.136929789166324781e+03 2.314776587121062619e+02 0.000000000000000000e+00 0.000000000000000000e+00
1.140752729276926402e+03 2.913671260727704748e+02 0.000000000000000000e+00 0.000000000000000000e+00
1.307888048196761474e+03 3.397138105613252037e+02 0.000000000000000000e+00 0.000000000000000000e+00
1.316717777706167226e+03 3.484107409008845480e+02 0.000000000000000000e+00 0.000000000000000000e+00
2.838785867361214059e+02 6.707956501912354952e+02 0.000000000000000000e+00 0.000000000000000000e+00
9.434730971530440229e+02 8.538868034049168045e+02 0.000000000000000000e+00 0.000000000000000000e+00
3.839916699279053773e+02 1.016447838260041294e+03 0.000000000000000000e+00 0.000000000000000000e+00
6.439027484872106015e+02 1.017710844239496964e+03 0.000000000000000000e+00 0.000000000000000000e+00
