1.344394062580574598e+02 3.799283077723188740e+02 -2.265379869669740826e-03 -8.322534658706184571e-03
2.653116776927899423e+02 6.845916170342410396e+02 -3.676469636740092427e-03 8.694889236220894324e-03
2.537704391265398272e+02 4.640926536757156669e+02 2.526232159186578632e-03 2.064960225562563218e-03
3.169014957797182888e+02 4.763414504363763058e+02 1.915828847791315077e-04 9.313134081954594409e-04
5.660954715168263647e+02 3.859724572624757570e+02 -3.570980763446650590e-03 4.936002994961001707e-03
5.667780302112406616e+02 3.804307382627532093e+02 -3.613056609228491346e-03 7.592240916240749170e-03
2.688057470997476344e+02 5.011838969299882933e+02 -8.329555925746547074e-02 2.681150567496642378e-01
8.303941010361902499e+02 4.078083148669557545e+02 3.183527933292635247e-03 -5.112334668178891185e-03
7.053164965005956901e+02 4.160084190475459422e+02 -5.314981725479410446e-02 -8.491652633075197007e-03
2.340756092530425008e+02 6.977795418776071301e+02 -3.119107513225459396e-03 -9.411368911253585861e-04
6.343442142080029953e+02 8.220130371034505288e+02 -3.414576107870473707e-05 3.510634678818995479e-04
9.124082668188218577e+02 8.059992139613100335e+02 6.070828144300880391e-04 -9.495803741154052119e-04
4.599766748672349195e+02 9.415527678084832814e+02 3.997301700805884440e-04 -1.511577497379644468e-06
9.070894340074586353e+02 9.242123925890738292e+02 -3.521222071785499487e-03 -3.021732178857035149e-03
9.002920514487404944e+02 9.271950749039507400e+02 9.226464254078393283e-04 3.971652379341816634e-03
7.075511896486632395e+02 9.917896530540152753e+02 5.528795839736496028e-03 -1.401902739228442531e-02
7.149747534765959927e+02 1.011541590154001028e+03 1.252697575666550877e-04 2.569083602959989013e-04
7.049246668238957909e+02 1.023664812911534568e+03 -3.605565855094586204e-04 4.051825682109206142e-04
9.844689514689742964e+02 8.461324303066749053e+02 1.435747415967799073e-03 -2.994991397551331931e-03
4.816115900134481080e+02 1.099092224000301030e+03 -4.210871293855351655e-04 7.073033514346450034e-04
7.044212642488170104e+02 1.036543126260696681e+03 -3.120335001693381018e-04 9.621056330777917869e-04
7.518732497599351063e+02 1.067650874771502686e+03 5.927484500203393904e-04 3.880494066447006166e-04
7.456306598086483746e+02 1.071527752114438044e+03 -6.416354104210246316e-04 3.107007682348633280e-04
1.311612194884388600e+02 3.248388880816022493e+02 9.215354138257000720e-04 4.513028856413346798e-04
8.997345491063678082e+02 1.102194536381050511e+03 -3.897398728879737108e-04 5.068964484742015213e-04
1.350673445111355591e+02 4.003038938575947441e+02 4.315908496717537138e-03 4.016201445375093201e-03
3.851469800003951605e+02 1.091797423843790511e+03 9.734297230620192476e-02 2.050183802956069209e-02
5.637241913503346495e+02 4.581696603743197329e+02 -1.576058506603289023e-03 -1.219003178079273737e-03
2.619214825477969271e+02 7.410673418517147866e+02 -1.501222526944684908e-03 3.399230905309798961e-03
2.742584842317856442e+02 6.193112870954092841e+02 -4.263215994138019188e-03 -1.150744547515337654e-02
4.088306704989424247e+02 1.060846769584063168e+03 -1.110330975445821856e-03 -7.748268271431544771e-03
1.009498885415337213e+03 8.168164099649692389e+02 4.091709000885437354e-03 3.626901470223100124e-03
4.875724497026255904e+02 4.478289269953903613e+02 1.219833028231070982e-02 -3.069779661770985837e-02
2.237626048309215605e+02 7.546984260649011276e+02 -6.032703092285931872e-03 -1.238225223687550169e-03
5.982750169461007772e+02 4.363724337975853018e+02 -2.328986765670235017e-03 9.399154576990642607e-03
8.314147222369449537e+02 3.236959849545902443e+02 1.677539940923641545e-02 -1.663064975509814455e-02
4.655834175277790905e+02 4.557438590207097491e+02 -1.031457109053629355e-03 8.455457456745021352e-04
2.486277826140765228e+02 7.181230471324292921e+02 5.125314246397341504e-03 -2.345658179619661624e-03
4.940532769484245819e+02 4.307869178652180153e+02 7.619139177728640432e-03 8.611073030383206706e-03
2.297696813713359063e+02 7.000865029088148503e+02 -1.355588200385513540e-03 -2.853002264609950586e-03
2.308002839238980357e+02 3.355330133029081594e+02 -4.586832189360396522e-02 -1.566030989832498665e-01
9.706836984250082878e+02 8.449368137171431954e+02 5.630250166906971589e-03 8.602269358516873368e-04
1.020753448386926266e+03 8.152510024358113014e+02 5.279211593836740865e-03 -5.070617701784441893e-04
2.017386357601470763e+02 5.085697371009534891e+02 3.395153233433145356e-03 4.134826650839061981e-04
9.564639883522872879e+02 8.498805863626355404e+02 -6.599700727508774588e-03 -1.857511429860924908e-03
8.335743678873088811e+02 3.430812753185467159e+02 4.188549242128532246e-02 -1.636673697190487234e-02
5.057286220276347422e+02 4.421096765823705255e+02 -1.751948318662858387e-03 3.327524889469389959e-04
1.004629390830825287e+03 8.321266758616126253e+02 -2.284394187113051103e-03 2.743778817102117840e-03
4.940080671110919752e+02 4.406607960801766808e+02 1.487053735720654871e-03 -9.613366050660774112e-03
2.558898565996412628e+02 7.436221623329757904e+02 -4.123741498736506190e-04 1.987131010548524781e-03
1.910378152755141343e+02 5.806970113423142266e+02 -3.613775320010099209e-03 1.304174000207501346e-04
9.885672094596405941e+02 8.229025280139038614e+02 4.084651880498088410e-03 2.953068741936647635e-03
1.016171332720250803e+03 8.096576754646532663e+02 -8.993637786357065039e-03 -1.010939269751095701e-02
9.840703223070488548e+02 8.189150069557907727e+02 -1.415443133750933676e-03 1.104533390825580830e-02
5.811740806632992644e+02 4.508166542105698795e+02 -1.202419030940039086e-03 4.885779268381825607e-02
1.244196393451076801e+03 3.968051298539934351e+02 -3.405635413448162598e-03 2.259435247889212805e-03
1.185426851663080015e+03 2.506900940471782064e+02 -2.870709782997653194e-03 1.421545290543066963e-02
2.728194077506815916e+02 4.567656545768301726e+02 4.173093463073020842e-02 -3.191517679980517830e-01
2.342252002073016115e+02 3.527933892605862525e+02 -3.925928375313409574e-02 -1.579754632168900719e-01
2.613040569206457917e+02 6.139223398054386962e+02 -4.190451331516494363e-03 -7.450637322798377843e-03
9.478470830309073563e+02 8.366515055233799103e+02 -3.668482686612376149e-03 -2.339359523493795244e-03
8.084453438792208999e+02 8.813368490608391994e+02 4.138052937317450788e-03 2.246337278535011622e-03
9.276810881297302558e+02 8.289736914924611710e+02 -1.807421579263126859e-03 4.089152599676978625e-03
9.241856844362836227e+02 8.568953334056676567e+02 1.005951627555397472e-02 -4.544685685268272379e-03
2.629013620696206885e+02 5.556184060640950975e+02 -3.318822112234640076e-02 3.667995397973892180e-01
7.959693771558884237e+02 3.648077236830081915e+02 -2.126342695162360824e-02 -6.424386242216958975e-03
9.490242830871983415e+02 8.455062468358920569e+02 1.239902849352568070e-03 -2.391894989239400342e-03
1.032492546613938657e+03 8.309543923015688733e+02 -1.506598452815434072e-03 -6.951735631993401741e-03
9.141247348518296576e+02 8.311377263826041144e+02 -1.259860730686179243e-02 4.741017776607373176e-03
9.831029108908908256e+02 8.687244041682952229e+02 4.283291993217945223e-03 -1.125103885521306149e-03
2.899330222056094044e+02 4.137539313835312669e+02 -1.064174151441805646e-02 -1.249326687239786168e-02
9.781816285527128230e+02 8.657645559145414609e+02 -5.877301043170465172e-03 -6.572491421891727900e-03
9.028530393414461059e+02 8.523872741323225455e+02 -9.159227378296407041e-03 -1.087997271737310874e-02
3.289598339021987954e+02 5.664187525593494001e+02 3.541187456236646446e-03 5.209781064638831748e-03
2.217753221561833925e+02 3.106928002003567713e+02 -6.169418228978851282e-02 -1.979429647406168447e-01
9.905466957309207601e+02 8.510185037330832074e+02 8.143740869262738186e-03 -1.769600422085429838e-03
9.669450145767914364e+02 8.743367383529028984e+02 -1.752860679629304622e-03 6.432356768440027073e-03
9.577768784734423662e+02 8.616226187249532131e+02 3.792969491706292638e-03 1.966058267600043381e-03
1.975742350490273793e+02 5.708336353457556243e+02 9.576129698112565217e-05 -1.965405110564857546e-03
2.845007105636591973e+02 4.615616393926352430e+02 3.462666219306383825e-02 2.766486806410249910e-01
5.103761054478523533e+02 4.214790093844848684e+02 -6.307331624569060755e-03 2.342726455311652800e-02
8.020671081790483186e+02 3.561657101958004432e+02 -5.636262914348176556e-03 3.623296141945997733e-03
8.017720989542635834e+02 3.467526095118440708e+02 -1.191966535784423804e-03 5.068593685350471180e-04
9.419624367414390917e+02 8.710022173490501700e+02 1.150537973188929270e-03 -2.072380602810043604e-02
1.144859083769547169e+03 2.286191851754713298e+02 -4.132245373307116658e-03 -2.064172191178994045e-03
1.172347687985010452e+03 2.145463361767246511e+02 -2.703707602367022220e-02 3.269349116235693159e-02
2.905215953480088729e+02 4.976982119277612355e+02 3.289579589642019353e-02 1.123136614245897058e-01
5.658172321865135928e+02 4.657207525580025163e+02 -3.555739683247789110e-03 2.960348243394685282e-03
1.027429675930904295e+03 8.258216033175228858e+02 6.356022960760425444e-03 -8.125820275803661771e-03
5.142707484379485550e+02 5.072152902904378493e+02 -3.887395643181941387e-03 1.698034135112399048e-02
7.340608603691929375e+02 9.645056335205321147e+02 -3.435106795433340993e-02 -5.099500368499878915e-03
9.949295474435407414e+02 8.770217223999350153e+02 -4.083050664665072507e-03 -2.092149515276852615e-03
2.115092601385859723e+02 7.017050485181539443e+02 -1.402559263731358637e-03 2.012025601870711007e-03
4.708186504313661658e+02 4.363877117498413440e+02 -2.276660073453576350e-03 4.341582736127981893e-04
7.868249408269663263e+02 3.384865194701895348e+02 1.787865100278386316e-03 -6.912895806567126086e-03
9.694332618391031247e+02 8.931145639323090109e+02 -4.137208495569328487e-03 1.173157278139799363e-03
5.710396820280218435e+02 4.310342630703735836e+02 3.218403039580711102e-04 2.892236272914757811e-04
2.166187039846194295e+02 6.997640662003155967e+02 -6.830135239643014833e-03 -2.003328258280303795e-03
9.272178576878067133e+02 8.418368930773903003e+02 -3.351559461672949658e-02 3.546810706362264753e-02
9.702916890172000421e+02 8.236440992663485758e+02 -1.514581178539494040e-03 -5.034410751442586554e-03
1.974780280506440420e+02 7.045455824315783957e+02 -1.028537972049046491e-02 -5.216678334575293452e-03
1.007332430669529572e+03 8.721444931940001197e+02 -3.375187153218269648e-03 1.878224164922564924e-03
2.258095604864462018e+02 3.077444529521675349e+02 -6.241538382778963334e-02 -2.056167713823028598e-01
4.746533610689110105e+02 4.478725374320198966e+02 -2.286033067615461222e-03 -4.551580940473610830e-03
2.950332280888634955e+02 6.583055199483011393e+02 -9.872102149542327093e-03 -2.413072507941719722e-02
9.025482247429526979e+02 8.590894852206444057e+02 6.165970395108440541e-03 -4.959704775199785982e-03
2.100588817290636996e+02 7.437871772657877045e+02 -1.314900685760939797e-02 5.255927438725163658e-02
3.035135968089343237e+02 6.402709518432670848e+02 -2.721430488338232642e-03 -1.646888822456771305e-03
1.263499055741964867e+03 2.906701096798153685e+02 -1.208193721022145749e-02 7.138127662974601403e-04
1.273364729983764164e+03 2.958795732649903698e+02 1.907181502006006710e-02 1.206491321412071077e-02
1.258887201301489085e+03 3.096042276394499027e+02 4.145298558779530324e-02 2.467219798556542776e-02
1.032174786741273238e+03 8.707600998616326251e+02 3.464249963450705264e-06 -1.018506784618855967e-03
1.001942245875966705e+03 8.159266560743882337e+02 5.374724140086856172e-03 -1.026368095541320240e-02
1.167569965823192206e+03 1.424957328402642531e+02 9.248889180228409002e-02 1.341746191496951540e-02
6.139089429187055202e+02 3.895508288357933679e+02 -3.580010553757869557e-02 6.805069794144387452e-02
3.690057810444467350e+02 1.084760120715096718e+03 -2.573146346568381260e-01 1.480438316626253303e-01
9.492749567402785260e+02 8.239130646758558214e+02 5.222802974613652283e-03 -7.510272606656045839e-03
2.451752498780245446e+02 4.970871913751078637e+02 2.735976965293964325e-03 3.710877160665742008e-03
7.176286459477952349e+02 9.558140450696696462e+02 3.666893506252194308e-03 4.222301946043390463e-04
6.339274672289915316e+02 4.717861978682153108e+02 4.476863461870181915e-01 -2.374812333750136173e-01
4.889065853108226634e+02 4.569356591211420096e+02 3.024999181425953691e-03 2.359942119639891686e-02
2.460735809994193914e+02 4.913084689590439780e+02 -2.912346112140085097e-03 2.734772750312292229e-03
4.247278974543041841e+02 1.073697117652142197e+03 1.248605946503261255e-03 -9.875370445763902421e-04
2.282182475137616962e+02 3.175254951954075295e+02 -5.351462849825531359e-02 -1.943210544863186451e-01
4.948970636861168373e+02 4.729010037482352118e+02 9.534081212139805528e-03 -3.466970544215344872e-03
2.369904335142997809e+02 7.161817219911507664e+02 -9.880985289208922442e-05 3.177832682599548292e-03
8.247734625928652576e+02 1.102282040440480841e+03 5.770951065079487447e-04 1.741009737065949033e-04
2.156423921547314535e+02 5.837943655537463883e+02 -2.881422711410134164e-03 9.964247586293201837e-05
3.205262720950481707e+02 6.072045689409737861e+02 9.668588906740549277e-04 1.388091627651228451e-03
3.343988777096109288e+02 5.624911914072732770e+02 -6.636887631005080820e-03 -5.039861834283743298e-03
7.630023538501920939e+02 3.883439641072183690e+02 -3.453256676427354267e-03 1.921158778884771504e-02
2.180198736633369379e+02 7.350325820023508641e+02 3.264083981274169648e-03 4.526150574490949764e-04
7.206099148105157610e+02 9.123025674513789909e+02 4.748928764706536292e-04 2.590394305346956257e-03
2.509246055823310542e+02 6.586482429316550906e+02 4.905489549804767542e-03 -3.868217196283451698e-04
2.684702002354894717e+02 3.004909702958780144e+02 1.639720037910772504e-03 5.525813626764033114e-03
1.163866196893895903e+03 2.136330182052284954e+02 1.733989961490527143e-02 -3.907140591916130612e-03
2.652804377709716164e+02 6.304344985397266328e+02 -9.020605441891672458e-04 3.337500421780938056e-03
8.507763710919829236e+02 9.314997523396835959e+02 6.093983413415801322e-05 -2.011090149054406667e-04
3.184275364078347934e+02 5.406176954798396537e+02 -7.807044480738239327e-04 4.271768764059481922e-03
2.113491391653820131e+02 5.838929953393096639e+02 1.487011874560255483e-03 6.085817056069428924e-03
2.430811903244749885e+02 3.729470117771726905e+02 -6.374963834799717011e-02 -1.784206841264278365e-01
2.517128175134615446e+02 7.278155712347984263e+02 6.184630572384226810e-03 -9.515608245813985538e-04
4.483377640685935148e+02 1.093379409168338952e+03 -9.543609086328574270e-03 2.825274393012252964e-03
2.062487562829812475e+02 6.808417752309122761e+02 -7.305870851907213942e-03 -1.192486332255125736e-02
2.391217354900015550e+02 6.711381363621618448e+02 -5.173594184778983023e-03 -2.398356279430496028e-03
2.341221397527815782e+02 3.334923860140995089e+02 -6.694197195629683628e-02 -1.653056070427492419e-01
7.706243891092094600e+02 4.935375190358987538e+02 6.701219821953636677e-03 -1.790499403547458554e-02
2.802731797763210011e+02 5.317775265028399190e+02 1.881609281937953468e-03 -4.160451072813416661e-03
2.904656037289704500e+02 6.303347600140400573e+02 -2.200766476605194380e-03 1.655313778249563154e-03
1.260419629429851511e+03 1.958867095842306298e+02 2.187022579736287893e-03 -4.434541141011273148e-03
4.500790422629103205e+02 1.097617501014834488e+03 -4.309101693283114154e-03 7.185328467619118281e-03
2.406412499516567607e+02 5.026322689037445457e+02 -5.011764190349835653e-04 -8.364085649972285465e-04
2.510596856386204081e+02 7.104320402004832431e+02 1.233891974236777820e-03 1.095508726487509285e-02
1.245303992498684693e+03 3.790766668346240635e+02 1.084251191494079542e-03 2.042939370220786879e-03
7.194255184419488387e+02 9.604566108910587445e+02 5.650832855260634830e-04 -1.352152251156034683e-03
2.997898117323252904e+02 6.471762260441730632e+02 -2.960711229213126763e-03 -1.661606455074731304e-03
4.266932524065034613e+02 1.080389705287966990e+03 1.361354978830503146e-02 3.874959448212663793e-04
2.275754494115783189e+02 7.100520699391810240e+02 -5.266911299367557642e-03 -3.681027191253696818e-03
1.027708253899564170e+03 2.271574465301440284e+02 -9.317896542856402009e-02 -1.572612439926054373e-01
2.389040888090614203e+02 3.781398948984019057e+02 -6.843760528917022801e-02 -1.584049571992950656e-01
2.193495842798828050e+02 6.468715073032683449e+02 5.174190885027077184e-03 9.654714533519719293e-04
2.570302970499678850e+02 7.176494826908356117e+02 -4.073291488015060317e-05 5.206845587598773334e-04
2.527041662460304394e+02 7.234329161976569367e+02 -1.116615749305420935e-03 -1.462361319290766438e-02
2.383656096580649546e+02 3.657405547317395644e+02 -6.509605275006112579e-02 -1.804243952701743980e-01
2.974502074033925396e+02 6.544694499317067766e+02 2.795849351288649202e-03 -8.528817224199127314e-04
2.351271857148081779e+02 7.103586721194916436e+02 -5.135529118763990618e-04 -1.483496732181031463e-03
1.195646517724694377e+03 1.878143799806881304e+02 -1.011581164007877010e-02 3.854950823501264359e-03
2.529096997871083943e+02 7.351002979589252391e+02 -9.249936781484979428e-03 -1.961074099015059843e-02
1.115157965302799994e+03 2.127573458884793922e+02 9.738401850857164935e-03 3.328459484918152439e-02
2.551209781769990457e+02 4.881162035248492543e+02 1.412013166093075648e-03 3.841798059563126025e-04
2.720811591189388423e+02 4.249209634018027941e+02 7.248921746723582804e-02 2.513562974540163864e-01
2.189909391376176586e+02 6.628640733877595039e+02 3.069693966960364718e-03 8.430033785039581923e-03
2.176153247920818785e+02 6.516741591378440717e+02 6.166347966427565552e-04 -5.163430747238139957e-04
1.207519105266581846e+03 3.128064727753488796e+02 7.694020716870242360e-02 -6.424615839283559504e-02
2.865171342919833819e+02 6.351915297761624970e+02 -9.813930990646434205e-02 -2.037600404641899676e-02
1.001085404828288347e+03 8.553193426438382403e+02 -3.215475024010422530e-04 -1.006522141711788110e-02
8.645406503617746807e+01 3.135555148932519387e+02 3.732077643058240540e-04 1.214253639814880537e-03
1.224277784111115125e+03 3.971526889646934819e+02 1.569020694939291189e-03 -1.286203224350007841e-03
7.531901003952413021e+02 8.452077512902562830e+02 -2.174094226917293337e-04 1.305298800664984708e-03
1.190941770710379615e+03 2.059320329903961522e+02 1.717754343810813933e-01 1.743647728374997374e-01
1.212792621609864909e+03 2.203343115397244674e+02 1.658378762740179632e-02 -1.857352620460306358e-02
2.325399005941100370e+02 6.628781121678233603e+02 -2.585569483045446759e-03 2.636149248068664092e-03
4.147443295389846867e+02 1.068699647691322525e+03 2.422394491198737870e-02 6.123141961081886298e-03
5.468431398134132451e+02 5.174874573351398794e+02 -1.911878557247278024e-02 1.161242272668896666e-02
1.131415257392287913e+03 2.055120196828704024e+02 -6.229168609623157715e-02 1.633654647479916844e-01
8.235179975578485028e+02 3.404060328014040806e+02 3.182921583048834054e-03 8.253035277317790215e-06
1.204747405899081059e+03 2.554685160151569221e+02 1.848563138627478102e-03 -7.320160883280815711e-03
2.474770958132382646e+02 7.356300142660251140e+02 3.862670179095817075e-03 3.256726498634769477e-03
2.173400544157709646e+02 2.915395640522148710e+02 -4.884550889657406775e-02 -2.200175515994513553e-01
1.148777825673076677e+03 1.772963233533182574e+02 2.400683684985968278e-02 4.205251639128486374e-03
2.762221564593092467e+02 7.011255774789907491e+02 -4.026477176386950713e-03 2.710334639370765106e-03
2.608215947748689700e+02 6.850406125434215028e+02 6.498991297757363873e-04 -3.923237082398201752e-04
2.293294216188513133e+02 7.464219690005938901e+02 -2.261165477542821309e-02 -4.288373712043803097e-03
1.973817455314952554e+02 6.614261475466661295e+02 -1.496034716668505349e-01 2.759064584223517858e-01
1.055188646815473930e+03 8.384011082770095982e+02 -1.580263681329831845e-04 -2.377333433695873622e-03
1.220182580384151606e+03 2.472087380569343509e+02 -1.402815100387255938e-02 1.297489264272139739e-03
3.054253326475487711e+02 5.468617527427603591e+02 -2.458874843632026757e-04 1.084665759494422670e-02
1.200375809509185274e+03 2.299769230615245021e+02 4.179275701071584340e-04 2.966065245896804372e-04
1.265930231653088867e+03 2.038287689357406123e+02 1.089534155032044135e-03 -2.174132344161044342e-03
2.506534639461824270e+02 4.777413217206068339e+02 1.768818103318320172e-03 -6.256708136728019246e-03
4.369028921519363280e+02 1.090986948981717205e+03 6.568998031201938974e-03 -3.696228506167262805e-03
2.456154427044268402e+02 3.914357005632575692e+02 -7.536454626560441794e-02 -2.820568960416786064e-01
3.074690858849598385e+02 5.560791156102079640e+02 -3.905170694838038577e-03 2.370256803551951379e-03
1.108230475222631412e+03 1.566087993643216123e+02 -1.697671241337489201e-01 4.309265837739947175e-02
2.674999420321838102e+02 7.200607757293673785e+02 4.593321114835515265e-03 -5.621065620963542481e-03
2.804311440523180181e+02 6.212495758672051807e+02 -4.681114050604624982e-04 1.296249138521948221e-03
2.714830867760792898e+02 6.715134135028733908e+02 -4.103610818279406630e-03 -5.361530498649329929e-03
2.992928968737501236e+02 5.103410536611705197e+02 5.726790885590405528e-03 2.048479743973079942e-02
2.696580691374162484e+02 6.959496301671372294e+02 1.988581053069538029e-04 -1.334174855698377207e-06
9.180041729984454832e+02 1.102679261237284209e+03 -1.992524268201681208e-03 9.278877816545855282e-04
2.612250529993199848e+02 6.600758777907371950e+02 -1.274970277861912351e-03 -9.256031492414238196e-05
8.215006706880195679e+02 3.845188185780114054e+02 5.185187793833645259e-04 8.140438720897579319e-03
2.665232818421261527e+02 6.618773355057238632e+02 -8.766464256933828017e-04 1.080212757299272869e-03
1.238612375088976023e+03 2.885454227041709032e+02 -5.737658107719734689e-03 -1.022627056407557529e-02
6.918208744264306915e+02 3.981784060805562717e+02 8.511350740047197994e-02 -1.465969773077968052e-01
2.824619282630654311e+02 6.865312210038543981e+02 3.496418091029650232e-03 -9.601446502209468970e-05
2.769130493011340945e+02 5.280055709289642891e+02 4.700087106294352154e-03 -4.307060935105363510e-03
2.327015700433349537e+02 3.133478272144684524e+02 -4.621777683983499529e-02 -2.140096594872985258e-01
2.416270538187506247e+02 7.362455589318306011e+02 2.709491068337610553e-02 -9.130023200062096361e-03
2.443639428687626207e+02 6.351933086019179200e+02 7.818084963000075400e-04 1.218085351818462862e-03
2.649963911601862492e+02 7.303643372584889448e+02 -1.614162048388670173e-03 2.244704144917443640e-03
2.736083207907694259e+02 4.004824573135488777e+02 7.330139453551627604e-02 2.475152518490844056e-01
2.620862941658731415e+02 7.081800875280717946e+02 1.279242716152273972e-04 1.451321607311172697e-03
8.578175116001107199e+02 1.101743412024214649e+03 2.216597884246694801e-03 -1.814280842744223998e-04
2.311065312865762564e+02 7.400031015619473465e+02 8.673392203925716845e-03 9.864516873586571394e-03
2.484732957542471183e+02 6.273770709177796334e+02 -2.443982918424693427e-03 -2.391459638434158957e-02
2.143439585266931715e+02 6.666942120969584948e+02 8.512041837541133374e-03 -9.999681599502214212e-04
7.151295041480176451e+02 8.775313245901211303e+02 -3.468815809761094642e-03 4.443680403124015271e-03
2.507888028899666324e+02 6.169310992668567906e+02 8.515759534688667823e-03 9.514798440426882123e-03
2.358691017854671372e+02 6.280435006488057752e+02 -6.444265059505285484e-03 8.847254788877149945e-03
2.578558909491297300e+02 6.377731139298135759e+02 2.043060243930103735e-03 4.781510439833669586e-03
2.529194313043250588e+02 3.924844565052533767e+02 -1.302973193209469027e-01 -3.580024022916284410e-01
1.182296764178867079e+03 2.270700082705581053e+02 5.557589680035049037e-03 -2.154199505323115688e-02
9.945888101028180017e+02 2.314573413518581333e+02 4.051065092202145619e-03 -1.805654396249908519e-02
1.116306144208007936e+03 2.237782421005356355e+02 -6.080892249234139818e-02 1.474133657141646070e-01
1.088760346456017032e+03 2.107335651602542725e+02 7.829089339082039370e-03 -1.205956814388990488e-03
1.163719030596976154e+03 3.521133864785302876e+02 7.500235765118674208e-03 -5.018385017874291837e-02
2.831573080221230043e+02 6.780428684663559125e+02 2.387264842442650414e-03 1.037621136907717441e-03
9.213638658665636285e+02 8.421232468764028454e+02 3.109328565637659372e-02 -1.438501550066602873e-02
1.236454891231392139e+03 2.770456506654664963e+02 1.231566460514931308e-02 -2.360444936754231560e-02
1.189217322203698586e+03 2.273727233995472545e+02 -1.399509424667449379e-03 -2.658262127709750322e-04
1.180114300855231249e+03 3.256857541306047779e+02 8.435961662857746624e-02 9.026213362756996261e-02
2.648320327856342828e+02 6.999282718178392315e+02 2.643465566000718220e-02 2.853985991109000975e-02
4.054706876666679136e+02 1.078364844850122381e+03 -3.651089445918162361e-03 -3.868144703398621043e-03
1.095535202498960189e+03 3.043592893102200492e+02 -3.035547217389036323e-01 2.051542442043239600e-01
1.881779061881974542e+02 5.762566216303806641e+02 4.911487662497782082e-04 -6.563599281546453508e-03
1.192701994039949568e+03 2.297628970357900755e+02 -2.324800656252717576e-02 4.387559123077491852e-02
1.212405494217548494e+03 3.124457987519120934e+02 4.098020192868536554e-02 1.074322151901532622e-02
2.318181278653160575e+02 6.274981709443148929e+02 -1.601195363980367032e-03 9.853257943092049581e-03
1.220764213033974784e+03 2.383610721119184177e+02 -1.477452406534482269e-03 5.393451977819594019e-03
2.462881657497516130e+02 6.931461216798046507e+02 -4.389560604318258879e-04 3.776837205198645304e-03
2.911482510018765879e+02 6.482641682526716522e+02 6.428270159016627211e-05 -5.380552021153004079e-03
5.239418686442575108e+02 4.774971793441286536e+02 -3.752780922076845438e-02 5.671584709293396066e-03
4.381002723376622612e+02 1.085073529525647700e+03 2.895076346494353942e-03 -9.437509591490728100e-03
1.154756646029105241e+03 3.690304241281733653e+02 -1.148846101365043164e-02 -3.253368095069825248e-03
2.701662905391862068e+02 6.353071965640106100e+02 5.094884962930579719e-04 -1.308276950759262522e-02
1.187224869151876419e+03 3.361964090828964231e+02 2.744242682280117335e-02 3.338156656803284439e-02
8.230523727869015147e+02 3.788189908741817931e+02 -2.140866915517495531e-03 9.501787333237648667e-03
1.002305990217962517e+03 8.666579756647669228e+02 4.434826538943183703e-03 4.562472159779356988e-03
2.287845474443436444e+02 6.881140354513271404e+02 4.903577760615851662e-03 -3.087463069490614578e-03
9.233180861137673219e+02 8.645274522174765934e+02 -1.758407328603281330e-03 -9.879619815601381645e-04
1.247788668787341749e+03 3.094847471420811189e+02 7.783650690825116326e-03 1.311119424903073143e-02
1.108758772435848869e+03 1.817342111540928045e+02 7.104302666163342383e-02 9.602379210817146155e-03
3.032425641421502860e+02 5.341124372306770738e+02 -7.750734158533008344e-04 -1.697040201439350363e-03
1.158958920701739089e+03 2.236840590867788308e+02 -9.072142535025235974e-03 1.301824969056942782e-01
2.785650718842569518e+02 6.589440684522515994e+02 4.555289310440903579e-03 -9.861614948278819501e-04
1.939945056020305287e+02 6.796536599289190690e+02 -5.362547600358176514e-02 2.880797358747752002e-01
3.073005110852216717e+02 6.300289577639723575e+02 6.023686133928414684e-03 2.191430498615403919e-04
1.052376718351387808e+03 1.869568998551829395e+02 6.387076578982154099e-03 1.252582041047783749e-02
2.499220288087198014e+02 6.822092354055417900e+02 7.159775585125039733e-03 -1.461444858592013916e-02
2.494046602824926993e+02 4.093109618819994466e+02 -6.399769821109742296e-02 -2.956838866504119534e-01
2.735614096482526065e+02 7.179202907831119091e+02 1.087304904100032214e-02 1.173066097997677720e-02
2.462137536766510095e+02 6.130221050667431655e+02 7.453012770006432058e-03 -5.722768324370904741e-02
7.080024582586694351e+02 4.300888933137322283e+02 4.457282321641287126e-01 -2.097975614648592002e-01
2.894687661537630561e+02 6.135146360919777635e+02 2.732336484684472818e-03 4.123329160785879632e-03
1.695060054039755357e+02 5.754734982162855204e+02 -5.664725044762759093e-02 2.661357651419787862e-02
2.826373332630872710e+02 6.516314475805355642e+02 -3.675847314465869025e-03 3.968809148623582417e-03
2.819576939951541021e+02 5.462412687012554215e+02 -5.900170124842287270e-03 -1.031807139454429534e-01
4.076158328687112657e+02 1.086361036404840661e+03 1.529437530563774311e-04 -5.643501039050515845e-03
5.685437012105626309e+02 4.259107792266998445e+02 4.486842130988703825e-03 6.518945730964233751e-04
3.137009042661445051e+02 5.050122314578537157e+02 9.496652794625630445e-04 1.053902021037359145e-02
6.011362101109024252e+02 4.400442854230457783e+02 -1.324011906704882814e-02 -9.741207955624029552e-03
4.627477134563548589e+02 4.522465458874541469e+02 1.479658220181599964e-03 -3.511972400323573693e-03
2.943462974705553847e+02 6.059087914921892661e+02 -1.611306493058824521e-02 1.359978928544118386e-02
1.192953012542898932e+03 3.425952038441789114e+02 2.035519157841170559e-02 3.784058845565704127e-02
3.139157446250819703e+02 4.965760882024052307e+02 3.698766487187608865e-03 -8.463622258566172452e-03
2.320079582712637318e+02 7.730386399338894989e+02 -2.278191772857346420e-02 -2.022100699940046487e-02
1.515288361725602897e+02 4.547589019371969243e+02 9.982957299233940346e-04 -1.219910874901938055e-03
8.187512511945466258e+02 3.361666039873442742e+02 3.340791621855426601e-03 2.949109587798420286e-03
2.301007677254072235e+02 6.395798620408401121e+02 -9.842425522323860945e-04 1.241209585468890791e-02
2.747640659796941804e+02 4.921425054678949209e+02 -3.387645624755661333e-02 3.016448198126300273e-01
1.267363198811025995e+03 2.593858321437947438e+02 2.650114255377750052e-03 9.362694491297849156e-03
1.057359840557378220e+03 2.171223750880911894e+02 1.551438164048573876e-01 -4.704314174791862646e-03
9.415437747944650937e+02 8.509491172393263696e+02 1.300320442341541208e-03 -8.762146401959578206e-04
2.319380898893936660e+02 7.145612518472263446e+02 4.121062942073644778e-03 1.964717124368158506e-03
2.925575856033495938e+02 6.613438409581601718e+02 9.629350628970450438e-03 -7.193840121983770264e-03
2.399252669147737151e+02 6.471626328955002236e+02 3.449103286702536603e-02 8.632491428780928247e-03
2.414837196978325835e+02 6.007749211133663039e+02 -1.286014531747759482e-01 9.291739078290979503e-02
1.168935274366105205e+03 3.407466019863584847e+02 9.972668890875388548e-02 1.039497216288774173e-01
1.028034499045986195e+03 1.778796215927149262e+02 -2.113329515469459796e-01 -3.009171268058519200e-01
1.071233284786772401e+03 2.342903138857737417e+02 -4.666342675672271456e-01 -1.704489795581684008e-01
1.202715827548122206e+03 2.026850898050184071e+02 -8.517132286494352722e-03 1.932855990865944146e-02
2.329144169889412126e+02 6.177000501599202380e+02 -5.341310801835482541e-02 5.511139709208146692e-02
1.210897426395462162e+03 2.791171945109966828e+02 -1.258581080577921008e-02 -2.519992224487360103e-04
2.511574354781253078e+02 6.522060169706112447e+02 1.788886467790176118e-03 5.970643733064099311e-03
1.031993243849949977e+03 2.524779674886279111e+02 -1.746252461012178653e-02 4.114480996255260800e-03
1.010014924176530940e+03 8.370056938847874335e+02 1.673090213769385780e-03 1.377164223350239890e-04
3.243791560461731933e+02 4.808160529746011775e+02 6.131959540281590494e-03 2.117319701641359915e-03
1.076257946235199597e+03 1.923009158355882846e+02 3.414479088536212807e-05 -6.282665863137021703e-04
1.228347516782685943e+03 2.742314559370196889e+02 5.442738525121598031e-02 3.912741978312583857e-02
2.998574935608411351e+02 5.767720373734949817e+02 4.578793644473440339e-02 5.553687281549780919e-02
1.008602999094774077e+03 2.372127132831768677e+02 8.970148470066507951e-02 -5.238705261606248914e-02
2.575611218427338827e+02 4.302717056399590660e+02 -5.831043705574311120e-02 -2.800811328703897152e-01
1.090535009233249866e+03 1.920516063072116424e+02 5.422676352617428717e-03 -1.141766104609587273e-03
9.871230859565414448e+02 8.756910337941604894e+02 -6.438792782634240874e-03 6.527721199064433558e-03
2.397066969528272580e+02 3.445806612180955426e+02 -7.090832614857399407e-02 -1.734860049255103898e-01
1.112427597416770141e+03 2.074536674540548518e+02 7.791796746255161103e-03 2.301660707054157401e-02
1.485409407084841860e+02 4.869806472235735555e+02 -1.538098808979314336e-01 -3.154564976904755680e-01
2.873405783991674411e+02 6.636657415785583680e+02 2.848609110447562439e-04 1.465500484104862702e-04
7.612068086423072373e+02 3.953398406341929103e+02 -1.047188795493553606e-02 2.015683444735072438e-02
1.147515251333480819e+03 3.516586558636569748e+02 -1.307585998483773437e-02 2.880979281610957735e-03
3.105107135139427896e+02 4.876724123448379373e+02 1.256816326591627233e-03 1.209517557737340701e-03
2.459290694244796498e+02 6.662252801118395382e+02 -1.435774825452962615e-03 -7.663250585683092659e-04
5.034371989996197385e+02 4.807571302857244291e+02 -2.135540928587502038e-02 3.825726513146814056e-02
4.221729308572379296e+02 1.096393748403440213e+03 2.083717245261258472e-03 -4.377270081094327813e-04
1.519949648419846255e+02 4.829181423924388241e+02 -1.783725097178468222e-01 -2.917225767895922917e-01
2.565723765511203283e+02 5.567484579421382023e+02 1.032772712569772766e-01 -1.778940572172530710e-01
1.157189648375717979e+03 3.326146444629414418e+02 -2.573080405499924769e-02 -1.760600137619054012e-02
2.694568108028627762e+02 6.558470409354677031e+02 -3.040217666272392299e-03 -3.257672515082328437e-03
2.218089978497762615e+02 7.153345164166174754e+02 1.206678419372968301e-03 1.217834526330241864e-03
1.024742147568927294e+03 8.666599965798470748e+02 -2.718688731836592549e-03 9.580304627604056822e-03
1.150612131491715900e+03 2.120057729252087597e+02 7.003961447080115721e-04 -6.627692755212745770e-03
2.888893655834680771e+02 5.987527604855266645e+02 -1.071880718125900640e-03 8.451905570470020623e-04
1.030892219875388491e+03 1.595990886990907143e+02 -2.887320891785397016e-04 -3.928089002793812116e-03
1.242333321023286771e+03 2.751368196793313814e+02 -1.919146628047021380e-02 5.814877550879166482e-03
1.936849349862390000e+02 6.923963882119288655e+02 -5.435403443583774856e-03 4.673227287089323084e-03
1.144057465733681966e+03 3.146579474075657004e+02 2.346802347148497780e-01 -7.016336237830392286e-02
4.769644109436578105e+02 4.857953617520811349e+02 3.244186848186166733e-04 1.217039765482006829e-03
2.909597285736203958e+02 5.774857557419312570e+02 -8.265636747578377491e-03 -1.819948205127387784e-03
1.245921638769868650e+03 3.555749346616487969e+02 -3.544761061066716012e-02 1.960319594079431085e-02
2.771649533639165384e+02 6.747204984352944166e+02 -8.503393999353873675e-03 1.119446814829017783e-02
2.653320506743609712e+02 4.752335442971844941e+02 8.372589598342200512e-02 -5.486071460633870078e-01
1.127510569324272637e+03 1.866353228648784750e+02 2.070757732057434616e-02 1.902496668807125008e-02
1.172350904929099443e+03 2.540929209418189032e+02 3.830028070292473201e-04 3.315694166266752035e-02
1.107785655295717788e+03 2.402143321934366043e+02 -1.539679325247305108e-01 -7.075545496296750669e-02
2.234415987757329560e+02 6.831293729852079650e+02 3.784480721630850567e-04 2.119432954084729190e-02
2.816283149229954006e+02 6.040102282089167147e+02 1.051659132834327839e-02 1.645338196669404035e-02
2.894527908886563523e+02 5.874786962097207379e+02 -8.602640715953710493e-02 3.678885573410437676e-02
2.698521798310640634e+02 4.074870426912045787e+02 5.497688998092889467e-02 2.425662877350153457e-01
2.316430844845385764e+02 7.248333780008900931e+02 -1.960930455172216896e-02 2.244198930411202275e-02
1.235551835953653608e+03 1.332556788072300833e+02 -5.280895232049665801e-03 7.053424333876835012e-03
2.357822132386208978e+02 5.709394541912641898e+02 2.576229016350109827e-02 9.070537083949706259e-02
2.652927429048256158e+02 5.424231605777208642e+02 -1.071521958994836599e-01 3.234918754702636456e-01
2.120458866286371062e+02 6.767961870441931751e+02 5.186701819801634722e-03 -4.987303884515520295e-04
1.227226338769485665e+03 1.493539803965366559e+02 3.979969652855198806e-04 -8.372663668215202378e-04
4.171703217957927450e+02 1.094333295240621737e+03 9.630424131046311231e-04 -5.534837211871040594e-03
1.016455195032756933e+03 1.619455303376951179e+02 -6.374381404121340355e-02 -2.274716844149604900e-01
2.596645272278954053e+02 4.437344621953174055e+02 -7.600188008406222329e-02 -3.029542727925911283e-01
7.210218007034534367e+02 9.211123739813943985e+02 -1.540346336150720356e-02 3.144785603893582998e-02
2.477102282007148801e+02 3.735169071453560150e+02 -9.928440498131496650e-02 -2.379005840219438894e-01
1.542793308806824655e+02 4.995532304590784634e+02 -2.462211134845680993e-01 -2.799099470127245914e-01
2.482392322267592988e+02 3.975803339837281101e+02 -9.345131388137319084e-02 -2.850337983700960143e-01
2.207220260168429604e+02 7.082405120456016903e+02 1.284737159912000188e-04 -1.636763737602306337e-03
1.177848098606148369e+03 1.943403548818153013e+02 -2.122516905116510894e-02 6.606528979943425417e-02
2.260146173430222518e+02 3.321562093666753981e+02 -4.511441106901972059e-02 -1.703344406856234505e-01
3.067073832139939213e+02 4.927113040951520588e+02 5.140092430075141917e-03 1.401632597148672228e-02
1.030291248735495856e+03 2.959573674882838077e+02 2.770292311339686217e-02 -9.060307625139166210e-03
2.482347199791500998e+02 5.511158221068476450e+02 6.965800475977107498e-02 -1.808494009165851069e-01
1.131169270407576732e+03 3.410675005907282866e+02 2.874027086559721375e-02 3.848709872785759795e-02
1.207117413163077345e+03 2.376094826255890951e+02 -2.770518867883891775e-02 2.926448217534405663e-02
2.979228085174657394e+02 5.642317451678197813e+02 4.387658258521340976e-02 1.782325108683295023e-01
1.681524769271894399e+02 5.077165170550397875e+02 -4.427882094350205633e-01 -2.472651481755804570e-01
1.167614281243793812e+03 3.210502895667351595e+02 1.280685391262716410e-01 1.323082624830486664e-01
1.205299526931703213e+03 3.868666491808735941e+02 5.035347440788977280e-03 -2.895855892119817386e-03
1.036976815929067016e+03 2.468822934237882123e+02 -7.256516414035293905e-02 -5.850392625876734559e-02
1.006609740680253026e+03 1.954544669450421566e+02 -6.016068909731966258e-02 -1.741567396331505369e-01
2.858297836976350368e+02 6.286845048289397937e+02 1.121972401573666407e-02 1.594248706013862843e-02
2.195472659904123134e+02 5.940368848174960021e+02 -1.913224502395267576e-02 1.481324906984492484e-01
2.521233863999748905e+02 3.624434236437353434e+02 5.569020911807141122e-02 1.801447639293797531e-01
2.716930793382319393e+02 3.710260254836829859e+02 5.867814722711554853e-02 2.104234834264844811e-01
1.013675509713992142e+03 2.549332816825915415e+02 -1.282470894545895135e-02 2.196420392067353899e-02
1.920061013884826195e+02 6.696131783453142816e+02 -1.578156544900515545e-01 3.380630316743709063e-01
2.606376200465077204e+02 5.061854175125926645e+02 1.340854153172476304e-01 -4.296681767076208636e-01
2.646251651825307363e+02 4.351146876004801243e+02 -7.332572324081255977e-02 -3.159064915450949251e-01
2.877244650172289084e+02 6.504998213283896575e+02 4.893232601661435697e-04 7.693015996871040672e-03
2.613332798347783523e+02 7.053682873639045283e+02 -8.100008624898809035e-04 1.283984259251354058e-03
1.154431235120031943e+03 2.224054945750130514e+02 4.798481637991325842e-03 -6.087938774340550217e-03
3.220108721419005064e+02 5.503124062164100678e+02 -3.460118051221608860e-03 2.359522778974813600e-04
2.202661744976244336e+02 6.949195513817985557e+02 -3.511864072049099717e-03 6.030534310113607258e-03
1.477638178696748241e+02 5.214419321117101163e+02 -8.812991277991814865e-02 1.751289953509408415e-01
1.034710245587778445e+03 2.250697195203976548e+02 -1.554939916203702532e-01 -1.597137051994329537e-01
2.567743309136212133e+02 5.204365507073530352e+02 1.542963737003012481e-01 -3.798787045997750189e-01
2.232357684944903724e+02 5.899287868928465741e+02 3.539096841055480031e-02 1.320053477414752097e-01
1.236399259624771503e+03 3.992766975996357814e+02 1.344047659509525674e-03 5.399482940062945609e-03
2.581017198149096430e+02 3.564299660817245581e+02 6.695447604280872766e-02 1.726533474016137271e-01
1.128552553458318926e+03 2.383833343133801463e+02 4.157143570288630158e-02 1.553858462466310188e-02
5.173664232381775037e+02 4.827240770965601087e+02 4.339175032008383594e-03 1.112989709505404941e-02
1.146743839600825368e+03 2.210671975195424750e+02 4.910633182955937565e-02 8.224042754205630745e-02
2.444009455487647529e+02 5.741778729209629546e+02 1.745839609985348484e-01 -1.291618974668896913e-01
1.109332556714189650e+03 1.921100944186808306e+02 4.949506561324776982e-02 -7.465103213996854281e-02
2.836852926223114082e+02 4.836068126804011058e+02 3.188930516724478720e-02 3.402675685082217072e-01
2.428970372416808630e+02 3.568552402073156600e+02 -4.690420347165964038e-02 -1.664534322343185213e-01
2.756841219846328386e+02 4.173242786937129836e+02 9.635757100798936214e-02 2.695026153339418751e-01
2.053111500068339410e+02 6.899883669868960396e+02 3.104400672728192812e-03 -1.033849136217330524e-02
2.452800044295953228e+02 7.000694563976161362e+02 -7.839175668675748762e-03 -6.653056544513953965e-03
1.132872886043417338e+03 2.241793516893760909e+02 -4.696399983411556588e-03 2.156486845476052443e-03
1.162002502416881725e+03 3.249161572721945959e+02 1.186092044599312834e-01 1.097714717429982001e-01
1.036780471053837800e+03 2.865077305720578806e+02 9.465465295288774932e-04 1.265431182560851180e-02
2.893199920310194670e+02 5.618679920531042171e+02 -5.124069732030735701e-03 2.652739151174924315e-01
2.425640240754866852e+02 5.582637259514983725e+02 4.317336727995728374e-02 -2.612041156497066363e-01
1.105258286783971471e+03 1.988968613396697265e+02 4.314195825542027629e-02 7.868200607691620829e-02
3.173877355697644020e+02 5.353017156279271376e+02 -1.332417860509235025e-02 8.742684949793059004e-03
6.545003248973818017e+02 5.110329177221394730e+02 -5.218854310775968008e-02 1.814214554760595899e-01
2.039146355111341222e+02 5.546461753901088514e+02 2.449738403531328060e-02 -3.814509127156869295e-01
1.242990472368942392e+03 2.942087158519473178e+02 -1.720921472477553171e-02 -9.751023013936023498e-03
1.165845357064631116e+03 2.443414368084049499e+02 1.679745956624687300e-02 -3.335383227847744242e-02
9.736969018084027994e+02 8.554037171204704464e+02 -6.865078204642972859e-03 1.974203010674257380e-03
2.763941326854857152e+02 3.960728483513713627e+02 4.067615758484826455e-02 2.167028048621699177e-01
7.064350815205715435e+02 5.828514323785871056e+02 -2.487333327422621343e-04 2.252537601730362354e-03
2.578431570853988433e+02 4.146100489552794670e+02 -7.799100038473547047e-02 -3.132217565257909286e-01
1.989844473255042487e+02 6.470739230898349206e+02 -1.559798582565602165e-01 2.787930885965163030e-01
1.100254966125707142e+03 2.086307803270523493e+02 1.825649673697391992e-02 -1.139667902990851439e-01
2.404849588731429719e+02 6.338441235012647894e+02 1.307842171241186411e-03 -7.320394252591279523e-03
2.701595167138752345e+02 5.505935108360584991e+02 -3.917990519624824086e-02 3.018652742131516797e-01
8.284065715255530904e+02 3.915953600562260135e+02 1.301727079230839169e-02 7.988960710168940826e-03
1.117297300224269975e+03 2.358091166554563358e+02 2.870887291253281307e-02 -9.462565450508121298e-03
2.433909088846509405e+02 3.350864237989461571e+02 5.242959772965098686e-02 1.806224493455572677e-01
1.190000939065299463e+03 1.839441274461953810e+02 -2.055887107250629550e-03 -3.967436093975578587e-03
2.450985719786939114e+02 6.824223161798101955e+02 -5.649431225330856302e-03 -7.527229565262627368e-03
1.127021628419053059e+03 2.211705198756360460e+02 -3.627261763031669212e-03 1.594400206854099545e-03
8.816258958105074726e+02 1.100690254145275503e+03 -3.756372724016575002e-04 1.144554282030068237e-03
2.510946507208945206e+02 3.443283629371240409e+02 4.766493021218403542e-02 1.830961182604796955e-01
1.150012525722484725e+03 2.451035716439594410e+02 2.100875404329878538e-04 -3.663457570283553191e-03
2.627347460133101436e+02 3.437111183669094316e+02 7.135233200316429270e-02 2.029093922641660719e-01
1.118942439828443412e+03 1.922351561851572797e+02 3.823903088695854852e-02 9.189237089306726350e-03
2.881863810490183369e+02 4.344549492946793521e+02 1.060930951759602170e-01 2.588039007792732882e-01
5.516027827508471546e+02 5.230186900251084126e+02 7.760633765111369514e-04 4.918103308759016676e-03
1.429440688465011249e+02 3.910824689210077736e+02 3.811813779495000607e-04 -2.078350188671967882e-03
1.056529225270328197e+03 2.348133525367358629e+02 -8.767015330211434809e-02 -1.816440011541249067e-01
2.382959401135559006e+02 5.832467940112557017e+02 1.701614579220130652e-01 -1.406718741178419052e-01
2.402239533392397561e+02 6.801685429996994117e+02 -2.551284007989412968e-03 -8.251994482593951255e-03
2.363401529960421215e+02 5.964481707004857753e+02 1.811294656261341063e-01 -1.575196715046338347e-01
5.116890566012908153e+02 4.585901336112865465e+02 4.968576954241251710e-03 1.235931826014359872e-02
1.022246386172920324e+03 1.783176607664941287e+02 -1.591700594384136969e-01 -2.686371799574683861e-01
2.717237551804758482e+02 5.165118119608868028e+02 -9.252050316541107766e-02 2.677803797431348443e-01
1.191387675684566375e+03 1.855444899472593079e+02 -1.656039905328770753e-02 1.284819020068089269e-02
1.179369206051553647e+03 2.994756524431557523e+02 2.802103580393617843e-01 1.690028774045726490e-02
2.815936777007891578e+02 5.402229230565949365e+02 4.908197790818536084e-03 -4.106838984960807515e-02
1.135711911595920128e+03 2.145793792661120278e+02 6.131138055653167357e-03 -2.102827142546698572e-02
2.019714258189364102e+02 5.697782006296311010e+02 5.522129685987108710e-02 -2.675001408630778843e-01
2.067637036304293190e+02 5.766417587806683969e+02 1.455016662585760512e-01 -2.490947335222260528e-01
1.061451078171040763e+03 2.997826758607445186e+02 6.365867970460763713e-03 -1.811789216931444606e-04
1.351012654734707667e+03 2.616502885918747552e+02 -3.050547788882678173e-03 5.352722307946752162e-03
2.528593348568307704e+02 5.711648643348713676e+02 1.418756396835800238e-01 -2.725182256468285935e-01
1.020389445335687242e+03 8.613696681524866108e+02 1.629950350625920114e-02 -1.476290925213426426e-02
1.080940146379605494e+03 1.593217248379182536e+02 2.389618921833431067e-02 -7.486827642401858163e-02
1.048329353490716130e+03 1.730904296103695117e+02 -2.220918615950434431e-03 7.942751833884740403e-03
1.253452315045825799e+03 3.039508281412975066e+02 2.283732735802481947e-04 7.951379651951293037e-03
2.482839662636523030e+02 3.315837543469585853e+02 4.533594076779075971e-02 1.618937489521042605e-01
1.132761377547948996e+03 3.676992199348906070e+02 -1.821263465333434334e-02 -3.850219527501817784e-02
2.262339102212543480e+02 5.905940539460219725e+02 1.865985592320514308e-01 -1.449668870289220757e-01
1.137579766601778601e+03 2.308575331359861877e+02 -3.510633756832248764e-03 7.403854633909139060e-02
2.336488182455784113e+02 5.770652295441916522e+02 1.645134411242031233e-02 7.711877553966173249e-02
1.105408596120032598e+03 3.357270405071799360e+02 -2.657048961892127803e-02 4.887680163076587037e-01
1.774667833752706656e+02 5.691585404265892976e+02 -1.836124492624402818e-02 8.120910551609778968e-03
1.103556549893875854e+03 2.311508698578245458e+02 3.847187433999207842e-03 -4.369375830572490418e-05
1.084885766001841375e+03 2.043590939254049488e+02 -1.294632390668669884e-02 6.002034189679907039e-02
2.043183964924922407e+02 5.844704315523789546e+02 1.584473118562748362e-01 -1.470238701791562463e-01
9.694596973732864171e+02 8.842027678339562726e+02 -1.366572334247150716e-03 2.786351018245329571e-03
2.727648275161699871e+02 6.543669140182006458e+02 -9.371319755428425893e-04 2.364674556738104172e-03
3.235737814533091523e+02 1.053759452933604962e+03 4.282809575684468767e-02 -3.482343053359285984e-02
2.428432353797920769e+02 7.221914501266519437e+02 -1.489521827969127014e-03 -3.218748979870634727e-03
5.735125076052646591e+02 4.764252982856691574e+02 8.183736874511311071e-03 -1.080797549144900914e-02
1.171047049011316403e+03 1.946954376530798640e+02 1.806089720323800912e-02 -1.321241055864454637e-02
2.768732228603030876e+02 5.042542542154239982e+02 -7.082376586532408702e-02 2.783871002671969297e-01
4.910592355402179692e+02 4.629941626834717567e+02 -7.968956483359693546e-03 1.690391277330346911e-03
8.055268067516265091e+02 8.764696430263011280e+02 -3.300798808487514103e-03 -5.564134069388300863e-05
9.453148150591478043e+02 8.529788459773576506e+02 4.778223401838812071e-04 -1.730593874517670841e-03
2.357930246315385432e+02 6.136697260398981371e+02 -8.829692027005126009e-02 8.027665071808476327e-02
2.215842504475293708e+02 3.005470335750296726e+02 -5.149379736226088883e-02 -2.399179855767923364e-01
8.343725053167191845e+02 3.165582062543534789e+02 2.910319446283494288e-02 -9.669806561384242452e-03
1.118116297038608536e+03 1.837471784144024127e+02 4.473382739638959854e-02 6.004667433259134462e-02
9.971727840140761145e+02 2.176552711870794781e+02 -1.110024163571243609e-02 3.427195911139378076e-02
1.163331999307234582e+03 3.163175004029849902e+02 2.572180936282945085e-01 -1.591650602014766172e-02
2.453933501941928341e+02 3.429200203580978723e+02 4.603177462540922887e-02 1.967841110986318087e-01
1.127247353076241552e+03 2.124552744554693504e+02 2.183845184173952708e-02 -2.503784897500690304e-02
3.172656654105792313e+02 1.061914344162835278e+03 7.381727466722758134e-04 -8.167104179854882406e-02
1.023841910044249403e+03 1.663574880677105909e+02 6.838501906754167062e-04 3.845974220495528787e-03
1.038505953873991530e+03 1.723490126375519935e+02 -9.695198184574272890e-03 1.446287723218227933e-02
2.170351599096757411e+02 5.941572911569569442e+02 2.000233584155462763e-01 -2.073463020894410480e-01
2.606288997770897140e+02 3.305664626234501497e+02 5.369738410422317254e-02 2.022042098166415003e-01
1.010637461565374338e+03 2.010778161283469103e+02 -1.560377782718457874e-02 1.976480051419008399e-01
1.044259886949996599e+03 2.548089532977404872e+02 -9.328314720351675582e-02 -1.300708709998035228e-01
1.173478990058633144e+03 2.968337202150177063e+02 4.111843393667402591e-01 2.066054770920973740e-02
1.098098140577061258e+03 2.008723502187900465e+02 1.028314457845577734e-02 3.480215698552269459e-03
1.180299062073868072e+03 2.434556666119257784e+02 9.789317451446946303e-03 -1.009469127629865348e-02
1.974979821499962611e+02 5.921321433008342865e+02 1.193360046106993200e-01 -2.238318169453710760e-01
1.203620590526396654e+03 2.809206719099418592e+02 -4.549807824352935202e-03 1.736567955213002765e-02
1.171598574697031836e+03 2.240015276514022560e+02 1.576815459633292005e-02 -1.759807393080557378e-02
1.177285891928429464e+03 3.291286958881975124e+02 9.744093728304416280e-02 9.831806420412825265e-02
1.059501445122404903e+03 2.896961523017537843e+02 5.494206804587070322e-03 -6.526395963142517069e-03
2.336782101645723344e+02 6.889306564932920764e+02 2.531664302960514191e-03 1.278917798537471465e-03
2.547135091513420377e+02 3.264960500825707186e+02 7.214056858947458239e-02 2.026985399486808948e-01
1.224811614764377509e+03 3.275931841814603445e+02 -3.794299426828621168e-03 7.769680813055571122e-02
1.176397755141087828e+03 3.469450069406050829e+02 -8.103304938406899688e-04 -1.536627135832045906e-05
7.624411551173743362e+01 3.173482250077357776e+02 -5.448889148642693803e-03 1.038763103130494001e-03
1.014392666534190766e+03 1.723026606201689219e+02 -9.364735747080188411e-02 -2.334478395082537905e-01
1.306176575140975046e+03 3.202987623646604334e+02 1.156343257762746241e-01 3.402851968849288262e-03
1.027223968461051982e+03 2.443824664911410309e+02 2.254674552907342394e-02 -4.275778035043874270e-02
2.410400357958944539e+02 7.032168487734951441e+02 -4.910589536496384570e-03 1.806621190003553090e-02
3.897606541031229881e+02 1.086945416471430917e+03 1.153540909985052883e-02 2.791396475456644783e-03
9.616676850939280712e+02 8.693933511286633120e+02 -8.760415046875249037e-03 9.305671334595673819e-03
9.827803266502965016e+02 2.012777815593265132e+02 -2.577822553773740158e-02 1.380069241232638119e-02
9.953577670725776443e+02 1.952933023111976354e+02 8.033124035071045888e-02 1.264352467412269976e-01
1.112184300551110709e+03 1.740786860940438601e+02 3.753364610852574085e-02 4.129453474582665123e-02
1.161878507299402145e+03 1.697227778345151421e+02 -1.780533364751028108e-02 -1.374510851110300608e-02
1.067998714092423143e+03 1.645650171539110715e+02 2.125265063589515391e-02 2.624946685192593859e-02
2.426308259915963106e+02 3.226568166556679671e+02 7.738434631303481304e-02 2.166993352893622771e-01
1.035716934403046253e+03 2.926897367073812575e+02 -5.245884573571424347e-01 5.442772876528975123e-01
2.546761552974862184e+02 7.020674166038174917e+02 3.182246733851091126e-03 6.902834452814816946e-03
9.720291889164639088e+02 8.305482736834126172e+02 1.407360999761488388e-02 5.720441160186658797e-03
1.065026025459311541e+03 2.177200526650131280e+02 -8.320706884905400280e-02 -5.945719329101825656e-02
1.874566275318684063e+02 6.168135217753493862e+02 2.536440200136672735e-02 -1.471466736256865915e-01
2.773429943320546727e+02 6.386683262897554414e+02 -2.481896267086918483e-03 1.616351926005822615e-03
1.159201134059403785e+03 2.463644066464225375e+02 1.596111506090226034e-03 -4.220563257760236164e-02
3.142612112155988484e+02 4.717715673134746339e+02 2.941715913875263353e-03 2.597686626555482936e-03
1.073617495049131094e+03 3.035431162856413039e+02 -1.686837053367494510e-01 7.032571619346345004e-02
1.095105784721787586e+03 1.734311880071554981e+02 1.555091662213217707e-01 1.495496720560473766e-02
1.133802009341525036e+03 3.505786149386509578e+02 1.539894151401448134e-02 -1.075716285284312491e-02
2.243494233254208439e+02 6.583875789224068740e+02 6.616230732459930019e-04 -1.388440990947153878e-03
1.105936853824509853e+03 2.185324252356230659e+02 -1.147594917282109966e-01 6.792838311707248555e-02
2.385579105804895335e+02 6.615574917497812066e+02 -6.434435868836805954e-03 -6.898153087333169092e-03
1.045873499072481081e+03 1.795249417934533085e+02 4.455475723967754209e-02 -2.113768106263877802e-02
1.040889383395312279e+03 8.488147372521664238e+02 -8.043031101849036982e-03 1.731361749458607685e-02
2.545912492106600666e+02 3.179692847608562261e+02 4.718970825304451278e-02 1.779572262224701773e-01
4.636072226510068504e+02 3.927226225494919163e+02 2.991615556457773726e-04 -3.952949474450683366e-04
1.263008767204356218e+03 3.887600683708403153e+02 1.138656576982738020e-02 -1.060561600200294859e-03
1.910693773498204564e+02 5.126866265843806332e+02 1.419986698415881266e-01 3.040253234436621210e-01
1.182727869860976625e+03 1.842164496916363419e+02 3.031358051409126925e-02 8.776932514331349522e-03
1.143657478710375472e+03 3.267820926066405036e+02 6.908995183962676756e-02 3.454256042936949822e-02
2.624581897160214794e+02 7.095169559876602534e+02 1.188866555083893791e-03 -7.029104530192403430e-04
3.707504788223051833e+02 1.042124147411209151e+03 9.053287368109047550e-02 3.814867026993636057e-02
2.506386858259190547e+02 6.981442905138432025e+02 2.268264617416065627e-03 9.479052139408175072e-04
1.929183433016338824e+02 6.160500638536263978e+02 -1.923619682017993493e-02 -1.661455414866940261e-01
1.180859521612891740e+03 2.171774224476723703e+02 -3.481495569193350688e-03 2.969345380660003055e-03
2.659123730216331296e+02 6.768370030499497716e+02 6.927738851047279432e-04 -2.843778784956769654e-02
1.161475055684242989e+03 2.956916849348411915e+02 3.252386203868948833e-01 -1.185544467872151064e-01
1.013184703800327497e+03 1.895441331849081052e+02 1.548800533135887836e-01 8.812860072555535329e-02
1.168256170695308356e+03 1.892636829615923375e+02 -1.480187729080486431e-02 5.442601835696449231e-02
1.085101733512585042e+03 2.169089437313150768e+02 1.816225825326784094e-05 4.017141675969958074e-03
1.170570813651205754e+03 1.709279766538138290e+02 2.368001936834879858e-03 -1.100071147788813167e-02
1.081322174194378249e+03 2.069012805365140650e+02 -6.858104354908184505e-04 5.300017483806819009e-03
1.167042197677006698e+03 2.475569556191309175e+02 6.610111461684324563e-03 -7.465026873801164711e-03
1.098512513178874542e+03 2.492986508570800765e+02 -4.142762768789281513e-01 -8.961508308476032192e-02
1.815364639777240825e+02 6.206784087032993966e+02 3.754182290008215711e-02 -1.314772779113987378e-01
2.325990137238146644e+02 5.408005207773607026e+02 -1.142803135213454196e-01 1.220959781880868733e-01
2.606250422853333362e+02 6.192907754702411012e+02 2.246099321149079651e-03 -1.027311464747301603e-02
1.182924756297182284e+03 3.178995619347285242e+02 -1.202102399461317354e-02 -3.623213658163095680e-02
2.486380682728812417e+02 3.178530318650404638e+02 4.700732931185609698e-02 2.104328986713268623e-01
3.690238093817857248e+02 5.183740586385421238e+02 9.767305748173069069e-04 2.886020902797054553e-03
1.223277178024366094e+03 3.496059163978689526e+02 -1.999559174497911665e-02 1.318189382757991267e-02
2.903941090926671791e+02 4.781672312016802380e+02 1.259851603010578303e-02 3.246872326948170850e-01
2.959709873102325446e+02 5.014653782307327674e+02 8.057659892522292186e-03 9.816570303326438429e-02
1.500510930254783091e+02 5.017069499996729860e+02 -2.269629554924736115e-01 -3.073126324751822014e-01
3.110447309327789185e+02 6.013852091615742665e+02 3.692795981340951769e-04 -5.997593066384448134e-03
2.138098634254312174e+02 6.158369565037032771e+02 2.355245242429298280e-01 -3.316886067966122731e-01
9.862307125074707983e+02 1.810927881249755558e+02 1.152011222512468042e-01 5.255242001194577323e-02
1.087271761806116501e+03 2.289470717225858323e+02 -3.085079711558596366e-02 1.359051569411636254e-02
1.910260967687419225e+02 5.192825049868221186e+02 1.950263212921298783e-01 3.201475868111939849e-01
9.983463908075345898e+02 2.282069921122322853e+02 -6.593578597520456837e-03 9.034252362593548713e-04
1.216732474531159596e+03 2.969255955230150903e+02 1.559764065559242699e-02 -2.062871915679278037e-02
1.156540815455774464e+03 1.646604426639003123e+02 2.730540122910281309e-02 -1.856467052836125245e-02
2.587313159655823824e+02 3.872814724629399734e+02 4.319239181499388153e-02 2.011780457980139047e-01
2.833427920233294230e+02 4.990867833091984380e+02 -3.621937130259424154e-02 3.367240159992661575e-01
1.137246279650717497e+03 3.394178837873076304e+02 8.486606496435882691e-03 -8.660073147450925504e-03
1.743819971695104414e+02 5.053157128667207871e+02 -4.903585727757342472e-01 -2.416641851446046929e-01
2.045718158431671156e+02 6.412515652297706765e+02 -1.945391719591346436e-01 2.894502957013473377e-01
1.764674932013768398e+02 6.153905104641017942e+02 1.425980714342887576e-02 -1.192896911206146465e-01
1.192814137611254864e+03 2.446420856498606895e+02 -4.715049670417867725e-03 1.384154067592942121e-02
1.160873518261404115e+03 1.982909439262980698e+02 -2.701736344893376426e-02 -5.377166688236180295e-05
2.534269175686267772e+02 3.088370946901044931e+02 3.581384010960751013e-02 1.755044833964538309e-01
1.145563846720943275e+03 1.499769583490853506e+02 1.436966420924994103e-02 2.120003136326994303e-02
1.102128619217936830e+03 2.461110237092238719e+02 -3.394072327223106398e-03 3.599453150889920378e-02
1.398464940902704541e+02 3.889471909921076644e+02 -4.081798431256251393e-04 -5.784899403427444693e-03
1.211400499916354875e+03 2.425641945691215824e+02 -9.970255310526506334e-03 -9.514653672212462429e-03
2.673392987501173934e+02 5.170571971498633275e+02 -4.926704150785882197e-02 2.242507808164438954e-01
1.023482306320607108e+03 2.203942146062751135e+02 -7.781380849576630121e-02 -1.309882084299058280e-01
2.207957765083528443e+02 6.979279385810993972e+02 -2.567604661275218417e-03 9.216128849638972539e-03
2.076213371783983064e+02 7.194394953828940515e+02 1.038857400079610388e-02 6.459116249914695351e-02
2.457176971966337362e+02 3.122219912485895179e+02 6.411787755688616586e-02 1.817312374051902879e-01
1.190672295189503302e+03 3.218950210176547557e+02 1.187879001362138242e-03 -9.133370898544034347e-03
1.170230467219358843e+03 3.554302604430953920e+02 -1.882262955733846011e-03 1.386758834341957763e-02
1.170220787435991042e+03 3.683782440954217918e+02 -2.043460299386658588e-02 3.215128410492709699e-02
1.085005210520630953e+03 1.777759982221560904e+02 1.085848359664824117e-03 -9.529549606481163906e-03
1.203119756047826741e+03 2.672143906991660174e+02 8.685463086578130553e-04 -3.710027668442326086e-03
2.048175711365595362e+02 6.121803541445660812e+02 2.398780030186804246e-01 -3.069840472104611862e-01
5.213902008022060954e+02 5.330020354640944333e+02 2.361470397731143655e-03 -1.506619826169424900e-02
2.141741280780447312e+02 7.551750581492740366e+02 2.570473066023934243e-04 -1.555428444059953584e-02
1.092929347302009546e+03 1.584230631565604313e+02 -1.167508864971138552e-02 5.791033971580319788e-03
1.127715937356589393e+03 2.748066443001239350e+02 -6.885994842025523754e-02 1.689738910131488858e-01
2.368750886976277172e+02 6.410889687968003727e+02 3.227400754412028134e-03 1.194352736532022959e-02
5.113808003514675988e+02 4.284331299959077910e+02 1.136057741597718343e-03 9.497397937043208088e-03
1.173045934078932532e+03 3.389007613087639470e+02 4.173106435777443335e-02 5.457471328736349103e-02
2.811198884305966885e+02 6.929498922044481333e+02 1.109260508989075647e-02 7.013283654468032216e-03
1.134264863073191691e+03 1.826693123198402873e+02 7.239019612793842762e-02 -1.210567835903129386e-01
1.058418914143152733e+03 2.521696185614651426e+02 -1.702297766048446737e-01 -1.753720089620276201e-01
3.046168577901171375e+02 4.593246350490276200e+02 -1.123721017813525055e-02 2.623929292378243683e-02
1.148113649853087054e+03 2.829526954896479083e+02 1.992761446877079068e-01 9.979251187226256814e-03
2.482872052558662119e+02 3.069684117612509908e+02 3.914466935085280513e-02 1.826538557824068099e-01
2.716954334632357018e+02 6.785250217626592075e+02 2.064252385341908049e-03 1.802407062302565852e-02
1.120190451198976916e+03 3.190413162440096357e+02 6.408474624122345586e-02 9.749127376308125426e-02
1.962392731624140652e+02 5.865637717212766802e+02 -4.129685121362251105e-03 -5.378370258412278927e-03
2.167647958857675974e+02 7.115147503327242475e+02 -9.414429823041504941e-03 -8.059374472845820449e-04
3.122104745752563986e+02 5.222962585819921060e+02 7.309572900763074664e-03 -1.963223521886560494e-03
7.900682804040989140e+02 3.983697925325678852e+02 4.638417120977554944e-03 -1.515431088985944377e-02
1.056375588638911950e+03 1.907263447238975971e+02 -5.967571825492833798e-02 2.352962475980727511e-02
1.057751006736993077e+03 2.051440101749246310e+02 1.682223491945820937e-02 9.434069332511701989e-03
1.042270599893638064e+03 2.388912395053302760e+02 -4.613677732033402701e-02 -1.777982344739108267e-01
2.382925774090984419e+02 3.089555181136374813e+02 7.315657590277675759e-02 1.890552349614002259e-01
1.156126998745867240e+03 3.572113551830805704e+02 -4.782739375046181352e-02 -2.121139054342973881e-02
1.945178976822444099e+02 5.918915419642330562e+02 1.475147495657618546e-01 -1.754798462669612535e-01
1.216193615217422803e+03 2.267957377599162214e+02 -1.497184105048033655e-02 9.681632528947209729e-03
1.790997866420786693e+02 5.764199229333428320e+02 -1.672628784005105937e-02 -1.033993224335274510e-03
1.036074936880148925e+03 2.132038060523703109e+02 5.619832085073530464e-02 -1.056094518246882275e-01
1.124593280453638499e+03 1.821761652294044040e+02 9.870221907439157005e-03 -1.925826747945044021e-02
1.182923111211830474e+03 2.319870117946420010e+02 -1.038093604860168724e-02 1.733151753677240892e-02
2.250242716992409555e+02 2.911962329503264755e+02 -5.464897181602198367e-02 -2.688762795687082985e-01
1.017889011524594821e+03 2.147732119769055714e+02 -8.745106145516656770e-02 -1.229415713328098486e-01
1.153365730065157095e+03 2.291475173452110710e+02 -6.087436182114240243e-04 1.629230909172597885e-02
1.148882145132953610e+03 3.051325875731708948e+02 3.009703577862374302e-01 5.338014195194414752e-02
2.116040234604663794e+02 7.075501741759773040e+02 -6.781549489541080847e-03 -1.313133067325165243e-02
1.047098639937697726e+03 1.994890165199670093e+02 -2.135979603640383584e-01 3.466050310494797615e-02
2.465168084617906459e+02 5.749813170259453727e+02 1.656362997209810672e-01 -1.016742438508049934e-01
2.036725828867463974e+02 6.311010001018732964e+02 2.163279165514562230e-01 -4.077569480894941978e-01
1.002765990123483675e+03 2.061918025693311449e+02 6.128141308447147828e-02 4.180617147725773641e-01
1.125097856848293986e+03 1.750180122142799632e+02 -1.260115709089908442e-01 1.140679450062627442e-01
1.026576016320325834e+03 2.673030116550527282e+02 -7.376572733925078123e-05 -2.368937105490648818e-04
1.131498470489349302e+03 2.821531160415129307e+02 1.004776098585372507e-01 3.830358698286685099e-02
2.479609462751641331e+02 6.056083781725357085e+02 -1.271558494321058663e-01 1.289950641343818594e-01
5.020556878461827068e+02 4.874711748698750284e+02 -2.295433759549572739e-02 3.488992844612094635e-02
1.145256563532107748e+03 2.984825302937228457e+02 3.440172047926723931e-01 3.359605339710222682e-02
3.040740300627822990e+02 5.456783659141253793e+02 2.105584640656596538e-03 1.424444139213243941e-02
1.101826582834296005e+03 2.826002333535510047e+02 1.841615254613795938e-01 1.210115786948310901e-01
2.677434764783382661e+02 3.948091690293390457e+02 4.094540648965410562e-02 2.316315032827061526e-01
1.060814527517312627e+03 1.599341730771241430e+02 1.890155133659845998e-01 1.169596189549414016e-02
1.135264962929049034e+03 3.368006718189942603e+02 4.795452178853641667e-02 7.333167913818101902e-02
1.045261262042988164e+03 2.447968290980196571e+02 -8.316418093026380076e-02 -1.493502609851659335e-01
9.973554286208242274e+02 1.783595307497255078e+02 1.182991676576096995e-01 8.039516640156310623e-02
1.078553843486954520e+03 1.855226716859646672e+02 1.099947625150301048e-02 -2.944607239558382286e-02
2.463070130700531308e+02 5.409746266491235929e+02 -1.314822818944620664e-01 2.128484592180276136e-01
1.157242439608982068e+03 3.050022107331822099e+02 3.223260993061942692e-01 -1.122164710027560436e-01
2.548333313096636061e+02 6.705717171922790385e+02 2.026431247660384746e-04 -3.466038553834020156e-03
9.895446790539076574e+02 2.258898143721766871e+02 -5.075865736295959163e-02 1.260928841859582650e-01
1.057493588553286145e+03 2.296145379740976296e+02 -6.376401506401646602e-02 -2.743776649915006735e-02
8.268780492151503267e+02 3.364405535170086523e+02 -5.580206357572135845e-03 1.176011085941104650e-02
1.091112706446028596e+03 1.673678954810605433e+02 -2.979119045424194478e-01 1.027382940377590814e-01
1.085510583487416397e+03 3.054640998309890847e+02 -2.733331258650033568e-01 2.276411263141729646e-01
2.901158268835543481e+02 6.704230039578120568e+02 -8.735272885186206974e-04 2.048151504317906671e-03
1.007419077706945131e+03 1.757937426127715810e+02 1.662903151695353521e-01 4.762959011486744137e-02
1.316286248620474908e+03 3.321448481323226929e+02 1.063586892967123276e-01 5.640196543499652326e-02
1.173693873324261403e+03 3.838706801066930439e+02 1.267714224648513674e-02 -5.658319399280560200e-03
2.570319306064528746e+02 3.153038809548763766e+02 2.756041082057018171e-02 1.529706662676003359e-01
1.189645451675873119e+03 2.144977485056901116e+02 1.678418788290920310e-02 -5.608005768211405534e-02
2.418175900550297399e+02 6.958740513733060880e+02 1.976458655427042535e-02 4.281750076604685235e-02
1.000765845953085091e+03 2.189320807365214137e+02 -1.904407505098579256e-02 1.738210312821488468e-01
4.701276965596229047e+02 9.415305547496891450e+02 -1.057751484124405715e-03 -1.731596612828704843e-03
2.336193276210156569e+02 3.502504437233061481e+02 -4.150894161541600347e-02 -1.445829385903160402e-01
9.991364087143924735e+02 2.422265482987717746e+02 -2.157699975446121347e-03 -9.140929038944325957e-03
1.086766475525427495e+03 3.405915790956841533e+02 1.536698930875597148e-02 6.897378250071142629e-03
1.895203318375786523e+02 6.276102643546522586e+02 2.030043356348145700e-01 -1.628507093215406099e-01
1.867841869339455343e+02 6.449821675192233670e+02 9.713277002881341715e-02 -1.746852570787920389e-01
1.023083430242598979e+03 2.022631890721914374e+02 1.577285651809400002e-02 -1.840665522396862375e-01
1.063010735631620264e+03 1.688064963297605914e+02 2.344437625444623086e-02 9.177156322508624522e-03
1.116373147531480299e+03 2.931351509085794760e+02 -1.963863514643136299e-01 1.336879492466949426e-01
1.215366461923711768e+03 3.292104670144443617e+02 1.040475343025930484e-02 5.103454343632414514e-02
1.196767425390672543e+03 3.577869152051956121e+02 1.296897973964582403e-02 -2.693186695590791754e-02
1.257249051594677439e+03 3.933193768683347002e+02 -1.555741904784705733e-02 1.667013213198566268e-02
2.570833943511775033e+02 7.141934202909120586e+02 3.572844100701565509e-03 -5.674723171897729131e-03
1.085326653474114892e+03 2.716092626924630622e+02 2.035330951186590243e-01 3.292030346948174313e-01
1.217708109548727862e+03 2.882776949498332328e+02 2.592940415710407939e-02 9.843262609150704723e-02
1.281585819485270122e+03 3.705842157788587201e+02 2.606496151133796957e-02 -2.575648140020316001e-02
1.133921369591070743e+03 1.624923911580082176e+02 5.265087287864225057e-02 -5.218935070630064538e-02
1.179534470739648214e+03 1.825839021406924871e+02 1.082948644511314840e-01 -4.763318103194206371e-02
1.199311219498269111e+03 3.757816725096932942e+02 -1.641793830068269053e-02 2.342407055061896184e-02
2.362382429150189864e+02 7.009856538484855264e+02 -9.070028615241199077e-03 8.681735949138064470e-03
1.027214734498902089e+03 8.592061224315009440e+02 -1.089017920477673967e-03 1.498482931041602954e-02
5.297034470432506623e+02 4.844814696243287813e+02 -2.135762713728719606e-02 1.877599418031305686e-02
2.537792355079387789e+02 5.937840703217716509e+02 -6.933906246818692665e-02 1.590713709461820946e-01
2.191261790577590034e+02 7.414107113603134849e+02 4.291560558799591488e-03 1.124095158250824900e-02
2.839778207511999994e+02 4.157313694078015942e+02 6.975425097201348734e-02 2.694533023085501355e-01
1.041561900638925408e+03 1.770939205140667241e+02 6.008737266988362080e-03 -2.576014288918271333e-02
1.198585837828147987e+03 2.230197131553588292e+02 6.280959795656571032e-02 -1.329065607902046864e-02
7.927883579538701042e+02 3.678003947735866745e+02 -2.061319253613642932e-03 -3.002639839744388698e-03
1.088909989721402553e+03 2.554963510937353419e+02 4.375990722679662381e-02 -2.478671080067663679e-01
1.163567728649896708e+03 2.343995701552225057e+02 -2.473635957199255258e-03 4.380855072885954556e-03
1.081236420201281817e+03 3.139733379055421096e+02 -2.454453634529984163e-01 2.801550622329518903e-01
1.137242821874614037e+03 2.228091042550325085e+02 -3.484557071788590369e-03 1.489731059491862606e-03
2.355680909396195375e+02 2.979348708987294003e+02 6.423829270976816330e-02 1.269980238905077385e-01
2.764974188705276106e+02 3.891666620290384913e+02 8.172774199438283260e-02 2.232816419620080317e-01
1.125594922891485112e+03 2.361604875093485987e+02 2.599736428916286576e-02 -6.852183522603336185e-02
8.177536840234649844e+02 3.315780714333466221e+02 2.123927112201802817e-03 -1.006690908942952517e-02
1.139524172350779509e+03 2.472639809817052594e+02 -5.109071045058044720e-03 1.041775477753688478e-01
1.190781465708073256e+03 2.851073828555716432e+02 6.760676516379741235e-03 1.781152777282576016e-03
1.213144570774820522e+03 2.260266870390400697e+02 1.536999172030537909e-02 -2.182954676455305110e-02
2.539195195156043212e+02 7.069951545577429215e+02 3.881696158358482161e-03 6.964211286001846871e-03
1.138951946099172346e+03 1.873469785363613482e+02 1.121944742537991577e-02 -3.967883002013307403e-02
1.191102699363474585e+03 3.067522019378677669e+02 4.951801818059807236e-01 3.114939573724631594e-02
1.223850601268071841e+03 3.605544931693669355e+02 -5.422376825742174222e-02 -3.516730310597549879e-03
1.098824889347315320e+03 2.360611932453686848e+02 -6.910170079906190199e-02 2.274872581735873089e-01
1.274607250396237760e+03 3.484786916424385481e+02 -4.099714976849092030e-01 -8.983680972375245044e-02
9.837735929142219220e+02 1.884744018021028467e+02 1.852155695211629149e-01 -3.741497211524708738e-02
1.011735963450661302e+03 2.088162911748271142e+02 -1.566063280612194422e-02 -1.381812875951068664e-01
1.064763757928908717e+03 1.992502154864781119e+02 4.535952916066889745e-02 -1.440612732527266626e-01
1.094321294446315505e+03 2.292866427665815934e+02 -1.466130663336695228e-01 2.375038548153476925e-01
1.321403519710811224e+03 3.290823734223683346e+02 7.114260323783955231e-02 -1.363911197470315563e-02
2.025015589819654167e+02 6.270804677608794009e+02 2.492174451741168972e-01 -3.766941990615557678e-01
2.327000284858575583e+02 3.211077413507522920e+02 -5.947348283991444468e-02 -1.990838447954441093e-01
1.024548180020964537e+03 2.186042133271952537e+02 -2.277174518604936082e-01 -1.719438548529068356e-01
1.080522785099697330e+03 2.842094326357279783e+02 2.517965192415336784e-01 2.938254981577827496e-01
1.094933358233677609e+03 1.843114383134698073e+02 -9.188965364927963175e-02 2.360681071013022436e-02
1.929137613162903619e+02 6.473622246433952796e+02 2.035665881568473334e-01 -3.783370075877577343e-01
8.195996400608903798e+01 3.340327097189389178e+02 -1.071183597936676592e-02 2.210225547255682821e-02
9.769972326830403517e+02 1.749139639914805286e+02 9.864853240470866647e-02 1.201654880224938826e-01
2.791077000868691016e+02 7.064242482383626793e+02 5.157156327322363204e-04 6.592107451754100969e-03
2.405209000128854768e+02 2.957945191549158039e+02 2.993134030895987577e-02 1.510827414573168437e-01
1.763119603811164495e+02 4.816649278286980689e+02 2.783516787665377135e-01 3.297422543829941488e-01
9.884613161668960402e+02 1.800596561663928696e+02 1.203944958667761906e-03 2.715919306491633711e-01
1.166845131590269375e+03 3.326208731753985717e+02 5.013226692517946254e-02 6.953706962964360805e-02
2.702520457884843381e+02 6.844035188055740946e+02 1.891120389387992984e-02 3.222232788527207986e-02
1.274173394524024161e+03 2.936105739594597708e+02 -1.429541571331226051e-02 1.616881947946782749e-01
2.530571595155367106e+02 6.975088411784248592e+02 6.253149868332248500e-03 -2.427327378246464315e-02
2.782690894952606300e+02 4.407120209526762551e+02 7.290977051767792705e-02 3.645860761968246488e-01
1.088988838429754878e+03 2.018840815279750132e+02 4.074442224440606893e-03 1.706932860027876586e-03
1.236034710208126171e+03 1.359989455515219845e+02 -4.076175029609885314e-03 6.230962449259062723e-03
2.416675840158929134e+02 5.827090315177219964e+02 1.654719317163622916e-01 -1.783637647304369411e-01
2.484720539515827511e+02 5.883833207535320753e+02 -3.282404498560133332e-02 5.498559943963939045e-02
2.129246033955524524e+02 6.923845379988923696e+02 8.065004917125160070e-04 1.206530639459070476e-03
1.050617427533670480e+03 2.278265096801519860e+02 -7.039223442259551211e-02 8.524362876627580854e-02
1.102174888567127709e+03 2.168052990429884233e+02 1.548063793404960697e-02 -4.662055727564822644e-02
1.079688065649357441e+03 2.313640592315963715e+02 -2.964134765982129882e-01 -4.407042344933845279e-02
1.137095853129003444e+03 3.553591024342392757e+02 1.266633993761590547e-02 -1.743817426584478789e-02
1.131743140351288503e+03 2.619659074445127089e+02 -3.977946553215423037e-02 7.056689311507759188e-02
1.210860389360489080e+03 3.693876727977748260e+02 3.788697271764621122e-02 -3.652151616021306196e-02
2.512370002538051494e+02 6.404275765232515596e+02 9.244031708923537271e-04 -1.645384203850529725e-03
1.104362144749080699e+03 2.469848414356150954e+02 1.392505638326773341e-02 -4.633328924846803476e-01
2.637737475756921981e+02 6.062364657224665052e+02 3.498147213388760716e-03 -1.036762617450276078e-02
1.110557886277935268e+03 1.997239197215238278e+02 -4.232437764686415582e-02 4.024505881524718942e-02
1.153544227019103801e+03 2.434981280919702442e+02 8.564628155932041062e-03 2.764634362546303063e-03
1.132009527414058766e+03 1.780372349189346437e+02 1.477258589927714638e-01 -1.701923132204279654e-01
1.160443758921038125e+03 1.888798711305901463e+02 -3.980074316437391159e-03 1.300695911990227410e-02
1.227049737284298772e+03 3.367713353191857664e+02 5.937471494276355677e-02 2.258752328730763079e-02
8.649954050457329231e+02 1.102341871562130791e+03 -3.643137867440696381e-04 2.471731328377676194e-03
2.713893399972731686e+02 5.408238835479090767e+02 -2.311673219616437042e-02 3.130567072387293592e-01
1.087120502574967759e+03 1.577727044908488097e+02 -1.696165410319465730e-02 5.238150434295497926e-02
2.395934489739429978e+02 3.562264811825485253e+02 -1.566405576346525663e-01 -1.651135361232149990e-01
9.846329928286472750e+02 1.726573250225177958e+02 3.569122927832937830e-02 1.374186588922804431e-01
1.207249126896597545e+03 2.887521748072161358e+02 1.234690119830853840e-02 1.009769822701716419e-02
1.193923874185602017e+03 4.013691802717090127e+02 1.597473368637894117e-02 -1.526502150680799849e-02
1.015522782535336006e+02 4.127229679049835340e+02 -1.214476526268051804e-01 -3.694895369048123990e-01
7.862981538036310667e+02 4.139212987458414545e+02 -4.626063531725321809e-02 4.475002378520522711e-02
1.017999859215972606e+03 2.395896609190707238e+02 6.723584265156594929e-03 -1.028646371801349721e-03
1.069455708106899237e+03 3.394616407413973320e+02 9.102502575146900754e-02 -1.909769722802025227e-01
1.219816511696536509e+03 2.453771129333066483e+02 -2.933665785049015609e-02 -5.045188119341089544e-02
1.216398048294810451e+03 3.391751073786903135e+02 1.438028321368359924e-02 -6.822456596689465379e-03
1.184631467870324514e+03 3.886817511523461235e+02 -6.235920246815242554e-03 -1.302114449380269504e-02
2.468814842878087461e+02 2.951135425635267779e+02 -1.979087478568012856e-02 1.862350021654572974e-01
2.590895164624677136e+02 3.764554709795678491e+02 5.435969333103517903e-02 1.967552304853771861e-01
1.677383018044245659e+02 4.828002808208162264e+02 2.602040019670514570e-01 4.303081942949534833e-01
1.060267344066851365e+03 2.558160275641699855e+02 -8.563955985499326073e-02 -1.337119740041982086e-01
1.080689591535436875e+03 3.022024318137363252e+02 -1.072967725456170640e-01 4.223357703898868443e-01
1.160975763957698291e+03 3.508877010846242683e+02 -2.061015883232223886e-02 6.004524083918488103e-02
1.188760952648176044e+03 3.983299851846073807e+02 5.741174140165211832e-03 5.248119329541241912e-02
2.440629417098960801e+02 6.778039767281219383e+02 5.239495485172336597e-03 2.800559469900529980e-02
1.129576974309055004e+03 2.145371318105108287e+02 -5.180636387236021989e-02 9.370165732792742896e-02
1.015664378227584848e+03 2.038239435707427845e+02 7.123622027183529326e-03 -1.558715423898551222e-01
1.228606372136999880e+03 2.431458973710264786e+02 1.223297929048783317e-02 -7.367223048859106171e-02
1.120958173050908272e+03 2.865778318765916879e+02 -1.835710211893371024e-02 1.901626791876918077e-01
2.566507053352948446e+02 6.036453086553341336e+02 1.561701003929272247e-03 3.162731720703249039e-03
2.273182499970782828e+02 7.315257388282531110e+02 1.908270353503915828e-02 1.229556939446041497e-03
7.238276885526655633e+02 9.775471095776222228e+02 -4.696641141643453921e-02 -4.580423764615204618e-04
8.966118286188279285e+01 3.412495708120836184e+02 -4.893351887548097294e-03 -3.853925047667967202e-02
1.004340794609420414e+03 1.751121140863293704e+02 6.307996189212322635e-02 2.978245196416174356e-01
1.088100719325794671e+03 2.908590273460642379e+02 2.774458720171335893e-02 2.797028327445094109e-01
1.145440740031140422e+03 3.530240300821546384e+02 -2.981425248355017328e-03 -8.075820799871463729e-02
1.094569957375734475e+03 2.399417031924323851e+02 9.156115717091022066e-02 7.059152573625150640e-02
1.021014620477219523e+03 2.851967604726773402e+02 3.045244753393490031e-02 -6.676324731410925029e-02
1.807036412016157385e+02 6.406323025956392030e+02 1.451762315276425852e-01 -2.032871101589838192e-01
2.626170244480630345e+02 6.707329073535385078e+02 -2.151687113575917552e-03 9.109484102527479199e-02
1.029615501026371476e+03 1.931057000912014132e+02 1.996980176490194825e-01 9.024356661978831518e-02
1.070784289916406578e+03 1.817683332480125671e+02 2.292980293077562237e-02 -3.213587720008079240e-02
2.245108585326909747e+02 7.398343689105251997e+02 -1.959344820265633970e-04 6.067158677763410078e-03
7.200554836792815649e+02 9.790861823474939456e+02 -3.939997167148295842e-02 -1.434864122730796811e-02
2.366158240454797692e+02 3.230937991525644861e+02 -7.957055124331040286e-02 -2.359426294308844541e-01
3.187844535875368024e+02 5.159856838052564854e+02 7.378814911413235367e-02 -3.836583216847581218e-02
1.090264705000804270e+03 1.777563266956590553e+02 -1.168218258291441741e-01 2.690663116189926929e-01
2.404576568091446518e+02 5.759182772733551019e+02 -6.960311688841455506e-04 1.489195804140982238e-01
2.576128860560156681e+02 3.663223035899541742e+02 1.344506773001414301e-01 2.083135739589705993e-01
2.726276865781954939e+02 3.800922734352001271e+02 7.315387039099838229e-02 1.807336548165254242e-01
1.103699339400003282e+03 1.782951898795685111e+02 5.762642815880798797e-02 -8.707731985793998319e-02
1.061749004732561389e+03 2.054588276213103200e+02 -1.842627182000587116e-01 6.490625773911576912e-01
1.043722742770434252e+03 2.096849681227897975e+02 -4.083470487389954245e-02 1.027272808186147912e-01
1.151284371081644167e+03 2.061225338543205510e+02 6.188284347749336417e-02 4.744551304001076025e-02
2.933351070353684804e+02 6.397176964549082641e+02 -1.221606471087109333e-02 3.922256803931881836e-02
1.091126931344925652e+03 2.088596512460114809e+02 -5.498932778261405446e-02 2.232923749374424449e-01
1.010909845514975359e+03 2.275476431288049923e+02 3.813591257521693496e-03 -1.626072078066272131e-02
1.072412747570346710e+03 2.242112634834979303e+02 -2.708786974337272155e-02 2.030827639816834562e-02
1.111117299532754259e+03 2.235925128229158361e+02 1.161119382514152615e-01 -4.119201019928561691e-01
1.072787473524489087e+03 2.606049313815166784e+02 1.829199360989150480e-01 3.478065785264811693e-01
2.660648673756293761e+02 6.819599515286575979e+02 6.771521037525947428e-05 -2.872733324314917167e-02
1.113294174440813549e+03 1.777357165967973458e+02 1.310629757348401037e-01 -1.309882195695012130e-01
1.073132959419083591e+03 2.690544216482759339e+02 2.721849853028486185e-02 -6.363991818578899062e-01
1.101283776023137079e+03 2.975296188791444933e+02 -2.429363078504633011e-01 1.567031093444731238e-01
1.093138923949639548e+03 1.782068683566696450e+02 3.042971725376859924e-03 -3.711124359859044319e-02
1.103302792526691292e+03 3.347976154492813521e+02 1.436927152598483082e-01 4.638239364307785717e-01
8.174316530260601610e+01 3.341513053910651934e+02 1.434972810546328477e-03 -1.343184678832390691e-02
2.393261721283338375e+02 3.731318243880439809e+02 -5.444793299462134112e-02 -2.336207597395201785e-01
1.161544419751678561e+03 1.553141628043919695e+02 2.530963459026907073e-02 -1.004219410001098850e-01
1.242749215467190197e+03 3.260264624662987103e+02 -4.090016197949353227e-03 1.631182933209913630e-02
2.884797047903470570e+02 5.991210479998379697e+02 8.227760681677409810e-04 -3.084143418709572784e-03
1.126324437195897417e+03 1.513478429166399337e+02 3.297183933167807668e-02 2.799108116114349537e-02
1.146802468082286623e+03 1.958518673068214468e+02 -1.107034312633937839e-01 3.515884149730562624e-01
1.168618166993285968e+03 2.168018407590024879e+02 2.810098133001079704e-02 -2.168497055173714341e-02
1.248098174990676625e+03 3.028502094403736464e+02 4.848806950988211045e-02 -1.508858802581405645e-01
1.207475678927091394e+03 3.241649204584933273e+02 -2.492235082926479248e-03 -9.265629072091852506e-03
1.310064049542025487e+03 3.241035997872264716e+02 8.655736289093558800e-02 -1.165885578981021159e-01
1.210649259456065920e+03 3.599541765409832124e+02 -2.310813970519264363e-02 3.963541147435846457e-02
1.165425098463512541e+03 3.683308076708030399e+02 1.126387753703583273e-02 -1.848226980237804504e-02
3.046431101715520526e+02 6.156499874204041589e+02 -6.346156231828851621e-03 5.519809533554483755e-02
2.477298113105627522e+02 7.615366047150602071e+02 -1.074561211590770171e-01 2.286734385506861145e-03
2.804682705338034907e+02 4.070966682018765255e+02 5.413034226122527548e-02 2.834451154097368808e-01
1.064986931332609856e+03 2.465116225264777938e+02 8.971890944068643126e-02 -1.438562897960764531e-01
1.079433034088685645e+03 2.915291412134716893e+02 2.879845358343876005e-01 3.492412469972426270e-01
1.054047023223598671e+03 3.207274307964420359e+02 -1.031238549426739641e-02 3.806973078001382044e-02
2.863120354422759988e+02 6.424469724003076863e+02 4.352798926035777310e-02 7.777704245989348550e-03
5.291501965824891158e+02 4.663940195045162795e+02 -8.874801306472042406e-02 3.358523230242085877e-02
1.137347952730380939e+03 3.741110632381292476e+02 -5.304862639364086446e-02 1.211587624460970167e-02
1.894467310828825646e+02 6.724917237100489729e+02 2.178527691339110506e-01 -2.616548125574942874e-01
2.972603495951935315e+02 5.143247746648111161e+02 4.097080486300797020e-02 -5.857597516524037928e-03
1.065488605072410564e+03 1.886417468167594222e+02 -7.210794078854121381e-02 -2.340506711201761902e-02
1.120266822862414983e+03 2.337603639943143605e+02 1.626117405928084736e-02 -4.161835465074759099e-03
2.414273629725672379e+02 6.075602847369004849e+02 -1.090358411591783039e-01 8.236529251410473762e-02
9.943255137379934467e+02 1.662569612243331107e+02 1.684572152243845322e-01 -3.453155863162085670e-02
1.099912384250972764e+03 1.482798169442736764e+02 6.913262262120648850e-03 1.052086210668411008e-02
1.097854600080437194e+03 2.073006420147249003e+02 4.483748562029025719e-01 -1.427161512051583259e+00
1.753770640523178486e+02 6.338406647008110895e+02 1.455196712177477536e-01 -2.617648165104810576e-01
3.141184707647271352e+02 5.321661738994126836e+02 2.703621423795917952e-02 -1.867838590875029250e-02
1.099628474613350818e+03 2.310577504575778676e+02 7.012490686788298844e-02 1.859307213770518552e-01
1.161512403159700625e+03 2.104334036896733267e+02 6.170243323692504826e-03 -1.458061303524768246e-02
1.588552760135694655e+02 5.451579746971046916e+02 2.062276927543596830e-02 6.317135416402866466e-02
2.573108482891676658e+02 7.279297836137120612e+02 5.520217171132101031e-02 2.498741891458524170e-02
1.025067219088629145e+03 1.695581452132849449e+02 -1.260427221548245406e-03 5.765040995709988514e-02
1.054500161591845881e+03 2.000994560149922563e+02 1.477753064706960676e-02 6.459300149043219023e-03
1.237834667201250568e+03 2.979167262832185656e+02 4.495385804532885804e-03 -4.617814232968752569e-02
1.172323802126435567e+03 3.856061467047044857e+02 5.465349140714492043e-02 -1.040141121909090721e-01
1.054509320904717924e+03 8.296303903104175106e+02 1.148190467754900065e-02 5.987396196915666796e-02
1.081118754199757404e+03 1.670390120570552028e+02 8.269245640292410826e-03 6.700673047994598619e-02
9.994479014700852986e+02 1.988310313280514379e+02 7.684626082632917132e-02 -2.768613691650922415e-01
1.146211165957824505e+03 1.896104195713211027e+02 6.644596288407456086e-02 9.045253959040404357e-02
1.080269681445826336e+03 3.202943600935651602e+02 -1.673944201559341705e-01 2.965660242572643601e-01
1.087901252736601009e+03 3.326403715356407815e+02 -7.701950115460931556e-03 -1.498526851976104447e-02
1.071225324609458539e+03 3.443846635907075324e+02 1.968382015149359177e-01 -1.088953421032149010e-01
1.173047281593378784e+03 2.311152065044830408e+02 -4.649489322317398171e-02 2.435846581396058641e-01
2.654363906128344297e+02 5.492507628726351641e+02 1.980776307119451116e-02 -1.396782513505077927e-01
1.203800036524244064e+02 4.587015484563091263e+02 -1.174970505500748524e-01 -1.816987650523639239e-02
2.959539805835226502e+02 4.250127923624947357e+02 -2.095320793940076698e-01 -5.553813819103704530e-01
5.790148083840845175e+02 4.414249293008008408e+02 6.265483874063772218e-02 2.530470286461650176e-02
8.154415689994962122e+02 3.389371286987188796e+02 8.400325532548694185e-02 -2.116659173329987209e-01
1.141018020361094614e+03 2.928907358081422103e+02 2.411737128801922161e-02 1.385099759428850552e-01
1.310122419178139808e+03 3.393614994241148111e+02 2.031246346707575867e-01 -3.202828520094478520e-02
1.316235984646478073e+03 3.478245814331998531e+02 -4.379936906265025770e-02 -5.328722433497225935e-02
2.840241050509778802e+02 6.706384666421954535e+02 1.322893771422493231e-02 -1.428941354909470281e-02
9.436300846964091988e+02 8.536559837797530008e+02 1.427159485137963202e-02 -2.098360228761851978e-02
8.514870836606312423e+02 2.384083885920447585e+02 4.004367349720155400e-01 1.090349172185170801e+00
1.161141137678055884e+03 1.482691950511436971e+02 1.536407790363227867e-02 -5.922222180765572552e-02
1.088435406637302549e+03 1.637559510900822772e+02 -5.474379854258586142e-02 4.114613953140633384e-02
1.111753733474048204e+03 1.629347673351462618e+02 -3.510605587475538192e-01 -8.490087912662999670e-02
1.100610357417230716e+03 1.812817798809602721e+02 1.697690564908498415e-02 -7.420445944603955291e-02
1.091741701904684760e+03 2.285029682858006765e+02 1.254885073884452196e-01 -1.298093596304710218e-01
1.050800433495671541e+03 2.346068111266258427e+02 5.453051074284757938e-02 -2.357206649016319600e-01
3.183856486768575564e+02 5.255826574833394034e+02 5.537679461488096561e-02 -4.423519192370121977e-02
2.329899078555457663e+02 5.264025626463097751e+02 -2.158301731440417370e-01 -2.719576688299917278e-01
4.866177793097003814e+02 4.806393715444132795e+02 -8.980753746426570899e-03 1.077218478356674856e-02
9.987192375570198237e+02 2.028745006375206117e+02 8.992479458107835444e-02 -2.675273593602141009e-01
1.052374342137421763e+03 2.411336399533223869e+02 -1.273913596192212672e-01 -9.243018765551862248e-02
1.167446215797316199e+03 1.590848932710669033e+02 3.359125042349356965e-02 -4.900038246105964390e-02
1.139036922379533280e+03 2.419747661038698823e+02 7.285958385758324607e-02 -1.036612545421052023e-01
2.163690497275775328e+02 6.840229645496773401e+02 -2.397105553168267511e-02 -7.359154461062189512e-02
2.508034242239440914e+02 7.093180446921323892e+02 2.370935022626036170e-01 3.749076873178738278e-01
2.347972121832831931e+02 5.105202706349249411e+02 7.699845666907023656e-02 -2.297172767377020364e-01
2.855517198183234200e+02 5.230774208361145838e+02 -1.425781431220229933e-02 3.049790775739182891e-01
2.600841266268342906e+02 5.300492662267381547e+02 7.411321429237460734e-02 -1.303754082600079300e-01
4.931673298202899787e+02 4.299417719405032017e+02 3.338541592560773097e-02 5.360169475223841573e-02
1.078179995280480171e+03 1.620357406538455223e+02 1.766303504774668909e-02 1.133498432602877415e-01
1.011071469948513482e+03 1.982678615501653780e+02 3.408102660352057001e-01 -1.712829298166731462e-01
1.074156273670917471e+03 2.006023912271164704e+02 1.886649657564021254e-03 2.422937697575378024e-01
1.076480012142505075e+03 2.571543902199424565e+02 4.723367092595083250e-01 -6.349126587174680481e-03
1.123322527396895111e+03 2.418248376436583840e+02 3.238220225313982736e-02 -5.652985590832924900e-02
1.096094691126173075e+03 2.934805274762640579e+02 1.338607432692242583e-01 1.696528610696158845e-01
1.169305490865199090e+03 3.857449152060206075e+02 -9.707581864599237539e-03 -1.038617465042891846e-01
3.086154040534513001e+02 6.234739693984520272e+02 7.226035926188549693e-04 -5.381858993044780909e-02
1.943801850142187391e+02 7.038608784955556530e+02 -3.878002389357350366e-02 1.012774433988852252e-01
1.002827473603640328e+03 1.913238917242139792e+02 5.920872279095116403e-02 -1.686561114760868063e-01
1.224211573024986365e+03 2.778751311970710276e+02 9.363216841086341446e-02 7.061677160675117193e-02
8.554227184036565177e+02 1.101691218398718320e+03 -4.530112111941282833e-03 1.082191298780799116e-02
1.237844685311935820e+02 4.548277271731805058e+02 -6.578942857734090821e-02 -2.694199813650925424e-01
3.110277548678036510e+02 4.875492109228790696e+02 9.167108795518288944e-02 2.076471808256656060e-01
1.051821342577396990e+03 1.983698514104932258e+02 -4.519341786317454535e-02 -1.109122958782222668e-01
1.129801100511588174e+03 3.426374922822856206e+02 -2.261439916705967196e-02 3.579827251734286897e-02
1.175868124468858241e+03 3.735768039693655851e+02 6.753653942037089741e-02 1.607393189415233861e-02
1.194890023449977207e+03 3.735791716895512877e+02 -6.776882307285632401e-02 1.176962124005740372e-02
2.519445167147347888e+02 5.586992478887199240e+02 1.236173570072196613e-03 -2.210058018850759309e-01
2.572244071046234808e+02 6.016430216790312215e+02 -1.160675111859745846e-02 -5.569590814254752470e-02
2.666888591671228710e+02 7.305838008626748206e+02 -3.034065326314703409e-02 -3.382586103937228195e-02
1.055058136644006709e+03 8.382640324867265917e+02 -1.063940235835616512e-02 -6.289802118499210164e-03
5.765156252265537660e+02 4.878891021641576913e+02 7.272698354231010853e-02 3.641560685802858188e-02
1.099562017448921324e+03 1.681075054197398799e+02 1.153348796276532084e-01 -5.110911301729714751e-02
1.113426345257676985e+03 2.004167937346853137e+02 5.991012180163579615e-02 -1.516463706558113245e-03
1.116516976178711502e+03 2.042293226766072394e+02 4.885815594792575212e-02 5.608404922486442956e-01
1.024836194588943954e+03 2.479277219036879671e+02 -1.360231402765066377e-01 9.730730906512903289e-01
1.161547334978844219e+03 1.814053538896071700e+02 8.348740229621398612e-03 -8.840894904783169750e-02
1.204230376397888222e+03 2.832948998396885258e+02 -1.023197466900001018e-01 9.448422348259555292e-02
1.215881706360877388e+03 3.296028477251849722e+02 -9.384035963597625596e-02 -1.778243275698940806e-01
9.657243628095440044e+02 8.592187540148973994e+02 2.442592635003393298e-02 3.449030529489505170e-02
1.082975864386253306e+03 1.938586245999442497e+02 1.598405807817471214e-01 5.121657580703716656e-02
1.095159477157366382e+03 2.496808811412325895e+02 -1.202177091758282329e-01 3.766567770541466298e-01
1.090190838413678193e+03 2.648119868835807438e+02 2.834373430497786894e-01 1.556640255100016079e-01
1.149957668004194602e+03 2.209605386625656251e+02 6.710623070754688502e-02 -9.286540189577863202e-02
1.126821481403246707e+03 3.259007077497762452e+02 1.050364986841335196e-01 4.289729943025122338e-02
1.143762448413112224e+03 3.645013522288389254e+02 -5.016577292978278285e-02 1.075777430148529418e-01
2.532500025505297856e+02 5.710152237509410043e+02 -1.034806107572023848e-01 -2.435525366941343750e-01
8.999900695198031144e+02 9.269227633905829862e+02 1.552550541566688480e-02 4.332808227191738831e-02
2.225394941309842523e+02 4.967301066715572233e+02 5.250844697209799961e-02 -9.457583996820062566e-02
1.103772982065399447e+03 1.849940338196697383e+02 2.963156759028606757e-02 -7.771440997214540403e-02
1.073548955265314135e+03 1.947967194643364621e+02 5.850162154274585191e-03 -4.422362673309976344e-03
1.016341907924354246e+03 2.511435460333193816e+02 1.035894895576348063e-01 -4.855131877081930725e-02
1.036029230718174176e+03 2.710248312674092404e+02 -4.760332394491797459e-01 9.616420931931770610e-01
1.086651426864836367e+03 3.087558538059712419e+02 2.862918976310311336e-01 -9.813694225749713951e-02
1.167857819549307578e+03 1.620103565628947138e+02 -2.971536520965400996e-02 1.617113972943684530e-02
1.175623130721899543e+03 2.140313065116976929e+02 -1.350929686628887794e-01 4.529002000142838824e-01
1.206160283978481402e+03 2.063684024111245776e+02 1.034587967125162322e-01 -3.035170324665159569e-02
2.104516945716839302e+02 6.439353003337164409e+02 -1.999069795760988200e-02 -9.583014216786978068e-03
2.728472844978598459e+02 6.543788209821356077e+02 -1.128700855983311158e-02 -1.011727364415833108e-01
2.319154799255398132e+02 6.613226168741917945e+02 8.655403523377458441e-02 7.983599487181436416e-02
2.370229347399130972e+02 2.903351609833916882e+02 0.000000000000000000e+00 0.000000000000000000e+00
9.892717381209355381e+02 1.667970104933544917e+02 0.000000000000000000e+00 0.000000000000000000e+00
1.104122338690664947e+03 1.620980622418525172e+02 0.000000000000000000e+00 0.000000000000000000e+00
1.091265103865192714e+03 1.983351596454736807e+02 0.000000000000000000e+00 0.000000000000000000e+00
1.101738234059307388e+03 1.959859957085227506e+02 0.000000000000000000e+00 0.000000000000000000e+00
1.093882462980187938e+03 2.211265541886290009e+02 0.000000000000000000e+00 0.000000000000000000e+00
1.084000576665942390e+03 2.866111924258753447e+02 0.000000000000000000e+00 0.000000000000000000e+00
1.070528488866598991e+03 3.386576697931154740e+02 0.000000000000000000e+00 0.000000000000000000e+00
1.194131861078586326e+03 2.020279924348043608e+02 0.000000000000000000e+00 0.000000000000000000e+00
1.153490825421073168e+03 2.374837082778621209e+02 0.000000000000000000e+00 0.000000000000000000e+00
1.159959534945422547e+03 2.488630271047058500e+02 0.000000000000000000e+00 0.000000000000000000e+00
1.201770249522136965e+03 3.317670763546237822e+02 0.000000000000000000e+00 0.000000000000000000e+00
3.011958565792360787e+02 5.318265913433964442e+02 0.000000000000000000e+00 0.000000000000000000e+00
2.434695104357146818e+02 5.397008049715784637e+02 0.000000000000000000e+00 0.000000000000000000e+00
2.454109519078670019e+02 6.076134104947451533e+02 0.000000000000000000e+00 0.000000000000000000e+00
2.074483422212572350e+02 6.390970249420577147e+02 0.000000000000000000e+00 0.000000000000000000e+00
2.718598302091644427e+02 6.711164918022424217e+02 0.000000000000000000e+00 0.000000000000000000e+00
2.588706126886808647e+02 6.746749586411407336e+02 0.000000000000000000e+00 0.000000000000000000e+00
2.861733525595417973e+02 9.873201439927584033e+02 0.000000000000000000e+00 0.000000000000000000e+00
6.403330354074524848e+02 9.981611158828089856e+02 0.000000000000000000e+00 0.000000000000000000e+00
6.427936581220653807e+02 1.000469856070544438e+03 0.000000000000000000e+00 0.000000000000000000e+00
9.331417284451126761e+02 1.024779451504613462e+03 0.000000000000000000e+00 0.000000000000000000e+00
