1.344338424771916891e+02 3.801485684685765705e+02 -1.430650839226488974e-03 -4.013216401009987375e-04
2.654405119651313498e+02 6.847737995739366852e+02 -2.258944678011617045e-03 8.853283250230128271e-03
2.536244896501015944e+02 4.641429445285957058e+02 2.512205268144521121e-04 2.809892596708818673e-03
3.165696149147699430e+02 4.764783473965759981e+02 -2.696437033251856876e-03 -2.028102994210379223e-04
5.660568335845746333e+02 3.861873199435593165e+02 -3.080488596686669842e-03 8.811258821419915357e-03
5.666920430084048803e+02 3.805692476727622306e+02 -1.409569843625795797e-03 7.550591725778686876e-03
2.698039690222560694e+02 5.043383304598893915e+02 -6.930495519098557600e-02 2.665080167981391246e-01
8.301032833442374113e+02 4.082664755376405878e+02 -1.619053036843115002e-03 3.212045137538755302e-03
7.052522829708145764e+02 4.160695635439162743e+02 -5.644221636668819708e-02 -1.152172067582573657e-02
2.344607999070260860e+02 6.983135202156539663e+02 -1.486851527383434204e-03 2.607351811237472970e-03
6.343484325175385266e+02 8.221962241130950133e+02 -4.503287597522598589e-04 1.995033860391168257e-03
9.123313740243664824e+02 8.059672365864549874e+02 -1.086738141428006529e-03 -1.562204516475692705e-04
4.599748525832867472e+02 9.415736338152449889e+02 1.473788105127229206e-04 6.954201825597956018e-04
9.070611092253082006e+02 9.242128475377113546e+02 -4.090106259395319931e-03 -2.536392757679771081e-03
9.000106736688616138e+02 9.269493554146786209e+02 -5.989219216340499821e-03 3.318461554427624017e-04
7.077496438149294136e+02 9.911377691691112659e+02 6.776669900942254750e-03 -1.869184688179289025e-02
7.150433821097815326e+02 1.011512570153004390e+03 6.000786762085974545e-04 -6.558863567308867481e-04
7.049026796394697385e+02 1.023679459415081737e+03 -9.126634827518302368e-04 2.966824899807185317e-04
9.842722030166006562e+02 8.463615952273543144e+02 -7.576477839701609976e-04 1.184244109992397447e-03
4.816400260407887686e+02 1.099060430536856757e+03 -2.923610191211794000e-04 -3.215468883345328063e-05
7.045060345367994614e+02 1.036485809342971606e+03 4.649621122111831329e-04 3.318909487231871914e-04
7.518672669545215967e+02 1.067642304208102132e+03 -1.091738240293665583e-04 2.204850239483522809e-04
7.456275603967476400e+02 1.071502269074179821e+03 -1.096267037182499700e-04 5.576714234546959305e-04
1.310783156109046104e+02 3.253397322923937622e+02 -2.521032517570279802e-04 1.989351719738342589e-03
8.998666518228238829e+02 1.102134907053072538e+03 8.959208347167726180e-04 -3.486797996867950413e-04
1.346229433001056748e+02 4.002073167577585764e+02 -3.637680791489919518e-03 -2.904317120741063858e-03
3.849175301851228141e+02 1.091166576287837188e+03 8.489396611241435686e-02 1.262206171914651443e-03
5.638129150946372192e+02 4.583779716322152353e+02 -1.283140440931458551e-03 -9.019097946516058031e-04
2.618231193532196812e+02 7.408800511971695641e+02 -2.637428226143970992e-03 3.296763819729910442e-04
2.742596841259267535e+02 6.197212094657041916e+02 -5.126957761524070928e-03 -9.561320998045630404e-03
4.088938326958679568e+02 1.060669633983457061e+03 1.048877582965504571e-03 -5.933388106464774006e-03
1.009236584371408526e+03 8.172635972824053852e+02 2.676024214161491863e-03 1.102810989938448130e-02
4.873611118181640336e+02 4.478593560642388525e+02 8.774560819129436848e-03 -3.242730462505341582e-02
2.239234789571525823e+02 7.549466939265246310e+02 7.952256066466467307e-03 9.574975945808167355e-03
5.979247071549391421e+02 4.371909244208804353e+02 -5.401490052698739580e-03 2.000696768890248070e-02
8.312807548888685005e+02 3.243980498482250141e+02 1.011346240029344611e-02 -2.254405310942659765e-02
4.654276205457920241e+02 4.558540825777296845e+02 -1.692726225185354604e-03 1.476351540199431940e-03
2.486882783581595504e+02 7.185196030306715329e+02 1.847727581569883794e-03 4.142428216440938171e-03
4.933769533208864573e+02 4.301734560878811635e+02 8.401262888406284572e-04 2.238329721446106254e-03
2.300332094215902714e+02 7.001709702901831633e+02 3.024244568266983967e-03 -3.754678811696751488e-03
2.304561264535637406e+02 3.346214327915072317e+02 -4.471138033291156139e-02 -1.523912449290402149e-01
9.705729561530597493e+02 8.447718470059653555e+02 4.485485496505782661e-03 -1.728131560488835403e-03
1.020713829204753893e+03 8.151509776139190535e+02 3.769811561999694693e-03 -1.619019673474141009e-03
2.020038255201349102e+02 5.095690054135442324e+02 7.453325442272930312e-03 9.980872028616022754e-03
9.566394035475618693e+02 8.498909022302256062e+02 -4.171366529116276103e-03 -1.978765724944910043e-03
8.329898741766493231e+02 3.432349529817659004e+02 3.502031050093160069e-02 -1.351368212285514875e-02
5.056287280956009340e+02 4.423212090894450625e+02 -3.484155111814491324e-03 3.829425708477286836e-03
1.004695907752078597e+03 8.322854081386319649e+02 -2.195330034665668884e-03 4.370570248653112694e-03
4.937775372416264190e+02 4.403887490846407218e+02 -1.244600896979077822e-03 1.049866596525310478e-03
2.558995090640602541e+02 7.436092746825960376e+02 2.136799713340035035e-04 -4.489418132595913806e-05
1.910314252797382153e+02 5.810731541039525609e+02 -3.651607296559280895e-03 3.690720072073769460e-03
9.882569491924725753e+02 8.224819007353453344e+02 -1.937246601911094424e-03 -1.672440434948713412e-03
1.016200565083523770e+03 8.099666113302579333e+02 -6.603973843425592349e-03 -3.651721268749839790e-03
9.843183780960670219e+02 8.180987966242516904e+02 -4.834292515372701346e-04 5.547953920439443846e-03
5.811466879693811052e+02 4.515282939198771714e+02 -2.459785378248690538e-03 5.589470046571041323e-02
1.244086463669301111e+03 3.967363629000298602e+02 -3.645623508092366103e-03 1.573095842038673212e-03
1.185100585068604005e+03 2.510114676516984673e+02 -4.953217589245198851e-03 7.173723317775977312e-03
2.706143613145605400e+02 4.537494833652355624e+02 8.973118817675528394e-03 -3.129755763080799835e-01
2.328726766704308488e+02 3.481018195786403453e+02 -5.011090453867730193e-02 -1.845714380958561884e-01
2.610938444651119426e+02 6.143536717749386753e+02 -7.319315564058284304e-03 -2.404153984296517575e-03
9.479743749256476804e+02 8.366545670778552903e+02 -4.179705724152314207e-03 -2.344285448981677997e-03
8.083031826649920504e+02 8.812408522256323522e+02 1.505507062908087923e-03 1.927712009555672054e-03
9.278477588792463848e+02 8.287798743882918870e+02 -2.060672370371231452e-03 -1.807726855659974900e-03
9.245118328320668297e+02 8.573785525438471495e+02 1.968890426408817507e-02 -9.634800216863458186e-04
2.628494204895828830e+02 5.587298934294212813e+02 -1.738702029427997148e-02 3.570110731627541001e-01
7.961033898467857171e+02 3.638108377933701263e+02 -1.886646214761482712e-02 -2.158336215048206608e-02
9.490503551432659606e+02 8.454936944455452021e+02 1.659127018540695496e-03 -1.317895706229632634e-03
1.032212218933377699e+03 8.309348919674240506e+02 -1.051481095748953327e-02 -7.270173775690871344e-03
9.134909376272738655e+02 8.315548674969811600e+02 -2.159064638874497177e-02 8.115851334566449513e-03
9.831006985377907768e+02 8.687400995740123335e+02 3.894721342298412565e-03 -2.805588405941883651e-04
2.895340816078178818e+02 4.128129846486490351e+02 -1.694170287815680367e-02 -1.577224742126055734e-02
9.782793705890123874e+02 8.658577003771703176e+02 -8.574642483883490943e-03 -5.815342361651040098e-03
9.026578582194000546e+02 8.525431313258808359e+02 -1.226581708711630206e-02 -1.223014395193308852e-02
3.288641188031823503e+02 5.664501942053813082e+02 2.456931672838891245e-03 5.126074258911184588e-03
2.222657493419460764e+02 3.081776218300490768e+02 -5.422485979621265856e-02 -2.071838801582684686e-01
9.905220838022733005e+02 8.510979186964830205e+02 6.873373093534303896e-03 -9.006693666376600028e-04
9.668579801144096564e+02 8.743029379679699105e+02 -2.685234432432129052e-03 5.858844341749246294e-03
9.581658177584706664e+02 8.615421520366621735e+02 7.532442607921754039e-03 -8.652230186453830144e-04
1.973929397245952089e+02 5.710454834619209805e+02 -9.061449536245212580e-04 2.085846961702796099e-03
2.847638565290910719e+02 4.644198592657351696e+02 3.807963435953114900e-02 3.109542411279713758e-01
5.105165830499756225e+02 4.226067421506069763e+02 -4.808780171830707995e-03 3.285743477132630624e-02
8.022214421490523364e+02 3.557383869713873992e+02 -4.215795230378500610e-03 -6.095530057748846766e-04
8.016027273150689325e+02 3.468095827967087530e+02 -3.568865112044639683e-03 2.293821607197784815e-03
9.411327382098586440e+02 8.713558401945200558e+02 -6.505435379019875765e-03 -1.593208764389637128e-02
1.144872672985750341e+03 2.284589680525252788e+02 -3.990225440114918490e-03 -1.846763536587338762e-03
1.172380456317458993e+03 2.142885133186331359e+02 -2.523868284521932348e-02 2.374272199908081249e-02
2.899920263028616318e+02 4.987833092476255956e+02 2.637765101683001503e-02 1.071121393263307353e-01
5.661035562089006135e+02 4.655490680697477615e+02 -8.285900463319968668e-04 3.063555709898105068e-03
1.027442137281828536e+03 8.258325989694950522e+02 3.743480182089961583e-03 3.150168900014934905e-05
5.145649215200776325e+02 5.076351195205017461e+02 6.575547717246909597e-04 1.988987098765322356e-02
7.342371543138909828e+02 9.643042204155083255e+02 -4.096501686957469690e-02 -1.066011501136652530e-02
9.946846217576843401e+02 8.767298887415150830e+02 -6.805495448701332981e-03 -5.836751198484812185e-03
2.114703319941383199e+02 7.018248623325690687e+02 -1.603472671964518200e-03 3.697083180622264421e-03
4.707988381153678574e+02 4.363217230685847881e+02 -3.467805965952396648e-03 2.558172271918546323e-03
7.866029340784448323e+02 3.385572765786454852e+02 -2.237385755731815824e-03 -3.388040520756494499e-03
9.699754816081558602e+02 8.931030504483181858e+02 4.118962659213768959e-03 1.977613857818168522e-03
5.704771653587607716e+02 4.311391946044611814e+02 -5.704580152514428931e-03 3.054297228731688626e-03
2.164109822781188086e+02 6.999665412436607994e+02 -9.722039499149164737e-03 -2.134791299013024009e-03
9.281728265582933091e+02 8.415400163135527691e+02 -1.593198377735695684e-02 2.500594605432169409e-02
9.703060567562641836e+02 8.236365725506299214e+02 -2.443286696851116983e-03 -6.379400380690793473e-03
1.970381593932125384e+02 7.054289106312946842e+02 -1.215109966503066449e-02 3.767254276120787088e-03
1.007179967842449059e+03 8.721043565415831154e+02 -3.717613517051627462e-03 1.463709928097979215e-03
2.253944668232371953e+02 3.045508540950618794e+02 -7.474251225831814172e-02 -2.228617511038052668e-01
4.751243422126043470e+02 4.472561439066731168e+02 1.624857468091069762e-03 -1.202255711780140894e-02
2.950241954157737041e+02 6.584214281777552742e+02 -5.858573136621170706e-03 -2.550530212100074814e-02
9.023289105411460014e+02 8.591259262848125218e+02 8.235272867259842144e-03 -6.884026841649387024e-03
2.107120410834633617e+02 7.447548119248828016e+02 -7.569398144759775966e-03 6.299777635237124862e-02
3.035012451900460064e+02 6.403743328362709235e+02 -8.419533101252707269e-04 8.934138546827411582e-04
1.263065418251548635e+03 2.908446762735634366e+02 -1.777204603185154191e-02 3.303644714029103750e-03
1.272694526655848449e+03 2.970470035648918383e+02 1.192358240648738223e-02 2.152900083587153471e-02
1.259156086804571260e+03 3.096215728181533109e+02 4.093833320695183103e-02 2.497437623961696815e-02
1.032181175389500822e+03 8.707238624810912597e+02 -1.066656633523475894e-03 -1.974036109016755018e-03
1.001592004059398846e+03 8.159494143350964350e+02 3.472095352645008376e-03 -1.123937043290213628e-02
1.168050984199385994e+03 1.412454668803680988e+02 8.533534563672795503e-02 1.725979133751487718e-02
6.137706700965496793e+02 3.899748618607686126e+02 -3.742265194831465025e-02 5.282986718260745951e-02
3.685216857339042917e+02 1.090086859379638554e+03 -2.520300317838577442e-01 2.018382923538546148e-01
9.492537255304883956e+02 8.237833909586704522e+02 -5.100411891724902043e-04 -7.996688219853437599e-03
2.450529276123459965e+02 4.969552325226023868e+02 1.887586420028213941e-03 3.245419052958742247e-03
7.178244231722750328e+02 9.554868302738833563e+02 3.991274093997469047e-03 -1.171543392161982075e-03
6.357000622352795745e+02 4.705778322737708095e+02 4.156414688656193679e-01 -2.100771509985484287e-01
4.887725472459776483e+02 4.582915132344325571e+02 1.527574633008376911e-03 3.343589483299942017e-02
2.458240592528942443e+02 4.918431875110356373e+02 -5.665344828164315880e-03 6.991222197127784643e-03
4.247341528919559437e+02 1.073561639912608371e+03 7.845235124662367334e-04 -2.135688328451687025e-03
2.274522042626338134e+02 3.152880084438761514e+02 -5.182171647049223229e-02 -2.048611635324942004e-01
4.947159144121608279e+02 4.730613872441035710e+02 6.066218577028520409e-03 -2.113945410979628688e-03
2.370936893507914647e+02 7.164862187148230532e+02 7.995953665558187427e-04 6.311076639173671121e-03
8.247602873312612246e+02 1.102214001256708343e+03 1.426955294618892367e-04 -1.982272940495022340e-04
2.142410489362272301e+02 5.814171228396630795e+02 -1.468279636321570547e-02 -2.056348028101169859e-02
3.206175314512987597e+02 6.070309745275034174e+02 1.693764172917817164e-03 -5.824828758502215023e-04
3.344162326074916223e+02 5.628594160785451095e+02 -5.790183094117679757e-03 2.525082361916976964e-03
7.630052477981740822e+02 3.887131802591545124e+02 6.119880071913363570e-03 2.353048638516305052e-02
2.172650072228906311e+02 7.354624998077919145e+02 -4.592864220261907993e-03 3.912445935520511391e-03
7.206509799524525306e+02 9.123374828620289918e+02 4.128376596234843514e-04 5.204861216834660333e-03
2.507175440553915848e+02 6.593824655366521483e+02 -1.486115651166900007e-03 2.012463189200866271e-03
2.682343426806788784e+02 3.007908635617251889e+02 -7.312282295537001582e-04 7.859270953960307681e-04
1.163474999573248851e+03 2.136140172209371428e+02 8.447576569594302323e-03 -2.090607937700238173e-03
2.652361084475659254e+02 6.302496115304211344e+02 -1.304294670002027496e-03 -9.879786829085086385e-04
8.507111412812093931e+02 9.315782885701220266e+02 -2.934865589719661818e-04 5.047114835680968333e-04
3.182954609573267817e+02 5.406620031091815690e+02 -5.031447279501626794e-04 7.169662155286343069e-03
2.111987124770405444e+02 5.827300488172051018e+02 2.105378663650085171e-03 -3.375179847491588479e-03
2.420772504001714935e+02 3.715821049878654776e+02 -6.204549729034591898e-02 -1.707646337525137725e-01
2.519697392277068104e+02 7.278292909104002320e+02 9.205996934078860411e-03 5.638604717252728967e-04
4.480109056000217720e+02 1.093050944395913803e+03 -8.654578869185466233e-03 -7.531917179464768519e-04
2.064777182073462143e+02 6.813338723214945958e+02 -3.222039147795268104e-03 -6.445250877007284093e-03
2.386051097632771700e+02 6.712289920244483028e+02 -9.329164813784913621e-03 -7.547392466561870508e-04
2.342256342698244396e+02 3.327537795261872589e+02 -6.641010936305385970e-02 -1.604840027906360156e-01
7.711021836464893795e+02 4.936267729531510895e+02 4.622792519878409986e-03 -1.134969222089306923e-02
2.802755951322318992e+02 5.314740353669521937e+02 1.482585937301427305e-04 -2.430920173930581352e-03
2.904295842346825793e+02 6.300737293054097563e+02 -2.892631393577441579e-03 5.367205331573573178e-03
1.260318080635249316e+03 1.956614643097984469e+02 1.148449807557638201e-05 -2.234128504429376029e-03
4.499702355730087788e+02 1.097464936435111667e+03 -5.779095852306967776e-03 8.485889737344359113e-03
2.406161338024025724e+02 5.027825069222332104e+02 -4.910643309616747731e-04 8.885059626473632358e-04
2.508298972294376767e+02 7.105060395566972602e+02 -7.661089678849028039e-04 1.003975569117774094e-02
1.245168589782318804e+03 3.791930892608224895e+02 1.979110806389306420e-04 4.004192520102772650e-03
7.193821090899613182e+02 9.604877927257359715e+02 -1.544203359674269169e-03 6.904931581501760375e-04
2.998286497308972685e+02 6.473130709812130590e+02 -1.313139550736177859e-03 -4.353134426499237659e-04
4.266548039471664993e+02 1.080456662353563388e+03 1.389440279765190821e-02 -8.745657863631878899e-05
2.276239432918026750e+02 7.102572554011439934e+02 -4.277970847732097057e-03 -5.625662123486900850e-04
1.028083829112541480e+03 2.222145975208132427e+02 -8.095636522475975483e-02 -1.988765428521831191e-01
2.395023958222959379e+02 3.759579776324545719e+02 -7.367153735598147568e-02 -1.827196451785383091e-01
2.189600418405771052e+02 6.468344368194608478e+02 -3.013304006926357127e-03 1.411808214950022048e-03
2.569564194203237548e+02 7.179827445666242056e+02 -1.213787800129849338e-03 2.127485601388096146e-03
2.528345985706620525e+02 7.234905616345577073e+02 -2.168045939025277195e-03 -9.156886956433671343e-03
2.371412644001160004e+02 3.647125775413394990e+02 -6.244760626605884435e-02 -1.724064638324391829e-01
2.975228760772898227e+02 6.546249752214648652e+02 1.414126705101623064e-03 -1.524146187649637460e-03
2.350362616131511686e+02 7.104497926706615090e+02 -1.914928792816377422e-03 -3.101054031877439063e-04
1.195435916872832877e+03 1.874399813647386850e+02 -8.788966514061084118e-03 2.459404511745840144e-04
2.530204378816873430e+02 7.343985385827951404e+02 -8.408931854213427121e-03 -2.380470515775769819e-02
1.113309783689630422e+03 2.203434924345997388e+02 9.770704071437612617e-03 6.792231093108128115e-02
2.550843780659886875e+02 4.882381856645876610e+02 1.002394165285218873e-03 2.162960776863453571e-03
2.720156172536768509e+02 4.276432454482762751e+02 6.538225792223220645e-02 2.534926788629640604e-01
2.187858681681754831e+02 6.626405806148733291e+02 1.618208173660418180e-03 8.872626300327543861e-03
2.173174009037027190e+02 6.520145300456750874e+02 -2.904284939259329200e-03 3.233265415553099667e-03
1.211806747579767261e+03 3.049290230898531604e+02 1.196885655589008668e-01 -1.475677806981781637e-01
2.872007972500270512e+02 6.347318090990827386e+02 -9.257781849253329809e-02 -2.201170443144256222e-02
1.001098039041108336e+03 8.554218980066641507e+02 3.181153575251481039e-04 -8.018736145434352328e-03
8.646689584119756944e+01 3.139370110361180650e+02 3.435999835242754645e-04 3.182039270796232448e-03
1.224113623141885910e+03 3.971980727272770082e+02 -2.001280287197797745e-04 -1.673124938741977390e-03
7.531588625160929951e+02 8.451325948239118588e+02 -7.113706028700233401e-04 -8.814925941279209563e-05
1.190551215396103316e+03 2.069435377953316220e+02 1.676556743345399558e-01 1.679687702503202262e-01
1.212306713121236498e+03 2.211328688789328396e+02 1.378381269872682759e-02 -1.535897469393141847e-02
2.327206036476581801e+02 6.620019049913270237e+02 -1.827248093090389413e-03 -1.190859354285902019e-02
4.145852074948423365e+02 1.068774253611112954e+03 2.143289286943787092e-02 6.693687011197608193e-03
5.464762032289095259e+02 5.180104936368111339e+02 -1.488703543898372075e-02 1.369026341116282366e-02
1.133386884609255048e+03 2.056763319079006180e+02 -4.320299624732842209e-02 1.647991154972077710e-01
8.234994653528405024e+02 3.404655820759110156e+02 1.533422138085244408e-03 5.058422123720627411e-03
1.205080244114114066e+03 2.542649446747219315e+02 3.285838831889933368e-03 -1.819994013903080549e-02
2.474596514720802816e+02 7.359876992988241682e+02 5.611191913069073223e-03 5.807231159806043770e-03
1.148353068498663788e+03 1.763039489322866871e+02 1.996021077758258072e-02 -8.771957105658779400e-04
2.761302384166402817e+02 7.012476755168515865e+02 -5.278628897780107687e-03 4.897691269576117529e-03
2.607671601887313955e+02 6.849751020313705112e+02 2.283490193377983330e-03 1.030767840442386400e-03
2.290364975999198691e+02 7.463032471677237254e+02 -1.555154221642795348e-02 -8.484657530032402349e-04
1.955005424224242461e+02 6.640838776622235855e+02 -1.592506093810586165e-01 2.783592481702685806e-01
1.055126510185222287e+03 8.386210107123785065e+02 1.244116629987000039e-03 -1.334864222687005830e-03
1.220358548386863731e+03 2.471629072018598947e+02 -1.125827234660382696e-02 -1.666650074150259706e-03
3.054151508241836837e+02 5.471481724107347873e+02 -1.712724182802598033e-04 8.985788475291037192e-03
1.200448564782971971e+03 2.299347043267558206e+02 -2.782783366768907824e-03 9.454529916640391773e-03
1.265982355970294293e+03 2.038156376118776336e+02 -2.443021301718149027e-04 7.589096715743479929e-04
2.505430147432127512e+02 4.781880731417252832e+02 1.023683002941170586e-03 -1.197419143090095242e-03
4.370209585795425369e+02 1.091144561642611279e+03 6.651745091880123875e-03 -2.317683099642572908e-03
2.442264779786409861e+02 3.904584963066696446e+02 -8.563529043826713372e-02 -2.487764523521165949e-01
3.076891799589822085e+02 5.564894080198841948e+02 -3.402808031772015795e-03 5.899693935889850117e-03
1.106274499054595935e+03 1.561557533856683904e+02 -1.849649424543960974e-01 5.551162041659735147e-02
2.678825297972878161e+02 7.208030823746727265e+02 8.485436921215984418e-03 3.605566450922800120e-03
2.803922630157121034e+02 6.215328473680150410e+02 -5.187821751143596120e-04 3.043887056653129565e-03
2.718570977115850269e+02 6.716336267205210788e+02 -1.395442916975865675e-03 -1.267924850223229628e-03
2.993995834562104505e+02 5.104905242505565752e+02 5.009364997447684868e-03 9.695269407403780265e-03
2.695402879959024744e+02 6.960082662593310943e+02 3.757634114532661931e-04 -3.107224905511654818e-04
9.182566291624566475e+02 1.102610563899016142e+03 -8.298990433577093945e-04 1.074747165184457070e-03
2.611292321609916485e+02 6.601355086192165800e+02 -9.475859925239749017e-05 1.656898615076915797e-03
8.213436635423900043e+02 3.847963443221745479e+02 -6.316536377072575837e-04 7.512088936112890428e-03
2.661999761026755777e+02 6.618109175855454396e+02 -3.896849746714487524e-03 -1.892800761547642693e-03
1.237552354765101200e+03 2.889901115075233520e+02 -1.872595813220094552e-02 -4.335017522841085567e-03
6.935762727808632917e+02 3.969631086271914455e+02 1.234902310877084297e-01 -1.551780032636767281e-01
2.826360845008210845e+02 6.866277176548528587e+02 4.325125002842829247e-03 -7.445634537012971871e-04
2.768984583169736879e+02 5.279773524221357093e+02 3.365520285430787829e-03 -3.912175327044597507e-03
2.317935095409957569e+02 3.091311821372125905e+02 -5.584898663514785422e-02 -2.512476281105551212e-01
2.416349119784186144e+02 7.360396563808953942e+02 2.137859570438598034e-02 -1.385725066179002360e-02
2.440806635681197747e+02 6.353301468832762566e+02 -3.806839586983437346e-03 1.991288605824034839e-04
2.649482120043488749e+02 7.305328516947613480e+02 -3.133232740062434629e-03 4.564295517749348934e-03
2.742838495832393733e+02 4.039885780874588477e+02 6.299784040701320031e-02 2.587373170531345745e-01
2.623892746927366488e+02 7.096087753885033180e+02 3.352189188431697105e-03 1.494629951528370602e-02
8.578794947905120125e+02 1.101744325942030400e+03 5.114011627830394267e-05 -6.204493678645724847e-04
2.309783966771080657e+02 7.405047282706630085e+02 5.242504765387573243e-04 2.663234816750311047e-03
2.485789273234816790e+02 6.276028391419409900e+02 -6.015407988898139983e-03 -1.939771121486965136e-02
2.147574910381218558e+02 6.668798353030388171e+02 1.985005973550962866e-02 2.024551463051412186e-03
7.151863102030828259e+02 8.771859933601666626e+02 -3.025038179398822046e-03 3.829723745446577884e-03
2.502154268511442297e+02 6.166456545192047543e+02 3.154011896832076018e-03 1.065285555754337879e-02
2.354190091845403856e+02 6.286658317957571853e+02 -7.546736912914157533e-03 1.228758473561050203e-02
2.576869930393164054e+02 6.376305733101836495e+02 -1.459938817751915046e-03 -2.457014275665137947e-04
2.515324258939297124e+02 3.892755072839138393e+02 -1.361190529404675553e-01 -3.354579092325740142e-01
1.182389804371886839e+03 2.267586405554823159e+02 7.316919979615758157e-03 -2.723622557990362097e-02
9.944346856649575557e+02 2.313440743111713971e+02 9.661781705459037252e-04 -1.362876182808030016e-02
1.115698807357182886e+03 2.240453576728757241e+02 -8.045634542872678874e-02 1.487817468280062116e-01
1.088584222613495740e+03 2.099846653458172909e+02 2.828148604150177749e-03 9.557619170796652699e-03
1.163746046432058847e+03 3.516803016692353481e+02 5.087116235420643950e-03 -4.477011346160387345e-02
2.831316525141629654e+02 6.780331076858303732e+02 2.227553204684429734e-03 5.347414713201438649e-04
9.206410585686148806e+02 8.417202204671800700e+02 1.697625251893999931e-02 -2.094134836047690379e-02
1.235977717339233777e+03 2.775006601319698802e+02 1.064434633942237460e-02 -2.044233618128337565e-02
1.189031661280853768e+03 2.273562372933848508e+02 -5.250348378051129632e-03 8.752206763935335351e-04
1.179736053904323398e+03 3.260522941161177641e+02 7.184970518199289280e-02 7.816381234642892639e-02
2.643218699932037339e+02 6.994227386448934567e+02 2.077645420275183591e-02 2.350091215871003350e-02
4.058426354385528612e+02 1.078585546097987162e+03 7.875981525135913050e-04 -2.058536270234783143e-04
1.092353265409146388e+03 3.054512364251443728e+02 -2.982492320123776852e-01 1.675428675241050769e-01
1.881844753233338849e+02 5.765542309218797072e+02 2.345805973453650873e-03 -2.911185664439327938e-03
1.192473866224302355e+03 2.300548419376411857e+02 -2.026029548546875655e-02 3.905765390552550648e-02
1.219128725182679318e+03 3.088670128869333666e+02 1.019975036180974515e-01 -3.463449189674049772e-02
2.319014263120191970e+02 6.276830924875487199e+02 -8.929225743928397019e-03 6.042200516167168210e-03
1.220969224392961451e+03 2.375954657738482467e+02 -3.089525242301371298e-05 -4.048916067123085362e-03
2.463023026641665467e+02 6.931776077405562546e+02 -1.420202248425257979e-03 2.666765499274072367e-03
2.912239526995762731e+02 6.484496674961653753e+02 1.712314249662896196e-03 4.069292167401943072e-04
5.243238966400778054e+02 4.783530972368821494e+02 -2.960879318093833160e-02 3.167528866576013041e-02
4.383177801624723884e+02 1.085365914396682228e+03 5.783420597161144372e-03 -7.869733082187769027e-03
1.154952889234371924e+03 3.690176669494036901e+02 -4.966350330660854184e-03 -3.458228854278988951e-03
2.702855060367479041e+02 6.360349041936431149e+02 5.789219539721134934e-03 -2.190376440104487531e-03
1.186603703695928743e+03 3.369940358356456045e+02 1.661481344765186607e-02 4.311730947282141346e-02
8.229917877906771082e+02 3.784840657441661733e+02 -2.589124122060089406e-03 2.513902813803940863e-05
1.002334392239247222e+03 8.668015923314206930e+02 7.734045194322086356e-03 9.675905974509168075e-03
2.287154072604564305e+02 6.884462435392301813e+02 4.999983758512591657e-03 1.095672525821100862e-03
9.233501543145169990e+02 8.643773432820661355e+02 -3.819067488178565055e-03 -5.032829988022508375e-04
1.248179794208679596e+03 3.096654606142992066e+02 1.235681520416160271e-02 1.019921023389722993e-02
1.107402289124828712e+03 1.850543720401741155e+02 3.974608957257556863e-02 5.045883001142186658e-02
3.033040692619841252e+02 5.347387520699412562e+02 -1.378867528767566825e-03 4.765906042263337236e-03
1.158886608420918719e+03 2.253386765945285504e+02 -1.274659134288178876e-02 1.522598753070197597e-01
2.787791994152989901e+02 6.594091873138728488e+02 7.690304066678584766e-03 1.164488737094870885e-02
1.942048482599581689e+02 6.800593340663699564e+02 -3.495620970621144546e-02 2.626747308959227478e-01
3.075086527232064100e+02 6.309054038149594135e+02 8.883336021265694424e-03 1.365061580995891033e-02
1.052413880862851101e+03 1.869778996186286690e+02 7.742521449204509999e-03 1.422573620849216201e-02
2.501474180755618590e+02 6.817110227285295423e+02 1.412947534042994537e-02 -1.177663090404036141e-02
2.487134290499779183e+02 4.059148237782129627e+02 -5.900647373388413081e-02 -3.073540293878556651e-01
2.735975069048120645e+02 7.182672176965958215e+02 1.132216721157194503e-02 1.359952451137828519e-02
2.463616385772081117e+02 6.134445270027337074e+02 8.774159445911861380e-03 -2.998831220600883460e-02
7.106079180347209103e+02 4.295604602340823703e+02 4.188269216007977080e-01 -1.872676989188617469e-01
2.893922090011967612e+02 6.138600241083929632e+02 1.701128857812274006e-03 5.764827710947321125e-03
1.696165750341185117e+02 5.755429385530727586e+02 -3.923450344986615518e-02 2.368708057396572836e-02
2.823814080511901352e+02 6.515553792579494257e+02 -7.416575056553673106e-03 3.833403959088352991e-03
2.820481819696213392e+02 5.461181750394827077e+02 -6.238267533838029802e-03 -7.989402837058424967e-02
4.073545660079611253e+02 1.086632344583660597e+03 -4.845876559695377764e-04 -2.206573814601593079e-03
5.682693468738269758e+02 4.261623179117593168e+02 1.306985695441878871e-03 2.124284951446385374e-03
3.136436886457706805e+02 5.048237518147822129e+02 1.234171160011456828e-03 8.737187465746190304e-03
6.007263488426249296e+02 4.385385522956938189e+02 -1.759604791151118605e-02 -2.452283288737486244e-02
4.625963078173875829e+02 4.527195162398933235e+02 4.648574919561760440e-04 2.669559600418427818e-03
2.944207299581274810e+02 6.061860874293878396e+02 -1.132778313571335127e-02 1.863979405629158717e-02
1.193111067141824606e+03 3.422677983293365855e+02 2.184014839846697489e-02 1.942881947735711559e-02
3.136369894892649768e+02 4.962630020613989359e+02 2.775714537815789605e-03 -1.204396609342429751e-02
2.301698949134387817e+02 7.726722089189597682e+02 -4.585557752009090243e-02 -2.523022055822933540e-02
1.512998287895761678e+02 4.547528293018153818e+02 -4.287051185951783108e-04 -4.565744171950337701e-03
8.159831979283918599e+02 3.375404280727341302e+02 -2.511038826250483816e-02 1.489197529040234107e-02
2.303459479141592965e+02 6.391786226863187039e+02 3.170997523078044906e-03 4.132229892358808658e-03
2.735535121166527119e+02 4.952478224711194343e+02 -5.594695887128189188e-02 2.942411973891823629e-01
1.267490190826695880e+03 2.595882270012152162e+02 1.070049948550761808e-03 1.071549839248730346e-02
1.056983044151289278e+03 2.173947042023166034e+02 1.224756907920076660e-01 -2.054358563943265228e-02
9.413896040492368229e+02 8.510529053741986445e+02 7.197241422358778432e-04 -2.120747044352023006e-03
2.319304043796567498e+02 7.146790574560932328e+02 4.701300608372089088e-03 4.117353149581504113e-03
2.923421654452039320e+02 6.617787845747616302e+02 7.183092222884296385e-03 -4.102478927861604070e-03
2.398300714978508950e+02 6.472345486319787824e+02 3.243710816869676411e-02 3.223739976625879765e-03
2.397403543859862509e+02 6.006319697167347158e+02 -1.183389666611315838e-01 8.152019263874679678e-02
1.167518137537520715e+03 3.422027268457777609e+02 5.409420006403797138e-02 1.273264057200645116e-01
1.027915967137169446e+03 1.768801058186548119e+02 -1.891027579857892660e-01 -2.636154338251312512e-01
1.069250534805488769e+03 2.304472249079118455e+02 -4.302070173945490850e-01 -2.019028247438240109e-01
1.202770495347000633e+03 2.022671262094806082e+02 -9.559798149639661333e-03 1.726466879560236908e-02
2.331995422485292124e+02 6.187526019641373978e+02 -3.116697225873265448e-02 5.082044837181366043e-02
1.211333834019781079e+03 2.785973367077103831e+02 -5.787476832910944807e-03 -1.230074330091367879e-02
2.511465202931218528e+02 6.521925206921072231e+02 3.207327694611865256e-03 3.512151031036365133e-03
1.032013901719060868e+03 2.491336382178123188e+02 -1.573334470194507478e-02 -2.511522023028918069e-02
1.010042389331835693e+03 8.370307126379896090e+02 2.237042472735525055e-03 3.044067151127855583e-03
3.244361075603752056e+02 4.804437265744029446e+02 -1.612903445224521046e-03 -9.705273735062741949e-04
1.076972132252328947e+03 1.923119236639886651e+02 2.256684482625645818e-02 -1.334330367966104006e-02
1.229179412079096664e+03 2.757544260440976700e+02 5.642314449811589028e-02 6.076317002919490867e-02
3.000515956462347162e+02 5.767998016632363942e+02 3.977242721814626403e-02 3.735576858170503584e-02
1.008563814552980830e+03 2.369186915689920454e+02 9.263767847802668876e-02 -5.764354272400710327e-02
2.555966131159949555e+02 4.267835133866661295e+02 -6.717897750026829984e-02 -2.946960178418688292e-01
1.091561286181552077e+03 1.892940969231207475e+02 1.179594817708810688e-02 -2.558194258668406926e-02
9.870784806909367717e+02 8.756592231026922946e+02 -7.719521236350770574e-03 7.040940762400475089e-03
2.398428785201662663e+02 3.430406008940715310e+02 -5.984781397704704714e-02 -1.666028180115905200e-01
1.112763005151434982e+03 2.067122872663715611e+02 1.531414105398419025e-02 -1.229007951847074526e-03
1.488866282488424133e+02 4.876185227554904600e+02 -1.290527467162492781e-01 -2.642928237020175097e-01
2.872794378990566315e+02 6.639627103647446802e+02 -1.481177593094267463e-03 5.812817820514742592e-04
7.609384731561924582e+02 3.957454422301859154e+02 -9.795781962757606209e-03 2.513673379318860646e-02
3.106271146957581095e+02 4.873145156425620712e+02 2.257330605056096905e-03 -5.925572847134768194e-04
2.458362547983337549e+02 6.666557277301785689e+02 -3.523099119375686442e-03 3.201562769818607976e-03
5.033972115809939964e+02 4.801598557202150346e+02 -2.370536408080559446e-02 2.828566850281380440e-02
4.223660385813239486e+02 1.096352510452039951e+03 4.744386522292085191e-03 3.475010080657541249e-04
2.572247454069888022e+02 5.543428028126859317e+02 1.016682919725924172e-01 -1.785416761205743663e-01
1.156518452909662756e+03 3.334786577553501843e+02 -3.604887351605495088e-02 -3.185283776378294678e-03
2.694223520746288045e+02 6.559742995815303175e+02 -2.776206865717941157e-03 -1.170003575391029499e-03
2.216442118617794108e+02 7.152420723224752237e+02 9.020187899245053461e-04 -7.386145524504731307e-04
1.024363162381460825e+03 8.669304729280651145e+02 -5.897995847842346304e-03 1.216142359663144150e-02
1.150685752190632911e+03 2.119730669588738010e+02 -5.424824344815830368e-04 -9.513521978117757405e-03
2.886830484409058499e+02 5.988091654844108689e+02 -1.405449702571273099e-03 5.009327366466176899e-03
1.030594228913004827e+03 1.602758549423638499e+02 -4.463461773375816677e-03 7.440041211863655899e-05
1.241961206056346100e+03 2.743017443665693804e+02 -2.676635893967253474e-02 6.107544780265340527e-03
1.934927967521530832e+02 6.932351982168987661e+02 2.033546849077646430e-05 2.212279682297064662e-02
1.147013153114040961e+03 3.142031330867382053e+02 2.457040660699318924e-01 -4.536310777762374985e-02
4.769140322720622862e+02 4.859674339981654612e+02 -4.109289419743348171e-04 8.705707544149305721e-04
2.910755464057587574e+02 5.779245370615055890e+02 -4.941394602585908249e-03 -5.359253326651239498e-03
1.245398713512057839e+03 3.553053962760154150e+02 -2.914876885265720030e-02 3.620881507904504318e-03
2.770722215924947136e+02 6.749426198650684228e+02 -1.418723890872746005e-03 8.882295768555672349e-03
2.657446727155377744e+02 4.692755824448535691e+02 7.146534557768680074e-02 -5.658331691938324193e-01
1.127329561575800426e+03 1.867104995176800344e+02 1.246152805752800442e-02 1.251629443054000194e-02
1.171917045982347418e+03 2.544690975477058430e+02 2.836848634038994371e-03 2.410135309846967930e-02
1.107553462638889869e+03 2.383856597504486388e+02 -1.005883866409751082e-01 -9.740163481010954971e-02
2.234412259034221506e+02 6.835495569140645102e+02 7.955137340514842814e-04 2.661910070130016001e-02
2.812229344095447914e+02 6.026201493216522067e+02 2.179871855070481326e-03 8.188987873650868665e-03
2.888072335710273819e+02 5.873339434500107927e+02 -9.089143659892413851e-02 1.883219052090923801e-02
2.701299913508990471e+02 4.109894018595979333e+02 4.730353539115648986e-02 2.570610972677260797e-01
2.315574518285191914e+02 7.239837647045017093e+02 -2.008408901187689818e-02 1.035649593526645484e-02
1.235544719604662305e+03 1.333796915803219463e+02 -3.155178272247284414e-03 5.853722308309483417e-03
2.349195733384084974e+02 5.707732138135704645e+02 4.547184291237895807e-07 8.507685668364456388e-02
2.641269925089155208e+02 5.446653407799832394e+02 -1.023410268299432269e-01 3.204900335198981320e-01
2.123964215042378214e+02 6.768932725808633677e+02 8.265779676086500161e-03 2.007872771803767553e-03
1.227150363300617755e+03 1.493604834986086018e+02 -4.658358103361114185e-05 -1.093729659548572323e-03
4.170678812402713902e+02 1.094298738231785364e+03 5.808514886059966582e-04 -6.002868630730517907e-03
1.015510990809982445e+03 1.639432706794125636e+02 -6.351745657546321866e-02 -1.766559746838262668e-01
2.589080713350334690e+02 4.402934303648033847e+02 -8.869310788312172178e-02 -3.052120142364573852e-01
7.209869573534978144e+02 9.213353611088746220e+02 -1.323949350106625247e-02 3.363149843296739383e-02
2.459292434000565208e+02 3.720815698719770808e+02 -1.010803118834787961e-01 -2.190327698495964093e-01
1.522564142459589789e+02 4.948574011442811980e+02 -2.359500597842829339e-01 -2.962542214977125776e-01
2.484337597421108512e+02 3.958890463046761852e+02 -8.210791831688743492e-02 -2.811849407121692623e-01
2.206972644520027700e+02 7.082517129411598944e+02 -3.247356868511437102e-04 -1.581423142203792565e-03
1.178704592467086059e+03 1.925922549693313783e+02 4.927844785756275818e-03 5.682142389143859246e-02
2.263058463099530684e+02 3.307329816392420980e+02 -4.167820704112126101e-02 -1.623608577023381572e-01
3.063609678030298937e+02 4.926148162364854102e+02 1.047482714247197164e-03 1.256693222422645799e-02
1.029429452022054875e+03 2.978475086786338579e+02 1.717505606115586961e-02 1.078300033622842276e-02
2.485683981158304618e+02 5.484782674753256515e+02 5.735628051032008040e-02 -1.956717020820581687e-01
1.131054899434980598e+03 3.407223046619490106e+02 3.285950332310496463e-02 2.822215891309258484e-02
1.207086063219237303e+03 2.373816325608405293e+02 -3.573609465515891620e-02 2.591929923803243385e-02
2.980161599774265824e+02 5.641607945867722265e+02 3.861452093642268185e-02 1.523902322864562897e-01
1.657480490717925647e+02 5.053401775196498988e+02 -4.076409540311309310e-01 -2.589117315043543699e-01
1.168101810057826469e+03 3.205695515062163281e+02 1.121521622836071652e-01 1.104622483484572759e-01
1.205391745324343447e+03 3.856877305675306502e+02 3.511745100864248955e-03 -2.093739396737740940e-02
1.035580489481002587e+03 2.483610964951918731e+02 -8.259353882519940293e-02 -2.149253805493171396e-02
1.004669938614718035e+03 1.947212300717377786e+02 -6.881471613203843374e-02 -1.482113566855339792e-01
2.858422938043989348e+02 6.287784581139164857e+02 9.795197664809530622e-03 1.331389274433730438e-02
2.200279499778533534e+02 5.937232223083385634e+02 -2.117056925420222543e-02 1.322768124238998810e-01
2.527147537470451653e+02 3.652882221550328268e+02 5.876310696396220418e-02 1.943212942482613614e-01
2.727649545188677394e+02 3.740297162315426363e+02 6.967768030754784014e-02 2.229453117772956516e-01
1.010054257465388559e+03 2.565795421635154412e+02 -4.501905554400872228e-02 4.402020385141316994e-02
1.893030905265851800e+02 6.734215461815840627e+02 -1.682161038474132009e-01 3.527437481701914401e-01
2.607581184192686123e+02 5.019958729259959114e+02 1.257754987547205772e-01 -4.270060520233058821e-01
2.638063222140775110e+02 4.314793361581462818e+02 -6.802223860068697114e-02 -3.101904998404368397e-01
2.875974531062467463e+02 6.503049603888632646e+02 -1.381486822644506464e-03 3.391165858151862743e-03
2.613601436160906815e+02 7.054582153473404560e+02 -1.041919512985178570e-04 2.243057241159503515e-03
1.154085159814832195e+03 2.224782277767498329e+02 -5.666924073173703041e-04 1.180852484958224867e-03
3.219352198132532408e+02 5.504211730457375324e+02 -3.193446647450814708e-03 1.180013696172170631e-03
2.202074257629707859e+02 6.950668424360266044e+02 -3.576765562489709303e-03 8.438856446030800623e-03
1.485515498402514822e+02 5.225568154783026102e+02 -5.776481075087397388e-02 1.773782349154888471e-01
1.034919232623623202e+03 2.218251711144091871e+02 -1.436347445445506354e-01 -1.926452513250999088e-01
2.575431928151076590e+02 5.151300409535816698e+02 1.394817659775381136e-01 -3.852306604562187320e-01
2.236318403678838536e+02 5.910696808907619015e+02 2.382991560496111258e-02 1.492914898565501913e-01
1.236091256648752733e+03 3.996254836987776571e+02 -1.453934998803876237e-03 9.009430815489516756e-03
2.595590766969154970e+02 3.594341436981729885e+02 7.323068734526748391e-02 1.873351297335143495e-01
1.128487144365636823e+03 2.386789037645304745e+02 3.978312005850930672e-02 1.702806644730364694e-02
5.176654002490705579e+02 4.825898448431462953e+02 8.098103658216861817e-03 9.123786487656737956e-03
1.146682925993922026e+03 2.210173812970867573e+02 3.118111165658639383e-02 6.738561573924621573e-02
2.471578353247181212e+02 5.733502456357023220e+02 1.837582359017819467e-01 -1.269146289130929084e-01
1.110474977243618696e+03 1.921883893001634362e+02 5.155477854864869841e-02 -7.316549435234963317e-02
2.838443676701503477e+02 4.871569962911456741e+02 2.201157480174522132e-02 3.445976082738432811e-01
2.419471849358549207e+02 3.570601957907045971e+02 -4.886929273370223953e-02 -1.559507456788358781e-01
2.758712611028494166e+02 4.203862556492260296e+02 9.460256978016473584e-02 2.876780426049150852e-01
2.054688253685604309e+02 6.898952241082010914e+02 5.482998678484316685e-03 -1.081757835067991870e-02
2.449083318252937147e+02 7.000026721556073426e+02 -1.092185645170260476e-02 -1.111387509680897279e-02
1.133170876751513106e+03 2.235556229040558947e+02 6.502428353510682733e-03 -1.713431471530373063e-02
1.161989582039459492e+03 3.243263266791032606e+02 1.070076385570736949e-01 9.291374536292265618e-02
1.037041335236735677e+03 2.870784459238746535e+02 5.640064644041720317e-03 1.701002346087163164e-02
2.910927794200025005e+02 5.623219435964203967e+02 1.724157757211802755e-02 2.347487389592182450e-01
2.436686531035936127e+02 5.556816671892045179e+02 3.835526974911167980e-02 -2.656321520738573194e-01
1.105179085970378537e+03 1.992545880615386693e+02 3.429236900610523747e-02 7.646121160848175224e-02
3.173597449479191255e+02 5.353579193090535000e+02 -1.576744798036417219e-02 9.927408807049804135e-03
6.533146149621201175e+02 5.123321756218997507e+02 -6.968764140271721530e-02 1.781214651332611032e-01
2.023030205065201415e+02 5.511484909348453129e+02 -9.098489264775338342e-03 -3.840949499197850447e-01
1.242057874988118328e+03 2.956390731296723402e+02 -2.430386927577355208e-02 1.100011954343983094e-03
1.169725449326380613e+03 2.358276126057327531e+02 5.482027674287393709e-02 -1.163459109277268783e-01
9.737423527843309330e+02 8.547482433684876924e+02 -5.874254407216323789e-03 -6.485725504032893891e-03
7.063751338168717666e+02 5.830312260644645903e+02 -5.247015646651868176e-04 2.620288130712273601e-03
2.558389175121998278e+02 4.119766297703414466e+02 -1.022181218128686425e-01 -3.000682062287060026e-01
1.971509349430924374e+02 6.499030939674157707e+02 -1.637452941654702898e-01 2.750458008273944377e-01
1.100957608624629529e+03 2.073205790427763873e+02 2.664445689773100104e-02 -1.372880073158019576e-01
2.398788898751043916e+02 6.340496938248104470e+02 8.627212080973482682e-04 6.060247123616704056e-03
2.696428581050640787e+02 5.551665559838127137e+02 -3.145102841347068717e-02 3.164405982820460150e-01
8.286184096489939748e+02 3.925849729476292964e+02 1.657412054215222016e-02 1.489689909747332619e-02
1.117145307003151174e+03 2.357740762079018282e+02 2.804341700767274889e-02 -1.157848346073791709e-02
2.441490690360811016e+02 3.372724695786718030e+02 6.028124476286687156e-02 1.765812583199169450e-01
1.190142758343592050e+03 1.846951064104524960e+02 -2.667565137962450705e-03 4.522654495411082901e-03
2.454064228639682597e+02 6.830896263513403710e+02 -2.275387974922825005e-03 -1.973626163335481614e-04
1.127257306752740533e+03 2.199262712676569151e+02 -1.753292465095775306e-03 -6.460768561490142121e-03
8.816825616010532940e+02 1.100556208144481388e+03 1.819554258794020313e-04 -1.175324900266264935e-04
2.517823174721083319e+02 3.460640935386683736e+02 4.358373056048562427e-02 1.843092120197017680e-01
1.149839680231469174e+03 2.454917088811189956e+02 8.189389870881988963e-04 4.750933827414437031e-03
2.631155418136147546e+02 3.460309834605618562e+02 7.790856153716636812e-02 1.929502614831808127e-01
1.119517940650336641e+03 1.956425563807243009e+02 4.881253935108100656e-02 4.052736516098011388e-02
2.884856835933549064e+02 4.370477226741105596e+02 8.989891695494132973e-02 2.543710233944980748e-01
5.512309024321953075e+02 5.233463702485687463e+02 -1.741463759639607246e-03 7.478176068045763909e-03
1.428968078015557808e+02 3.917435519574509613e+02 6.739123468759820748e-04 2.673024771810884274e-03
1.051264500025116604e+03 2.382101168474430892e+02 -1.392176813421568404e-01 -1.381849843642523612e-01
2.402434956813021927e+02 6.803543646974371768e+02 -3.851026823355985728e-04 -5.610257549490300921e-04
2.381835756137777480e+02 5.967682635166075897e+02 1.726895587060680304e-01 -1.364455443013711522e-01
5.113838112434840468e+02 4.545869131301000721e+02 4.462401448850499691e-03 -2.338167510786623091e-02
1.020087102086611935e+03 1.774902948354214232e+02 -1.557100610283982112e-01 -2.402236001557616629e-01
2.704061561202672124e+02 5.203973619038958986e+02 -1.085127052901733447e-01 2.697328815803637370e-01
1.185920061338357527e+03 2.990348703957049565e+02 3.349581521126855366e-01 3.525520970444208368e-03
2.817788359489819641e+02 5.407464023596181733e+02 -5.445540547372171639e-05 -2.114657404747211436e-02
1.134316710969047335e+03 2.149400025542780668e+02 -8.619972786076200710e-03 -2.327190990401430473e-02
1.982181566552670802e+02 5.655647949453818910e+02 -1.447663117545798257e-03 -3.012232076467830644e-01
2.061626924914109793e+02 5.729010042362823469e+02 1.213715142277374953e-01 -2.720316719526654214e-01
1.061462954818125127e+03 2.989161884937789182e+02 5.835824260193566218e-03 -9.723265074338240457e-04
1.350885276962338139e+03 2.619811417666537068e+02 -3.877394769105113517e-03 6.865077070509833027e-03
2.527198555986450685e+02 5.694357686206187736e+02 1.098552693774268313e-01 -2.657463196860634924e-01
1.020211331640654407e+03 8.612690254531308938e+02 2.214275018248525531e-02 -4.596661887374034645e-03
1.078170431555960704e+03 1.618587433517373597e+02 -6.359691757448798126e-04 -5.733231968770551024e-02
1.048240593230475270e+03 1.732796255880755893e+02 -3.012933402366194807e-03 1.004695763678867433e-02
1.253492584290340574e+03 3.041006542078748112e+02 -4.711911195918579371e-04 9.981782659880568398e-03
2.492484179682779768e+02 3.342663626774952945e+02 4.387676057923235035e-02 1.645730923494976294e-01
2.278499395644500112e+02 5.888116111957369867e+02 1.810834510410757048e-01 -1.465381078413318938e-01
1.137172580437352281e+03 2.309086381968975559e+02 -1.031064192308561028e-02 7.919090355456387398e-02
2.337753377114451041e+02 5.772900710407467386e+02 -1.203390617940603997e-03 7.757408449919855897e-02
1.106962976481685473e+03 3.407677026285211923e+02 -1.519131692776853199e-02 5.148872273582183468e-01
1.774427396405111494e+02 5.694324426637189163e+02 -2.087630987328863499e-02 1.418397249362964713e-02
1.103637833694444453e+03 2.308145145066619648e+02 8.123469946539362864e-04 -7.303202668635317210e-03
1.085360139793235930e+03 1.989699009016987361e+02 -6.852321230713407339e-03 3.538095481702319741e-03
2.039372386221115221e+02 5.806060777164516367e+02 1.455180956225999578e-01 -1.689236034429250632e-01
9.696111825338680319e+02 8.841359034132755141e+02 8.825200116727572978e-04 -3.170176947698096132e-04
2.727722512319674024e+02 6.542447876430481983e+02 2.483244278506493811e-03 3.736504502145666928e-03
3.251107074967376320e+02 1.054521287435651175e+03 5.945910158163094511e-02 -1.453048931612012026e-02
2.428016437812596280e+02 7.219536576717375738e+02 -2.459475510612841101e-03 -4.781597454140891837e-03
5.734094853730945260e+02 4.767411180298864792e+02 6.610115889921728063e-03 -4.878782433648341972e-03
1.170988462594533303e+03 1.946241008741446876e+02 1.784783518531743440e-02 -1.518497917591740687e-02
2.759926421709062652e+02 5.077268476637295862e+02 -6.373798963925376981e-02 2.770504113901357535e-01
4.913462763198272114e+02 4.634524978873067766e+02 -3.759799643306802226e-03 5.998306822385813218e-03
8.055678015029911876e+02 8.765004977523880143e+02 -2.645223494062853495e-03 3.607756100134090630e-04
9.453965790318783320e+02 8.527992135186834730e+02 3.641634988771149414e-04 -3.302994411331040912e-03
2.356270423861575978e+02 6.144435770002914978e+02 -7.404210488147437708e-02 7.587447396456421800e-02
2.218944843238546412e+02 2.978181150447512664e+02 -3.649011397986457600e-02 -2.451610199689381875e-01
8.345466711554763606e+02 3.182652118030597421e+02 3.066572834989592100e-02 3.268484744670795399e-03
1.117908108748834593e+03 1.859279210986125861e+02 3.923741824906971931e-02 7.696255010333259705e-02
9.970195888944915623e+02 2.178664253034341982e+02 -6.282074876469436429e-03 3.223932040520260944e-02
1.166991259630943432e+03 3.148135449218835333e+02 2.698421154410551859e-01 -3.153575604798872223e-02
2.444147436924715180e+02 3.456806720742865195e+02 2.819590164596610937e-02 2.049904797699643455e-01
1.127730141192953397e+03 2.134235450960793798e+02 1.272121585953746130e-02 -1.654120818501485365e-03
3.172791321107115436e+02 1.062029531997232425e+03 2.593827072796737435e-04 -5.444359750001492165e-02
1.023757710669130802e+03 1.659398281797230652e+02 -3.398917915247504518e-03 4.072001406469082790e-03
1.038489179661685057e+03 1.712793309938725770e+02 6.489924715257831475e-03 -1.165249230035022600e-02
2.619814512829843807e+02 3.332461384165910658e+02 6.573666215809868818e-02 2.091945733217548120e-01
1.010702769734407411e+03 2.032930120761745627e+02 -1.551857421565394982e-02 1.836623923763262001e-01
1.042977649130128384e+03 2.549404427760556473e+02 -8.895945526437977480e-02 -1.211060258170829351e-01
1.178570200343542183e+03 2.968647150352767312e+02 4.296870553351497812e-01 1.688689037346554137e-02
1.180283513672650315e+03 2.431829875049340615e+02 1.250177060825026845e-02 -1.966240440242810264e-02
1.994162569033952934e+02 5.910225810529262844e+02 1.181356404495532697e-01 -2.058783843257366852e-01
1.203679088773637886e+03 2.806742682846107186e+02 -2.560711052984686754e-03 7.885452539574877226e-03
1.171316230048261559e+03 2.261453869297904760e+02 1.288991840899575587e-02 -1.868972507608223895e-03
1.058712427909977123e+03 2.907663641155095888e+02 1.397094594609586812e-03 -8.751585751864771057e-03
2.337750430698793878e+02 6.888132171342597303e+02 1.705426613674850206e-03 -2.474046697559492951e-03
2.546566905840623463e+02 3.287953554673802046e+02 6.710470432106788174e-02 2.014296743041429638e-01
1.225438539037461851e+03 3.294730860950918441e+02 6.636768524078145819e-03 9.399000776754645736e-02
1.175846223498316249e+03 3.473884334296303109e+02 -4.159249782661742119e-03 -1.076541639089091413e-03
7.653002877630888179e+01 3.182326439809476142e+02 -5.271939767828347570e-03 1.060335189050129641e-02
1.014523642220454121e+03 1.692328861901613095e+02 -8.247545254358659705e-02 -2.317133793940572561e-01
1.027288827618248888e+03 2.447325371359473536e+02 2.407902839370826276e-02 -3.819183108934528365e-02
2.413677374653843515e+02 7.027038700574635186e+02 -4.662206339325018073e-04 1.136636551541639730e-03
3.891049803091281660e+02 1.086979264362136973e+03 2.926376605125599432e-03 -4.326342982686033622e-03
9.618039885202942969e+02 8.691225598492796962e+02 -8.269713494222301689e-03 2.181712401645001694e-03
9.827267398673267280e+02 2.008362321152355605e+02 -3.246682398120432494e-02 3.083319084150151768e-02
9.950065733450965126e+02 1.954467493203135007e+02 6.446680545847320587e-02 1.030538017153952018e-01
1.112636350808669704e+03 1.755455104796429850e+02 4.677635985261095058e-02 4.686087434450286054e-02
1.161851993618337929e+03 1.719685320002720346e+02 -1.868685718545072885e-02 6.280323926005459793e-03
1.067930786402697777e+03 1.646229814598177086e+02 1.825780202282000636e-02 1.961327366887480328e-02
2.438977275571036216e+02 3.242326508445109994e+02 8.137297793849503080e-02 2.124141085687797637e-01
1.035621027727535193e+03 2.936867491381161130e+02 -4.790149083627903148e-01 5.735046496077182976e-01
2.545516891735094021e+02 7.023346277042595602e+02 -6.859855918899502051e-04 1.050169765187322288e-02
9.719594010638248847e+02 8.301471615685486540e+02 1.707379526716621548e-02 -1.826923891438145568e-03
1.064274473552652353e+03 2.152943934740728764e+02 -9.010809562709488907e-02 -8.427525107073070842e-02
1.888214114251137232e+02 6.147727877951839446e+02 4.428416826892535296e-02 -1.512643531983600131e-01
2.772031636097618730e+02 6.383646486724564966e+02 -3.152285836586988816e-03 -2.672636734088639637e-03
1.159379187015222669e+03 2.459088612937237883e+02 6.821700996356817349e-03 -4.991941086388037435e-02
3.138570148258530708e+02 4.712559543971455014e+02 -1.046787947093254928e-03 -5.296957110446517958e-03
1.074114448061791563e+03 3.014961195674690089e+02 -1.370871567225261101e-01 3.585274839790116019e-02
1.095522125414035600e+03 1.717947162084914794e+02 1.394415083061270599e-01 -1.918926232868453652e-02
1.133524187235930412e+03 3.508936169129609652e+02 2.285935895155948722e-02 -2.331282500558857704e-02
2.243368576058439601e+02 6.582369007378745209e+02 1.800412803700933591e-04 -3.387990450799425145e-03
1.105855019295181364e+03 2.191399876097619881e+02 -7.655200385752412851e-02 1.869952003293396878e-02
2.384097960718796401e+02 6.615681533721602818e+02 -1.989795483101595638e-02 4.107114585617682202e-03
1.045225423688448473e+03 1.801965993830805814e+02 4.286367187529042944e-02 -4.096633192991962213e-02
1.041741535742840824e+03 8.484258640478849429e+02 -1.658108859184794114e-05 1.520226522245030770e-02
2.544901008092139989e+02 3.188081179741457163e+02 4.091422343439704568e-02 1.668511297137247051e-01
4.635186774830407899e+02 3.928989822118305142e+02 -4.641772210446799807e-04 1.497560032844668819e-03
1.262537941260979323e+03 3.888398443448145940e+02 2.249297895595740726e-03 8.466161873194337842e-03
1.931395003646645137e+02 5.161162707246242007e+02 1.243945835448482112e-01 3.022526811670230851e-01
1.182810454558695938e+03 1.839146918750860777e+02 1.670898576248243395e-02 6.759140126292484570e-03
1.144600276163890157e+03 3.276146314553787988e+02 7.652565599863297985e-02 4.130165917147977928e-02
3.724803965843352671e+02 1.043451667343318832e+03 1.201812654337477276e-01 3.127223725440860663e-02
2.506364558817026307e+02 6.982973388617225510e+02 1.716656726375562778e-03 -6.346474062291974265e-04
1.938598491370223940e+02 6.143450482261006300e+02 -8.951468332863367697e-03 -1.495275145909707448e-01
1.180514823616864533e+03 2.176513602628710089e+02 -8.485388654590489410e-03 1.116228238566018167e-02
2.659949697709774910e+02 6.768159146809884987e+02 1.520549653375860306e-03 -2.716674279066176242e-02
1.166045498126401753e+03 2.950232326533664491e+02 3.269302078688900437e-01 -9.997166485966475780e-02
1.168352587319431223e+03 1.888968368638563220e+02 -4.090313987217536820e-03 1.428516389562204357e-02
1.084817535919822831e+03 2.169656006992160258e+02 -1.527504542505399873e-04 2.870537501562207827e-03
1.169179011857050227e+03 1.717866711770608674e+02 -9.178168223183326424e-03 -4.412644667267235678e-03
1.081261511531902897e+03 2.074354254925042085e+02 -3.082757166821195952e-03 -6.375117681039966415e-04
1.164074573653610969e+03 2.482492400719045236e+02 -2.469505260310683389e-02 2.091680749440918020e-03
1.094740590062241154e+03 2.487157747777389716e+02 -4.191067824953963461e-01 -8.286799654127287307e-02
1.830484322078674211e+02 6.184666763638610973e+02 4.801772661959049365e-02 -1.459313590076211919e-01
2.311418278263332411e+02 5.439785543281378750e+02 -1.258651557148628697e-01 1.448567596587733985e-01
2.604178588048407619e+02 6.194468734892866451e+02 -3.019689211166025518e-03 8.167133959103570684e-04
1.184921357716703369e+03 3.193801854738595125e+02 9.651566908551463542e-03 -1.906602268557509514e-02
2.490540430702822903e+02 3.196185417364785621e+02 5.531848200955113287e-02 2.073868155940777891e-01
3.690821096820820344e+02 5.183234221397365218e+02 -5.523576790534603638e-05 2.033859889934319654e-03
1.223574900670327224e+03 3.487489962132791561e+02 -4.418623220560517761e-03 2.713979215817888453e-04
2.890538155943415859e+02 4.810834471992343424e+02 -9.363340109043499435e-03 3.286257103725218065e-01
2.959846851402002699e+02 5.014438954396040913e+02 -3.618452611215499087e-04 7.643342283187008757e-02
1.477862483622570835e+02 4.991944778209053766e+02 -2.234030578110073051e-01 -3.029646119718162889e-01
3.109895546043691184e+02 6.016471272227375948e+02 1.401138271329399393e-03 -5.809691591143700904e-04
2.163462794991101816e+02 6.126424058568741202e+02 2.333393096054610649e-01 -3.266552973496982815e-01
9.891694944923657431e+02 1.802701372656430863e+02 1.452468569155986045e-01 1.431322959673131043e-02
1.086066268513115119e+03 2.288499612005417703e+02 -5.814480168996986886e-02 2.671606008948880159e-02
9.969442640518537928e+02 2.322659337599715741e+02 -2.325851374849766118e-02 2.827619146263756975e-02
1.217615169481303383e+03 2.943077757582336176e+02 1.237996959401126661e-02 -4.155525086344364488e-02
1.156293701303538001e+03 1.698576241497833905e+02 3.402916158215883030e-02 3.128850857096145133e-02
2.595797244028689192e+02 3.899163758548137935e+02 4.761033861465750749e-02 2.149290983521503773e-01
2.833376090386081501e+02 5.022424395297059618e+02 -3.646057814643988149e-02 3.378032668250400272e-01
1.138179121776300462e+03 3.380272645238356404e+02 2.075837725504981607e-02 -2.531015089110859317e-02
1.720776631395799825e+02 5.023186107593209613e+02 -4.457424501724038812e-01 -2.449909998555633850e-01
2.033612886748846336e+02 6.440736440627567845e+02 -1.895827433741336943e-01 2.692200579283879347e-01
1.776229304496724808e+02 6.137843527850310466e+02 1.667238888735077598e-02 -1.288380839927242005e-01
1.192747138454943979e+03 2.444150402385284622e+02 2.031623345338081027e-04 -2.222439019858923198e-03
1.160481642042650719e+03 1.984386130605021208e+02 -3.951992925277805074e-02 9.795999573504665311e-03
2.533598020946130589e+02 3.107692004275045292e+02 3.045400463792988580e-02 1.862090245879053085e-01
1.145764944993186646e+03 1.505960329555754527e+02 9.889705470326103087e-03 3.237376420147743128e-02
1.103947973620112407e+03 2.485346484370651865e+02 1.669727103647815000e-02 5.218295223870755839e-02
1.400706381429176020e+02 3.897057746072381974e+02 1.581231548542372549e-03 3.879471343322107510e-03
1.211184810331914832e+03 2.426091669177343420e+02 -1.924217917901094657e-02 -3.439574813386748944e-03
2.658929592490738969e+02 5.202515571076254446e+02 -5.865376929241201270e-02 2.435273173127346924e-01
1.021609586282141436e+03 2.173074577231855642e+02 -7.959444605696019970e-02 -1.889712076978567745e-01
2.211368667658596507e+02 6.986433675596646253e+02 1.633846151556702785e-04 1.338611047154330755e-02
2.074975289397605422e+02 7.203363722008239165e+02 9.918130388120633550e-03 7.367834486819226092e-02
2.460244268859472356e+02 3.141669018605858241e+02 5.935302990463265510e-02 1.845837917087679025e-01
1.192852820603730379e+03 3.222158600801337229e+02 2.737850410973337659e-02 -1.967155984100777896e-02
1.170181696296393966e+03 3.528780705750438074e+02 -5.104505491844255061e-03 -1.049951776667625101e-03
1.085440605502463086e+03 1.768897821244563318e+02 1.461554349630700585e-02 -3.450908171957776938e-02
1.203211370404949548e+03 2.664632459651529075e+02 5.016475803349839183e-03 -1.608563865983283700e-02
2.053185388473393118e+02 6.086685561391554984e+02 2.054745052024347096e-01 -3.188674524414010780e-01
5.214526677131468659e+02 5.330627128702527671e+02 4.527860957915156789e-03 -2.119858374344133281e-02
2.134104700772688830e+02 7.538921666311584886e+02 -1.002289931363215675e-02 -2.835316945487927065e-02
1.093989264460518598e+03 1.560843767528369312e+02 2.927597533003016604e-04 -2.045307454389472604e-02
1.130188210285145715e+03 2.749128539810632788e+02 -4.007130654876128045e-02 1.720232682338595775e-01
2.368238275688790679e+02 6.408600690485999394e+02 2.125881117160363480e-03 9.193725338440624298e-03
5.114821784045791446e+02 4.301093413801046381e+02 2.350514588045479226e-03 2.702235797737174983e-02
1.173239804737238273e+03 3.385950953297980277e+02 2.685118768042257104e-02 1.658332921285233727e-02
2.810745689779137706e+02 6.931398270274545439e+02 1.124396877523366027e-02 8.933261558424176324e-03
1.134424875115743362e+03 1.821457904071823179e+02 3.182187552426674754e-02 -3.663983181259156813e-02
1.056243430793044126e+03 2.506251568914417476e+02 -1.446011221996516272e-01 -1.985490411821508594e-01
3.039026159470882931e+02 4.604529448553859083e+02 -1.657042954585305483e-02 3.585433108933969160e-02
1.146934665250208354e+03 2.892081342301132167e+02 1.812118119820716189e-01 9.565639710530318696e-02
2.484821327854858737e+02 3.082819356151069883e+02 3.765174933234823745e-02 1.810345451130929428e-01
2.718059891008594491e+02 6.790174930911034608e+02 3.452123051296425958e-03 1.920382064789050158e-02
1.120376437932276758e+03 3.192044177665354141e+02 4.063144712692591531e-02 8.483625522605489633e-02
1.962688165438132160e+02 5.865967607524288496e+02 -2.302616027483371866e-03 -3.022389947694470100e-03
2.163729306264475269e+02 7.117689520844733124e+02 -1.252825317437827359e-02 5.172327386218859412e-04
3.122527345669467422e+02 5.221943151383898112e+02 9.340972004361330211e-03 -2.792431917192957601e-03
7.895467459129313283e+02 3.991877324319153786e+02 -3.413229278432689060e-03 2.836657331687713994e-03
1.057282091073946731e+03 1.927106595876897757e+02 -2.155198644088231197e-02 3.376197902206156537e-02
1.057149700806730834e+03 2.047941897449612441e+02 2.167397339640092166e-02 1.464340831789161419e-02
1.041983353894380343e+03 2.351430049333440024e+02 -3.928395472995938054e-02 -2.026798315724725186e-01
2.390155034318304672e+02 3.123535164440836525e+02 7.514619762865648589e-02 2.130523548454127392e-01
1.155834748649305084e+03 3.575789567090673700e+02 -1.898091060620077375e-02 -1.371243204360411347e-02
1.215543426747439753e+03 2.277679330781176645e+02 -4.712325054152183973e-02 3.665720953120901043e-02
1.787772143694415945e+02 5.765926989587850358e+02 -2.117544943153563952e-02 3.451918941422182831e-03
1.038480213165748864e+03 2.155579236466521706e+02 9.835803490061224841e-02 -7.161650595141209885e-02
1.123951355375893172e+03 1.838029455899102231e+02 -7.814744085788621203e-03 -9.400821168350767315e-04
1.182715970551340888e+03 2.314079109235268277e+02 -1.194305300306482479e-02 8.469844125249554462e-03
1.016873286808166768e+03 2.150446924850144512e+02 -7.999533975145940723e-02 -9.741674750159041996e-02
1.153136923464384608e+03 2.291812101154537800e+02 -4.099218522125090518e-03 2.125812681939825977e-02
1.152260025822857870e+03 3.044622549989883851e+02 3.129515330964759423e-01 1.125494805192167602e-02
2.494523207663708604e+02 5.738041744596732769e+02 1.785461256377232075e-01 -9.786348565950389600e-02
2.067866798870226717e+02 6.274435598570400998e+02 2.220389916255857965e-01 -4.131225749974873906e-01
1.002595504997191711e+03 2.070743866598907346e+02 5.403000778079727201e-02 3.903837419585144963e-01
1.125139501140268521e+03 1.747619181099471177e+02 -1.325245042540804108e-01 1.553280987579477024e-01
1.026398021080660101e+03 2.674071021059274358e+02 -1.428697231367910764e-03 -1.537533986583756529e-03
1.132290877254457882e+03 2.847762437332664263e+02 1.021636459231288346e-01 5.997862477293849914e-02
2.471388924826823654e+02 6.054382377217053772e+02 -1.264920130438677015e-01 1.109720364839757722e-01
5.019672273950862973e+02 4.868760970127430028e+02 -2.236567594106175089e-02 2.627347812079960931e-02
1.150199594852614155e+03 2.934922147151493732e+02 3.614129106005797842e-01 -2.171270502540750477e-02
3.044500536510019515e+02 5.464690804062008738e+02 5.027049592231355550e-03 2.097484448602087229e-02
1.104397696059272903e+03 2.840173490992079337e+02 1.913842776431924908e-01 1.230610832365005708e-01
2.685175611450077895e+02 3.975539155454466709e+02 4.459171250738393211e-02 2.359158181155117939e-01
1.061740494564614892e+03 1.649558377199180086e+02 1.793736325024087863e-01 6.074301213388338255e-02
1.136195167069975241e+03 3.358713069240222922e+02 5.246111101894485040e-02 5.670486227464323348e-02
1.043703048879271819e+03 2.419284978563887591e+02 -9.050328552030124929e-02 -1.632374188819259164e-01
9.981440390618301990e+02 1.791524067946363630e+02 1.142333817238970622e-01 8.028098476130768324e-02
1.077830338344033407e+03 1.859526528976795419e+02 2.225793036385718873e-03 -2.182036780957631941e-02
1.160985584507003068e+03 3.059000387065066207e+02 3.278567791461842185e-01 -9.072718713730953954e-02
2.549820515144060948e+02 6.707436425873891039e+02 1.763215183221658816e-03 -1.268317483106300766e-03
9.889814229025688519e+02 2.269318248166812282e+02 -5.136376146849448016e-02 1.237133363886208648e-01
1.056158657712262311e+03 2.268614321678503529e+02 -7.134326169862155453e-02 -5.438046368671285019e-02
8.268938813527573757e+02 3.363051669443360652e+02 -4.793017333585649666e-03 8.980026449886895426e-03
1.090508334254992178e+03 1.673349335840402148e+02 -2.718157852634329186e-01 9.108615296745227463e-02
1.083279972802907423e+03 3.059913465669224024e+02 -2.678087239513653461e-01 2.084195381030914951e-01
2.901537992758258611e+02 6.702397864219760777e+02 -3.602562428406080159e-04 -1.902996042442712382e-04
1.007945547603101545e+03 1.770746878069896297e+02 1.535214021859517552e-01 5.667059340778176496e-02
1.317181694429138588e+03 3.329065579018190419e+02 1.044479951569004805e-01 5.864844401620543379e-02
1.175301040315060163e+03 3.803910494750821272e+02 2.949981915937045784e-02 -4.455658573585000171e-02
2.570029492768505293e+02 3.185713050617641215e+02 2.405942877679952477e-02 1.729444299941720886e-01
2.417926568195827883e+02 6.950540803149481235e+02 1.720620608312495650e-02 2.847099426008785003e-02
1.000626741217284916e+03 2.184193546261763572e+02 -1.844714464738481802e-02 1.476473519430029635e-01
4.701701215455393594e+02 9.415695341139735319e+02 -4.414433357790712364e-04 -1.076999747565053405e-03
9.991112240406905585e+02 2.415143383268925277e+02 -2.200143198357342594e-03 -1.644446646823613523e-02
1.086685966874263613e+03 3.402879329541065658e+02 1.261194761168018749e-02 2.513614437385272484e-03
1.920004551843519494e+02 6.259159368292887393e+02 2.082993943456987185e-01 -1.636250673468125361e-01
1.879330397969575017e+02 6.428199012948103928e+02 9.922130135497615744e-02 -1.795724765332044337e-01
1.022758661027383027e+03 2.005166387962062515e+02 1.002883532289290842e-02 -1.829461326395472320e-01
1.063323140741785210e+03 1.682312247122810049e+02 2.438366959927133065e-02 1.140491494741483229e-03
1.114346254772246539e+03 2.930595247759819131e+02 -1.971457399533572963e-01 1.166698091856767233e-01
1.215982385814863392e+03 3.293850022144104628e+02 1.657193845253678716e-02 4.698863699780438108e-02
1.196650413377039968e+03 3.578329242642032568e+02 9.960421068560052285e-03 -2.308640685143567226e-02
1.257157943417876595e+03 3.934844857316053890e+02 -1.477124814933942175e-02 1.665071191187385627e-02
2.569085331841522475e+02 7.147562249152599634e+02 1.004678149088499093e-03 1.880787267942296039e-03
1.089950332482845397e+03 2.718280458978105685e+02 2.354880094093246556e-01 2.912617119590066861e-01
1.281194639231595147e+03 3.710570590132359712e+02 1.791708815148353867e-02 -1.662638079546212636e-02
1.133712744793909906e+03 1.635560706030126426e+02 4.334538520842377146e-02 -3.211880700924454879e-02
1.179122941141233923e+03 1.828388205876506731e+02 8.913488697772628533e-02 -3.825817773351120749e-02
1.198870380028142108e+03 3.760007204895431983e+02 -1.996486249453109652e-02 2.322929201656401960e-02
2.362876663568149525e+02 7.009685946838942527e+02 -7.250239940586939401e-03 7.332690181830864816e-03
1.027321896199751109e+03 8.593119878621886301e+02 4.441233789222749488e-04 1.441362330500727332e-02
5.290509241419320006e+02 4.853773359391369695e+02 -2.713324068920548379e-02 2.809318329880065856e-02
2.535428384175500014e+02 5.938874204171852398e+02 -6.332598964854098400e-02 1.395007970771263983e-01
2.188622609739904590e+02 7.404602851318243211e+02 2.542751725293238767e-04 -2.743729263731833554e-03
2.846834889092039020e+02 4.185441919745975952e+02 6.986405702990224065e-02 2.710518096559892953e-01
1.041460133136906961e+03 1.772438552217750782e+02 3.821509230659570280e-03 -2.025289779999107573e-02
1.198211554724503230e+03 2.224830511236651489e+02 4.926393466993849585e-02 -1.874681109122959891e-02
7.923801822636726229e+02 3.683569043271122609e+02 -7.370394564043025558e-03 5.032099227694382393e-03
1.086987236868515311e+03 2.596829856889332291e+02 1.142631921097184665e-02 -1.565615508113478715e-01
1.163648348859049975e+03 2.342497833785070895e+02 -1.030395289729948288e-03 1.728864285978068144e-03
1.078749412851632314e+03 3.161711039524010971e+02 -2.458974983852139362e-01 2.717691653514167083e-01
1.137566550932194332e+03 2.224182939107768391e+02 1.495646099019470356e-03 -4.145097480099637494e-03
2.361600785016676411e+02 3.003677912751306849e+02 6.352849883583043533e-02 1.433774624467923364e-01
2.763617620235494314e+02 3.915179260188540411e+02 6.830613260111512153e-02 2.249499175985639476e-01
1.124946305667993101e+03 2.362614033450897466e+02 1.320030983305527268e-02 -5.744952271897024038e-02
8.179348556880042906e+02 3.316609980026678954e+02 4.408675589591634116e-03 -7.444113943492831204e-03
1.139987337742041291e+03 2.473513339970526204e+02 2.237444693689992492e-03 9.054294116956417005e-02
1.190659815272269952e+03 2.844858234133616293e+02 4.057002216849728803e-03 -7.352718222472276119e-03
1.212974642711661772e+03 2.262556726202020911e+02 1.067973113535170340e-02 -1.534721272386389140e-02
2.538954000906844612e+02 7.072522767154144958e+02 2.969574614830296916e-03 9.681313384720047904e-03
1.138604836754364442e+03 1.870909729256503056e+02 4.464979498001920080e-03 -3.760849635115824652e-02
1.196285860181897760e+03 3.068135899356894924e+02 4.985825200466185159e-01 2.747136692032370320e-02
1.223703436375266165e+03 3.606207730520037558e+02 -4.841387429023731592e-02 -2.024859932027024082e-03
1.098972373822363579e+03 2.377635529080191361e+02 -5.658675329101894164e-02 2.189422892320138370e-01
1.271485551624240998e+03 3.463666476985209215e+02 -3.951530703386617605e-01 -1.082258377037540048e-01
9.832018771044662344e+02 1.894059311647543495e+02 1.479252386755118831e-01 -1.732760159518595411e-02
1.064108074073490343e+03 2.011133408781679179e+02 2.829369612951408014e-02 -9.323453288015631779e-02
1.095104352262120756e+03 2.308879495566294509e+02 -1.120101666545626623e-01 2.256002893060304881e-01
1.322224602757377625e+03 3.297038588030837900e+02 7.282963422534731446e-02 -1.979473506049508977e-03
2.055678732399821627e+02 6.233624033065922276e+02 2.580503652706642725e-01 -3.759422369641959860e-01
2.331500483301744282e+02 3.195735358250582294e+02 -4.314919107872672299e-02 -1.919489553851256858e-01
1.083710290190557544e+03 2.850108389956104133e+02 2.624241366771666306e-01 2.599072660673796831e-01
1.952590304851551650e+02 6.426955504532099894e+02 2.085601895648526716e-01 -3.925838481411079162e-01
8.155028263842289959e+01 3.343983092036011158e+02 -1.567188528875153308e-02 2.447236907807534556e-02
9.778756135656777815e+02 1.734663359981410338e+02 9.687632844717330993e-02 7.673462124274907370e-02
2.790792825156761410e+02 7.063415370437338652e+02 -3.468973645273062582e-05 4.155512875584343839e-03
2.406650373356502541e+02 2.972496976819601855e+02 2.734507230354618276e-02 1.501552599985037373e-01
1.786780981456082316e+02 4.867824376806004807e+02 2.713953617136444785e-01 3.600770428508686671e-01
9.902857162797331512e+02 1.801172210843103301e+02 3.140995601284165412e-02 2.272860241729271480e-01
1.166826964713461848e+03 3.319208089678600118e+02 4.147410782419077430e-02 4.627982123239367945e-02
2.704513143612784347e+02 6.848279731868103681e+02 1.908047945813488508e-02 3.392617959166462777e-02
2.531695096132440597e+02 6.982336909567752627e+02 7.097532902637783241e-03 -7.873570118480745922e-03
2.790931687991326271e+02 4.435820258283232533e+02 7.454738428828512620e-02 3.512092505705962098e-01
2.426035009327402747e+02 5.809257632276746790e+02 1.530787868833232979e-01 -1.783573965018670771e-01
2.485989273370997807e+02 5.896468473756511912e+02 -2.483959173344268273e-02 6.750613676810819641e-02
2.128464211997450946e+02 6.924592835149074972e+02 -7.336280926532522074e-04 2.325820096968657640e-03
1.052246579867994569e+03 2.257760988661718216e+02 -2.797269481259470267e-02 3.246459055458630893e-02
1.099963450753194820e+03 2.173874729033937285e+02 -2.754198376183012581e-02 -2.755911303634299772e-02
1.076510317226826601e+03 2.285805319561763440e+02 -3.002973612627349853e-01 -8.666720601164104587e-02
1.137054663895874910e+03 3.552939998258360674e+02 9.614473892076024278e-03 -1.545128091574952088e-02
1.134567945084907933e+03 2.591568951520995938e+02 1.989830092971563505e-02 5.480203789820355283e-03
1.210337511914746301e+03 3.703515676736616911e+02 2.118795099691952663e-02 -1.190836731782425259e-02
2.518371607468954494e+02 6.405806962634424053e+02 1.186730060388080550e-02 1.494867318915230146e-03
2.637105283711736092e+02 6.068391662547073793e+02 1.609672662379597712e-03 3.216542940610731850e-03
1.110485960649317576e+03 1.990727190168160519e+02 -3.543578651253179862e-02 1.958522954347762315e-02
1.153806102031916225e+03 2.438165163253771368e+02 1.208920278099412902e-02 8.579472158174894503e-03
1.132232132381932615e+03 1.777444625853451328e+02 1.215872418666492649e-01 -1.408350049159536044e-01
1.159965950481537220e+03 1.883956405649535668e+02 -1.310523465678178033e-02 2.090391858272274415e-04
1.226877860847898546e+03 3.354862035728543788e+02 4.342422357134978483e-02 -8.891788779452033595e-03
8.649958832409615752e+02 1.102317851429143047e+03 -2.784526805754694578e-04 1.456367864387668075e-03
2.713876744690717260e+02 5.439319668560847276e+02 -1.823371530764945209e-02 3.125783292767795318e-01
1.087362064217294346e+03 1.571539635564620596e+02 -8.213182116842871611e-03 2.807180268728902417e-02
9.858752418058913918e+02 1.730175065702369750e+02 5.493767894052117851e-02 1.153750710400277268e-01
1.207060614644921543e+03 2.888854552315431761e+02 5.564699814415333991e-03 1.079994696738387390e-02
1.193683789570665567e+03 4.016306909032520025e+02 7.282734734199830182e-03 -6.261524841349959403e-03
1.005441236694771732e+02 4.097315416974109326e+02 -1.168627205776579803e-01 -3.538568888720229899e-01
7.861833465864336858e+02 4.139685445809226962e+02 -3.853176562891651863e-02 3.585548150140943635e-02
1.017389488410050944e+03 2.406959738060879204e+02 -8.334341258692904222e-03 2.378467253342553961e-02
1.219884760613372919e+03 2.454070904070515837e+02 -2.130075795401656716e-02 -3.857418595609879430e-02
1.215905989156806299e+03 3.387654000185218024e+02 2.500172105505448286e-04 -1.441096313450316267e-02
1.184690342512460802e+03 3.885928295717567948e+02 -3.541834811161000563e-03 -1.210359195272051047e-02
2.477218116213719838e+02 2.965940814744716931e+02 3.805399792048030569e-03 1.775574769220559790e-01
2.597326852135534523e+02 3.787651662675071975e+02 5.662268918956669950e-02 2.045312073736857417e-01
1.701710456610126130e+02 4.882656819585219523e+02 2.563563618969953439e-01 4.567245396303214466e-01
1.059092775528583616e+03 2.548048164080212814e+02 -9.287076303039819292e-02 -1.263049607338964375e-01
1.080209595566144117e+03 3.068600035334051768e+02 -9.382014172372134253e-02 4.322042707482955382e-01
1.161036298250891832e+03 3.508240911623550460e+02 -1.455025243421397864e-02 4.495291514234234925e-02
1.188172116219197051e+03 3.991524901099316480e+02 -8.946284277576731225e-03 5.924694312200658175e-02
2.437074519989331804e+02 6.771756455333162421e+02 -4.030610556069094859e-03 7.360432385465545853e-03
1.013414805728363717e+03 2.047612116833591358e+02 -4.813372843693471126e-02 -9.644336294902411399e-02
1.225775838890659543e+03 2.453880400692832495e+02 -5.807328354868396963e-02 -2.746873270908167797e-03
1.122796885104615967e+03 2.866396863928723064e+02 2.979249490242420403e-02 1.463585773877799090e-01
2.565216684726909193e+02 6.039490319089992454e+02 -1.882438820909252851e-03 9.641206398276565628e-03
2.272187832154128841e+02 7.315007340679715071e+02 1.217094598704415200e-02 3.414538519207001343e-04
7.234130603681675211e+02 9.770771762447411675e+02 -4.565603213866541166e-02 -1.153787354590057011e-02
8.919883397287523508e+01 3.407355567573864619e+02 -1.497665359808655547e-02 -4.167636145059088609e-02
1.005346078698215592e+03 1.786620267897288841e+02 7.221372945002435539e-02 3.117676295680403276e-01
1.088433666584524872e+03 2.936948682484172082e+02 2.909827956056865519e-02 2.806494809129941870e-01
1.020526553245040532e+03 2.856154875520524001e+02 1.063765484597638603e-02 -3.960425850120543462e-02
1.827635067926262025e+02 6.388037658987568648e+02 1.603788134209935268e-01 -1.981787500412963143e-01
2.627145752590373604e+02 6.709383197207886269e+02 8.250049391762103845e-04 7.345643995020907646e-02
1.027853295191065399e+03 1.987913296160207040e+02 1.033086327311663749e-01 2.128895629946961909e-01
1.070556798072828769e+03 1.821873125909710609e+02 1.121724208755599944e-02 -1.315284861138074635e-02
2.244875049946146248e+02 7.397613947299048505e+02 -7.445035398748773171e-04 2.640344129097171085e-03
7.198005509213252253e+02 9.785673769686379728e+02 -3.583415221613706070e-02 -2.397220447302317661e-02
2.357418639340086770e+02 3.188367059103946417e+02 -8.162988279694168015e-02 -2.858812333219634128e-01
3.193036037459560816e+02 5.163436906794388506e+02 6.787649147299601449e-02 -1.832082687476977931e-02
1.088808610997835331e+03 1.811761970816637302e+02 -1.246022513609684190e-01 2.887746162085804702e-01
2.730904854932840635e+02 3.827947300090486351e+02 6.568887625707020561e-02 2.055980999743935722e-01
1.104016815158525333e+03 1.773728992504184419e+02 5.043785807364050550e-02 -8.850835959601413561e-02
1.061571125300070662e+03 2.062061366769794404e+02 -1.380197251581181395e-01 4.895260018844227456e-01
1.043873402757432586e+03 2.078428003602323031e+02 -2.530673165897370444e-02 2.302059829795805729e-02
1.151273318928200979e+03 2.064004813651718564e+02 4.438616047143442711e-02 4.198696805254403114e-02
2.941151223133924191e+02 6.410890379801121526e+02 1.284437765392472917e-02 6.642023039517160055e-02
1.090987045523349934e+03 2.080017698132799921e+02 -4.327482903260196356e-02 1.349836554487020557e-01
1.009361839313932251e+03 2.279459841707706289e+02 -4.150475484585902652e-02 -2.336279300266141837e-04
1.075357448603736430e+03 2.197630624609355436e+02 6.478583685158290084e-02 -1.125855460745193715e-01
1.107872181590031914e+03 2.230406597928593726e+02 -9.780556755341812680e-03 -3.099958737107962325e-01
1.073515539844017894e+03 2.651110535392527368e+02 1.514589920571909609e-01 3.771796177399453498e-01
1.115516930040891111e+03 1.776437926592961674e+02 1.587031527872389269e-01 -9.408039356362747629e-02
1.097535784561520813e+03 3.013609378595588169e+02 -2.828947437023309752e-01 2.253178937980971352e-01
1.092936833864214805e+03 1.767940163741951665e+02 -4.223272108326625585e-03 -6.966560442635838513e-02
1.104610596210758104e+03 3.394157199764130155e+02 1.396576068682335858e-01 4.631947227690247360e-01
2.389862633335181670e+02 3.729336558948552920e+02 -4.762891515693657568e-02 -1.623527895993030767e-01
1.162133286551780884e+03 1.555275898406493127e+02 3.650198306359016265e-02 -5.983372612482848463e-02
1.242153030418437993e+03 3.270176657310872201e+02 -2.259951242370637770e-02 4.391466171434975363e-02
1.126359885999166863e+03 1.508601527253421182e+02 2.282461208866654392e-02 1.522081060824512959e-03
1.145567688591560454e+03 1.990465603532226737e+02 -1.151084374045051872e-01 3.405128596858377765e-01
1.168269563989722428e+03 2.177117765861310374e+02 6.390194541609162115e-03 1.716970298777737575e-02
1.310589047749590009e+03 3.248797430365929699e+02 7.481338284456201526e-02 -4.962204657577386213e-02
1.210389269007037456e+03 3.604250367435449789e+02 -2.410500356645257219e-02 4.220458691636473636e-02
1.165724314888319213e+03 3.680580463490563830e+02 1.769758958656391865e-02 -2.151463613764964880e-02
3.045041315559969917e+02 6.159621852318585979e+02 -8.950192550338246372e-03 4.692971113206175632e-02
2.469973489384074128e+02 7.620258855642593971e+02 -9.565960945440699081e-02 1.836995870771794548e-02
2.813429284101725329e+02 4.098965766299138522e+02 6.603585846682490101e-02 2.822114466218782480e-01
1.064305880035464497e+03 2.423327514206698083e+02 3.335318117096416207e-02 -2.417244400763343404e-01
1.082106624779496997e+03 2.922525368264576286e+02 2.806182977082260499e-01 2.503477878191538442e-01
1.054000327046426037e+03 3.207995107258668099e+02 -8.297111288194563075e-03 2.704768155232224053e-02
2.867729044969574943e+02 6.425293217866302484e+02 4.444188790599769290e-02 7.941002241084658270e-03
5.283171038651406661e+02 4.678469658232702955e+02 -8.673366442402581644e-02 7.495908399611742046e-02
1.136704041804429380e+03 3.746801318161680001e+02 -5.724953980160939204e-02 2.870512867396731241e-02
2.975273783866753092e+02 5.142379558862789963e+02 3.548314112653482011e-02 -6.943859184480935878e-03
1.064708707479837813e+03 1.876704440250555308e+02 -7.437017866113120046e-02 -5.176091790369897333e-02
1.120301892247699698e+03 2.337996399065620210e+02 1.135569885512338270e-02 -1.050517507443679685e-03
2.402128190912607977e+02 6.075978722136928809e+02 -1.138122053789728111e-01 5.213200603915661008e-02
9.953559176575306537e+02 1.666290813998172666e+02 1.422904859161190083e-01 -5.834128159606279639e-03
1.100158160729643896e+03 1.479867215854615381e+02 1.397901650411768025e-02 -5.411297088475066491e-03
1.102052067320746119e+03 1.956330167470725883e+02 4.369236033340985204e-01 -1.323001917937042471e+00
1.775547074765495665e+02 6.297625391331855553e+02 1.744175396999173566e-01 -3.201839126113100176e-01
3.139770989727778669e+02 5.317490980218951790e+02 1.056685686480477587e-02 -2.789006664595035379e-02
1.098771524550377308e+03 2.348313945007695054e+02 5.199943049035482545e-03 2.656947559362651812e-01
1.161251075707264363e+03 2.108864340164303997e+02 -7.289335246023635577e-03 1.037090601098356046e-02
1.025616393279380645e+03 1.680725575685843296e+02 2.316472334223362850e-02 -3.200575283731812298e-02
1.054201886775815410e+03 2.003731144711543948e+02 -4.615952939937652440e-03 1.554910252607392615e-02
1.237922263003189983e+03 2.972916845106718142e+02 6.349383365145316004e-03 -5.327641838402996655e-02
1.054351713626574565e+03 8.300050296838841177e+02 -3.627181450096743451e-04 5.013047300285407987e-02
1.079376480804775611e+03 1.686198909046199219e+02 -7.468374760446749860e-02 1.084072551510941312e-01
9.973032107448750594e+02 2.064075011559321524e+02 -5.556979978610405296e-02 1.933696999045276255e-01
1.148185806419062828e+03 1.905486155192872388e+02 1.259996370839644442e-01 9.198301922959020716e-02
1.078195589767079809e+03 3.207729942468404261e+02 -1.855829418462607572e-01 1.835193838346562967e-01
1.087642669269598855e+03 3.328091903269813088e+02 -1.595485765398569136e-02 -5.002014043911499376e-04
1.072125328205942878e+03 3.437261859047437156e+02 1.482755461210713832e-01 -8.932826323647252709e-02
1.172668165013272528e+03 2.336531200157161834e+02 -4.259342267201562948e-02 2.482240640412914923e-01
1.188893285639034758e+02 4.564757936512299921e+02 -1.325306021224644804e-01 -1.155058784112730774e-01
2.953065454107487540e+02 4.247652904952755080e+02 -1.405851450527609847e-01 -3.026998603920619813e-01
5.794891154152729769e+02 4.415641999817379428e+02 5.540525034930830067e-02 1.988678154513731297e-02
1.311373137285997473e+03 3.397732076627069659e+02 1.659566232969523214e-01 2.828433399131535103e-03
1.315880775452198122e+03 3.483558927338175408e+02 -3.985725018900493355e-02 -2.611817479381291825e-03
2.840603120542895113e+02 6.710264152655571479e+02 8.653586579433587486e-03 1.098881306293584409e-02
8.552761804378765191e+02 2.508172649807289929e+02 3.896732063482716280e-01 1.165618405526797075e+00
1.161460914153570457e+03 1.476826681313581275e+02 2.367086272754477180e-02 -5.893745689310634500e-02
1.083896282476386887e+03 1.702782954632859855e+02 -2.543281073170760576e-01 3.466902884258885598e-01
1.108189482881376762e+03 1.649612771272978478e+02 -3.537428090073490017e-01 5.887505004426429878e-02
1.100431024440552392e+03 1.807143525564955269e+02 -4.781960093737325440e-04 -6.547359594625704049e-02
1.088798413938794965e+03 2.304283901607215057e+02 -8.442014460026711631e-02 3.136641393080594892e-02
1.051301197209952761e+03 2.323101203008147024e+02 5.230344108548479198e-02 -2.326948737413729873e-01
2.316678704632112442e+02 5.297318777390961486e+02 -1.718162605595209280e-01 4.640505649033935948e-02
1.167703374025656331e+03 1.594024682369448271e+02 2.944628853429333629e-02 -6.496235593242784268e-03
1.139454202348200397e+03 2.411945277489376167e+02 5.647453807291400590e-02 -9.016787609532696257e-02
2.168186658145234560e+02 6.849369461635106973e+02 1.230929406109363550e-02 1.324514275461895381e-02
2.506645745922515971e+02 7.092376478582897334e+02 1.049995730879441230e-01 1.733564395799057356e-01
2.349631644188329460e+02 5.065858432754662317e+02 4.344110493901748998e-02 -3.206758651866847831e-01
2.852654773325805309e+02 5.255917541140721596e+02 -2.223916668002819466e-02 2.752314388082734431e-01
4.939388037882538924e+02 4.308132413689243094e+02 5.769762752048753635e-02 7.223794369105639157e-02
1.008785612645741026e+03 1.980395958628278947e+02 2.447915697273275390e-02 -8.880717365949269970e-02
1.074179808232020605e+03 2.007904182070291483e+02 2.145986575758090410e-03 1.181320632207211313e-01
1.079637307100168982e+03 2.569760422109142155e+02 3.853327017633318974e-01 -1.273005676253546881e-02
1.123718921436897972e+03 2.398579251711730080e+02 3.665114445734348608e-02 -1.389777331672753247e-01
3.083889736808336011e+02 6.236215623558922516e+02 -1.302189102760982660e-02 -1.347865718075942805e-02
1.001791350040875500e+03 1.906903631184492838e+02 -4.255445162619508892e-02 -1.028415796638260105e-01
1.228311220901282468e+03 2.759808853903326735e+02 2.913400554225802352e-01 -9.190907356861544031e-02
8.554003379803949656e+02 1.101729542891606570e+03 -3.097568495824987167e-03 6.453498175943650494e-03
1.226733776047465057e+02 4.521338870559085876e+02 -9.600253795558538750e-02 -2.693960016064920748e-01
1.194982773989764155e+03 3.732045821797183862e+02 -1.640623837182223280e-02 -2.104942690884096732e-02
2.530332333427789990e+02 5.567067191820890457e+02 7.299316639297141751e-02 -2.065038477370838566e-01
2.573293314586358633e+02 6.022549418097105445e+02 3.126039894626349725e-03 2.222937266443902188e-02
2.667052643098816134e+02 7.306257841220457294e+02 -9.019874903799518506e-03 -8.476403055063504513e-03
1.054902030706228970e+03 8.385846340206350078e+02 -1.395352997130127476e-02 1.927683488772800185e-02
5.762052668793799057e+02 4.880162738772367561e+02 -1.389315214615700336e-03 1.948815289365565459e-02
1.115247816936809159e+03 1.979192177200202991e+02 1.472222975956226088e-01 -1.788315621065176553e-01
1.204186472713798139e+03 2.831540777589805202e+02 -3.237019077500592756e-02 1.693677237302690028e-02
9.656754402097803904e+02 8.592827367943967829e+02 3.484364688322979554e-03 1.442457147706883470e-02
1.092255150852611905e+03 2.588998632687676604e+02 2.242018821602344558e-01 -4.188562721756214358e-01
1.151420478966718292e+03 2.214523809719136125e+02 1.280099734343331519e-01 1.640354643543472796e-02
1.127488810050943130e+03 3.255451111728515343e+02 7.557216490375559537e-02 -1.745420604876594256e-02
1.143551276226192613e+03 3.639268725153385162e+02 -2.782073120838154251e-02 -1.936511418891156619e-02
2.505064544728014084e+02 5.684221229906817143e+02 -2.349223007692295695e-01 -2.556737207955148694e-01
2.224925926109613101e+02 4.970694511086101670e+02 4.842947826771156102e-03 1.251606309304520437e-02
1.073833107528142364e+03 1.953937966564134570e+02 2.465438226139819375e-02 4.901937222753124240e-02
1.012513390727715318e+03 2.558468329076508780e+02 -3.017781847936381046e-01 3.838486863991548148e-01
1.036655961753347583e+03 2.678770989865108163e+02 -2.711128697707939142e-02 -1.020373412093391607e-01
1.164743513807889030e+03 1.716419329138143439e+02 -2.644780393198213342e-01 8.053265525315419504e-01
1.172686034906567556e+03 2.221522711245924029e+02 -2.672734793881469950e-01 7.522304177436064387e-01
1.205209936588366872e+03 2.050966322227639580e+02 -6.195248305745811729e-02 -1.110394662378269004e-01
2.102667824199192808e+02 6.435366677183833417e+02 -1.874112897332243580e-02 -3.481655364722276852e-02
2.364553833434606247e+02 2.924247312264761263e+02 -5.159558149567932545e-02 1.899609311894943642e-01
9.905883199665946677e+02 1.673596904409174613e+02 1.196892586962845090e-01 5.115272250572450857e-02
1.103198799269596748e+03 1.622257756701278026e+02 -8.395812918801807967e-02 1.161031166138958362e-02
1.091145620134141154e+03 1.982286359813414833e+02 -1.086215736832359287e-02 -9.683969466563397896e-03
1.092951301425027168e+03 2.229636941872174134e+02 -8.465105046916092391e-02 1.670127271444011297e-01
1.070250794266175490e+03 3.395451796885316185e+02 -2.524496367486377124e-02 8.068271776510403670e-02
1.194922866103204115e+03 2.049876309905243374e+02 7.190954769252626277e-02 2.690580505199978711e-01
1.153754122279552121e+03 2.381491748700483697e+02 2.393607804354112162e-02 6.049696292602262104e-02
1.159674923929799888e+03 2.490206742471322059e+02 -2.587372869296896902e-02 1.433155840239599271e-02
3.017853496905816542e+02 5.330808584626466882e+02 5.359028284959777011e-02 1.140242835682039879e-01
2.428674847682036955e+02 5.437989608969113533e+02 -5.472960613736239238e-02 3.725596295757172549e-01
2.441771494303773977e+02 6.078532718851366781e+02 -1.121638615899640118e-01 2.180558094468406857e-02
2.873593750572516115e+02 4.389757998080165748e+02 6.579973643161451946e-02 9.939144058507168311e-02
1.049579814439603751e+03 2.108296152072167331e+02 -2.062541811335449893e-02 -2.455906769779403302e-03
1.146949517933030620e+03 2.141012672326481265e+02 -2.528756245158092497e-02 5.234356827812121360e-02
2.140722937135118116e+02 5.907953705331328820e+02 2.993424856504134368e-02 -3.632173654797270224e-02
1.259199670560531558e+03 3.094705234998726837e+02 -1.312202803488718081e-02 -3.135770648761612017e-02
1.778748435798271430e+02 6.479684672021812730e+02 1.054948024279522278e-01 -2.313965234295412565e-01
1.871687169250042189e+02 6.614343726116065909e+02 2.612506843968118719e-01 -1.363701153505240127e-01
2.744276735203741282e+02 5.166138908128521052e+02 -1.605065061076516031e-02 3.065506019439681040e-01
1.074661588459995528e+03 3.075698815210870407e+02 1.242204808050928477e-03 8.313560298845601437e-02
1.186185375740274594e+03 2.185005230978157726e+02 8.211650698450512209e-02 -1.536460845659100016e-01
1.202610599047062578e+03 3.196289783513345242e+02 8.117706983239258989e-02 -2.096547909742767501e-01
1.136015466446085156e+03 3.678277251403380319e+02 1.979489394551592341e-01 3.476080973795347973e-02
2.113676635251602534e+02 7.263568401156118171e+02 -1.766248687599514255e-02 1.157249261516284378e-01
9.062588312750340265e+02 1.044495723695355537e+03 -3.060755935635484093e-03 5.064128872248829794e-03
1.018607168077212748e+02 3.518121096649477408e+02 -2.904215030818185165e-03 -1.136576345164306556e-01
2.349106580615929261e+02 3.516575127194715265e+02 7.307590036092749541e-02 -4.451652950344201637e-02
1.081468879214473191e+03 1.592886568262069602e+02 1.555822670239389860e-01 -1.722935510005275395e-01
1.066614022250177186e+03 1.918757125485215340e+02 -5.924586351774711185e-02 1.607302814254540357e-01
1.204326938431604958e+03 2.155065979021857743e+02 -1.437448552301248128e-01 -1.837259893426294588e-01
1.228968258105721361e+03 2.421129937583466187e+02 1.567208291381965574e-02 -1.410530050410037373e-01
1.147497673078651133e+03 3.507102659660565109e+02 8.435248910011848567e-02 -1.175773392683449187e-01
3.095940167218897159e+02 6.397555122070449443e+02 -9.801846960004110404e-03 5.162822787108974770e-02
2.620703141394108684e+02 7.080337356653337793e+02 -6.934337799691547843e-03 -4.656442515412046596e-02
6.733346893710163386e+02 4.964844956432224308e+02 1.317874679396676893e-02 -4.158697509461717345e-02
2.928616251518322997e+02 4.534884259521683703e+02 5.294726273366260477e-02 2.338834984520872240e-01
1.080320128240605300e+03 1.742585466073228133e+02 -3.673731267773897718e-02 4.533102384654815603e-02
1.118637426545118615e+03 1.919673286289917087e+02 3.218477408946304047e-02 -6.990700751447320727e-02
1.036446674132109138e+03 2.590434494762628219e+02 8.760302034526527837e-02 -6.229115157179876405e-02
1.215889707288215959e+03 3.627191048637619133e+02 -3.760753669882888062e-02 1.205303846186514677e-01
2.193167702297973847e+02 3.076893211755530615e+02 -1.059923881181930455e-01 -3.401720380180791037e-01
9.540524359849173663e+01 3.546872013344089396e+02 -8.983142415879967480e-02 -7.878908370912540704e-03
2.810750792725244764e+02 4.333458223650495142e+02 -1.950757791927344373e-02 2.062362865619888838e-02
9.989541782311887346e+02 1.834627140604811473e+02 1.062739352912558423e-02 6.733674700593610118e-02
1.211565754941364503e+03 3.130285991452865346e+02 -5.398027460837510894e-02 -2.985586109056157650e-02
1.008272284690325364e+03 9.275553458672652596e+02 -1.654552933496233978e-03 1.489778217692219221e-02
2.430245423975638630e+02 3.197078840560981234e+02 5.492480466045890353e-03 4.179705959532498127e-02
1.106855655251283451e+03 1.685739189591158151e+02 -8.718052768688266951e-02 -1.402230485889859324e-01
1.025509822273125565e+03 2.434011405261491916e+02 1.164540568811389676e-02 1.640255413235891524e-01
1.034026773500363561e+03 2.780376130973410795e+02 1.169421343641374733e-01 -3.817382011879004722e-01
1.146224299105880618e+03 2.320887032083879546e+02 9.748310481899125080e-02 -1.499640856461184057e-01
2.665109437217391246e+02 6.226003720149379888e+02 1.905196301156308891e-02 3.193400917990629750e-02
1.017231547572503814e+03 2.065328672236285854e+02 -2.959670080980458806e-01 8.751148699858598556e-01
1.140771460665404220e+03 2.040884044669885782e+02 2.427283897357786560e-02 -9.169903825472640324e-02
1.039063078602757287e+03 2.345215308349534098e+02 -1.586861340945233678e-01 2.640947180440207376e-01
1.152829212387958023e+03 2.045682032071762535e+02 3.796328563430506620e-02 -9.152120249311224143e-02
1.171044229449139038e+03 3.770127301038040741e+02 -1.243257873034053773e-01 3.147211748663873102e-03
2.478988048294740452e+02 3.729711570875351185e+02 9.690305443052693590e-02 -7.727572507974400651e-02
1.095530270087509962e+03 1.986471809718916575e+02 -9.860859682578393404e-02 -6.273896076611151784e-02
1.085715998787538183e+03 2.098067658405629174e+02 3.881358315311445040e-02 2.318468886077056368e-01
1.141769919062301369e+03 2.188935780737068342e+02 8.346240167952601041e-03 3.534481877919404269e-02
1.130249322900676589e+03 3.416342165908426409e+02 4.524535082498459815e-02 -5.661819302679305110e-02
2.505021537225508155e+02 5.796860092229804877e+02 1.565844577745991728e-01 1.375681431433122270e-01
1.849632303921882226e+02 6.746464994254341718e+02 7.788010089953445458e-03 -1.016645183053128676e-01
2.277160986216054255e+02 7.100325848166467040e+02 4.336437460085562634e-02 1.528199315475831099e-02
2.524249734921043284e+02 3.648184761573747323e+02 0.000000000000000000e+00 0.000000000000000000e+00
1.717820031024243121e+02 4.973290409115389821e+02 0.000000000000000000e+00 0.000000000000000000e+00
2.831867145429747552e+02 5.026675123916431858e+02 0.000000000000000000e+00 0.000000000000000000e+00
2.663509149309561508e+02 5.096453964181807805e+02 0.000000000000000000e+00 0.000000000000000000e+00
4.616210339654084009e+02 4.518792602142862620e+02 0.000000000000000000e+00 0.000000000000000000e+00
1.035231717378317398e+03 2.214158986150340525e+02 0.000000000000000000e+00 0.000000000000000000e+00
2.667664644984515121e+02 5.680882465523311566e+02 0.000000000000000000e+00 0.000000000000000000e+00
1.932331976386394103e+02 6.931782862131390175e+02 0.000000000000000000e+00 0.000000000000000000e+00
5.142723098471473122e+02 5.064277453248699317e+02 0.000000000000000000e+00 0.000000000000000000e+00
2.136817856878124928e+02 7.134509451183726014e+02 0.000000000000000000e+00 0.000000000000000000e+00
2.073659956192876166e+02 7.208504950292265221e+02 0.000000000000000000e+00 0.000000000000000000e+00
7.152277294258757365e+02 8.771569614152139138e+02 0.000000000000000000e+00 0.000000000000000000e+00
