1.344083984820579758e+02 3.804896550024871544e+02 1.325178634439428500e-03 5.317801928551696075e-03
2.657965307400463644e+02 6.835601996583084201e+02 3.589603708503703427e-03 -2.682846343639152305e-03
2.533586836876988002e+02 4.641424846142165279e+02 -4.870983912185508180e-04 2.903846238016533207e-04
3.176245990134341923e+02 4.744067506786741433e+02 9.858954071222964660e-03 -2.024842903199047806e-02
5.662052506623173258e+02 3.851000309098353114e+02 7.942876447755944924e-03 4.381593194322607604e-02
2.619960303967619097e+02 5.471276301996082339e+02 -3.294198227847359300e-02 3.470618477461600571e-01
8.301425827547420795e+02 4.077426571744453554e+02 -8.714636957672092015e-04 -5.357501936274356412e-03
7.072641747045231568e+02 4.187549853040635526e+02 -5.268463311715617867e-03 2.846946507831786891e-02
6.343678368491478068e+02 8.222402489434628023e+02 1.002335176900208443e-06 2.287799067095992473e-03
9.123165732189939945e+02 8.059800891601340709e+02 -4.964243842816430489e-04 1.259509413149082890e-03
4.599031345681262337e+02 9.415714008325811619e+02 5.976070408484819449e-05 8.816271960907639545e-06
9.074923818031018072e+02 9.247475953958077071e+02 2.291103541412244093e-03 4.282916580718442411e-03
9.002193740382801934e+02 9.271159478795121913e+02 1.004710374692003357e-03 2.366264259390251333e-03
7.082713071020260713e+02 9.910100483754043807e+02 -2.090699260512644125e-03 1.661405141488661629e-03
7.149903982848787791e+02 1.011547142820954150e+03 3.003995266338972659e-04 2.082686872803029871e-04
7.048249163571564395e+02 1.023761281617619602e+03 -5.546318423428979981e-04 1.007691886178969844e-03
9.845758330013095474e+02 8.463127176836408125e+02 3.792973003662677197e-03 2.431352677321552917e-03
4.816573583308094726e+02 1.099089632736215208e+03 9.813017413762281649e-06 3.073205913673212469e-04
7.044194187954682320e+02 1.036516392095068340e+03 2.164578997546486125e-04 -2.833165665446592724e-05
7.518221496319787320e+02 1.067565708420575220e+03 -3.612919727082512605e-04 -1.116178992887317508e-03
7.457064762038415893e+02 1.071482535679036346e+03 1.153079268713572440e-03 4.633966762745637263e-04
1.311027741641275384e+02 3.252696396895867679e+02 -1.433446699512288538e-04 3.208139561912381685e-03
8.996722419782104225e+02 1.102181283960745077e+03 -3.206081130429083714e-04 4.412038163442084156e-04
1.349710434064219271e+02 4.007546932947049640e+02 3.040217112133479158e-03 3.474276815606486529e-03
3.902874098309994793e+02 1.088601256779790674e+03 5.197210409659473729e-02 -1.878109572087643953e-02
5.637423055051021947e+02 4.586138047633846782e+02 -3.279030130288852676e-03 -2.343739472993579265e-03
2.623107925643093949e+02 7.412327775721557828e+02 -3.227642894914722047e-04 -7.508973405426313565e-03
2.728454706658854434e+02 6.224899209425369691e+02 -1.700771420737994324e-02 2.538420863593634016e-02
4.098953263478933309e+02 1.061537583181789614e+03 -8.438540006010282132e-03 -9.025333159514155323e-03
1.009118120871337510e+03 8.174591916165547900e+02 -3.726634311934134709e-03 3.339252445921419600e-03
4.868359120333199144e+02 4.489835524173492445e+02 -5.234873658915459652e-03 7.504377661722637198e-03
2.237763839320108730e+02 7.548571730070798367e+02 8.333556720631327174e-04 -1.144258459441183443e-03
5.981131562850983983e+02 4.394157391770121990e+02 5.482448324349404982e-03 4.398418025581833819e-03
8.300781690633269818e+02 3.225635470058640522e+02 -1.510899538164712889e-02 -2.611048815209743648e-02
4.657049977947135631e+02 4.555437924630272732e+02 2.878235537465489904e-03 -2.890956231910291833e-03
2.485347466237856793e+02 7.181445698545055620e+02 9.111283487743661400e-04 -1.984755779323794673e-03
4.932639065175872588e+02 4.300531944306798664e+02 -2.474517638600869096e-03 -3.042959130368672049e-03
2.304941140217710824e+02 7.011022641540198492e+02 4.102603925319796285e-03 2.291663138424781393e-02
2.275737688487755292e+02 3.083635827088724568e+02 -4.805971683544408429e-02 -2.081459724315793403e-01
9.703058987243522324e+02 8.449463456795316461e+02 3.990188533231895144e-04 9.101061784939260641e-04
1.020820932734405005e+03 8.152898346237150236e+02 3.425006632234258407e-03 5.550870566348928541e-04
2.020483699661579351e+02 5.104254571561706371e+02 4.911351219667573625e-03 4.838136500016745715e-03
9.570137462901702747e+02 8.501480389320288396e+02 4.917077261755159598e-04 9.263258121151948408e-04
8.264070965021060147e+02 3.450012306483602629e+02 -2.489815778600438373e-02 1.196636648067696262e-02
5.035942044168623966e+02 4.428802773642012198e+02 -1.878413026805325278e-02 9.770741083751107933e-03
1.004093765473577378e+03 8.322382801892898669e+02 6.388608393578606602e-04 1.307056426790806272e-03
4.939896217480667246e+02 4.394416905691055035e+02 2.219893248776982214e-03 -7.025527479080921796e-03
2.556652580728700457e+02 7.443915198900832593e+02 -5.618040850638093527e-04 5.571475690786509803e-03
1.922044406079703549e+02 5.800191789281383308e+02 1.036822918628317949e-02 -1.129363046367875580e-02
9.864510251301009021e+02 8.219308149939680561e+02 -5.610708602544621677e-03 -2.691155719620576866e-04
1.016812972778354037e+03 8.096499697321562508e+02 2.831092051257773096e-03 -3.859543304754582248e-03
9.839522535391206475e+02 8.138997690175411890e+02 5.309270461899665700e-03 -2.578496401382844930e-02
5.842879572154286052e+02 4.437954259927435601e+02 3.534226930803312239e-02 -9.084405238291880236e-02
1.242400313334346038e+03 3.969261445022756334e+02 -1.514569456163362797e-02 -7.462218308232607036e-04
1.185384958114724895e+03 2.508515830907362556e+02 4.012782303541574148e-03 1.460138535280309374e-03
2.573350124271146910e+02 4.182152266034179320e+02 -8.633276477840834406e-02 -2.574395083990689281e-01
2.285748487804474678e+02 3.269959862450202195e+02 -3.805850398813311747e-02 -1.588805278803949173e-01
2.610897163377670154e+02 6.136075337567963288e+02 6.089358435877392783e-03 -2.401299601389143747e-03
9.474762166605855782e+02 8.368000442651903086e+02 -4.348825703177096151e-03 -2.357806462101723365e-04
8.082469170062819330e+02 8.810757182735552533e+02 2.415501905345828707e-03 -1.130152289937820433e-03
9.270665730658326993e+02 8.285717648071902204e+02 -7.784896567221102903e-03 -1.305660859860845440e-03
2.629068162027353424e+02 5.810168648537211311e+02 1.667017922784058692e-02 1.141969603843144415e-01
7.968054009157409610e+02 3.629679457936300082e+02 5.606178650814759579e-03 -6.460891007967091253e-03
9.492161316941133009e+02 8.456290178774206652e+02 2.766063037207045199e-03 8.616158891725556089e-04
1.033856242233243620e+03 8.296873966147015835e+02 2.190258590004115838e-02 -2.082289873738426417e-02
9.088068509890096038e+02 8.321345022115237953e+02 -1.853961008174058456e-02 -5.513970558749321099e-03
9.832330058524922833e+02 8.688754868610188851e+02 1.241918840794752022e-03 1.882656943271375852e-03
2.900148675200970843e+02 4.128604175560333260e+02 8.372952412765689162e-03 1.265078179874432052e-02
9.776161132385141173e+02 8.657801696667440865e+02 -2.493931460608650192e-03 -1.822693508204180791e-03
9.022076628166452110e+02 8.540457211172059715e+02 -2.020757986696984729e-03 1.329919083016170740e-02
3.281076228428917148e+02 5.656340811848306203e+02 -5.267709508067997155e-03 -1.009757639241284401e-02
9.905711331870915046e+02 8.507334364303776510e+02 2.302383542025318586e-03 -5.655442187040841256e-03
9.668987062201293838e+02 8.734624237871777268e+02 -3.467336741368403415e-03 -2.464710389983680496e-03
9.575900425826687297e+02 8.618361263227333211e+02 -5.191308790199850379e-03 6.972583489924221063e-03
1.972258016413065036e+02 5.714932837275080146e+02 -2.488094189995461794e-03 4.053167050236168405e-03
2.789108754692073830e+02 5.052587454055692433e+02 -6.172731727475525704e-02 3.057293541630741740e-01
5.098974811421978757e+02 4.230572960732544061e+02 -3.582039106983964192e-03 5.511714705366697366e-03
8.026290744022508079e+02 3.561294077441105514e+02 3.051359534550659829e-03 5.937197395595749695e-04
8.015705862404259960e+02 3.469195341550621379e+02 -7.071429033196703802e-04 3.389406558066148604e-03
9.436501686632981318e+02 8.738492778590541548e+02 2.454511738001697013e-03 1.708564548803314168e-02
1.143962698371914485e+03 2.283173401461292826e+02 -9.667044915735603303e-03 -2.184018718951235161e-03
1.172404265309924085e+03 2.138241431813931683e+02 4.655203322751938141e-03 -1.491430349313103282e-02
2.909220961954455902e+02 4.978387041055153190e+02 4.498403975586338921e-03 -6.510502546740945529e-03
5.655174345003363214e+02 4.649118974199673744e+02 -1.116513526194849726e-02 -1.443071041909782873e-02
1.027849197325603200e+03 8.260474152001869470e+02 -1.103309907589976931e-03 1.093741026685471828e-03
5.142545425406133290e+02 5.063450977424510597e+02 6.044484597553734717e-04 -6.675853664806047708e-03
7.334180377205806280e+02 9.642089888678729039e+02 -5.056769531125105722e-03 -1.421971100832238565e-03
9.944191267584845946e+02 8.764200621316372235e+02 -2.663351265310342272e-03 -2.911975243389158894e-03
2.075566141862697975e+02 7.060808994946472694e+02 -3.982077566406042046e-02 4.088912391874614111e-02
4.705172453084435347e+02 4.363788696459100720e+02 -3.551664958094853837e-03 9.647277368971442105e-05
7.861358464338014755e+02 3.404643615582108964e+02 -4.256304301555579803e-03 1.074641063504801902e-02
9.704437638130114010e+02 8.933104421985955241e+02 3.188680329619255661e-03 -1.213810915649644710e-03
5.705588561200617050e+02 4.307164278514320586e+02 2.924454597715870664e-03 -7.076459523382186770e-03
2.100991068819197665e+02 7.115792827310597204e+02 -6.596204228059752983e-02 1.089542548421796181e-01
9.287714837038259930e+02 8.377532667286949390e+02 -2.003386716827469313e-02 -3.532024509226319720e-02
9.711104719272469765e+02 8.233901894296451474e+02 7.798785638058662248e-03 -2.036621493143999338e-03
1.012910503896839487e+03 8.727341154633901397e+02 5.419690546370862366e-02 5.581879507069583898e-03
4.756273490805767210e+02 4.464248017777531459e+02 -1.083296241936092990e-03 8.278464223310200111e-04
2.949638155859474296e+02 6.582298121942383204e+02 3.771713170417479929e-03 -2.143414674186138943e-03
9.018215685957579808e+02 8.598380748185469429e+02 -3.960947511835470093e-03 1.473348717405036177e-03
2.119590420661337475e+02 7.438516162530710290e+02 -6.859303470959487309e-03 -1.668715157431466256e-02
3.051845043733707712e+02 6.407062033653411390e+02 1.524090199065803591e-02 4.066312471017641435e-03
1.265322616280287093e+03 2.917986420514694714e+02 1.864700249099976448e-02 1.441281291270813530e-02
1.272659328401942957e+03 2.966301034838123769e+02 -9.862790830917076215e-04 -1.102119115800367487e-03
1.258701714127073501e+03 3.068089478208495962e+02 1.934687777691461788e-02 -3.669291246028883878e-04
1.034863604033891534e+03 8.705790655363434780e+02 2.784883011897345759e-02 -2.729807880972666672e-03
1.002098201017396036e+03 8.155494132826983105e+02 1.232590572510504270e-03 -3.093179252240282201e-03
1.172102874985361041e+03 1.446497660857583014e+02 2.768763436724028942e-02 3.709432889553426066e-02
6.138460367258585393e+02 3.897250771452813751e+02 5.311409734498837194e-03 -6.311393726191049346e-03
9.488450003674156505e+02 8.240070551227673832e+02 -7.536872487462189987e-04 6.420446051068589254e-03
2.444936395315546349e+02 4.969887893723534944e+02 -2.191259955245157369e-03 4.071584281459223278e-04
7.174321443653229835e+02 9.554538666029832257e+02 1.774008697305245108e-03 -1.362306487799917840e-03
6.487898764217648022e+02 4.717204101216370304e+02 5.910974184010427124e-02 2.629294549916100232e-02
4.881862868011097589e+02 4.584038669604750567e+02 -7.560044564758466694e-03 -2.131029600006135484e-03
4.249236460603397063e+02 1.074166498952260781e+03 9.859055175868412530e-04 4.700436175793097637e-03
4.931512189434902780e+02 4.742141910695227693e+02 -1.724674068187576070e-02 7.200987745007561558e-03
2.367500849041604170e+02 7.159000809825978422e+02 -3.098921493089522913e-03 -6.755134866642101277e-03
8.246884818060161706e+02 1.102242251357048417e+03 -5.721533358326376818e-04 -4.253957185014904706e-04
3.203998444369478875e+02 6.065994828980847160e+02 -2.778519823353050797e-03 4.851915246544564325e-03
3.352176995998660232e+02 5.630995068571827460e+02 8.670604273722891733e-03 5.135361806377893891e-03
7.631561309651826832e+02 3.875112592457234655e+02 1.843717577129258588e-03 -3.900067651844631340e-03
2.133996765490935559e+02 7.397039254961905499e+02 2.217315238285360278e-03 1.353046376094664376e-02
7.193341123671767718e+02 9.135921151152743960e+02 -1.526166424491298169e-02 1.367494151458285498e-02
2.517687781010588992e+02 6.609360312174496812e+02 1.198135465554206296e-02 1.958210660192961916e-02
2.680840715646772878e+02 2.999908160933388217e+02 6.958954369259451355e-05 -5.180398640342702161e-04
1.163129931183420695e+03 2.165929820116604958e+02 -4.199773002165775441e-04 2.598494524649211726e-02
2.653813013190753054e+02 6.313121616008678529e+02 -8.595036636102753062e-04 9.979482455500966612e-05
8.506756828857220398e+02 9.315439534901942125e+02 -2.975339588743682517e-04 3.130583681011125897e-04
3.187140032537207617e+02 5.409380603352117305e+02 7.667520541978734179e-03 3.226057174928617221e-03
2.100273766126702810e+02 5.834852680125596862e+02 -1.177171672310379016e-02 3.296213532273736032e-03
2.368074901936724075e+02 3.499599843327287090e+02 -5.051353796378572902e-02 -1.692630173709196439e-01
2.504159561733489738e+02 7.276255083655164526e+02 -1.297015810540344365e-02 -3.621205653601437466e-03
4.471188250421051293e+02 1.091987262037725486e+03 -9.420005807755550339e-03 4.154378712905556874e-03
2.062816700849913900e+02 6.816260097066411845e+02 -3.502457780751516876e-03 -1.854065759987249141e-03
2.382005861744236768e+02 6.707815181114287952e+02 1.159110458996117244e-03 -1.313697615806082514e-03
2.262941566753363816e+02 3.017620077403863661e+02 -5.957972600435288563e-02 -2.164249546979951644e-01
7.714720076862001861e+02 4.936735227002822626e+02 -2.381982883102774437e-03 1.980263801630538327e-03
2.801114987940752030e+02 5.322185531996362897e+02 -3.780969476160367122e-04 5.393344086627675088e-03
1.260111983540097754e+03 1.961372983239003815e+02 -7.392840611265626789e-04 2.828947649188401445e-03
4.501644978872294018e+02 1.096299937739123379e+03 6.406077067347471822e-03 2.473673113064421992e-03
2.405341749411973638e+02 5.029077551812657134e+02 -2.448848215907851924e-03 7.104821660424485812e-03
2.509177371310091473e+02 7.104794429042239017e+02 1.053608339094411770e-03 -8.383046113810297892e-04
1.248662951398255927e+03 3.792670136101239109e+02 2.643310560484894711e-02 -1.101259494801903015e-02
7.189819577667429940e+02 9.619563120712997488e+02 -2.418722400281271556e-03 1.317817440560297218e-02
3.005148728416428980e+02 6.472154353093259260e+02 3.084802615657088014e-03 -7.827461472939237219e-03
4.260042671433953956e+02 1.080509112679299506e+03 -1.249779274036031404e-03 -1.803077868292141247e-03
2.253972550902973353e+02 7.123796543119859734e+02 -2.722255074906057212e-02 1.774511022082187611e-02
1.016179630883595109e+03 2.134874034463588544e+02 -6.917225728165078691e-02 -9.216261027014868712e-02
2.341078444888025842e+02 3.550356466473449473e+02 -2.251048769634246896e-02 -1.590173480701431441e-01
2.168542664923182031e+02 6.444658552433613750e+02 -5.882430404586604794e-03 -4.610409212253414706e-03
2.568873587744918723e+02 7.181562458594431746e+02 1.517419328809067967e-03 6.335956530428669964e-03
2.543637474177647277e+02 7.242352229252114739e+02 9.280486982695290710e-03 9.370632024124371171e-03
2.299455431963825731e+02 3.444186437442473903e+02 -5.422375773530274667e-02 -1.583945485058579072e-01
2.976380179475555110e+02 6.544862588436993747e+02 2.239043847701301104e-03 -3.254035682076472625e-04
2.350150222222094101e+02 7.104560399621630040e+02 1.048672917906091906e-03 2.906068269434363641e-04
1.184946357276633307e+03 1.935743276922624148e+02 -1.016379238140974750e-01 6.491519617750811377e-02
2.556597654262971560e+02 7.361597553586798313e+02 2.766394197427734028e-02 -2.655289629165009067e-03
2.556540205095743659e+02 4.883591738515539191e+02 6.753693495198550417e-03 1.601428358842688212e-03
2.795380363179860410e+02 4.632167913931438079e+02 2.881840536627245167e-02 2.784266314184281610e-01
2.192451537339291576e+02 6.634289471268780289e+02 2.572581612244252691e-03 7.232590067036257300e-03
2.172328229227632619e+02 6.513099324426630119e+02 -8.490049641711541490e-04 -5.381080047283317777e-03
1.215141638949623939e+03 2.951582710847713429e+02 -7.803416510819036027e-03 -1.109773273217421440e-02
2.894185954505471159e+02 6.349363638030704351e+02 1.054772548114908540e-03 1.551834019287435737e-02
1.001020021340869675e+03 8.557110109001633873e+02 -2.027839086419797130e-03 2.051079440099045238e-03
8.636059496745842523e+01 3.135437588466580223e+02 9.718516754965870813e-04 4.792737891422109453e-04
1.223796071240807350e+03 3.976964213314385574e+02 -3.195239741727965398e-03 4.503842487527926972e-03
7.531796237238226013e+02 8.450971942479634436e+02 6.456204915438509395e-04 -4.808745492761709920e-04
1.211847741326302867e+03 2.205496628220281252e+02 5.566401963186321834e-03 4.402368285464080579e-03
2.316907786603956083e+02 6.615729253283122944e+02 1.748247105480108020e-03 3.216864339785190270e-03
4.133093532175486757e+02 1.065769696395287610e+03 -1.058183634191463794e-02 -2.711452528864815442e-02
5.449477853349303587e+02 5.181621332991381905e+02 -2.025743874238773723e-02 1.116727320982473758e-02
1.155466842468566256e+03 1.672440336086342256e+02 1.833407850198081335e-01 -3.891396004932333730e-01
8.232694677167014561e+02 3.395518541770089769e+02 -8.039985438456526709e-05 -6.770266772153911601e-03
1.206850423957576368e+03 2.528757472465336491e+02 1.396582874233692761e-02 -7.095378426413109091e-03
2.478522010240216673e+02 7.367306357920541586e+02 4.180958432447940548e-03 7.581881090255583773e-03
1.147900143963325263e+03 1.469515299014850882e+02 -4.160050758348979305e-03 -2.798070771641204546e-01
2.756965147207321820e+02 7.007549495392273684e+02 -5.170883665670933556e-03 -3.414343498934162887e-03
2.605096928765964321e+02 6.849200796128477577e+02 1.261435804560215529e-03 2.332088922739245212e-03
1.054882404635060539e+03 8.387772362111464872e+02 -5.454303081482930835e-04 1.239590709283985761e-03
1.226917431608999095e+03 2.451720961148805884e+02 4.225878770605031448e-02 -1.997531509694579210e-02
3.065799721546902674e+02 5.461513997644316305e+02 1.990193220094827603e-02 -8.371708211896448579e-03
1.202411774765681002e+03 2.287355149403792325e+02 2.050616812533070932e-02 -6.999182601622306286e-03
1.265973852555365283e+03 2.038176471209764884e+02 6.320781851717593297e-04 2.540906705198801158e-03
2.501756465296059844e+02 4.784272677177916080e+02 -1.696762783470234315e-03 2.076360989349268493e-03
4.368628166735496166e+02 1.091340504521868979e+03 1.378969255251876673e-04 -8.816030392969004866e-04
2.382999754623740785e+02 3.724971633561445969e+02 -3.476090733489588247e-02 -1.405821420494203777e-01
3.108102993983993088e+02 5.577200136203666716e+02 3.427898047481513916e-02 1.927120767102156323e-02
1.098483966798043411e+03 1.703218360457822769e+02 2.877820648637175946e-02 4.051758724444306375e-02
2.667534124499812833e+02 7.205172354966326793e+02 -7.312770737687200075e-03 -4.828638299260443363e-03
2.809307345856142319e+02 6.221570731429617354e+02 2.949792733570890356e-03 -6.523437131538077291e-03
2.717069102453249343e+02 6.713589927969959490e+02 -5.981188850149342980e-04 1.634304242279900838e-04
2.695136210257291509e+02 6.960807996331968752e+02 1.787575315604769547e-03 2.845078654177492141e-03
9.180495032342611239e+02 1.102614078634911721e+03 7.626120304398637060e-04 -5.167232751489899290e-04
2.611485481604793790e+02 6.600325186925911112e+02 -1.640036835614283811e-03 -1.467948702368333368e-03
8.217763177736933358e+02 3.849637908900702996e+02 3.375596058079659810e-03 8.836851279972893561e-03
2.661712657411674172e+02 6.620989362628986328e+02 -2.290655962005782708e-03 4.732320119952680530e-03
1.218279126634715112e+03 2.728238054115619775e+02 -1.987647594828243491e-01 -1.513300800029046267e-01
6.961672639590941571e+02 3.922176541293400760e+02 2.391485067694180261e-02 -1.467683895669601515e-02
2.829519105806654693e+02 6.866380229376213720e+02 1.916893116230659238e-03 3.256691908337181873e-03
2.754177685763156092e+02 5.285815682431403957e+02 -9.056156057354628960e-03 2.096811246233436005e-04
2.441447694169488045e+02 6.354443764454375696e+02 4.035886951839421223e-04 4.077571914820618017e-03
2.622477219869371083e+02 7.094713413545405274e+02 4.314769690870097360e-05 -1.400460109660496902e-03
8.579503848722729344e+02 1.101938533430444750e+03 1.889983474872660970e-03 1.815763685278785292e-03
2.310092968137609262e+02 7.401577437747681643e+02 3.694056269443652969e-03 -3.366003516525284140e-03
2.489617865871104812e+02 6.288141304941379985e+02 3.187359115956512473e-03 1.359418530095318073e-02
2.151601785724580793e+02 6.681513959406091772e+02 6.293103884100934801e-04 1.564654116241804768e-02
7.154804235606582097e+02 8.772273894602850532e+02 1.292987637787581861e-03 4.884717116596274528e-03
2.505457088481551864e+02 6.168073675532671132e+02 1.678499741593038243e-03 2.193575508640336139e-03
2.357691434960805168e+02 6.273305704791091557e+02 9.580869660991333386e-03 -1.541494368753697740e-02
2.594600062081544820e+02 6.384518132828134185e+02 1.771457279696699375e-02 1.026404887141500744e-02
2.456751071679346126e+02 3.715710260759224752e+02 -4.671396351613402165e-02 -1.259499719070724943e-01
1.181685512757067727e+03 2.221950879895307764e+02 -1.920411448817602781e-03 -4.823232762763012688e-02
9.977887825948509999e+02 2.162036293890804473e+02 3.113723960453144285e-02 -1.609154917592167944e-01
1.085383024862524962e+03 2.029448059652344796e+02 8.982879596521459870e-03 -3.002067516768117464e-02
1.168127873506965670e+03 3.449823362838722005e+02 3.624356920684675132e-02 -6.684695070310739395e-02
2.833735145537955304e+02 6.784996426934128522e+02 2.326798716194839693e-03 5.025652376114539931e-03
9.197235469282248914e+02 8.405138489113865035e+02 -1.787643886680233621e-02 -2.189136372671647568e-02
1.176939276539775392e+03 3.290659393123425502e+02 -2.028709518950644677e-02 1.908658260358077688e-02
2.618877929069986408e+02 6.969256419482290994e+02 -2.062171647964695150e-03 -7.239969503622419554e-03
4.061433056898620180e+02 1.078475674566061571e+03 3.668972728687572033e-03 -1.335000236550324283e-03
1.073057193197177412e+03 3.169217838904820610e+02 -1.484459655630551989e-01 6.799684167269293145e-02
1.884774563366872542e+02 5.766208676240501063e+02 3.526152384450700721e-03 1.797727129293421287e-03
1.189952738322267123e+03 2.337380847686626737e+02 -1.940403596751757997e-02 4.236541271926608926e-02
1.263782731177869437e+03 3.366988225775804153e+02 3.117094461882709555e-01 1.665333643419905918e-01
2.319662724888117964e+02 6.278782747230347923e+02 7.803915594896388905e-03 -1.139306026924948468e-03
1.219583063516252196e+03 2.308283101702567990e+02 -1.249388337421328439e-02 -7.030636947715404594e-02
2.466107596538035978e+02 6.930218431706894080e+02 2.912116401667430837e-03 6.055545668729819418e-04
2.911611021620116162e+02 6.483635371242744441e+02 1.344406640306139086e-03 1.684289691483361728e-03
5.261102861206267107e+02 4.745887492124089135e+02 1.656248277125240212e-04 -1.707418139135438023e-02
4.380370594804259099e+02 1.085473478435219477e+03 7.251497438270091203e-05 4.103982184782544243e-03
1.155219710629207157e+03 3.695433824360891322e+02 3.373879494189834655e-03 6.497110957888937825e-03
2.699139982301265377e+02 6.367917686332883704e+02 -6.779354543382261518e-03 -1.214150462788389159e-02
1.187210726852649714e+03 3.354866103008878326e+02 -2.418679874228185471e-03 -2.716831732424686719e-03
8.233901069300577547e+02 3.791430451051790556e+02 2.335966373988916742e-03 5.300076453496817275e-03
1.002095238063498982e+03 8.661351635940724236e+02 -1.035212544382888575e-03 -1.530029672124166460e-03
2.281537224166430917e+02 6.886565035538360462e+02 -2.040709858510698655e-03 3.550122527145720152e-04
9.275915114065323905e+02 8.658054350958947225e+02 7.164579032253569520e-03 7.950176202004090309e-03
1.248017611546620401e+03 3.101960020163078866e+02 -9.292502653363387058e-03 1.318490019881910294e-02
1.106657980301538146e+03 1.941866858790634183e+02 -2.100443318407555979e-02 1.078719696974155540e-01
3.038506284594255362e+02 5.356665564857509025e+02 1.806254141067733729e-02 1.722599310121698118e-02
2.006400541812697611e+02 7.041639058515048646e+02 5.996807560780799407e-02 1.967219743640007679e-01
3.063821861589324271e+02 6.290273537860872466e+02 7.791065342346000303e-03 -1.112169388509998830e-02
1.051950191224012315e+03 1.883065897134721638e+02 -1.079560407011776520e-03 1.314947488155908048e-02
2.503230238691033378e+02 6.849346377539922059e+02 -1.329330495447927788e-03 3.040200963426845093e-02
2.396753779558046062e+02 3.806348068254647501e+02 -4.776282391343115302e-02 -1.595483157577402833e-01
2.446670360368772208e+02 6.087461558093579015e+02 -5.039507595970710643e-03 -4.669449021781645753e-02
2.892409426366178309e+02 6.138997341809021009e+02 2.904534144566034339e-03 2.372604709221107569e-03
1.708435586203955836e+02 5.730380190195885461e+02 2.166969181735900127e-02 -1.183855930216085039e-02
2.817422677698469329e+02 5.459814578552766307e+02 -9.482916635102801167e-04 -1.984448410348479790e-03
4.077516608026910490e+02 1.086977814384522844e+03 7.195738190327376389e-03 7.410302098382954249e-03
5.662211835262916111e+02 4.252526590903214014e+02 -2.037092165840764801e-02 -7.023193362681917976e-03
3.148953033569785589e+02 5.048806315606261137e+02 7.925236210054874969e-03 -2.490494105660839451e-04
6.008916989042262458e+02 4.383568952516384343e+02 7.413746546439422061e-03 4.560090329204790315e-03
4.622780571264063951e+02 4.529961077614741498e+02 -5.382972251712738083e-03 -5.264345582925824066e-04
2.941525921097705805e+02 6.062879426482969620e+02 -8.241332967048551348e-04 6.246120415564498582e-03
1.192393895679239904e+03 3.453799602306924044e+02 -5.884038464964670354e-03 2.891298220824054660e-02
3.136194180282165576e+02 4.979689298970923232e+02 1.176746703569985820e-02 2.407078143610959058e-03
8.189899027197174064e+02 3.351404383574017061e+02 1.110786273209957327e-02 5.453940198235906860e-03
2.284777637159687345e+02 6.396364586717000975e+02 -2.400517292164693495e-03 1.436866975125167777e-02
2.893840531944387635e+02 5.488298391659443496e+02 1.274467839415483472e-01 4.230037894119302311e-01
1.268011897785898100e+03 2.586153848369151547e+02 6.541229525928789201e-03 -5.189088675731206787e-03
9.414641057406754499e+02 8.507572390463304828e+02 -1.759661403505308848e-03 2.137309495979160083e-03
2.322122142273836403e+02 7.152906135016429516e+02 4.627992944584843546e-03 7.014376784499885310e-03
2.918013768803305652e+02 6.613723274360642108e+02 -7.417223157416840545e-03 -7.769913015374978887e-03
2.399519442291827431e+02 6.476733682058803652e+02 1.965125800592935987e-03 3.674868740096943771e-03
1.056463521267370879e+03 2.219825517889773039e+02 -7.223099409744949961e-02 -4.231066959919425885e-02
1.195515440493362576e+03 1.966798620924851377e+02 -7.453753322382827839e-02 -5.441945342823321929e-02
2.321938863518941218e+02 6.200893907462395873e+02 4.728095928880570419e-03 -1.967915857863268146e-04
1.211201938569098957e+03 2.785004647580460073e+02 -3.519116064087867042e-03 -8.825420149193660300e-04
2.510436953865664407e+02 6.518060583226040308e+02 5.246635736432043312e-03 7.393255207072869754e-03
1.046197843370429609e+03 2.625265659906769997e+02 1.161504889696538811e-01 7.789176281026290172e-02
1.010156222269857381e+03 8.374357335868938890e+02 2.565513197946709539e-03 7.113618756160675245e-03
3.249569883597426951e+02 4.801459186131398837e+02 9.560044621781966373e-03 1.047273070877742952e-03
1.075943911739199166e+03 2.028975186400313362e+02 -6.087355021130329974e-02 8.744504131087549315e-02
2.449932284604627171e+02 3.973836647409512466e+02 -7.822489709596003316e-02 -1.982619185079012025e-01
1.095127734310910000e+03 1.905286025696981369e+02 2.763072337968356523e-02 1.609366889519351501e-02
9.879974588752318141e+02 8.744782356912839987e+02 5.378401962054727217e-03 -1.200061137073999383e-03
2.328752501347955501e+02 3.197214810203866477e+02 -3.476070114610247536e-02 -1.940336533108832362e-01
2.872398509728035947e+02 6.638652507982128554e+02 4.869958656258003638e-04 1.970486523196041638e-03
7.624028576770541576e+02 3.940922274620776307e+02 1.064891997860529377e-02 -1.378227137854143476e-02
3.115203447487824633e+02 4.869197875190410514e+02 6.588300483345770585e-03 -5.567865027080867897e-03
2.457311540392777545e+02 6.642829048589524064e+02 -1.130221466291407659e-03 -2.980576079799015718e-02
5.031691415818970654e+02 4.792437223677704878e+02 -9.169618967871879037e-04 -1.201236755004836268e-03
4.213448827891382393e+02 1.096304139252116101e+03 -8.145746563691814296e-03 -3.850982861618237017e-03
2.611794033860839477e+02 5.189885768375912676e+02 3.837660837608283110e-02 -2.525217366847836153e-01
1.157302706130324395e+03 3.317428514577258056e+02 1.701322640877664730e-02 -2.711838470228562087e-02
2.700103287055386545e+02 6.564937005947376747e+02 5.767569147427267610e-03 4.492136146322451423e-03
2.169603647923295853e+02 7.252152229752981611e+02 -4.483535628955759300e-02 9.736054223751827719e-02
1.151466659243213144e+03 2.076959667220023391e+02 6.146572128664677323e-03 -4.342398186631917650e-02
2.889773457604024429e+02 5.986219189601688413e+02 7.002574294735477468e-03 1.519295097584137319e-04
1.031171759219316527e+03 1.597250723512374293e+02 3.125051497658439415e-03 -4.017353275220712956e-03
1.241490083944018579e+03 2.738136860288612411e+02 -3.518879665485241930e-03 4.417887627399446314e-03
1.190818314233459205e+03 3.091007893873496641e+02 3.261553769652936752e-01 -3.391355706797878622e-02
4.768597140104382106e+02 4.860752270737854701e+02 -4.638007979085862062e-04 2.407536226788615282e-03
2.907442835867390158e+02 5.778151730599535085e+02 -1.940755854719771042e-03 3.102481864009923318e-03
1.246496274434581437e+03 3.553787188821133896e+02 8.155385709304676864e-03 1.016429425659104088e-02
2.771160235782808741e+02 6.745556549824315198e+02 -1.225879632342959276e-03 -2.095373821238228230e-03
2.490662463952388066e+02 4.159877064704112399e+02 -1.474886850038445163e-01 -3.631090895855924039e-01
1.125926180703463160e+03 1.958930112078726040e+02 1.232074373682294152e-02 3.576713912876767348e-02
1.169849946702589932e+03 2.498309804397810581e+02 -2.047279953924744517e-02 -4.505961657223857275e-02
1.102284185520411029e+03 2.333545367038817346e+02 -4.682814039204071660e-02 7.570478454956408587e-02
2.224072165889885753e+02 6.821142206524266385e+02 -3.539445194907766580e-03 -9.650864089779376959e-03
2.870432571846300220e+02 6.060330563601959284e+02 5.317543859582194582e-02 2.757377385732596997e-02
2.894291723759695287e+02 5.882551381693864414e+02 7.022440552324078419e-03 6.317951131587497444e-03
2.779680453364001096e+02 4.481936203012479609e+02 4.703990831417781404e-02 2.774265644667822106e-01
2.335252996378275157e+02 7.224241927462152262e+02 1.710517263902596591e-02 -4.116386946013182377e-03
1.235372694980935876e+03 1.341045395624396974e+02 -7.661769397942624080e-04 8.225756774994680276e-03
2.662680684010771301e+02 5.748455073790369170e+02 2.443670625916188194e-02 2.007917342905048419e-01
2.098671720920921473e+02 6.807560994259965810e+02 -1.172208921543744023e-02 3.358970574628988154e-02
4.170385097955951892e+02 1.094863426645149502e+03 1.982574134967650305e-03 -7.550919296437935029e-05
2.483635392287889943e+02 4.078787877030423488e+02 -9.787667925265405855e-02 -2.279960924257873611e-01
7.191486517782469718e+02 9.222727552002912716e+02 -1.557103555726844016e-02 6.470197014651954577e-03
2.410188598799620365e+02 3.511868233824429808e+02 -4.092156124405652712e-02 -1.524650006542151714e-01
2.413422999822388988e+02 3.763657340287182933e+02 -4.051344422504678938e-02 -1.321622271462331855e-01
2.204137591383599215e+02 7.080383788331523647e+02 -2.477744834379509969e-03 -2.188046263268456863e-03
3.084019926661000000e+02 4.936383380478012555e+02 2.562647844081255427e-02 2.124366308997101618e-02
1.029367911355798014e+03 2.963766078284874652e+02 5.453360623113718804e-04 -2.221681236456149108e-02
2.554784353618732951e+02 5.086598497274303554e+02 6.547295116083946820e-02 -3.002507362926410961e-01
1.131067041768215631e+03 3.415974289726786992e+02 5.248689480442119857e-04 1.223443317525940363e-02
1.206811479388526777e+03 2.380838709513076594e+02 -7.414245483147115928e-03 1.504303940448681147e-02
2.987548103444364074e+02 5.646942736385452690e+02 6.131400450397445426e-03 5.839193781179175501e-03
1.165907333315972664e+03 3.239620942906905157e+02 -2.108969556438030843e-02 3.342266903516218080e-02
9.986302295440207217e+02 1.846495798520643348e+02 -5.599044943706906613e-02 -6.006495729058971417e-02
2.847325479102571535e+02 6.275845637822405934e+02 -9.123235518568053454e-03 -1.237405944036056200e-02
2.420334439535954516e+02 5.686990079553747819e+02 1.648148077422125768e-01 -1.896610967256630031e-01
2.597042040361970408e+02 3.990136992379526646e+02 4.491843556921185782e-02 2.747829559832676849e-01
2.809038585955997860e+02 4.077846698675708126e+02 7.537601149125960909e-02 2.695205600382434286e-01
1.007798551273668409e+03 2.544314845150597364e+02 -3.167346273483863384e-02 -1.532019952061616959e-02
2.627810824842877651e+02 4.387025701515751166e+02 -1.344473994930019643e-02 -4.857219143035389486e-01
2.512373784720000458e+02 4.013541286142962008e+02 -8.585752390168446824e-02 -2.172639477810427155e-01
2.878066969898596312e+02 6.508939338772061092e+02 8.166887600592948916e-04 -1.476826234456983869e-03
2.614410187299940276e+02 7.057607192843166786e+02 -3.267720944629019970e-03 -7.045833289975469461e-03
1.150806845735967272e+03 2.284364627895735680e+02 -4.205271419933560156e-02 6.724062244571381297e-02
3.233187546554904657e+02 5.492787491267059750e+02 1.489651907465287979e-02 -6.880593622728912659e-03
2.203938249264968192e+02 6.949538303449668319e+02 4.054297057514518431e-03 1.543172529717693527e-03
1.496273997602997952e+02 5.235017151906725985e+02 4.018055704567823224e-04 2.870927386615365704e-03
1.022676750732974824e+03 2.109057633409321681e+02 -9.278285878656221397e-02 -8.014007780145102067e-02
2.609770857566605287e+02 4.494077682493856400e+02 9.488750195009405114e-03 -5.055202749322351696e-01
1.236272084422916578e+03 3.994654696296742031e+02 3.441731283810620795e-03 -3.380864943569396905e-04
5.173893045275696068e+02 4.818029810410419600e+02 -2.201035932272935557e-03 -1.669686279370526365e-03
2.530127953729858916e+02 5.398226310991921082e+02 2.843381592159889559e-02 -2.625058460509798741e-01
1.123734710324104299e+03 1.764572869621953828e+02 1.080769317770390592e-01 -1.960706308163017997e-01
2.690269420503478841e+02 5.253908454690337066e+02 -1.006444421183513849e-01 2.981734483253047907e-01
2.052949333466507937e+02 6.872967905812217850e+02 6.500660875362578549e-03 -1.568414270405756386e-02
1.132747439751160300e+03 2.242023019316571606e+02 6.252688555175361582e-03 -1.584105577365105613e-02
1.037815270391405193e+03 2.897644941832578525e+02 7.271322029669811081e-03 3.755187377337414201e-02
2.904250972890827143e+02 5.646520822548219485e+02 1.016503270880611326e-03 1.122580832339726935e-02
2.462967874846609959e+02 5.167643150991270886e+02 1.751095969938076119e-02 -3.040086524100705789e-01
1.104184954258916832e+03 2.036849896200059504e+02 -9.173176212315600764e-03 4.744968900041472010e-02
3.196785131792148604e+02 5.363061990851792871e+02 2.291988730644221872e-02 1.522189977189969227e-02
6.601403597749402934e+02 5.167957959628193976e+02 7.104046597700208743e-02 -1.251018152363305401e-02
1.653272311260130607e+02 5.059749430457633821e+02 -2.726195614647871635e-01 -3.412665556440784287e-01
1.245684865463703318e+03 2.935892203439691457e+02 3.268508720697634040e-02 -1.584330765484595963e-02
9.756236605550088825e+02 8.559940747663631555e+02 2.403634240357013785e-03 8.993225937957720698e-03
7.063786536227880788e+02 5.828552647213668934e+02 2.960627987249608850e-04 5.033012861968197676e-04
2.482536576331913523e+02 3.910405742790586032e+02 -4.998585241104910870e-02 -1.266639472515929954e-01
2.704556033817246430e+02 5.880129326127721470e+02 1.960846804826583273e-02 2.378266800608839215e-01
8.288357629982198205e+02 3.922232700721277183e+02 7.600243758899145365e-03 -4.174387158997486941e-03
1.119396923389654376e+03 2.342887564179879121e+02 2.279903692890974942e-02 -2.245705916687899470e-02
2.501364398948838641e+02 3.640279745770824888e+02 5.150390940366603165e-02 2.023388039262672966e-01
2.451185637555277594e+02 6.843566149008489674e+02 -2.824638998796928928e-04 1.816984979396098904e-02
1.126940226055922949e+03 2.209987357127558880e+02 1.119674640179228221e-02 -1.906482719688554553e-02
2.584063383166720769e+02 3.736894066708281343e+02 5.902905120506665715e-02 2.147464709377838454e-01
1.148967947221237864e+03 2.461563540384890985e+02 -7.709455995917877287e-03 3.508575502963248195e-03
2.719106705023766608e+02 3.780310195763166803e+02 2.795895780622341745e-02 2.007826807480268538e-01
2.934963582342530799e+02 4.770717081439807430e+02 3.016944229475169298e-02 3.049768561294511349e-01
5.515648394710434559e+02 5.250531680990209225e+02 3.253690573473304055e-03 1.188682750563261302e-02
1.433361187364489240e+02 3.920197197267988258e+02 6.634870429940290144e-03 3.319482981475860121e-03
1.028697344471256429e+03 2.362128962374128776e+02 -1.576997432976458835e-01 5.746174787321511879e-02
2.408032522160963254e+02 6.810462172178663423e+02 4.282250978999996988e-03 3.134322315500272758e-03
2.509898666631939079e+02 5.685743373018821103e+02 1.167984876041914255e-01 -2.051070646716416368e-01
2.768685231645457634e+02 5.527781118276393499e+02 9.284122528926092022e-02 2.213072164928361063e-01
2.821222797665153053e+02 5.400477037672541201e+02 1.474494765699487777e-03 -4.887583613001672891e-03
1.614008104656107321e+02 5.232180601630636829e+02 -2.497075762021301881e-01 -3.403891187503951810e-01
1.734698703975429055e+02 5.268561585718222204e+02 -2.452803771203079519e-01 -3.551065985170421824e-01
2.567186434415812641e+02 5.338584299226373560e+02 3.012371908867622974e-02 -3.027824457440732031e-01
1.019882336870882341e+03 8.607133203928667626e+02 -2.860371368304113872e-05 -1.454018605601401014e-04
1.078524545081610540e+03 1.618496725724768055e+02 -2.492384755811090629e-03 2.776235326481051556e-03
1.047866658584453489e+03 1.715004903927722921e+02 -6.044603000443410021e-03 -1.907498374903230515e-02
1.253234814233353745e+03 3.038181929143201501e+02 -4.561328182050898572e-03 3.754243306523019196e-03
2.565153542416274490e+02 3.612458033827873010e+02 5.926201755610664007e-02 2.066506249246344851e-01
2.399110435282972560e+02 5.627988306077513698e+02 9.453189971443469453e-02 -1.979814489356662710e-01
1.137372245171644863e+03 2.297076000874419890e+02 -2.846987062871403872e-03 -1.808028974197229603e-04
2.459548991424324811e+02 5.421449514225392932e+02 5.827001700887737140e-02 -2.823447265206713297e-01
1.111533291314196049e+03 3.574644417839319885e+02 7.776225005986501550e-03 5.309585383163255290e-02
1.782301576533031380e+02 5.690777750758632010e+02 1.134371292500889992e-02 7.182195301340632511e-05
1.791348236827887206e+02 5.243963027593518973e+02 -2.407494944009231919e-01 -4.241252665254978127e-01
9.689288154497579626e+02 8.840621672517021352e+02 -5.614842354809820510e-03 -3.063530577778107332e-04
2.721980613029123788e+02 6.540419579030547084e+02 -3.227348339393783586e-03 -1.935570368725238232e-03
3.236241865621046259e+02 1.055540397553038474e+03 -1.201264490365665932e-02 -9.191508479293272749e-03
2.428383897011410397e+02 7.225710103764200767e+02 -2.253058562111994595e-03 -7.344638776147001825e-04
5.737792317020456494e+02 4.762050527003984257e+02 7.982396599060741227e-03 3.526207333547995166e-03
1.173414221364488867e+03 1.950433040905584221e+02 2.309200039877117028e-02 5.673300747198684914e-03
2.670847288405565791e+02 5.479813405197966176e+02 -5.002513259310068655e-02 3.198358753794244280e-01
4.912833355960425479e+02 4.624773932950417361e+02 1.585518265642349434e-03 -1.178222811101943372e-02
8.063502676952792854e+02 8.766351883815843848e+02 2.167378395367927386e-03 3.436271899042169127e-03
2.381721549860445464e+02 6.226381805544319832e+02 2.214690112514245204e-02 7.061083938762663381e-02
8.332426233003917559e+02 3.175101957269988020e+02 -2.583327409521450450e-03 7.516286335652522764e-03
1.120387619258047152e+03 1.982079137952867143e+02 1.181268965233537617e-02 1.094606485021139275e-01
2.527937859726868624e+02 3.733280344338764394e+02 4.698292938856171025e-02 2.151062915344249538e-01
1.118006079888684553e+03 2.135655354659856755e+02 -9.881968722669004501e-02 -1.481234134674517915e-02
3.188903567636089065e+02 1.063092711924808327e+03 1.005695258109906044e-02 6.317315355624153819e-03
1.023914390817365984e+03 1.682429633610281030e+02 3.564687851824393985e-03 3.763897806544547892e-02
1.038678081695647961e+03 1.735075080602704247e+02 5.248970070480558393e-03 7.823929186067384023e-03
2.696089625728801593e+02 3.643320743887788922e+02 7.971359341225349449e-02 2.432464404456939067e-01
1.179758697083009565e+03 2.465769533244648812e+02 -8.443304739924738234e-03 3.747087042045599975e-02
1.930040718958273658e+02 5.582065968406641332e+02 -1.087078986666431824e-01 -2.650729559571350369e-01
1.204840867093832685e+03 2.778339985089156698e+02 4.884654992788500273e-03 -6.865617841562747514e-03
1.174784391342682738e+03 2.164791246477910249e+02 3.544400325003522340e-02 -9.176554401789792370e-02
1.058769626960509413e+03 2.906877413162812331e+02 8.992077068166446133e-05 9.880160022896463182e-03
2.620810014845198452e+02 3.570133814886331152e+02 4.830289804347766974e-02 2.252516369715973632e-01
1.224725906077865147e+03 3.290297635921079973e+02 -2.184719346120917935e-02 7.069128047316333187e-03
7.775687448530025847e+01 3.187468132049495466e+02 1.012303511282484046e-02 2.510407523456001724e-02
2.394661325664506819e+02 7.044380482602122129e+02 -1.678304852197974942e-02 1.814098486912564881e-02
3.868931825314318758e+02 1.086433557013445579e+03 -5.488625165858228641e-03 6.265649448496873192e-03
9.620448401783323789e+02 8.685485896710381439e+02 2.032019527083356921e-03 -9.507982181673362010e-03
9.922102004133588480e+02 2.076018062736036143e+02 -8.832069363116302335e-03 1.183716212892330505e-01
1.112629617845894700e+03 1.856267677911116039e+02 -7.661479734260505381e-03 7.975446177592779295e-02
1.068240389197681679e+03 1.648657490863579937e+02 7.153929997437192580e-03 -8.333221623245219353e-03
2.498476613278979812e+02 3.522904435833415846e+02 5.110848344222907597e-02 2.269292951462748287e-01
1.035528419435913975e+03 2.967395353328430474e+02 2.484956778840965649e-03 3.232978661849313096e-02
2.546491563961759255e+02 7.015859474226773500e+02 8.974143701633769711e-04 -7.528903088562869696e-03
9.720238165985736032e+02 8.303994883127962794e+02 7.943314704769111273e-04 5.772320995005078385e-03
1.049998386749277415e+03 2.080226557456597902e+02 -8.808803751814216210e-02 -6.187378699337555549e-02
2.064539099078286313e+02 5.869023817942940013e+02 1.591852442154380598e-01 -2.118207660475011633e-01
1.159947302244028151e+03 2.462993819478572846e+02 7.221670307829542584e-03 2.027122706280552397e-03
3.130558311494512509e+02 4.708565810709877155e+02 -7.536621879284671408e-03 -4.002934753740723141e-03
1.100975864656436897e+03 1.722058880158652698e+02 4.044974791775593492e-02 9.234567268807137089e-03
1.131288288682548000e+03 3.536184387289858364e+02 -2.186735173304306390e-02 1.792379419081462782e-02
2.242658327607574336e+02 6.579863927511057682e+02 1.000066766746701046e-03 -1.660851901981526984e-04
1.109743857338726457e+03 2.185669687051381516e+02 3.787673659953365302e-02 -7.182465006505114012e-03
2.389832949770834318e+02 6.617046642763224327e+02 4.147361576287656067e-03 -3.878755538470622915e-03
1.044517685221165266e+03 1.802420765557775155e+02 -1.283204917172042769e-03 -1.184150199680734754e-02
2.650177556527601723e+02 3.464721488327812722e+02 8.442910870607561735e-02 1.835641315608804447e-01
4.635092128810779855e+02 3.927529974962407096e+02 3.284708399476558393e-04 1.176794779779595355e-04
1.181495089689770339e+03 1.850664537297237473e+02 -2.900466366106841873e-02 3.031289887862114243e-02
1.145492141046639290e+03 3.319942778501215344e+02 -1.082382953861927384e-03 2.654923946951923130e-02
3.691486185446890431e+02 1.045929867192207666e+03 -1.778266145105767901e-02 -8.918233926610495384e-04
2.499740168266781382e+02 6.987831901883511136e+02 -5.543322610119537190e-03 7.112562186594544728e-03
2.085433149637595704e+02 5.963326087790372867e+02 9.417066919200696440e-02 -1.288413615743503327e-01
1.173202867287909612e+03 2.347375256215424884e+02 -7.507554247756233201e-02 1.782327089922087493e-01
2.655460373969102648e+02 6.777665006858286461e+02 -1.160096111033789151e-02 3.413909713645303570e-03
1.206646008967499256e+03 2.899323429788786939e+02 2.894472226970368767e-01 -4.244845823647624972e-02
1.170658740287320370e+03 1.869122561019134423e+02 2.744325207748099169e-02 -2.204878676500773502e-02
1.088439451698161065e+03 2.123901473480330822e+02 3.873394357148556011e-02 -5.058569950004301874e-02
1.063488360281563928e+03 2.318059215707550322e+02 -2.152480098739033565e-01 -1.130741100462611254e-01
2.042492222974846925e+02 5.912200001659517739e+02 1.763967559918537265e-01 -1.824233878668202469e-01
2.606725916529286451e+02 6.191398933130783462e+02 2.999188699158758520e-03 -6.173820950742551529e-03
2.569403574299602724e+02 3.479892481804737372e+02 5.985294440480829620e-02 2.194613465637560989e-01
3.689682638780412844e+02 5.181537299858924825e+02 1.371349548916518148e-03 1.677671475419521179e-03
1.222036781751931130e+03 3.505910480717251403e+02 -1.897947645675185716e-02 2.557643827412059076e-02
2.721125650648492638e+02 5.155635281590582508e+02 -1.368999689228583561e-01 2.704236105490567255e-01
2.958553762966947147e+02 5.015624156369628395e+02 1.671192433544808507e-03 7.008511374651069104e-03
3.101365028859518134e+02 6.011867785203809262e+02 3.587354422339189292e-03 4.889349662686198099e-04
2.356518602616160933e+02 5.812681061646111402e+02 1.090171094486551556e-01 -2.492504595321386462e-01
1.015788201073029768e+03 1.932969232199486100e+02 2.346970038199337472e-01 1.335184307174023255e-01
1.090468165305014509e+03 2.278019228304696355e+02 4.107115107051705766e-02 -2.474402941491254861e-03
2.689029579005847950e+02 4.269312853277604063e+02 8.676116954979640195e-02 2.897320311311851193e-01
1.974225967387465914e+02 5.934820892777835297e+02 1.514955662008835580e-01 -1.198719115710032007e-01
1.157431285484766931e+03 2.027042414887172015e+02 -2.953859438567218998e-02 3.786988715447277970e-02
2.615729957923506390e+02 3.374650970387969551e+02 5.769159326205518940e-02 2.083204797894073479e-01
1.211086523669026974e+03 2.433507191802435159e+02 -3.407716678996414303e-04 -8.784844183367113146e-04
2.699726594790233207e+02 5.589194021094303935e+02 7.561372775547503533e-02 2.901854332979254547e-01
1.012742164956866645e+03 2.034852038130071037e+02 -7.626892242440180825e-02 -1.173959050590880349e-01
2.146779940254676546e+02 7.093982898929741623e+02 -6.327740434814962955e-02 1.061221046181743122e-01
1.084927759954242902e+03 1.787829904778015191e+02 -4.106896609856800114e-03 1.678736816120757029e-03
1.202355338200921551e+03 2.679948352515806960e+02 -5.378841691049049238e-03 7.586079875261250542e-03
2.289277586166661820e+02 5.739688254278058821e+02 1.830873627790523539e-01 -2.861739385475495223e-01
5.206026135145835951e+02 5.320839395280611370e+02 -8.675076829251905305e-03 -4.421719113482518691e-03
1.094126717139341054e+03 1.573439025144340917e+02 7.676598884094490080e-03 -2.125325017271567640e-02
1.145920888323541931e+03 3.054913637899482524e+02 1.301457744942054739e-01 2.089470975141429487e-01
2.356116200890672019e+02 6.388089125950843936e+02 -1.402741177012238431e-02 -1.225599574705047226e-02
1.173967802323869819e+03 3.430682561275226590e+02 -3.278251377536219122e-03 1.465918394996261996e-02
1.135031506614017189e+03 1.825745091399502371e+02 5.710109817753186885e-03 9.101621703624371285e-03
1.039913743153957967e+03 2.347432039355998086e+02 -1.438357518445154970e-01 -1.319867654690659586e-01
3.039264577799111180e+02 4.617866830817197297e+02 -3.737789908882968061e-03 1.143544530429781506e-02
2.560558306819067411e+02 3.344989413938620828e+02 6.194105002791724240e-02 2.079329967530792744e-01
2.725557650192881169e+02 6.792076112014677847e+02 3.292045661317158541e-03 6.689274752651015558e-03
1.122100729264700703e+03 3.184667862993300105e+02 1.017938741232467074e-02 -2.948868918938635144e-03
3.205510408464133434e+02 5.194651540818013018e+02 8.242242484788399326e-02 -3.958240296910753991e-02
7.899416079870964040e+02 3.988458680052158343e+02 8.059366952665240197e-03 -2.261316681194435949e-02
1.057569641966114432e+03 1.933679153091202636e+02 -8.570051107577312047e-03 1.582831129724042787e-02
1.057251498757419995e+03 2.051277022427877910e+02 6.449797682278424031e-03 -7.576507311044467429e-04
1.216538529580205704e+03 2.250324590860915066e+02 -2.888020148162414018e-03 5.085535665679601254e-03
1.047334062565351360e+03 2.203371342022486488e+02 2.227350711262999355e-02 2.189428699976772932e-03
1.122985080701228753e+03 1.818937494035823761e+02 -1.449571487245124822e-02 1.357288125207488372e-02
1.182890707679660636e+03 2.269247810373938989e+02 -1.805377606509558442e-03 -6.861212108559595901e-02
9.986184707547936341e+02 2.040721020689609873e+02 -1.456757624769586534e-01 -9.538883200362122117e-02
1.197181393351043198e+03 2.986023370767945266e+02 3.414879100316108307e-01 -4.461789099510814899e-02
2.400915549539310803e+02 5.893407957285277234e+02 2.239846991227548434e-01 -2.951186663818118894e-01
1.026298548571692891e+03 2.677575643583982696e+02 -3.837429791962794230e-03 1.194436357840997220e-02
1.148288498655965213e+03 3.126781558413359221e+02 1.122493234304554333e-01 2.123568915888625064e-01
2.467548195803221063e+02 6.061439718599162916e+02 -3.725839110018395756e-03 -2.802229535097584563e-04
1.195714252208245853e+03 2.941755655776308345e+02 3.519059885735813520e-01 3.752281983694184114e-02
1.129748473895678444e+03 2.934183804502098951e+02 2.492376590296316863e-01 1.988823628922075509e-02
2.793686252239932060e+02 4.363335255666333410e+02 9.361299166783965120e-02 3.000240300490512602e-01
1.019532397813289094e+03 1.929650222887892141e+02 1.827941529455328895e-01 1.471192413409591060e-01
2.549122067464297459e+02 6.708708400794940871e+02 4.497754079394137173e-04 6.448302657429281961e-04
9.880149912685085383e+02 2.279066658604935185e+02 -9.719467246327440080e-03 1.580309106796196766e-02
8.281490927120095193e+02 3.377408279632545600e+02 1.050567710151066418e-02 6.091670824603868245e-02
1.077279947472904723e+03 3.107202424565760452e+02 -7.326283675381839271e-03 -1.815995818511208573e-02
2.899825206004994129e+02 6.698651350072915420e+02 -1.128894157823827436e-03 -3.528312339404007965e-03
2.396818611902234011e+02 6.943969166106687680e+02 -2.171733291198385193e-02 1.930756023076391544e-03
1.002192849600646127e+03 2.160075310688162062e+02 5.147589561142967320e-03 3.960595726991047137e-03
4.701475409416469233e+02 9.416689861652971558e+02 -6.521770172613773186e-04 -7.357092857627421092e-04
9.990647577589246566e+02 2.420853472122806807e+02 -2.511893361065856319e-03 1.119083858809641341e-02
1.086134360159782773e+03 3.415188718202204541e+02 -1.912447224912743873e-03 5.132229428907089837e-03
2.075779955687625318e+02 6.146031641810467363e+02 1.446457598354416452e-01 -2.151319743182133759e-01
1.215369170841250025e+03 3.281442978322048702e+02 -8.629215335981871640e-03 -1.711174311706617837e-02
1.195917745093395069e+03 3.580145386940210983e+02 -5.712433873956644301e-03 8.620772785339831431e-04
1.109248474265462846e+03 3.017018082174722053e+02 1.326731280513682165e-01 2.040103578422290675e-01
1.199629275099095139e+03 3.752616876617511252e+02 3.031021742801817947e-03 -1.100050108392440626e-03
1.026171293637338067e+03 8.598011448907984686e+02 -1.046962759337565288e-02 4.208130402503229561e-04
5.291159034196679158e+02 4.839051796494418340e+02 -5.361414297373929411e-03 4.155867618489744383e-03
2.527820367692412447e+02 5.964692268314797730e+02 -8.135987193374867241e-03 2.427851143707443135e-02
1.195037265454470571e+03 2.244584618528682540e+02 -3.343510739974175916e-02 2.677131669468036865e-02
7.926501624270998718e+02 3.682656875160574828e+02 3.104002188320460157e-03 -1.514498419347132241e-04
1.163676819424903897e+03 2.343431360979938347e+02 3.163497089973485617e-03 -2.766878144086041234e-03
1.137224288707270034e+03 2.229369001781630857e+02 -1.181154970130465992e-03 -1.623802662119727333e-02
2.440255062190300066e+02 3.265144730560659809e+02 6.418566323312356603e-02 2.015468729758518596e-01
1.128475085111603676e+03 2.314936433881588300e+02 4.479779280057814145e-02 -7.637968139471100482e-02
1.139120536169419665e+03 2.482976834250150944e+02 -7.189178582551237345e-03 8.682933347507111946e-03
1.142214145888363419e+03 1.901120236882270547e+02 3.251562277524490396e-02 3.557355613974304276e-02
1.236769084137175241e+03 3.262749089110503178e+02 2.534377397542217913e-01 1.392540358784917776e-01
1.227041711788155226e+03 3.597260881772583616e+02 3.850533572493995953e-03 5.470060595160198581e-03
1.269258744047890332e+03 3.452238621635823392e+02 2.508601627096140874e-02 1.622599370184481249e-02
9.785069297118760687e+02 1.904036194856229542e+02 -6.792742090243958190e-03 1.751903475571811933e-02
1.115294103954699722e+03 3.080147147829272285e+02 2.268364805852365607e-01 1.644365030567459807e-01
2.325847472161364067e+02 6.025112641613774258e+02 2.734889678374228805e-01 -3.008831879975920054e-01
8.268142338125105084e+01 3.344861529010587446e+02 8.306601073501534982e-03 3.487924548134251849e-03
2.135074852100430007e+02 5.367715477390530623e+02 2.736878742278125998e-01 3.670794755227507755e-01
2.702110679614630726e+02 6.837083737429464918e+02 -6.562297005575151373e-04 -1.128626474924586398e-02
2.810959944268156505e+02 4.833765388098973972e+02 1.438568121076151847e-02 2.881949858596849490e-01
2.535503429334831651e+02 5.555251088956525791e+02 6.106813656475933161e-02 -2.133043592229280916e-01
2.458297401489306822e+02 5.921613157784153145e+02 -4.370789949656500063e-03 4.344773963496906949e-03
1.106678264985375563e+03 2.549956060142503418e+02 1.286636864485809495e-01 2.592660749956882116e-01
1.063494511552431504e+03 2.206858966137857863e+02 -6.841897738818621122e-02 -3.506419344534442151e-02
2.517109849309863421e+02 6.398652869266463767e+02 -1.290949037020468725e-03 -3.451544501784849315e-03
2.650022262073231900e+02 6.050344875103113509e+02 1.557464982593530396e-02 -1.592542311157846280e-02
1.153790960112781477e+03 2.456262777910396551e+02 3.535207782319822918e-03 1.961315879286150074e-02
1.142494593805588465e+03 1.636605962496879840e+02 1.195136875420361594e-01 -1.533268618928784188e-01
9.968114569669045295e+02 1.739210205726753031e+02 9.802407482503791569e-02 -1.586739365236896834e-02
1.021826632346427118e+03 2.464213062938432302e+02 8.267539036599300811e-03 6.738967227433796843e-03
2.546156357848117011e+02 3.201464768257734477e+02 6.747820035576833353e-02 1.854358796543998933e-01
2.059429308105416681e+02 5.347325063735763706e+02 2.777175066221535538e-01 3.417064894683452536e-01
1.164472218209188213e+03 3.503773272392048170e+02 2.464472571856807931e-02 1.533716836616739153e-02
1.228720934609432106e+03 2.440915172133111071e+02 -2.656069180201853491e-03 2.046041077124391774e-02
1.140002177379756631e+03 3.152709308977522369e+02 1.466915678875506668e-01 1.894803032039773516e-01
2.574250191524728280e+02 6.021814758396291154e+02 2.956209186398083173e-03 1.556778348816409982e-03
2.272607521844763880e+02 7.312640293892351337e+02 -2.562672768600194988e-03 -1.063610336135491609e-03
7.222074898267547951e+02 9.765355606171033287e+02 7.817934700970810276e-05 2.457073474530072511e-03
8.918194489290381455e+01 3.402722577295236874e+02 3.777246823371073307e-03 -1.716407388831648392e-03
2.020746625575246469e+02 6.109731805478783144e+02 1.403666941883468799e-01 -1.999080441071575676e-01
2.247422751598002435e+02 7.395467563129590189e+02 2.857445517170815845e-03 -8.805351443633712555e-03
3.228987316414767861e+02 5.143546316976344315e+02 2.877886628441681666e-02 -2.513066089492066533e-03
1.106365379352753962e+03 1.737818315748358486e+02 2.312922708658406157e-02 -3.590061920763168435e-02
1.062219199313062290e+03 2.095357683030506166e+02 2.305227490744595647e-04 3.037849186111345537e-02
1.044233185472594641e+03 2.087583604847849585e+02 1.253999630415423248e-02 -6.370517692432139424e-03
2.948375021259721507e+02 6.387017563835592000e+02 -4.244621057167852229e-05 -7.209982447841749992e-03
1.073441569324178545e+03 2.217291497463133112e+02 -2.117010544579087800e-02 2.238077134121781511e-02
1.166713618243871679e+03 1.576427620053067642e+02 1.307084340208636460e-02 3.445400328858668620e-02
1.145350743404272862e+03 2.060243006138070143e+02 3.599198937040860771e-03 4.206799299465745906e-02
1.212077093224888586e+03 3.568256313266757616e+02 1.240913546745456286e-02 -2.545950217636075777e-02
3.039749118127675729e+02 6.194690953575556023e+02 2.575423066421328368e-03 3.387891183275080348e-02
2.474410006169801761e+02 7.591883705199107908e+02 -4.630102345915062742e-03 -2.246337142543041333e-03
2.880216687288747721e+02 4.393851219911522321e+02 4.900449161401031206e-02 2.088604414338284532e-01
1.054294487273037248e+03 3.198829395712692758e+02 -2.984224631419318905e-03 -2.743753460603698662e-03
5.289011484148917361e+02 4.685530606460171157e+02 6.265044243253997669e-03 2.098391451725227334e-03
1.019618528243048786e+03 1.728553712606301076e+02 1.876760025494771111e-01 3.721613287482757743e-02
5.787054540824848345e+02 4.427531928862261452e+02 6.410394035162542831e-03 -1.153880956399806236e-02
2.840414467823921996e+02 6.706038920278377873e+02 -1.607344583391912495e-04 1.714609996005186238e-02
1.100031702310125866e+03 1.810336175845773425e+02 -2.787737651307888899e-03 1.460148035345786369e-02
2.168609416198034410e+02 5.720488733555064300e+02 -7.122966793858041823e-02 3.190990698710405304e-01
1.173978042706542965e+03 1.615697585003184145e+02 1.013112012625953968e-02 5.517561519057821023e-02
1.139340221988112717e+03 2.418347652737257931e+02 -8.372052840230133786e-04 7.281984992243231182e-04
2.148454822605689287e+02 6.871235047271903795e+02 -1.216029648057005697e-02 2.070434465823643364e-02
2.507489407161429824e+02 7.095363612186082491e+02 7.373572255167544758e-04 4.304139470420550073e-04
2.330156807555237890e+02 5.138148537582849258e+02 -7.731041088644328985e-03 5.524688990893010521e-02
4.938480101719030699e+02 4.309310972666845601e+02 -1.343439909022652165e-03 -6.779381834548129726e-04
1.001162909593631269e+02 4.078085676594813549e+02 -1.676859191991720011e-01 -3.317954554136988699e-01
5.760984069000454610e+02 4.835642232105763014e+02 8.844350025262681658e-03 -3.752257044651920170e-02
1.123023587201980718e+03 3.343931224476930311e+02 -3.808689981696540550e-02 7.206702540495787956e-02
1.145063339964692204e+03 3.635700616488157380e+02 1.296320642928315038e-02 -4.407605878627533780e-03
2.532705263812391365e+02 5.295315757764115006e+02 6.789730843948489636e-02 -3.213540512539204141e-01
1.202661746187977769e+03 2.036998131889442334e+02 -1.967867729585312184e-02 -2.061410519083785656e-02
2.312920370907889094e+02 5.674271415367378495e+02 -6.333665798631032962e-02 1.980196948709205262e-01
1.145054904275828676e+03 2.156929222568034845e+02 -1.733678156895594041e-02 1.787602746378778168e-02
1.962836768985727929e+02 6.189963264782753640e+02 1.491188616128267252e-01 -2.149106964274558329e-01
1.136627518397925996e+03 3.684757653068375021e+02 1.941085663024705830e-03 -7.068039055551784446e-03
2.083882461445679439e+02 7.445753335381114084e+02 -3.569889116406776974e-02 1.134695240753766515e-01
1.066612210872342985e+03 1.931914868236143263e+02 1.287231531655874716e-03 7.100391564178645809e-03
1.203954462109098586e+03 2.089748010171620649e+02 -1.652335024572728142e-02 -2.390519474363260455e-02
1.149082720756533718e+03 3.491765736872073944e+02 -2.774467792395364681e-03 3.021191730270082580e-03
9.297086373839898954e+01 3.518136222386834788e+02 -1.710559752229240220e-03 -9.873007069690048054e-04
1.034304526053073687e+03 2.758343773226587814e+02 4.895810790125017936e-03 -2.330573853857958663e-02
2.404345168355949909e+02 5.215746954283350760e+02 3.297594637789753591e-01 -7.260807079524732310e-02
1.177061319473595631e+03 3.530663305804058041e+02 1.587521387991593091e-02 7.622440775171886174e-03
2.155215421994313942e+02 5.844128091054986953e+02 -3.341562746930103450e-03 3.750978977434600136e-03
2.249713524459110090e+02 5.693837886666121904e+02 -7.639542124832469916e-02 1.855176824577350891e-01
2.383341705907586174e+02 6.770067654453393970e+02 1.025124530095167366e-04 -1.134769767490259162e-03
9.896128279496202822e+02 1.774365019949413522e+02 1.137473379203595286e-01 6.319833234126386035e-02
2.204774846092657015e+02 6.262150160095262663e+02 2.510544741006320163e-02 2.485421550412424685e-01
5.065590361591936812e+02 4.866649049243234799e+02 -2.197332552374561473e-02 -1.452460191170316592e-02
2.464856004315763869e+02 5.611566608680228683e+02 2.980957517882873095e-02 -2.402172497370857196e-01
2.079986632517584439e+02 6.243198058797195245e+02 1.958382348646318105e-01 -3.343584301656905566e-01
2.449003677924575015e+02 3.100288617583966584e+02 6.093911364284691767e-02 1.643358277889961361e-01
2.259969819408880483e+02 3.202078932985898518e+02 -8.982087130793854624e-02 -2.397209778417333792e-01
1.168128334212310619e+03 2.995251812505259181e+02 1.408702023457854002e-01 1.424545418126861029e-01
1.106332183585777784e+03 2.379927934964953522e+02 -1.358089325666210490e-02 8.128810300600588026e-03
1.091839649822415367e+03 2.904219524737573579e+02 2.707844525467443808e-01 2.778451281267702022e-01
1.167200122466980929e+03 2.491296334745924526e+02 2.338660666892603424e-03 1.644962995506331696e-02
1.189470396809247177e+03 3.034647341505526583e+02 3.573282628023756735e-01 1.918638452178642387e-02
1.055939474478823740e+03 1.874790555401014558e+02 2.751726929546289419e-02 -4.970551536478587384e-02
1.121922684384010381e+03 2.913000141877470242e+02 2.151310836999491827e-01 1.875849325218644781e-01
1.911801977851243066e+02 6.126073009277733945e+02 1.704407446202389764e-01 -2.269176731740493169e-01
2.243767057867874826e+02 6.191729352097988794e+02 3.389166160418443513e-02 2.272644236406037577e-01
9.451505696319251228e+02 8.530570232528875749e+02 -2.115556415455922476e-03 9.466464839454934773e-04
1.276434014727933572e+03 2.775447983717987768e+02 -1.459836070856377621e-01 -3.272354402590454403e-01
2.130526073748567910e+02 5.955499541503992305e+02 1.271718858215974968e-01 -2.296203428488707288e-01
2.700177209800713172e+02 6.739776924412103654e+02 -2.458882563885119062e-03 -2.769889230499207600e-03
2.065952110151154955e+02 7.186223014954404107e+02 -3.210005883953679501e-02 6.600823669728443643e-02
1.186890964050320008e+03 2.051708652996199191e+02 -1.206679793418822220e-02 2.044222858575715437e-02
1.214021774344224468e+03 3.750992318097760858e+02 3.134413981864115489e-02 -2.538589298766530389e-02
9.760663100927370124e+02 1.691737885877658982e+02 1.816959008107063914e-02 6.615346871030277666e-03
1.060231913670785616e+03 2.062208165414409393e+02 -3.587198569583294888e-02 5.093166810514775794e-02
2.725909984283031235e+02 6.615679693496305163e+02 1.649616068813528676e-03 4.085326452883858254e-03
1.010252444015039146e+03 2.286056656069147266e+02 6.346194145836793477e-03 -1.468689954556018362e-02
1.035832424127181412e+03 2.488261119799353196e+02 7.536850113386001429e-03 1.806230498597148279e-02
2.143404888683485865e+02 6.226079459988857252e+02 1.739965666513882958e-01 -2.970915291551267101e-01
1.165103841672601902e+03 3.849462107848555092e+02 -1.433698526936793075e-02 7.360910666359178622e-02
2.313987721903038732e+02 7.366149783627607803e+02 1.825762323495992668e-03 -5.258313855460308196e-03
9.663247213048866797e+02 8.530999386220265706e+02 -9.814262685353295846e-05 6.642232819866975826e-04
1.098756006936328049e+03 1.999537983765973195e+02 4.026379984400429296e-02 -1.166569684889725012e-01
1.091559655446123998e+03 2.065977158537455125e+02 -1.179239679314909341e-02 6.606602334155110834e-02
2.049558255286625297e+02 7.269594299469099496e+02 -5.683565068141665372e-02 9.085852858196639958e-02
1.203813243105324091e+03 3.590923917382824015e+02 4.488507920679451341e-02 -4.077112235747767932e-02
1.025740555541682255e+02 4.015375750653159912e+02 -2.741452321421383731e-01 -4.139270315612996742e-01
1.261197606275407452e+03 2.010085731949622243e+02 -1.306377744683686519e-03 2.366627825113027869e-03
2.823864169790194296e+02 6.513815505165238164e+02 6.584230888620368639e-04 -2.722624346123438815e-03
2.551518716380736294e+02 3.440911775582748646e+02 6.126408506312108759e-02 2.289459823195345578e-01
1.203296686669350265e+03 2.443423730296201768e+02 3.637831349653948554e-02 -1.243375133762099488e-01
1.158170968443526135e+03 3.800839597716382627e+02 -1.902185911353858686e-02 -2.298464160392016745e-02
1.148375357847683290e+03 3.359992757722165493e+02 6.506517185102987655e-02 -2.538047462091477455e-02
1.152067690421833049e+03 1.465812932496550616e+02 1.169785151808738245e-02 1.064284950281741034e-02
1.154691924206943440e+03 2.366352190517650911e+02 7.284359744141368116e-03 -1.322835698748636539e-02
1.126128121807011667e+03 2.065252779554036522e+02 1.197870986821639519e-02 8.323465088987923310e-02
6.495076937661816601e+02 4.414082013610358217e+02 -5.520081762375871337e-01 1.191389044081901244e-01
9.838355989569864732e+02 1.948830753213892137e+02 -3.781817358968144610e-02 2.764280995429741969e-02
5.025049435808752492e+02 4.493262561346326152e+02 -3.893745575838557932e-02 7.870357891343890758e-04
9.814284230169068906e+02 2.222368855882789376e+02 -9.411392158314241252e-03 5.700152807572361757e-02
1.154631978219286566e+03 2.219383122507609869e+02 -4.479039186762647645e-03 8.778180006209475653e-03
2.359615823523063227e+02 3.083052493929515663e+02 4.662170083123587383e-02 2.102253597364021342e-01
1.098863070781375200e+03 6.609935757854777876e+02 1.103506856659603472e-03 -3.776022623072903140e-03
2.653019922930719758e+02 3.997559845524077673e+02 4.785516862647278685e-02 2.603605958783474783e-01
1.780479168668302066e+02 5.575503157436088486e+02 -3.041130940635945468e-01 -2.156924567304902007e-01
2.867322013822632130e+02 4.801696197111901370e+02 -2.380238009639198092e-03 2.917696032182568455e-01
1.134473892815740101e+03 2.165773429697210020e+02 1.255691570791300261e-02 -1.130605225859004220e-02
1.101333403673504790e+03 1.483988739160013210e+02 4.163527726556694869e-02 -4.033571624654608105e-03
1.147901617511994800e+03 3.462830848096568843e+02 1.740280485753479406e-02 -7.410121714439538154e-02
2.458185084410024501e+02 7.010904882530642226e+02 -7.313820226843660349e-04 7.770322789407294387e-03
2.359589974702691677e+02 3.336166541666167973e+02 -5.312787109262143842e-02 -1.920641877184079138e-01
1.089279166118757985e+03 1.811888268989312110e+02 -4.069911082775327232e-02 1.221607797417852831e-01
1.089664788468914367e+03 1.921150215586112324e+02 2.495673756225989803e-02 1.139213817694038726e-02
1.075310088390295959e+03 3.003795104437531904e+02 -3.297437754276068105e-03 -1.640047594610958767e-02
1.179538086066850155e+03 1.856156282215545730e+02 1.211662079310425570e-02 2.412116779857088195e-02
2.030726281623948921e+02 6.383526546276857516e+02 2.399961470740991365e-01 -3.500743670774334459e-01
1.945351230230975830e+02 6.991298117379532187e+02 7.118956071275640840e-03 3.934386370072602557e-02
2.206864127764009140e+02 6.868117456786833372e+02 3.517423082277868103e-03 9.879343645696236128e-04
1.003801202973872478e+03 1.915686337729416095e+02 -3.613245931885474688e-02 1.002526485176354620e-01
1.105203723534742949e+03 2.101042436768093751e+02 -2.089847232312743927e-02 1.199684420895908571e-01
2.407867325512263506e+02 6.022123746950419445e+02 7.509943925970496287e-03 4.705905636540581340e-03
1.848743879978601399e+02 6.253065700504093911e+02 1.170295166491274880e-01 -2.342710053315014695e-01
2.345442097146089395e+02 7.008974460776365731e+02 -8.333288486789471039e-03 -1.686180961801311134e-03
1.938641406156566802e+02 3.193254320638773152e+02 -8.591831017131173294e-04 -4.592372437262378163e-03
1.939690888744100334e+02 6.304993652835303237e+02 2.010935775382105828e-01 -2.623395940962637840e-01
1.198222567491221071e+03 2.236341856657312803e+02 -5.341727662449215902e-02 -1.490209749228910141e-02
1.205006482634191570e+03 3.856540730476843919e+02 -1.947454585439345378e-03 -1.396590814764380253e-02
1.080617886968843777e+03 2.549822345701882966e+02 2.539095785832355401e-01 2.257479688010703978e-01
1.212678415613238258e+03 2.264595451932054004e+02 4.209592549254403092e-03 -1.346695158648651171e-02
1.192738018343532985e+03 3.546962439468022126e+02 7.511816250158355988e-03 -5.619381009071880081e-03
2.713819003279791104e+02 4.087482484260530669e+02 2.537919885017313193e-02 2.858996820880285727e-01
6.125870032367939757e+02 4.007980235755397302e+02 7.112905387038072694e-03 1.982718649943958356e-02
8.676745409210030857e+02 3.313252472125978443e+02 3.930360445009586368e-01 1.645288392157919999e+00
1.048589113288189083e+03 1.985172034620706256e+02 1.485574852438874445e-02 -4.808233795274256686e-04
1.160122224254103457e+03 1.873133954487994401e+02 5.522305591338600404e-03 -5.885955630524701034e-03
2.648635780433693299e+02 7.303262777120293094e+02 4.474573646152329477e-03 2.424053458650190108e-03
1.170493633039609222e+03 3.542655563374935923e+02 -1.049497648267182053e-03 1.065008803766431822e-04
9.986966006123516308e+02 2.285678453679008442e+02 6.086132184172178550e-03 1.011340037610935008e-02
1.025976072349125843e+03 2.487454441186256986e+02 -5.079353250828016336e-02 3.339053003423058524e-02
1.249170640482679346e+03 2.722855386840286087e+02 -1.920816688167989797e-02 5.561581340774759963e-02
1.100586348078682704e+03 2.752038091043618238e+02 2.498822527395719029e-01 2.538707045720922650e-01
1.205343119329765159e+03 3.688460211877821848e+02 1.469977484039689322e-03 -1.447524673315531097e-03
1.060230888455904733e+03 3.000756359920842442e+02 1.759835497744511961e-04 1.298856862305402399e-02
8.401719274034888940e+01 3.345534481895546151e+02 2.886351919605410592e-03 -5.288190637991609100e-03
1.084075733821160611e+03 3.011351610146949724e+02 -1.745481555029194942e-01 7.561969884066034597e-02
1.149275740376560179e+03 1.938208493182239920e+02 -7.859441108346057817e-03 -1.096460791479689223e-02
1.227155385348611389e+03 3.365709131676551920e+02 -4.942273018181187957e-03 7.655055862363644055e-03
2.847668987528382445e+02 4.577286954658389391e+02 5.451627335714630956e-02 3.192963437284471739e-01
1.104690086590041119e+03 1.691345051285274224e+02 5.598124845318639548e-02 -5.878294171223147693e-03
1.071399435912698436e+03 2.127194362583773568e+02 3.615143760979979554e-02 -9.905921246234709876e-02
1.194022724209888565e+03 2.494605375264062559e+02 -2.273071438614114419e-03 2.186050758822078929e-02
1.160218661199361350e+03 3.452869497584251235e+02 4.484878413864755269e-03 -5.669569827420793511e-03
1.220340287952204790e+03 3.717406953760684019e+02 -1.456679824222901001e-02 3.898253411382266581e-02
1.067536712264608241e+03 2.504610378859121909e+02 2.337407904734839226e-01 3.275505053926101029e-01
1.199365464951070408e+03 3.636322340152523793e+02 5.135847196378454799e-02 -9.854225076783527937e-02
1.007303276403301197e+03 2.028083714735206513e+02 -1.177916406901190205e-01 -2.433792574248584695e-02
1.008603930263885786e+03 1.825533443852734479e+02 1.765473050824644119e-01 1.022986224861103244e-01
1.205293279907249143e+03 3.000648764856283037e+02 2.671625885283936963e-01 -6.162459332949066226e-02
1.284561765997386601e+03 3.334988590845736667e+02 -4.700635826710192755e-01 -2.288614815654131385e-01
1.092759911619260720e+03 3.287410385389254657e+02 2.152448634740977695e-01 2.556507624974351245e-01
1.147049113918169041e+03 2.200110317867494132e+02 -1.693300169510081332e-03 -3.003465180840159121e-03
8.157803022212798396e+02 3.376455495241635276e+02 -7.443652288714922667e-04 1.012659585765392917e-02
1.034539146590346036e+03 2.359546255136315267e+02 -2.376564010022313711e-01 -1.254789712669132917e-01
2.686462292701298793e+02 4.150252017279684651e+02 8.385454414577368787e-02 2.737372334385044792e-01
1.051359563767974805e+03 2.285544748614790933e+02 -2.094254042201041874e-02 4.359422080549741479e-02
1.089678915756654078e+03 2.283693910897036972e+02 -1.779862472891445904e-02 -4.908461052485790788e-02
1.976329386451983510e+02 6.914444188108417393e+02 4.411305324590521042e-03 7.035226668650620963e-02
9.437885653406897291e+02 8.591819817907824017e+02 -1.456692090540957774e-02 -5.558332070512322573e-03
9.644547997272131852e+02 8.592391040411774839e+02 -1.359126408603560164e-04 2.451287927824598312e-03
1.968640255420461358e+02 5.867517261180333890e+02 1.718062549280385126e-02 -1.022807946016731327e-02
1.210725770625378118e+03 3.134394578773432158e+02 1.126289982553162622e-01 -1.412375394354291047e-01
2.776937120260394636e+02 6.545530790488011235e+02 -2.223594133634270581e-02 -8.365370538094255015e-02
9.886309397304415825e+02 2.396357901598989315e+02 8.974488691321487466e-02 3.495817446659339467e-01
1.229125759194128932e+03 2.977513826681553724e+02 1.180344813158171746e-01 6.235104953398468847e-02
2.459320111760012821e+02 3.365526406007310243e+02 3.858008317303581597e-02 2.034169916359656605e-01
2.588660236656774032e+02 3.953306805451919672e+02 1.645462624545806357e-02 1.926822619480392240e-01
1.064258674344684550e+03 2.008518702773699260e+02 5.124886640040975452e-03 1.158304619792563731e-02
1.146317535532095690e+03 2.362895496232984556e+02 -1.077009307768672791e-01 7.465793315869136484e-03
1.110770930283918915e+03 3.230916178330952562e+02 2.736777012664030548e-02 3.435458311714272295e-01
1.221014049353241717e+03 2.470865134822275593e+02 1.559199548640911870e-02 7.846718438573795085e-02
1.281032721746594689e+03 3.707532186070693001e+02 5.067169856786522429e-04 -2.878207118339478482e-02
2.813979372430665080e+02 6.450529027611858055e+02 7.582228122439058776e-03 -7.054015493783378186e-03
5.206472933308789379e+02 5.327668147611805125e+02 -2.496613466227468156e-04 3.502481154227235580e-03
2.272478490529874477e+02 7.731693196341801695e+02 -6.270239834235617586e-04 -4.803070336332087610e-03
2.966859931156964763e+02 5.016298549544853245e+02 -7.849401399095786575e-03 -1.666399827341754486e-02
1.139057800987769042e+03 1.433185458679016904e+02 -6.221333316908875125e-04 1.702548156659899198e-02
2.724759653219523443e+02 7.180991559566726892e+02 1.462357058506733162e-03 4.463103314457419687e-03
2.489600385038514219e+02 2.951268118499309594e+02 4.156039704891463515e-02 1.444973330399481060e-01
1.006673733573066670e+03 1.751000809638935607e+02 2.795724491945034834e-02 1.987359559338838788e-01
1.015029783755758558e+03 1.837744087989192678e+02 1.245895061587602576e-01 -9.466114933178293445e-02
1.035470093184944290e+03 2.179309907117826128e+02 2.654213869169664078e-02 -1.037783259019347815e-01
1.092720029029363559e+03 2.065595015326911721e+02 -1.214202564601602613e-01 -3.721771926810002462e-01
1.170920196823800779e+03 3.675074617872188014e+02 4.724871675490230870e-03 -9.745898570415915257e-03
1.066397702998614932e+03 1.888668004090994543e+02 -1.227818684740213939e-01 -4.824115352899980419e-02
9.248913489901299272e+02 8.591146479765207005e+02 -7.744953201315638372e-03 2.057982970027296549e-02
5.714204328965178092e+02 4.832984624011215828e+02 8.458741510380883262e-04 -1.255363963847527450e-02
1.161284747192736177e+03 3.731500079882759451e+02 -1.600976348058978996e-02 5.102992009441160298e-02
9.278189809937993004e+01 3.662657997570558450e+02 -2.707247894444040140e-02 1.760310540385418010e-01
9.958874067365343308e+02 1.897499958079690145e+02 5.346010027767780781e-02 -3.626132978657915090e-02
1.162201791307441226e+03 3.226180088962872787e+02 1.353127052876694145e-02 -3.666758517497130387e-02
1.190329493613998693e+03 3.647549967690562198e+02 -1.143896065319376792e-02 7.370099842725731827e-03
1.894879566543757790e+02 6.370491243842450331e+02 2.419796457559100222e-01 -2.525252813947506669e-01
1.075234984406662761e+03 1.931077086942172514e+02 -5.413863707245683554e-03 -1.124583790182403717e-02
1.979895047891714910e+02 7.067288875332425278e+02 3.756289088583583680e-02 5.505556979525560307e-02
1.129919642624636253e+03 2.668998966927234164e+02 -2.738125373401668547e-02 9.495795016679603462e-02
1.220412979930518986e+03 2.472174404637614487e+02 -4.114934443047311291e-02 -8.507580989152203552e-03
1.095802729723425500e+03 2.439576320139109100e+02 1.869525512386136998e-02 2.364476824811911349e-01
1.210972726108343295e+03 2.920713330451069965e+02 2.367331849258979826e-01 -3.207228267782617076e-02
1.113612615966245585e+03 3.139881353536368351e+02 1.710708593435240066e-01 6.614766282351400295e-02
2.433610510273468890e+02 3.526356380537017117e+02 -1.055891430845198008e-02 -1.407324604839175208e-01
1.146985232280130731e+03 1.738998109401222507e+02 3.535898297237898696e-02 2.629348904828194070e-02
1.173038551774485995e+03 2.011939100795941613e+02 -2.134237907054003236e-01 6.370712814587131678e-02
2.452185914310938699e+02 6.150206563834348117e+02 8.371092204048599314e-03 4.838419927775595292e-02
1.826970245001640478e+02 6.101184838881440555e+02 2.454655616737668467e-01 -5.492182008818693451e-01
2.871244575129915688e+02 4.753012980332742927e+02 1.983334322179422168e-02 2.783543889332014132e-01
1.034734376518088993e+03 2.528766403109788143e+02 -9.098327066587955092e-02 -8.393672266135315807e-02
1.234179266578768193e+03 2.779419862331180298e+02 -5.035390777730177486e-02 1.109726202577121512e-02
2.409215364444195586e+02 6.097158046009477630e+02 1.308389033587928872e-02 -3.633197112492325687e-03
9.690185489178312537e+02 8.591986996231488547e+02 -4.247820443950445224e-03 1.478766614303026437e-02
1.274339097827305977e+03 3.297393026237411959e+02 -5.201159441246429038e-01 -1.872830244116334419e-01
7.883115415932296628e+02 4.059302804309277235e+02 -1.254728041197351700e-02 -1.464763503941855435e-02
9.857346882814977107e+02 2.131279909900003418e+02 1.153519829529159324e-02 6.480580098969755676e-02
1.195761705564517115e+03 1.865203090075392254e+02 7.144663122914464426e-02 6.966471168214720400e-02
1.041050754900366201e+03 8.503433641502898581e+02 -1.641978217327576955e-02 3.943442506956790911e-02
1.395069507719098851e+02 3.884425112513602016e+02 -1.393606967079031624e-02 -2.799480843884640316e-02
1.029514041805221041e+03 1.969399209317599855e+02 6.434286369028541230e-02 2.139705137337707397e-01
1.119797742504298412e+03 2.523487293884232656e+02 1.370355749180715912e-02 -2.233281484434870498e-02
2.734685516985749700e+02 5.781759952173819102e+02 1.393645185565617339e-02 1.942922226885804848e-01
2.467824839084100006e+02 7.044828951353825914e+02 -1.248306325957552511e-02 -1.991562383589161322e-02
9.902590633215123717e+02 1.758420092220682989e+02 -9.448244411701392509e-02 -1.142062235650000146e-01
1.041932958794725664e+03 2.586251754215129495e+02 8.137405610925858845e-02 2.025493776623012859e-02
8.631653378346013596e+02 5.079543260183374400e+02 -5.574744478234746614e-01 1.898958856813981688e+00
2.659798622531610022e+02 6.252744034644126714e+02 -3.053730549104764422e-02 -1.366326327562586949e-02
1.160529160009022235e+03 3.167876669897847250e+02 2.295520766386868194e-01 8.903222926937126580e-02
1.304634509756426951e+03 3.698930502963687559e+02 -3.563983344287352528e-02 6.661253605849906667e-02
1.048165070564227562e+03 8.575739320465743276e+02 4.592809836684396026e-03 -5.140413694438062536e-03
1.087055189859054508e+03 1.597779404770161591e+02 1.067682357325594467e-02 6.575106904857186407e-03
1.139871356166880332e+03 1.918923565448027091e+02 2.262658925833704870e-02 -1.872759014080314088e-01
2.563825951755680421e+02 6.830541030633635273e+02 -8.927637679986943908e-03 -1.016690158508239961e-01
1.021940609582178240e+03 2.322355738460743169e+02 -1.455671310702948695e-01 1.761635883673948882e-02
1.154107079371803138e+03 3.618359821586752787e+02 -5.094472777817270204e-02 1.467149950780085033e-01
1.205508200069981967e+03 3.839590061332219193e+02 4.260810780951648780e-02 -1.166444665220916638e-01
1.821428655770650948e+02 6.457451708875735221e+02 1.411888894407657691e-01 -2.427084944590963689e-01
1.069250026191003144e+03 1.548039520040564696e+02 -1.717525921125782331e-03 2.236619926160027163e-03
1.171588197265349208e+03 2.246972041386281376e+02 -2.143065865818149715e-02 2.623128036010817857e-02
7.369744086151181364e+02 5.721902173864626775e+02 -1.503973180519849531e-03 6.829493473756444513e-03
5.758121071217556164e+02 4.774398907536737511e+02 6.603861697738823248e-03 -8.839278575911586541e-03
1.136527801140347719e+03 2.555790274384835357e+02 -9.145861092254595204e-02 1.109328871389203275e-01
1.241872140445143032e+03 3.269705876208168434e+02 -3.776504511212611798e-02 3.472964722624892475e-02
1.141338498717522043e+03 3.743146509112829108e+02 4.813161204773612825e-03 2.362276927734642887e-02
1.261864486265437790e+03 3.894115276528366962e+02 -1.187291176607426987e-02 2.750934010623901776e-02
2.131982577917828792e+02 5.910368587972508294e+02 -4.665757692186340449e-04 8.713100843542471649e-03
2.023582218981894414e+02 6.002939635265036031e+02 2.372249084494118809e-01 -1.589428186531287313e-01
2.570892769594364609e+02 3.577832329316110531e+02 -4.690453815463250554e-03 2.771885003660667368e-01
1.108638212756317671e+03 2.920244966112989573e+02 1.258479557775192270e-01 1.931253562950932534e-01
1.172680705513516614e+03 2.352540233398773921e+02 3.639804097314549170e-03 -5.634322621647116364e-03
1.237587446927628434e+03 3.541781976257640849e+02 4.037099092020239588e-02 -3.073770413295649068e-02
1.083209662254452496e+03 3.084294267827813201e+02 1.789886765511010391e-02 -4.875968319260856956e-03
2.654967473785228549e+02 3.817715384141791901e+02 -1.197673158707175320e-02 -3.852128524411455035e-02
1.208853277335572557e+03 3.717152221164332104e+02 2.320958447468001243e-02 -3.107432041574611625e-03
1.128453393983152864e+03 2.350645012907496891e+02 5.724487610355784468e-03 -1.392076690879188484e-02
1.227663744807374769e+03 3.561889518769466463e+02 -1.657007431272934997e-02 4.908456572911982368e-02
2.629808235160122649e+02 6.733074669407433248e+02 1.925090589482181258e-02 -6.833223318834787119e-02
8.909326934761874384e+01 3.561330650956858221e+02 2.313351296390648015e-01 -1.747382282147831914e-04
9.948335121007731914e+02 1.786485192818867347e+02 5.445329050456601842e-04 -3.369777197631277366e-01
1.069499490345749336e+03 1.814833463518709493e+02 3.845202452066587284e-02 -2.040357368149097600e-02
1.095995783828479944e+03 1.759197452095792471e+02 7.165064400395670940e-02 -1.063604275332206452e-02
1.124616121392032483e+03 3.013997631462272011e+02 2.442821333724485011e-01 1.889834322700024716e-01
1.214814788511506549e+03 3.070127215923643007e+02 -3.467001442118979315e-01 6.809592274435312120e-01
3.417239764831663820e+02 7.005228297798669246e+02 2.161751789312505931e-03 3.514652767931574634e-02
2.759399562259745835e+02 4.198563140746587692e+02 2.903990156862464034e-02 3.354496584438054207e-01
1.079558683017981593e+03 1.835079076290804494e+02 -6.656327305863255807e-03 3.982902503846668524e-02
1.020256377959919291e+03 2.232209953648095677e+02 -1.440502877404438442e-01 -1.771275464083856832e-01
2.621153789747462497e+02 7.080270549816879111e+02 -4.248026280632447201e-03 -1.000432063168752578e-02
2.218578477035616743e+02 3.081769556518505624e+02 -5.204798634624450970e-02 -1.670661564041784897e-01
1.125309161156286990e+02 4.052405284383905268e+02 -2.658491469756912862e-01 -3.486923278690461370e-01
1.097926545144296824e+03 1.494568317542939440e+02 8.895238276517418441e-02 -2.422300724830135921e-01
1.058107354361866101e+03 1.779896923419662187e+02 -2.945757995352475400e-01 -2.067082339413167102e-01
1.062722423167501802e+03 1.965240922508372137e+02 -7.901883243568720572e-02 2.268207896465566642e-01
1.017081408984586233e+03 2.188982989283661595e+02 -8.621524782239746443e-02 -1.424409393542359348e-01
1.114790136751630826e+03 2.379931273187932845e+02 -2.242554269384657278e-03 5.894105140509422851e-03
1.093299180149527501e+03 2.987142354970130214e+02 -1.324840485228724885e-01 -4.251839488155101723e-03
1.176549681769985000e+03 3.600017740396345971e+02 -2.522882895576523260e-02 -2.853403463381081959e-02
1.122702857371217760e+03 1.924986071881737359e+02 -5.437490043682373375e-02 4.781979170949597624e-02
1.100567487782688204e+03 3.320547656629658491e+02 2.756282913685481530e-03 4.415483107908386162e-01
1.009645998971153062e+03 1.881143372004983405e+02 1.774218144204448844e-01 2.718894995290892513e-01
1.080289679888164528e+03 1.751356502573905516e+02 7.424652040813989329e-02 -1.829344690953217112e-01
9.954154675087476107e+02 1.682774376386523443e+02 2.602868337730986359e-01 1.028137391075429341e-01
1.125895677861804643e+03 2.148983968233655162e+02 -5.029692819285477151e-02 3.468286911066482264e-02
1.100422608424946475e+03 2.261645013240353137e+02 -7.733357271745767980e-02 8.270911398229922884e-02
2.782869970571982208e+02 6.588015869722344178e+02 -1.963968331936409226e-02 -5.336680345635613776e-04
1.048773791401725930e+03 8.345823027710454198e+02 -1.328237995289782702e-02 8.035866410125436232e-03
2.415886590467414692e+02 2.911844370201911829e+02 -2.360841783276074017e-03 1.904093135404791026e-01
1.179602915289894156e+02 4.435402940711035740e+02 -2.428847412558530205e-01 -5.498228220062461036e-01
1.145639119668776402e+03 2.678400805264976725e+02 5.808900463313795282e-01 1.604092819124302294e-01
2.041563537655626703e+02 7.092408926278618537e+02 4.537365153842475712e-02 1.384335581587680108e-01
2.036167698697052799e+02 7.334108715315757081e+02 -1.433054176770303268e-03 2.985959942647214635e-02
1.160413337872221064e+03 2.100733044513933407e+02 5.008979201221563926e-03 -1.252013577875565886e-02
1.210384281815341183e+03 2.533029262963431449e+02 6.272457808184128680e-02 -5.869121412100319901e-02
1.183875473726314340e+03 3.885713649123599680e+02 -4.284553460701090444e-02 -1.140455206563117940e-02
2.432342315455877895e+02 6.769979701448370406e+02 3.751342325447559745e-02 5.615373556656066967e-02
2.494109395292000499e+02 3.215258996401802847e+02 -4.335570168040400740e-02 1.844878916625664889e-01
7.618521070270813880e+02 3.884584839688256466e+02 -1.421033688080797219e-02 4.683818107985108364e-02
1.166700629592401356e+03 3.073992351048712521e+02 2.433562989741955840e-01 9.853436920717026370e-02
1.156459884061407365e+03 3.554809784789379137e+02 -3.752584346818821359e-02 6.928457626195998198e-02
2.328891876185995500e+02 2.957860877312324988e+02 -1.249948525041697997e-02 3.546431983810188759e-01
2.436262833939280483e+02 3.753679347868355194e+02 -6.054542578558670674e-02 -1.951341299030760756e-01
2.381602765227127065e+02 5.193085924294183542e+02 4.348487558572217831e-03 2.563773033546112856e-02
1.099905468683537720e+03 2.107451971063186988e+02 -2.057942866879504742e-02 3.723821136519343822e-02
1.200263340585893729e+03 2.534862430411893968e+02 -4.857939397818601679e-02 1.327550429801843956e-01
1.259291704846998073e+03 3.431430869005240538e+02 1.924594778594417577e-01 -4.053324641573506637e-02
2.204752172668758305e+02 6.042783331071726707e+02 -9.293282982631449751e-02 3.149882335518178755e-01
9.986814354330948618e+02 8.504001204483874972e+02 -7.168688664880671670e-03 3.505575114271463483e-02
5.151608513249690304e+02 4.769014508637895915e+02 -3.051647780826745922e-03 -7.890268855196799422e-03
1.012384838219408039e+03 2.080944027317941050e+02 1.134497318047541191e-02 -1.530441911875684013e-01
1.033935747331903485e+03 2.247487805968676184e+02 -3.291503846213572615e-02 -1.460427367307133295e-01
1.131370447189477090e+03 2.384479897856061825e+02 -1.665659787304700143e-02 2.357363775603242215e-02
1.175226194124851418e+03 3.313255459186119083e+02 -5.792468742148078505e-03 3.055548701030848593e-02
1.274180619383098247e+03 3.457892685724773969e+02 -1.417787179228184868e-01 -1.726944517240506516e-01
2.587493998759744045e+02 5.400976801177322386e+02 1.487309248311892949e-02 -2.113247976166121589e-01
2.442771482915440799e+02 5.270913816915222014e+02 2.461601779719831962e-01 -5.840453303789094192e-02
2.699797704251334380e+02 3.639358830516125636e+02 -4.347400121881925955e-02 -8.193958233120342272e-02
9.751714262126099584e+02 2.011237512907206053e+02 -2.390564171907333946e-01 2.807280117733341740e-01
1.204837916094142884e+03 3.267951841827056683e+02 1.062042469339262024e-01 5.001140026898424906e-02
2.809977896100413091e+02 4.358303700557198113e+02 -2.164410756289498680e-02 1.708569670248152872e-01
1.018590469443731877e+03 1.869911841151798058e+02 -6.116083585612841489e-02 1.090521892024270273e-01
1.092584203752886197e+03 1.807911058066529506e+02 7.600793616052215103e-03 5.425086308343906802e-03
1.011856780770122327e+03 2.348760237130342148e+02 -5.552025060273991022e-03 -2.597506280125116973e-02
2.328721070007317735e+02 5.135547575661070141e+02 4.352747774614979491e-03 7.824448367349154040e-03
1.038698026060281336e+03 2.581883537477907566e+02 4.231595659459546493e-02 -1.751741827118596245e-02
1.198709423431105733e+03 2.329840357593604381e+02 8.731430505569430511e-02 1.261126229127727261e-01
1.203198661227533421e+03 2.838525556947662949e+02 1.289638988499114403e-01 -3.074542784046722585e-02
1.206076411278308342e+03 3.367519101772278987e+02 2.357535782735895868e-01 -1.537211566211769687e-01
2.487697368088266217e+02 6.210162506850447244e+02 -1.447807595689217484e-02 -3.280016236317351286e-02
8.816325360895127687e+02 1.100554878089305703e+03 -6.364675021409816713e-05 3.144307169501796002e-04
9.747771643639218837e+02 1.971225362518225097e+02 5.834661412450259377e-03 -1.212056893948592062e-01
1.108718150924588826e+03 2.094265757804050736e+02 -8.006199276161396483e-02 2.384739270788749366e-01
3.002337664864898557e+02 5.754705799609662336e+02 -6.053628975784874910e-03 -3.186851176462823787e-02
2.631574071383611795e+02 3.727348581764887285e+02 8.138152158258142588e-02 4.154965696535474207e-01
1.066338619222530724e+03 1.672938865036280163e+02 2.005597041582924539e-02 -1.164517668536413086e-01
1.027462583362595524e+03 2.195948128242147561e+02 -1.344510972740928512e-01 -7.921335720903600885e-02
1.033494359862568899e+03 2.493463481233385721e+02 -1.143289906168385162e-01 5.504749084113760293e-01
1.330467085792459329e+03 3.171380469723212627e+02 -2.494412900029731595e-01 -1.100134597644861489e-01
1.140175036661314834e+03 3.714559269183853871e+02 1.558042408750160146e-01 -1.233277717396146916e-01
1.008245321520424568e+03 9.275457727194025210e+02 2.717474847859843202e-03 -6.545202423759681606e-04
1.085524799480126148e+03 1.977988350703303979e+02 -1.416923669656474207e-03 6.725199419456846794e-02
1.020907665699771655e+03 2.276989532329030510e+02 -8.574005166351146567e-02 -2.400485038075098887e-01
1.247012142036098339e+03 2.798225020730187680e+02 -1.755836676215570546e-01 2.225879730541275026e-01
2.564771703950572714e+02 6.041249618736259208e+02 -3.532742167746505402e-02 -1.529818392603866928e-01
5.109447075837400121e+02 4.603608453065751860e+02 1.424129919457755092e-02 1.218484756902057653e-01
1.114837496431550107e+03 2.092456499186822327e+02 -3.500769280267377465e-02 6.374661733550510134e-02
1.184409052773373105e+03 2.303445781532726926e+02 1.616958473923659628e-02 3.980445862532633328e-02
1.153428136483862090e+03 3.319556257515750985e+02 2.444209156313718323e-01 2.000621055691453876e-02
2.552606265193535933e+02 6.884665620331583114e+02 2.174557353650868607e-01 3.332215782680805205e-01
5.794904066925270172e+02 4.524034587692206628e+02 -2.086955441427562619e-03 5.123746174344034898e-02
1.033418011792165771e+03 1.939987156174351526e+02 -6.660473600589966736e-02 -2.172491479844751439e-02
1.116755987380211081e+03 1.949146205679169270e+02 1.982788303051847834e-01 -2.156116846010931454e-01
1.175949351582871486e+03 2.206574153606869402e+02 -1.253140983459388735e-02 4.884237956446924045e-02
1.162497247070868980e+03 3.096679183760417118e+02 1.692489794141920356e-01 6.233103026264075197e-02
2.549803667459094072e+02 5.523833500897162594e+02 3.491842055801441802e-03 -9.053191825114481617e-02
2.291888682489744156e+02 6.080778518370132133e+02 -1.304032729501116705e-01 -2.060069723313517898e-02
2.307576692946182959e+02 3.091134259431763667e+02 2.921546209478265155e-02 -1.632672334778438594e-01
1.240780034685921152e+02 4.416605484582450458e+02 -5.254857041644811488e-02 -3.380863584848346481e-01
1.029127165630311083e+03 1.679781336438553012e+02 -2.728935759940516806e-02 2.028643152305183509e-02
1.076438030806448069e+03 2.131550327335595796e+02 -1.811914352274470730e-01 -1.271555337750858994e-01
9.894098426317053736e+02 2.306615986415489772e+02 5.509629781355821626e-02 8.856422628778659600e-02
1.065755398003518621e+03 2.294763555491296074e+02 -1.340600022462391794e-01 2.025683162613631794e-01
1.236112126727854957e+03 1.355462260025498722e+02 1.562170124399623640e-02 -1.905419560167918858e-01
1.142768665591254830e+03 2.705115979088389508e+02 2.010138431215485466e-01 -1.108106712285916728e-02
1.121815414471153190e+03 2.826324544478128473e+02 1.054889960429742680e-02 2.247687445595639988e-01
2.105032427078692763e+02 6.436367025529672219e+02 5.009602908032206869e-02 6.817572484055745008e-02
6.457223664180670539e+02 4.998163701970552211e+02 6.567853229489628575e-02 5.756715045218167154e-02
2.588267343895111594e+02 7.291313587306690351e+02 6.620013492863563442e-03 1.567198208213843313e-01
2.869826396043753221e+02 4.276929967177418916e+02 -2.249042406843386743e-01 -2.275944553319675379e-01
1.029854722680992154e+03 2.263548570321394209e+02 -1.147791129665165499e-01 1.726210011773474662e-01
1.095151982457280383e+03 2.500327722171446396e+02 1.152630548031083890e-01 4.042826625780833183e-01
3.036112677632173700e+02 5.442053766534604620e+02 9.433894386648944419e-02 1.589998712095166411e-01
2.552321024273203989e+02 5.086271221511789236e+02 0.000000000000000000e+00 0.000000000000000000e+00
5.170380342789088672e+02 4.897982040175091356e+02 0.000000000000000000e+00 0.000000000000000000e+00
1.079083203947043103e+03 1.662858448858183351e+02 0.000000000000000000e+00 0.000000000000000000e+00
9.922697634749016515e+02 1.938190835133702592e+02 0.000000000000000000e+00 0.000000000000000000e+00
1.124530553599957784e+03 1.759139014930125597e+02 0.000000000000000000e+00 0.000000000000000000e+00
1.143591338040252367e+03 1.844576538344923335e+02 0.000000000000000000e+00 0.000000000000000000e+00
9.967916335636593885e+02 2.330452896263832372e+02 0.000000000000000000e+00 0.000000000000000000e+00
1.046630201522126299e+03 2.583891009374447094e+02 0.000000000000000000e+00 0.000000000000000000e+00
1.070505407799826571e+03 3.461827988437059958e+02 0.000000000000000000e+00 0.000000000000000000e+00
1.215234840238822926e+03 2.952570931339788558e+02 0.000000000000000000e+00 0.000000000000000000e+00
1.217394426453589631e+03 2.987636980827537627e+02 0.000000000000000000e+00 0.000000000000000000e+00
1.178831395226877703e+03 3.264644809116133501e+02 0.000000000000000000e+00 0.000000000000000000e+00
1.167699164101197084e+03 3.347065594315122325e+02 0.000000000000000000e+00 0.000000000000000000e+00
2.510521784101582341e+02 6.521718645056234891e+02 0.000000000000000000e+00 0.000000000000000000e+00
3.672846631687385752e+02 6.720331639649663202e+02 0.000000000000000000e+00 0.000000000000000000e+00
3.612221952825135531e+02 6.802571890572343136e+02 0.000000000000000000e+00 0.000000000000000000e+00
2.134517386732249804e+02 7.555397789606779497e+02 0.000000000000000000e+00 0.000000000000000000e+00
6.532567652215548151e+02 9.920547135905555933e+02 0.000000000000000000e+00 0.000000000000000000e+00
