1.341821813404639556e+02 3.800588371740557818e+02 -9.667889926479594906e-04 -1.332246000709792506e-03
2.655441789534370400e+02 6.831108627180764188e+02 2.206918666031627569e-04 -2.260944092291867005e-02
2.531991292919905163e+02 4.641517480134603488e+02 -3.038910950601296599e-03 -2.041079931064580365e-03
3.184775221653571293e+02 4.746794522781777914e+02 2.133962588815301042e-02 -1.750974028044088165e-02
5.662890681387697214e+02 3.848696320278502299e+02 2.503839514501537966e-02 2.977350295556377077e-02
2.602343179992894875e+02 5.604145476182000039e+02 -1.224197578806869059e-02 3.120007752822497316e-01
8.297530804675001264e+02 4.081800462045884501e+02 -1.932144551350313934e-03 4.043873916386230780e-05
7.047162413957794342e+02 4.145399479561986595e+02 -7.110852939505962755e-02 -6.920561654781202769e-03
6.343723688774235825e+02 8.220519996870636987e+02 1.710568512457444356e-04 -4.881766683185992427e-04
9.124139364804509569e+02 8.060274295829686935e+02 9.242654877184712557e-04 3.424660697392297825e-04
4.599632899158418695e+02 9.416173787142832907e+02 3.348079342569041609e-04 6.038945359671625806e-04
9.073239462748433652e+02 9.247608127214034539e+02 5.040999370760233984e-05 3.735384222583735744e-03
9.003059773574225346e+02 9.270247417547633404e+02 1.774180447110927259e-03 9.823507991126966942e-04
7.062175928633477042e+02 9.920901759405746816e+02 -2.001572234206549367e-02 9.866049502757096371e-03
7.149912331618838834e+02 1.011593065966176027e+03 -6.055110202509023922e-04 5.241326857089060676e-04
7.049667268733415995e+02 1.023700994424825694e+03 1.283626591614820669e-03 3.909201907975843335e-04
9.845839759639370641e+02 8.465264920606388159e+02 3.545778842220276457e-03 2.239582893360033463e-03
4.816466942548181578e+02 1.099095185855156160e+03 1.401457110376321685e-04 -8.959656589008818043e-05
7.044707980129045382e+02 1.036524109356518693e+03 1.111745792923552476e-03 -2.341917521686026247e-04
7.519000937195481811e+02 1.067537398029730866e+03 6.425500206680478726e-04 -1.428591243506395925e-03
7.456204745769529154e+02 1.071452130068221777e+03 -1.245492013482578397e-04 3.501518751075462715e-05
1.311945087107758638e+02 3.253392556718149535e+02 -2.837056363329010125e-04 -1.212664638156899953e-03
8.998354758855066393e+02 1.102131302953885324e+03 9.783055484025554149e-04 -3.763137363011542433e-04
3.894443704132597190e+02 1.088988404747308095e+03 1.413396740190308448e-02 -1.878224324021553898e-02
5.640761025133763269e+02 4.588431075762080695e+02 6.052881533720426768e-03 -1.939951903655510968e-03
2.627628472922115748e+02 7.410172720254195156e+02 5.687183927777665626e-03 4.008832730532688529e-03
2.722838747001120510e+02 6.235982248928988838e+02 -5.866056270983137540e-03 1.457871268297200769e-02
4.098537928892115474e+02 1.063481088406123490e+03 -1.354651638887794871e-02 4.354479921373988031e-03
1.009636509808716255e+03 8.171970739751143356e+02 4.683262243104602089e-03 5.295217999671445082e-03
4.868916650000358004e+02 4.486680932893594900e+02 2.608966597913332450e-03 1.152805231723417340e-02
2.233868579149822722e+02 7.547174894950551334e+02 -4.283225828296429588e-03 -1.369375148092421071e-03
5.982418066565785466e+02 4.389964319232752246e+02 -2.219862087386981295e-03 -1.052767030972576743e-03
8.286723283156359230e+02 3.245776769739280780e+02 -1.897996347056032582e-02 1.374538875091056885e-02
4.657110901521253936e+02 4.554732367566556945e+02 2.214172965573265369e-03 -2.513794968224081824e-03
2.489708870821613118e+02 7.197046666031992572e+02 4.583710833724025102e-03 1.033544573860946045e-02
4.935590652806893672e+02 4.302878130641772145e+02 4.959744692415721419e-03 5.592084481477151321e-03
2.266322629879419708e+02 7.030490377266529549e+02 -3.187288010231510010e-02 3.295020456151759314e-02
2.248448043708934279e+02 2.958858794196676172e+02 -6.662472766038657346e-02 -2.113069338559433463e-01
9.705242166256064138e+02 8.448367892135593138e+02 3.878802140079777409e-03 -1.338208078470532825e-03
1.021039527241750989e+03 8.148868159421423343e+02 4.298354820005866050e-03 -3.831119837605226515e-03
2.019716797311521645e+02 5.107785844129464294e+02 -2.669133267313036906e-03 -2.223632816865254817e-03
9.574881100903972992e+02 8.503881219173221098e+02 5.263305318614116234e-03 2.263917571347987857e-03
8.265376815768122469e+02 3.445430485657130362e+02 -1.624113380883090638e-02 -8.339613493398930280e-03
5.038954872697777319e+02 4.423678791704974174e+02 -1.588752708549310763e-02 5.874529582406961929e-03
1.003554480816960563e+03 8.322617354797199596e+02 -5.929799759104356985e-03 -4.025461633790259133e-03
4.942774458319913151e+02 4.401849822443224980e+02 5.084022854060382852e-03 1.013292835385090976e-02
2.560416348868531031e+02 7.440641942238307820e+02 -1.357331090931362082e-03 -7.711179604741280570e-04
1.925766415852272360e+02 5.780262349677053635e+02 1.398516059406077101e-02 -2.709715540764154676e-02
9.895772994460539849e+02 8.227716822815384603e+02 3.073104872470197937e-02 7.453903675667842427e-03
1.016414146934507016e+03 8.099352931404470155e+02 -4.061767935230692350e-03 2.367514908241496042e-04
9.825983411969631334e+02 8.172576294428849906e+02 -2.397864929054263280e-02 9.528255682577837365e-03
5.837440444460505660e+02 4.464860980883586876e+02 7.644502154428412834e-03 -1.130676685364440624e-02
1.244277398748087307e+03 3.966859315656126910e+02 8.844520187134512559e-03 -7.422618512961916618e-03
1.185321624931365477e+03 2.510142208515557911e+02 -3.767216846724052515e-04 3.513720018580186451e-04
2.562788033263468037e+02 4.097587371409493358e+02 -5.890567746670589272e-02 -2.189834609068124494e-01
2.259308783901039135e+02 3.162875090182470785e+02 -4.564523863436983214e-02 -2.102848498179258618e-01
2.611113392221606659e+02 6.134923243263335735e+02 -5.639898516385595702e-04 3.828555113006298742e-03
9.505439910178372429e+02 8.370788023059138823e+02 2.797650003493786300e-02 2.840260176706597105e-03
8.081966386324884297e+02 8.812748828684425462e+02 -1.478746800132447027e-03 7.485297956346846030e-04
9.280653270013475549e+02 8.291608042182620011e+02 1.306619545626668509e-02 3.722392604996988853e-03
2.608045084212562870e+02 5.835013085366849737e+02 -4.410169637277240769e-03 4.463662943220751689e-02
7.961312030173418179e+02 3.633394535850384273e+02 -2.940821919044466111e-03 -1.730010838926854559e-03
9.491387497785228788e+02 8.453794759005194237e+02 1.479990734290115946e-03 -4.762752781552629993e-04
1.034014947071679444e+03 8.298103258364674275e+02 1.652792077091740780e-02 -7.591759787374030566e-03
9.099509867286554936e+02 8.324991989524746714e+02 1.166241918032807391e-02 1.353535765028847024e-03
9.831633209133419768e+02 8.690155995103090163e+02 -6.316696785550241292e-03 -1.170887919492502550e-03
2.835189107937558219e+02 4.153264888557877157e+02 -6.968302598310534279e-02 1.992044741765910953e-02
9.781034481943509036e+02 8.660740981011615531e+02 1.866847340589755438e-03 9.281432585474717152e-04
3.284055653425940591e+02 5.655187209762500515e+02 -6.014049457004409620e-03 -8.856777201354942841e-03
9.902002842280810455e+02 8.512772026756138075e+02 -6.632489187123015960e-03 3.738199009100555588e-03
9.667974705814675644e+02 8.735712912438990543e+02 -3.986291385629529491e-03 -4.832133963477060028e-03
9.577155463938661342e+02 8.616312906717942042e+02 4.345647027445137534e-03 -2.641196080629573499e-03
1.974161522219844471e+02 5.708916811360055590e+02 4.551139358288157008e-03 3.672590966290260796e-03
2.748280789051632382e+02 5.182982758029863817e+02 -7.908556724188293974e-02 2.817643976953004836e-01
5.103066933042425717e+02 4.230886517210485067e+02 2.678251001992354831e-04 1.260166157687245487e-03
8.026364803566290220e+02 3.560643395271827671e+02 -1.119090271157180524e-04 1.308420899804467290e-03
8.017832497836149059e+02 3.469897660989628321e+02 -3.329144861047350011e-05 6.795615381133082201e-04
9.438959869901863158e+02 8.741670011272470902e+02 6.209814738548458633e-03 4.967267169592001937e-03
1.144019753275046924e+03 2.283706722154964552e+02 5.695215915313095283e-03 1.060377396417172676e-03
2.906390332059717139e+02 4.983732092244586056e+02 -4.594504713568852566e-03 4.035076354858183056e-03
5.655039698818443412e+02 4.657830884025954674e+02 -5.381344190155768446e-03 3.926429502667918951e-03
1.027824393551943558e+03 8.258349755557169374e+02 -4.179238360956161928e-04 -3.055392181937971290e-03
5.141358572908844735e+02 5.061400987072710222e+02 -3.521296534199116080e-03 -1.755307742618499381e-02
7.334770963317507722e+02 9.640935718797522895e+02 -2.514929871570458116e-03 -4.394041318628206941e-04
9.945277364578073502e+02 8.769422240341654060e+02 5.243752975402323109e-03 5.745008782062739454e-03
2.101573090697164616e+02 7.113723141543858901e+02 1.596480506147300582e-02 6.151211606952371180e-02
4.705817306960680639e+02 4.361481330167963506e+02 -1.373878906280883707e-03 -3.683933685600563647e-03
7.866769109242684408e+02 3.408251156956186492e+02 3.024115191586736889e-03 1.601730260128954655e-02
9.706140420342449033e+02 8.936959616099609320e+02 5.697224803706340060e-03 7.902280770548092805e-04
5.707266081005917613e+02 4.308433921753581899e+02 9.129779321388959475e-04 -1.007103837533275884e-03
2.089619569690283925e+02 7.163845030853041180e+02 -5.989504714787135392e-02 1.295084691603920479e-01
9.301495122040580554e+02 8.390844279709303919e+02 1.402614936482970455e-02 -2.361320412985988548e-02
9.696306689036149464e+02 8.225949662869459189e+02 -7.263375357188079327e-03 -1.013265473956479444e-02
1.010978610842105013e+03 8.719559363852164324e+02 2.547787403761170646e-02 -2.989447876724724831e-04
4.758374673770400705e+02 4.462478153017843283e+02 -5.273366501267734820e-04 -4.405439064824615003e-03
2.945865762418760028e+02 6.583940476981181291e+02 -4.465495743642854641e-03 -2.815016855578559869e-03
9.026716273155930139e+02 8.626427563396704272e+02 5.708913072536765144e-03 2.963469299927037545e-02
2.126025422158617175e+02 7.437337499747567335e+02 5.984969819697689639e-03 -3.789574171668670579e-03
3.046878339439971910e+02 6.410564135810573134e+02 3.734512035982158386e-03 9.083524508909169085e-03
1.264967716968053537e+03 2.921645782294898481e+02 -1.581946739370683822e-02 -2.075037479282022118e-02
1.275366626548965542e+03 2.926782599157091909e+02 2.097458368929986869e-02 -2.815081821796864073e-02
1.262611051758173971e+03 3.063957022988465155e+02 1.379331935262742559e-02 -1.629138282580900460e-02
1.033655305295474591e+03 8.700262487713966948e+02 9.024287741614881245e-03 -9.519146053770612126e-03
1.002287130871806312e+03 8.157318774035118167e+02 4.232633132255389334e-03 -8.174854623562303525e-05
1.170372717040701673e+03 1.416305096686852494e+02 -5.946505491483369127e-03 -1.889079220108533588e-02
6.140252343912875403e+02 3.897284192257092741e+02 -1.618684788065302910e-03 9.540168141265242471e-03
9.489485033898337178e+02 8.240007622944159493e+02 -7.473488687553368759e-04 -3.760403560816052938e-04
2.446981731762025731e+02 4.967937281328291874e+02 -8.965231782925380498e-04 -3.204739730652156251e-03
7.172134354861442489e+02 9.562939256597147732e+02 -1.430427916263829740e-03 5.603999472914258234e-03
6.477924736347285943e+02 4.708130140287672702e+02 -9.116096561298702577e-03 8.578174802130096328e-04
4.882004366307428427e+02 4.585355453627199722e+02 -1.945872005722272232e-03 1.821572650430768048e-02
4.260392084922117988e+02 1.073565199723454725e+03 8.614390675754658375e-03 -3.088540205579751001e-03
4.946666928480167371e+02 4.728046131135594692e+02 -4.546629856243311445e-03 1.894090969544056768e-03
2.364584716842149419e+02 7.155389344106715726e+02 -5.249631355587161541e-03 -7.836026984178526278e-03
8.247570542525585324e+02 1.102293918524576611e+03 1.138146272762584257e-03 5.980388060933283269e-04
3.216283034087623491e+02 6.082533353440117025e+02 1.127756115850237807e-02 1.588827992190437050e-02
3.348724912319885902e+02 5.639298382056525725e+02 -2.333218658602370741e-03 9.215956091288087307e-03
7.626395126810144802e+02 3.888488945768195322e+02 2.049063268556649414e-03 2.117501644777810069e-02
2.134912340865421641e+02 7.390893283122990169e+02 -2.069264867686308046e-02 1.561572959411649392e-02
7.193511139757212050e+02 9.134749054337453344e+02 -6.332710652668988374e-03 3.703476472059273866e-03
2.519485150199634234e+02 6.613943676932442486e+02 7.701617475223059700e-03 2.088554763686193555e-02
2.677606295275135722e+02 3.012558894589769807e+02 -5.303291021761813613e-03 -6.699656149909388736e-03
1.164081267082159229e+03 2.163943024164034057e+02 1.106906021331863915e-02 1.197204317983902727e-02
2.651488334333442367e+02 6.314212364791894743e+02 2.489320953617211183e-04 1.313366408961126955e-03
8.507598749268458960e+02 9.315153541803043709e+02 7.507344585233698521e-04 9.509973459457662036e-06
3.197004231082878505e+02 5.406524287681666010e+02 1.116293433429376911e-02 3.884505499036319982e-03
2.104764080891116294e+02 5.846597940590096414e+02 -6.261755899045495094e-03 6.511765229373228832e-03
2.348520238207642024e+02 3.388588660589705341e+02 -4.302122876361499926e-02 -2.157970454839567842e-01
2.496149359546564312e+02 7.277487286723909392e+02 -1.015980717872000914e-02 -5.039732559498138684e-04
4.473902778416584738e+02 1.092322222016158321e+03 7.087991826712805284e-04 -1.667147896759305081e-02
2.064560490800633659e+02 6.823829119342042304e+02 -2.926024499214913924e-03 5.107784720205089772e-03
2.388782949084285008e+02 6.709298185758332238e+02 5.512567220740371629e-03 2.065202343951478767e-03
7.711585550984040083e+02 4.934127983216326925e+02 -1.419926888948312184e-02 5.397370520913930339e-03
2.804162375469099402e+02 5.322565302656153108e+02 3.814566324492581380e-03 2.574521536399912089e-03
1.260333162161420205e+03 1.958205424121177884e+02 1.462465826712600102e-03 -2.783944230340619844e-03
4.498202758297786090e+02 1.095162774184936552e+03 -3.870608869178930427e-03 -7.546585004403445242e-03
2.403629582451461317e+02 5.026599633656188644e+02 -8.294752623192149974e-05 -1.807684757256250267e-03
2.514577347911631762e+02 7.103388384265389277e+02 7.434347492358084862e-03 -2.087608652355937410e-03
1.249497739070088528e+03 3.790479918405200692e+02 6.677276945900771123e-03 -5.028364942072495111e-03
7.191058497518880586e+02 9.619123978686308192e+02 5.700485212080163254e-03 -9.169280230898182657e-03
2.994909242140423657e+02 6.470254334262870088e+02 -1.276766463636609845e-02 -6.060232930852828444e-03
4.266159353684245161e+02 1.080838125231593722e+03 3.575465600750469663e-03 8.537399787588348908e-04
2.207878692124984639e+02 7.202794934627568182e+02 -7.424279630401124652e-02 9.736571918972795892e-02
1.011582240387754155e+03 2.069821529783413325e+02 -6.405551977902497474e-02 -1.030003968511302020e-01
2.305034096050523544e+02 3.433152253526521349e+02 -5.749206329491950845e-02 -2.007036238566244912e-01
2.175659298326133637e+02 6.453003150822062253e+02 9.855451813209436737e-03 1.569807077218643432e-02
2.572184561328666632e+02 7.182795997618417232e+02 3.301485026655778983e-03 2.424181926872364962e-03
2.550267668516478636e+02 7.219963677547359566e+02 1.755013293051836676e-02 -1.362987509127162704e-02
2.270448341678153383e+02 3.323024365084555711e+02 -5.703262773438765032e-02 -2.097099602881669911e-01
2.351223516298509821e+02 7.102815120097246790e+02 3.828487650774449295e-03 -2.202633059984673326e-03
1.175926955386540840e+03 1.949188986827318786e+02 -1.317170233912522692e-01 3.743966623137893329e-02
2.562506556709427628e+02 7.362889010580257718e+02 7.298334490690701684e-03 -4.736942993469647756e-03
2.554130233497972426e+02 4.880639334217494252e+02 -2.485504842464686479e-03 -2.790770943016189585e-03
2.799366417783684824e+02 4.786072422434879172e+02 9.847287302089752226e-03 2.859929046520777174e-01
2.191427006627836533e+02 6.633250847891363264e+02 -1.384441094467148874e-03 -1.016652119676676822e-03
2.175332278564261799e+02 6.519198239311983798e+02 2.825995851035731886e-03 2.844332561047543256e-03
1.216862217128769771e+03 2.940454276183627371e+02 1.905230133007481189e-02 -3.043334221686705768e-02
1.001371794139237068e+03 8.556217821127816023e+02 4.091262716614627037e-03 3.149378271880795858e-05
8.647074256884876320e+01 3.137093899354399014e+02 -8.194123258169219931e-04 -5.273275894427736747e-03
1.223932831517891373e+03 3.972755499854757204e+02 1.426338226054320963e-03 -4.199793576986795424e-03
1.211516682612399563e+03 2.203883002747888611e+02 -4.444128581191294190e-03 -4.857691665764582271e-03
2.320963251312171280e+02 6.631944588976623436e+02 6.674364563907028182e-03 1.595967833997526467e-02
4.129763904596395605e+02 1.065960605021873334e+03 -1.636877586925027106e-02 -2.346146698088284049e-02
5.423398901616093326e+02 5.179128531006313096e+02 -5.221814328241958930e-02 1.334264023899655802e-02
1.154823623980644697e+03 1.717496926689919690e+02 6.916946085486937179e-02 -8.663903011378890073e-02
8.231447764473321058e+02 3.392311631731526518e+02 -9.296817942602429892e-04 -9.989411800219305873e-03
1.204919361447043684e+03 2.562019927126791004e+02 6.525695176867092346e-04 7.370893748948714568e-03
2.482878848265698650e+02 7.357126220354483621e+02 1.688381017948973554e-03 -8.840334342675539026e-03
1.151200429780640889e+03 1.461325557492884286e+02 -1.269741375459840227e-02 -1.621415740421716933e-01
2.765701126406239609e+02 7.014083790005412311e+02 7.886328560080455713e-03 7.185063900852348660e-03
2.603306352764155349e+02 6.849892860109522417e+02 -2.545593872003557977e-03 -1.301963832307223090e-03
1.055653632420791610e+03 8.387210128165108927e+02 4.313698973023162402e-03 1.772301498840308685e-03
1.228902287881547181e+03 2.428475035876239190e+02 5.450418285169806448e-02 -4.767242039460146269e-02
3.070498715288039762e+02 5.448823876149756416e+02 2.341044038537280075e-02 -2.691782461032640739e-02
1.202339509287818146e+03 2.275106282530327348e+02 1.702525069728412499e-02 -8.110338285053551866e-03
1.265954709540726753e+03 2.037452815234493357e+02 -2.010445599344256164e-04 2.649285871192792741e-03
2.509417178124506052e+02 4.772173570831907909e+02 6.199188485006946504e-03 -1.365312109968015546e-02
4.369021523868954660e+02 1.091325281050027570e+03 1.830149070065315194e-04 1.125685036532730116e-05
2.365924549836267090e+02 3.647803654454168623e+02 -3.291151533159249881e-02 -1.486942948841239176e-01
3.090513518972755946e+02 5.553263906560852092e+02 -1.017376334904876792e-02 -2.026852033423163363e-02
1.099854354652737584e+03 1.713340622166712990e+02 6.956621206089912135e-02 -9.226008957895180662e-02
2.668272255100071675e+02 7.210527390450415623e+02 -9.584621243766040105e-03 -4.477574989998697069e-04
2.812028324752698154e+02 6.241376418389151013e+02 5.284836002438101157e-03 2.266826271472994689e-02
2.720247241598763708e+02 6.713685480835267754e+02 2.291750877120220589e-03 4.695844914650559843e-05
2.696453989361032200e+02 6.959152663880016689e+02 3.579449620097889008e-03 1.910933915569735771e-03
9.180138831979630822e+02 1.102662477926181054e+03 1.796902510675701448e-04 -6.480254459131516622e-04
2.611530171149461239e+02 6.596622803202926661e+02 -2.809827238078838421e-04 -4.300193195849535163e-04
8.220520445533418297e+02 3.838096068384197679e+02 -1.676686331708455990e-03 -2.161510443527006955e-03
2.659552806640675158e+02 6.636978537352096055e+02 -4.673974204618812356e-03 1.718501116642803112e-02
1.197820564404414199e+03 2.666625554273881562e+02 -3.709638389306706419e-01 -1.437411116801375899e-01
6.964663276918561223e+02 3.924604195077685063e+02 -4.422916686323360058e-04 8.976391174766182660e-03
2.823601699437995194e+02 6.861812837053431622e+02 -4.312701981675244947e-03 -4.592533500787641595e-03
2.759534512575759209e+02 5.280645325767053464e+02 -2.174729702591487839e-03 -4.216266662378173775e-03
2.440306969374867663e+02 6.351008761710824047e+02 7.721391858534514723e-04 1.469157899824530874e-03
2.623083092936715275e+02 7.094779520909155508e+02 -1.753923006940747570e-03 -1.029847295894391638e-03
8.579711819694911128e+02 1.101862322961781274e+03 1.599577000172640795e-03 -2.578312446440568354e-04
2.306916804820607751e+02 7.402745829540692739e+02 -6.487621306808876755e-03 1.002636449592194745e-03
2.476771252084755304e+02 6.292753434240753450e+02 -1.793507362716700165e-02 1.308383107633821242e-02
2.150519061673459760e+02 6.668896883718255140e+02 -3.002016891918734762e-03 1.971615525990678876e-03
7.150236789093160041e+02 8.780929883563683234e+02 -9.401080006178331311e-03 7.238975757902585233e-03
2.507728728522550909e+02 6.166014701314854847e+02 5.776076614736076927e-03 -3.439845645813632141e-03
2.352375701178044096e+02 6.280138231537050615e+02 -8.610677135163374157e-03 3.792083789858675339e-03
2.581522813022519358e+02 6.383284668658673127e+02 -6.180665904630226748e-03 4.375875433688273598e-05
2.439151182672402172e+02 3.613477990768826658e+02 -4.003069398087397840e-02 -1.859521990330024188e-01
1.181962599101910428e+03 2.255880192734395848e+02 7.701909722757113545e-03 -1.933187023826740680e-02
9.970885327871596928e+02 2.167639192090707922e+02 2.331898364833916854e-02 -1.516251919466817533e-01
1.081395259163435185e+03 2.087961021664980308e+02 -3.590294471972144824e-02 4.927364839699629323e-02
1.168993529446736147e+03 3.444808553738081969e+02 3.751144914252171566e-04 2.531960533246776709e-02
2.834747805244709866e+02 6.794032923726458648e+02 1.902436459245829704e-03 1.272974617312693131e-02
9.201630980742532984e+02 8.402593356718364248e+02 -1.150253583617959902e-02 -2.204851213932805531e-02
1.181743034805068646e+03 3.259996803049394885e+02 2.560290187998271946e-02 -1.133535221157894700e-02
2.612864186156426172e+02 6.970641455331350471e+02 -8.512997854314890978e-03 -7.479881391290210159e-04
4.054796850901602170e+02 1.078732824788080052e+03 -3.538466420386972289e-03 1.629158959378112939e-04
1.072384469965304788e+03 3.167856652079588002e+02 -5.386739394826591670e-02 -2.275255494910343942e-02
1.887222976993943462e+02 5.767487259576699898e+02 4.776542172010348614e-03 4.074980746662110360e-03
1.194056897052681279e+03 2.307261356489514981e+02 9.382386120638096239e-03 3.153909182528208399e-02
1.280183653947421590e+03 3.362572832405392660e+02 2.685893082238324792e-01 2.648170547256101931e-02
2.315279807888089749e+02 6.275444872958659062e+02 -9.614477349846131411e-04 -3.522369305808905129e-03
1.217023802835587048e+03 2.241855637193051223e+02 -3.955340289859924502e-02 -1.295530332352358427e-01
2.465439402970279161e+02 6.934696013809393662e+02 -3.251233989223100210e-03 -1.602971119582704976e-03
2.908297767378146546e+02 6.487765951123545847e+02 -4.009668060106859680e-03 4.741156408059477544e-03
5.253199115139192372e+02 4.761789685277611852e+02 -3.249154862466171155e-03 1.982980660247926283e-02
4.380403347411939876e+02 1.085451941192460708e+03 4.316785661602140977e-04 1.101491942923566499e-03
1.156177674733869708e+03 3.688160143592978102e+02 8.107071209152119651e-03 -4.667603366762237103e-03
2.704099224485678974e+02 6.362937900470531076e+02 2.334783135350195458e-03 -2.961692985742488647e-03
1.186005403659220974e+03 3.358757943883574626e+02 -7.448824539790053524e-03 -2.708502412287593498e-04
8.231924647708819975e+02 3.788159231101038813e+02 -1.835099154140161764e-03 3.456654857359916545e-03
1.001826163221796151e+03 8.667611554008956318e+02 1.635070039971633611e-03 1.180889173536856483e-02
2.281865107454340773e+02 6.882935315559595892e+02 -3.140927693011116330e-03 -1.622855477427208966e-03
9.269879837771964048e+02 8.652744302150191515e+02 -4.073309887711963942e-04 -5.837538850142204652e-03
1.248862208450638946e+03 3.094849513905593881e+02 5.055513886866333170e-03 1.341776757413024913e-02
3.040970479712644305e+02 5.358108529603501893e+02 1.948998381012226680e-02 1.121647352832240256e-02
2.016223803944732538e+02 7.067223236377874400e+02 1.746126448303932446e-02 1.152569762898846828e-01
3.069185133690164093e+02 6.297172501121209507e+02 4.747961514694209323e-03 4.172578859734445665e-03
1.043996277772776466e+03 1.799326206351450423e+02 -7.789796421481903765e-02 -6.473754880524983102e-02
2.500074602466681881e+02 6.804215335734880910e+02 -2.100415418593143662e-03 -4.383168757363472418e-02
2.375625275096577127e+02 3.722920979273955027e+02 -5.041302266270848709e-02 -1.424567058496688798e-01
2.449983170559475241e+02 6.136265375961130530e+02 5.120581132791193757e-03 1.940494139203920859e-02
2.891774016483737455e+02 6.152711474719078524e+02 2.200156254769079084e-03 1.467806770368173218e-02
1.760301235686251857e+02 5.728931479124801172e+02 7.379686681338283594e-02 -4.175783990725823180e-02
2.820313697545529408e+02 5.460071729510916612e+02 1.689794004399158877e-03 -1.656596730848796609e-03
4.074715811376597685e+02 1.086878587164112787e+03 8.967085048015637980e-04 2.102842849657607458e-03
5.669988883921390652e+02 4.263972871200016357e+02 2.058419404243698545e-03 1.068608753530328991e-02
3.150147974514846396e+02 5.059853447804555913e+02 7.763306672283270052e-03 1.316926387563445953e-02
6.008778786506914003e+02 4.411112464914549491e+02 2.905857282932026303e-03 2.817678838872349906e-02
4.621080621377011539e+02 4.532400476501783828e+02 -8.422007603210676305e-03 2.721094095784675187e-03
2.943909609196616088e+02 6.082026095437148570e+02 -3.165997916402384245e-04 2.906471199995925431e-02
1.192215976913445729e+03 3.397884404562650502e+02 -7.537277987669560933e-03 -2.933878118454463085e-02
3.127442657219573334e+02 4.971600843212459608e+02 -2.016016774236936964e-03 -8.276332604993675776e-03
8.190484991401081061e+02 3.339460038041025314e+02 1.324867331197427745e-03 -1.408907113677618228e-02
2.300823823965505426e+02 6.390948710563066015e+02 2.071155058517787015e-02 7.039219425332748394e-03
2.813415000586217616e+02 5.699121300597396385e+02 -5.480530942057974808e-02 4.269641162214320995e-01
1.268413123648163491e+03 2.581782672832557637e+02 1.315116259663209539e-02 -5.457145513934964082e-03
9.419684269769496723e+02 8.506440678438692657e+02 1.455945042857595016e-03 -2.257297568038134881e-03
2.301329772591596168e+02 7.151042211512949507e+02 -1.757244408064885174e-02 3.484298729416526567e-03
2.920298751668154296e+02 6.605456886811315371e+02 3.353927678562182609e-03 -6.770289794535483928e-03
2.398766884563798953e+02 6.475399056547823875e+02 -1.224369535211420430e-03 4.842948979067292431e-04
1.053189560378385295e+03 2.228074008831540880e+02 -5.154924516858559042e-02 5.088350562043514325e-03
1.189033928229086541e+03 1.925904995342310713e+02 -1.114138381727652061e-01 -7.986972025494455674e-02
2.327088443187724920e+02 6.215450849307180761e+02 3.808871880415768633e-03 1.344674990343719401e-02
1.211467727486169906e+03 2.787636682847396514e+02 3.538031430396964237e-03 -1.708964238402906240e-03
2.512626415645788995e+02 6.514803087396124965e+02 5.043403487672046964e-03 -3.001264248383665647e-03
1.010424493034637180e+03 8.374610413167748675e+02 6.552439557247066379e-03 -3.550776215074800263e-03
3.245697296990292671e+02 4.819120526012711707e+02 3.945693905621954281e-03 1.240451890028043160e-02
1.075711614692386320e+03 2.011007697476154874e+02 2.192528534028767226e-02 5.704099326162447720e-02
2.426851083504862459e+02 3.925824475231995052e+02 -5.225253188395790477e-02 -1.109249245704956033e-01
1.100412120914570323e+03 1.922887542744489622e+02 6.726005353803291009e-02 5.595121624311630293e-02
2.287562421100329288e+02 3.097242061672867521e+02 -6.378013530891116223e-02 -2.039302224163742627e-01
2.872890319831233796e+02 6.634359275049615690e+02 -4.369795388408357121e-04 -4.323255231222919957e-03
7.622529796424225879e+02 3.947088508639613451e+02 5.784437417928259620e-03 1.565622324798625516e-03
3.120987364967451185e+02 4.869212052435657938e+02 9.701841497266994185e-03 -1.214269557821486163e-02
2.465750742898891303e+02 6.638615309135639109e+02 4.942468062149364856e-03 -3.370061613165854092e-02
5.031539573926849016e+02 4.793807524345493789e+02 -2.661775216118726119e-03 -5.188498292574139116e-03
4.216278631339855565e+02 1.096168999673381677e+03 3.462650338622209976e-03 -3.326878208171554340e-03
2.665592945017767192e+02 5.064774803518563999e+02 9.565906638926092997e-02 -2.328888124608469445e-01
1.157302337068643055e+03 3.320533966276386195e+02 1.667592957021114819e-02 -2.361449345639947406e-02
2.699751127389094449e+02 6.563375173973360006e+02 1.838310333059465325e-03 -1.689131638203893995e-03
2.131347207863726680e+02 7.330140292197448844e+02 -8.547201853812061434e-02 1.767429480335079017e-01
1.151798473579636948e+03 2.083050188428005072e+02 5.115520825832994140e-03 5.381868968474873803e-03
2.896134869327854062e+02 5.994254458343866645e+02 1.435941160024815921e-02 6.952343401070324239e-03
1.029329870193025499e+03 1.596914037890619511e+02 -1.345482850521452500e-02 4.417843909467904923e-03
1.243477199710850300e+03 2.736915028754976902e+02 1.459033987157904409e-02 -7.158196051936403445e-03
1.202809117071541550e+03 3.090357278794774629e+02 2.622825840813350906e-01 -1.013257336834633149e-02
4.768928951787365804e+02 4.860046274660441554e+02 5.768104063335077226e-04 5.600947384036232069e-04
2.913614768995956297e+02 5.794184650118223772e+02 4.233840875015895677e-03 1.745953284514463466e-02
1.247391445653604251e+03 3.557721363197325672e+02 2.372904523854411224e-02 -3.193730212344554793e-03
2.771085656865346891e+02 6.747781610272728585e+02 -2.578253664540121250e-03 2.586307021304735249e-03
2.485449270480001189e+02 4.140714157519432774e+02 -8.117924374477604454e-02 -1.787084522005209231e-01
1.129806727951225639e+03 1.920657041867168289e+02 4.566343200193580948e-02 -7.031086205815803569e-02
1.170101658728595339e+03 2.500263950223902611e+02 3.445624786313556363e-03 7.000419403489881176e-03
1.102530008311776783e+03 2.342227275543261271e+02 -9.273356427166338720e-03 3.157077171586210318e-02
2.235454484344399475e+02 6.819081048739755033e+02 6.987763832959014397e-03 5.683296556431777832e-04
2.844717332794799631e+02 6.071336139014770197e+02 2.443830024048570387e-02 3.808651278315759725e-02
2.894684661853950729e+02 5.883515290614162723e+02 9.047605652666438269e-04 4.397433059256003821e-03
2.338903142020510586e+02 7.228311816853672553e+02 2.267148625394873468e-02 -8.124102355100824846e-03
1.236312020324089417e+03 1.351931883413550111e+02 9.897239222101856387e-03 1.151209962864021934e-02
2.663072618781080791e+02 5.774501164727025753e+02 1.285334821455641138e-02 9.860533536177829017e-02
2.102325047862388772e+02 6.801899745849596002e+02 -2.008519138186811229e-03 -2.025348473924479253e-02
4.171276207393927962e+02 1.094218142244538285e+03 3.220628110140373070e-04 -8.517975679740287173e-03
2.476416058846295982e+02 4.038690704619404528e+02 -5.815492164194972086e-02 -1.333634613550299386e-01
7.196237701801147750e+02 9.219913823422755286e+02 -2.134248718394332351e-03 -2.750861332823759716e-03
2.408006852298578622e+02 3.678933466864256161e+02 -3.494026109153438447e-02 -1.383605327531388929e-01
2.183499499054364321e+02 7.101897701064580133e+02 -2.225033462510095372e-02 2.444431927791234846e-02
3.081682930065628057e+02 4.932787518544342902e+02 1.615310868615466369e-02 1.283584039464752240e-02
1.028119577563166104e+03 2.997182998805213288e+02 -2.970655123428316284e-04 2.268836245199923329e-02
2.624866005486057361e+02 4.959701378759730801e+02 1.169797928014926353e-01 -2.771608353602841301e-01
1.130413954722193012e+03 3.422030241460774960e+02 8.461061454621056702e-03 -3.141347267148943221e-03
1.206371492851257926e+03 2.389168110075127345e+02 -5.024763162874469787e-03 2.711293445878397781e-02
2.988433565635339164e+02 5.637583066020276874e+02 5.995890219250020296e-03 -1.488945581852499107e-03
1.166153186728837682e+03 3.220579916770928435e+02 -1.526736208342803838e-02 1.301574180999325210e-02
9.967668213913186719e+02 1.829219412878999265e+02 -8.625222514772101778e-03 -5.710092297487456836e-02
2.880090527507330762e+02 6.331247523063785820e+02 2.184728025900206996e-02 4.298052607389488827e-02
2.465595046749866981e+02 5.547137714723742192e+02 1.268448341466692497e-01 -2.580562668395943726e-01
2.622076441701331646e+02 4.138487352067871257e+02 5.054358972221797974e-02 3.128684917036961832e-01
1.008123190978645766e+03 2.543955938417708182e+02 3.289258234050553009e-03 -1.826935422412692732e-03
2.570645598708911166e+02 4.207991424933713915e+02 -8.616890899650070379e-02 -4.136668860737266473e-01
2.507081009535375813e+02 3.969000344393109572e+02 -4.099192542898012770e-02 -1.225390806716414871e-01
2.872222992461794888e+02 6.509167935857573184e+02 -4.779747326803415915e-03 -2.541643066656928951e-05
2.616358665681312914e+02 7.066351842138261645e+02 3.189734259414159917e-04 3.128014261175065657e-03
1.151765815457078588e+03 2.276811174452227533e+02 8.166228053339929030e-03 -7.908477233916310495e-03
3.230888847104454271e+02 5.500129623555317266e+02 8.331650083879604124e-03 -4.635358672797761093e-03
2.185285036705341781e+02 7.026462815268181430e+02 -1.858352831810505118e-02 7.758461732870534922e-02
1.489317198882831974e+02 5.244912494776091307e+02 -3.563324476753187368e-03 1.137110690960035225e-02
1.017972494441134018e+03 2.084828853097463650e+02 -1.083195401994902218e-01 -6.796427540504736131e-02
2.567110759378843454e+02 4.292293328942911899e+02 -6.282847378900505153e-02 -4.493976127525894926e-01
1.236443886503338263e+03 3.990749403497828780e+02 4.577496199468298124e-03 -1.444184303941616282e-03
5.174959735453121539e+02 4.815168149969767342e+02 -2.004666720627973960e-04 -3.251092796373617790e-03
2.559708742140180391e+02 5.288322028284910630e+02 2.694060038895921758e-02 -2.345281787932892714e-01
1.122493039105244407e+03 1.779787996022094205e+02 9.908005558201585239e-02 -2.426739405194486554e-01
2.647633809514597942e+02 5.436543304943190833e+02 -1.038757159811539293e-01 3.351839530877698259e-01
2.035175281552079696e+02 6.862743392105381872e+02 -8.296906559337176995e-03 -2.949633714229994361e-02
1.133009510000698583e+03 2.228335683312845674e+02 5.322245825110789343e-03 -2.376045136197509414e-02
1.036020080159138161e+03 2.896656729455480672e+02 -4.585109721597066361e-03 3.789386606144088971e-03
2.909230751103645503e+02 5.642858356609514203e+02 3.267622684771563646e-03 -8.228977746527858794e-04
2.460171057006438389e+02 5.129047064123955124e+02 1.071856053333124399e-02 -1.819239351361222057e-01
1.104352255985713782e+03 2.083948312399732572e+02 1.652557843266828919e-02 8.590769042643475739e-02
6.689355922129626606e+02 5.136391857769991702e+02 1.581190837100913682e-01 -5.819114147874359516e-02
1.542196918957427840e+02 4.847712107784005298e+02 -2.306381940621185511e-01 -3.926476005659477186e-01
1.245354881671889643e+03 2.928421288380727106e+02 -1.770652906011131386e-02 4.161022171573303639e-03
9.754309083975540489e+02 8.542995150744102375e+02 -2.512283298313935757e-03 -9.007312231298586144e-03
7.063880177282351269e+02 5.829070830692903655e+02 7.351689834384088525e-04 -2.062826971779833062e-03
2.465209098681249031e+02 3.830593696157201862e+02 -3.391718970759272783e-02 -1.140983948910425927e-01
2.689439781261771145e+02 5.929203386214618376e+02 6.300492394882326909e-03 1.358518102356097434e-01
8.295212117688780609e+02 3.924986726421985281e+02 7.794939453019381417e-03 -8.261744786896898780e-05
2.525490056901553828e+02 3.756976693850567699e+02 4.479274709447031433e-02 2.321757673926534704e-01
2.453036320599054534e+02 6.857448719756104083e+02 -4.356852075310450184e-03 1.764265365240684155e-02
1.126963439302156075e+03 2.204415038891068264e+02 -1.547849960073531539e-03 -6.064738427708692321e-03
2.620286943333416048e+02 3.843322767718622686e+02 7.214532759542405249e-02 2.180421301481904328e-01
1.149739944176435984e+03 2.461865918430651732e+02 -2.123921916327252814e-04 1.714493722127401372e-03
2.760492352549324551e+02 3.928068213126803130e+02 3.528399195648086739e-02 2.090391826196443814e-01
2.926427130553847178e+02 4.877336547043768746e+02 3.476453919359296599e-03 2.524766264698568574e-01
5.501915636090639055e+02 5.239497933856939653e+02 -1.209871509550424981e-02 -9.611262396734304020e-03
1.030691569728439163e+03 2.306436053392220060e+02 -4.583735115297353502e-02 -7.806785997778314945e-02
2.406129963314837426e+02 6.808404419778075862e+02 5.325165482120290715e-04 -1.157351457854163883e-04
2.542205760732933868e+02 5.537904363180341534e+02 7.774456018186516604e-02 -2.812824822619904297e-01
2.772346809236151444e+02 5.558656990905955126e+02 4.494174177720723640e-02 1.092597341657600002e-01
2.849244272434656295e+02 5.389957482755287401e+02 2.968537837788143632e-02 -1.463881418795374457e-02
1.531479354027846398e+02 4.999083113819242499e+02 -1.824783458685356741e-01 -4.367833734514716126e-01
1.623441882941978633e+02 5.037861417812372906e+02 -1.906904593168847750e-01 -4.608373712148442491e-01
1.019637633478947350e+03 8.606413511071854145e+02 7.715483028268953344e-04 -3.553745810687485972e-03
1.080348126966584687e+03 1.608913298836389458e+02 2.058031312594496391e-03 7.867218227445819598e-03
1.042093417754665097e+03 1.829298035888246545e+02 -5.977784681377976833e-02 1.001231185272321855e-01
2.585510607652951762e+02 3.732811946115413662e+02 4.341557661251755490e-02 2.210390865732425325e-01
2.421290169360937341e+02 5.478598658709400979e+02 7.236540451707058896e-02 -2.759815057434655827e-01
1.136216097927318970e+03 2.309923566052461865e+02 -9.326035670775839267e-03 8.354704042936660427e-03
2.491190257868861124e+02 5.308033027778116093e+02 2.830641717623018708e-02 -2.525138681475714297e-01
1.113786151799478148e+03 3.575245943318146828e+02 -1.910790169991552837e-02 -6.101745230131315478e-02
1.785094929830051456e+02 5.690615070205536767e+02 1.469807564370064455e-02 -8.964312770431342309e-03
1.698974651007291357e+02 4.986763545030880209e+02 -1.975859914084439617e-01 -4.773075745737911935e-01
9.689158126078496025e+02 8.842204263787433547e+02 -4.991544162986555344e-03 3.087895345693636700e-03
2.721212810485909017e+02 6.533992267540779721e+02 -4.456969287544028380e-03 -8.793784508588042143e-03
3.200791371918004415e+02 1.053634767934228876e+03 -4.105847611786841989e-02 -1.577957318007443960e-02
2.427677579926473470e+02 7.222778238903221109e+02 -4.950124999712073731e-03 -2.583548144002634217e-03
5.734535007826862056e+02 4.766871273002830662e+02 -3.336474376271893281e-03 -4.484979820935929527e-03
1.174664942327978679e+03 1.950490140046437944e+02 3.169739839270480780e-02 3.355658922152648591e-03
2.657591109497501520e+02 5.622899093939435033e+02 -2.453080531971309902e-02 3.094384802392537992e-01
4.915788659644019845e+02 4.633815289548447254e+02 5.360253128146430686e-03 5.783225821014549226e-03
8.038857245264686071e+02 8.771973995477451354e+02 -2.536036948243906852e-02 6.897635201654555084e-03
2.371086182661545081e+02 6.164644495512629874e+02 3.482319757163078325e-05 1.118671895415553758e-02
8.328164671114192288e+02 3.178374981357213755e+02 1.375803759687624014e-02 4.630537801529494360e-03
1.124790357343251117e+03 1.936577130687128658e+02 4.264786502309367983e-02 3.468440658284404482e-02
2.566563512851956830e+02 3.840151645909193689e+02 7.454324013201528432e-02 2.114036647554258797e-01
1.124961968279962548e+03 2.067838681419425768e+02 -1.585802255647983036e-02 -8.151916518787313826e-02
3.173659166887076140e+02 1.062898976201113783e+03 -1.554463855352547497e-02 -4.229861568231595148e-03
1.023786175206073494e+03 1.694038385053221134e+02 -2.057531121551781431e-02 1.400799842001853625e-02
1.038570185056260925e+03 1.734234132843950533e+02 -3.167854831624683943e-03 -1.421086631873914527e-03
2.726165666263698881e+02 3.771234860955925114e+02 7.931525446890072550e-02 2.569444827866510517e-01
1.179575317413224184e+03 2.460979251697062296e+02 -3.670696527737758209e-03 -3.158057959054623616e-03
1.757001714121485918e+02 5.510477841642338035e+02 -2.692606957147429259e-01 -1.977601540024818416e-01
1.058676773219569668e+03 2.908026262415936003e+02 -2.033544318025930654e-03 3.719925853799017391e-03
2.665954343344167228e+02 3.724974339833531189e+02 7.121811259350009637e-02 2.713862901639064740e-01
1.230315642560194419e+03 3.260996996412003455e+02 4.941856312808962093e-02 -3.892016356558099244e-02
7.880562042759892449e+01 3.197987166277544588e+02 8.135388099472916357e-03 7.644718216416023122e-03
2.393170581826520049e+02 7.038761299856041660e+02 -6.074132982317928704e-03 4.274935445987646659e-03
3.873146197993654027e+02 1.087128491146630950e+03 4.634439541902820106e-03 1.456469087283363863e-02
9.625330072693058128e+02 8.664048048786389700e+02 2.492852120050685800e-03 -2.280955853260221988e-02
9.912753291235018196e+02 2.082572425170690167e+02 -4.351144290203952381e-03 8.895176568631571468e-02
1.114283136012435989e+03 1.890892723042668706e+02 2.109210885454657763e-02 5.694650877106142983e-02
1.069132791038099185e+03 1.652464185575318822e+02 9.016995972417297597e-03 -2.210107288323790841e-03
2.526267641850019174e+02 3.644053974049490989e+02 4.667665386190805038e-02 2.384368959184730297e-01
1.035940448276010102e+03 2.957993626437149146e+02 5.492436434543820044e-03 -1.323078045730329520e-02
2.544183238572316270e+02 7.029907546825851341e+02 -2.288558510117008095e-03 7.262139629874987158e-03
9.721454353585945682e+02 8.295512337034709844e+02 4.576781279044130069e-03 -8.027994610819684865e-03
1.049845804775852685e+03 2.085702631699573431e+02 -2.317048211703778143e-02 -2.813598455876889504e-02
2.056264438559816483e+02 5.707597518367249450e+02 5.013567272751183468e-02 -2.747995283363970365e-01
1.159625800105734243e+03 2.466592457476600373e+02 2.124688376733331174e-03 7.634329871388328276e-03
3.136279397565503473e+02 4.710440183867233941e+02 -2.510863661661847496e-04 6.527819463550969988e-03
1.104190802834420992e+03 1.691901341706415280e+02 8.168916023929467807e-02 -3.565166198426463623e-02
1.133244954922277657e+03 3.526468114631961726e+02 1.455978100207941384e-02 -9.684901631362775529e-03
1.109985823892890949e+03 2.181078230092393824e+02 2.197955646986676781e-02 -8.560516356011352995e-03
2.388829338959290851e+02 6.617538296597826957e+02 -1.362600852700108925e-03 -1.113326739337791495e-03
4.634994915689505888e+02 3.928446963751200087e+02 -2.364663333460922750e-04 -9.554489755252085909e-04
1.180817295148719950e+03 1.868342972401397049e+02 -7.869665823591276421e-03 2.611209653967916378e-02
1.145100599784736914e+03 3.339336263120782178e+02 -1.451213706463076389e-02 4.270958234017897814e-02
3.692464796701754608e+02 1.046068948127196791e+03 -5.526495954693653317e-03 -9.343818620877890379e-04
2.506876020249916621e+02 6.984072449633548558e+02 5.210390771451059791e-03 4.207729922922730649e-04
2.125379301485072858e+02 5.954059988134737296e+02 6.753790066302839401e-02 -4.513972545364235145e-02
1.173533229712691309e+03 2.342441421222423799e+02 -7.280519639160876189e-02 1.692011210796086351e-01
2.645965675359400393e+02 6.776280514547195253e+02 -6.747522042171747586e-03 -1.413870534224320123e-04
1.171907001835103301e+03 1.868150534054115042e+02 2.847700144431682817e-02 2.208011764195146141e-03
1.090805023564297471e+03 2.097312630251850862e+02 6.013602217794778576e-02 -6.317477419292492902e-02
1.058107641032985157e+03 2.294050612755438010e+02 -1.400805060293711102e-01 -5.119131324072086903e-02
2.026438549402203080e+02 5.739477664533618508e+02 7.892000403933337183e-02 -2.572884872533623413e-01
2.607268207708079899e+02 6.192145205803162753e+02 -2.763550450122418648e-04 -3.031260807281994756e-03
2.596843285648021720e+02 3.605335731145714249e+02 5.740547245977863783e-02 2.357440598151442079e-01
3.690322204474182399e+02 5.183463738404518608e+02 6.396673971358038564e-04 9.621557995414789424e-04
1.222077432160728222e+03 3.519357315364374585e+02 -2.991552024389303524e-02 4.304839673803353278e-02
2.682565757198904066e+02 5.282991227161890038e+02 -1.057440478836335213e-01 2.291612751135465309e-01
2.962608806185359072e+02 5.041393416143029071e+02 4.196091676440479035e-03 2.322412837764605345e-02
3.096441736132096025e+02 6.012188746799499768e+02 7.515263194651953735e-04 -1.024837785411868499e-02
2.438613741550701377e+02 5.716293918729418237e+02 1.412950926624980397e-01 -2.343605971132936561e-01
1.013698983348126603e+03 2.126313291376574739e+02 1.032927148561767206e-01 3.634693646225150565e-01
2.705883956528801377e+02 4.396970902441807993e+02 5.751275011000123866e-02 2.711221091339136580e-01
2.047591515493395491e+02 5.831038027910537949e+02 1.329089113329431360e-01 -1.225758829933502186e-01
2.642101018240998656e+02 3.485198670819643780e+02 5.313318004976513159e-02 1.959693828552930839e-01
1.214011569478218462e+03 2.393956019921264726e+02 3.037008777507685733e-02 -4.033299774497515339e-02
2.745108497612425822e+02 5.612451114650035606e+02 1.002428176022633205e-01 1.274689605460950781e-01
1.007965007758524848e+03 1.994254199179676448e+02 -6.763791222600065711e-02 -1.245172156735338959e-01
2.138995997828831719e+02 7.137073122723602410e+02 -4.733985153174867511e-02 1.101188113809937474e-01
1.088903861569016499e+03 1.812096881984917047e+02 3.422480887033458458e-02 2.697416377547387847e-02
2.334552415921006912e+02 5.616632921664563582e+02 1.441132864281920167e-01 -2.338989768663321533e-01
5.208969761267751437e+02 5.329143395924359083e+02 7.207239158839848009e-04 -9.346347784548025145e-04
1.093795469076376094e+03 1.582174508063769451e+02 -4.970582431404649932e-04 -1.166340354257410818e-02
1.149996604461641482e+03 3.101125982218850368e+02 1.026218999597791198e-01 1.318698145597703986e-01
2.370970951461785887e+02 6.401706761276927864e+02 5.163629725853585879e-03 1.112147243163622706e-02
1.176784480429074620e+03 3.458737205161031625e+02 6.656766742138426826e-03 5.000413811496675492e-02
1.136089486923754976e+03 1.850686646151271475e+02 1.067548423300803198e-02 3.347554476713181931e-02
3.038778526847754620e+02 4.604969530678980618e+02 -5.407436899917688819e-03 -3.512478919269101680e-03
2.580347839020755032e+02 3.470365692852988104e+02 3.918131231636473588e-02 2.271572017940840793e-01
2.727655730035394299e+02 6.786009060275324600e+02 1.634851868805026719e-03 -8.949550774445924617e-03
1.120847981960194829e+03 3.196136450422174562e+02 -9.007599451924851522e-03 7.085491725797285305e-03
3.198655696058933700e+02 5.180437217148713671e+02 3.759973598292191965e-02 -4.645597480625478226e-02
7.927037639640566340e+02 3.977571452990645184e+02 2.733949883332516609e-02 -1.754928724614384164e-02
1.056506705439157713e+03 1.910366528126032222e+02 -1.079100691204571034e-02 -2.365741060539688564e-02
1.057416547842045929e+03 2.057685534700207768e+02 4.191924319036050700e-03 4.694324280945233810e-03
1.214541553550394383e+03 2.283967073628376454e+02 -1.613501292659649117e-02 3.092628569008511533e-02
1.047004820870334015e+03 2.226324023564255299e+02 -2.342438640152301813e-02 -1.547013554833785373e-02
1.125012341040223419e+03 1.825851583326123944e+02 -3.806129020246528522e-03 2.394755230092682208e-02
9.956761839701996450e+02 1.970942839290908921e+02 -8.617271393861733464e-02 -1.255712684591221151e-01
1.025894539686684993e+03 2.677346506880399488e+02 -9.005330012978627480e-03 4.994905423525369294e-03
1.153029453323390726e+03 3.140509898024658355e+02 1.039802793285017762e-01 6.524455007177050458e-02
2.469791645856123239e+02 6.061445589643658423e+02 3.580890922787355411e-03 7.100983563402836485e-03
1.208383267378228766e+03 2.993719512791730040e+02 3.040776995501121016e-01 1.087178269269900160e-01
1.142800201552769522e+03 2.987734314002441351e+02 3.326087490508490285e-01 -4.092461176560897862e-02
1.025857302986644754e+03 2.003988029834481210e+02 1.418736032080890053e-01 1.557497252718217928e-01
2.549817838277944020e+02 6.707616469452966612e+02 -2.682164082840202482e-03 -4.566410561521101232e-03
9.888031266248694919e+02 2.272701513397159090e+02 4.950901312957348144e-03 1.101897157450321650e-02
8.283157813183061080e+02 3.375281225405235546e+02 5.445202168428718570e-03 -8.083090582356542569e-03
1.076499325218955846e+03 3.110471583704449472e+02 -7.006421753122496314e-03 -2.726499058631266792e-03
2.900661360339776138e+02 6.706416755147298545e+02 2.381488478139846474e-03 5.048674030756118529e-03
1.001723575571943570e+03 2.165979801001898011e+02 5.291652943143244046e-03 -1.135698643306349079e-02
9.993266020464542407e+02 2.427087149036980236e+02 1.767630218695882219e-03 1.218089283767794483e-02
1.086578793357923360e+03 3.410329351082208973e+02 2.424463036371853845e-04 5.034545227833251910e-03
2.124441285575910854e+02 6.066072761796029909e+02 1.029493766711713082e-01 -1.840792311160630301e-01
1.199000364380909332e+03 3.763921405926201373e+02 -3.423779874567279332e-03 7.775938811902289791e-03
1.026200261923675953e+03 8.594554878326322296e+02 -1.016007539075223717e-02 -2.152000680771469845e-03
5.286652252697339236e+02 4.841954220217177749e+02 -8.859559515801968335e-03 1.355949818056421605e-02
2.532925060438039395e+02 5.929166717790565144e+02 -2.702037958226698091e-04 -1.151333772583648836e-02
1.197009723201502084e+03 2.217072933217882564e+02 -1.800113051526615326e-02 -9.098086324526532404e-03
7.920711149892707681e+02 3.689209972339937735e+02 -8.167761704406544324e-03 6.367686108070180415e-03
1.136465418369665258e+03 2.215140141294955356e+02 -8.425595069908949422e-03 -2.406364815335468657e-02
2.485092291672592069e+02 3.381645429670845715e+02 7.772593462598538505e-02 2.092501934637784611e-01
1.127324058248622350e+03 2.304842121487831434e+02 2.155819256582878693e-02 -6.028469488746755062e-02
1.146921966311559345e+03 2.374927067451600067e+02 7.472413195365100458e-02 -9.908372810658709617e-02
1.141606072801793971e+03 1.898717038825325858e+02 1.356185408828405534e-02 -6.589076146197650474e-03
1.252765300657343687e+03 3.340652840687378102e+02 3.412063056452309673e-01 2.221779820449300280e-01
1.228087549398750753e+03 3.589427268652373186e+02 -4.450704056607449510e-04 3.037367826246029513e-03
1.278255584280308540e+03 3.398420642738150264e+02 8.594015086046596918e-02 -4.843021269461400546e-02
9.796846232137228299e+02 1.878733059008726514e+02 8.261901398742960839e-03 -1.321283830101225784e-02
1.127232513634650331e+03 3.199909523638669384e+02 2.296391576076120544e-01 1.991994842832594814e-01
2.402936911162779552e+02 5.875212030530076390e+02 1.824769960738221175e-01 -3.010850313285275970e-01
8.474849045994284324e+01 3.345373551587427983e+02 1.759309276837517019e-02 5.080636400769903728e-03
2.301796000463484404e+02 5.456911769682532167e+02 3.334690727382262354e-01 2.551445512349154732e-01
2.702739578741638979e+02 6.837213795812460830e+02 5.354274667233835036e-03 4.309571394803089414e-03
2.795419732635389209e+02 4.939567449944566420e+02 -2.347719962826188417e-02 2.523269480979998258e-01
2.544949862276700401e+02 5.416727848242009031e+02 2.535612630497731043e-02 -2.600103689900840620e-01
2.460117322497517023e+02 5.920690783596326128e+02 -4.849851606362315035e-03 -7.893890360438120951e-03
1.115835734144477783e+03 2.632332817531616342e+02 1.926583322622736627e-01 2.261667180148632106e-01
1.061059765212871753e+03 2.174582650000064348e+02 -3.164772125263979469e-02 -2.280999178461932952e-02
2.516403416379165492e+02 6.397893703708099338e+02 2.891354473986087852e-03 -1.398222917993671927e-03
2.641855709907667347e+02 6.048721807999219209e+02 2.450117016661185372e-03 -8.113224334669221632e-03
1.154056974008969291e+03 2.361420021390249815e+02 1.304919242034650439e-03 -7.141416265199153346e-02
1.151626360580082292e+03 1.487413840953545900e+02 2.298828061122958899e-01 -4.008160240981140099e-01
1.002987509370231123e+03 1.737403572179329956e+02 9.762271131644456590e-02 6.318919980106747769e-02
1.019358175717403242e+03 2.511868697194827291e+02 -4.580481033133534940e-02 7.367761741671211007e-02
2.582178091520492558e+02 3.297284946496279758e+02 6.516086819673481967e-02 1.831256147405796730e-01
2.225245921961901558e+02 5.437744767704390370e+02 3.379712111863794055e-01 2.205819944863930127e-01
1.164117953673192460e+03 3.544291410842171217e+02 1.173324670174107597e-02 2.124562721765005033e-02
1.143767559007346563e+03 3.193178419273876898e+02 1.067933619229500114e-01 1.216697389630932852e-01
2.273133594546516179e+02 7.310532346519042903e+02 2.107923323907784103e-03 4.137037351049254429e-03
7.219986185336722428e+02 9.767060080282877834e+02 -1.492006916512962460e-03 1.087831010555320114e-03
8.877094751892607860e+01 3.419526332219315918e+02 -2.724502058223289211e-03 1.876722531132356958e-02
2.081274810277804193e+02 6.053765583982386715e+02 1.215388664886561526e-01 -1.481923433598195117e-01
1.107608237555467213e+03 1.805422112927992941e+02 3.061193899224019799e-02 2.414158072704370925e-02
1.062078426623917949e+03 2.090046066171154848e+02 -2.357826113240824636e-03 2.042789863611291570e-03
1.043596354846712757e+03 2.101995959261075200e+02 -2.479532468642261719e-03 1.402870519913227559e-02
2.945696049961528047e+02 6.383828724032950959e+02 -4.474341016521741717e-04 -4.893040177357266436e-03
1.074340650345841823e+03 2.199491825354339767e+02 7.765297870489598804e-03 -1.987854740146090954e-02
1.166234651960664905e+03 1.555083755355514370e+02 -5.415235204153678351e-04 -7.319519153984930734e-03
1.145830445651521359e+03 2.051817727951266761e+02 4.770855230874238191e-03 -5.593128553033297271e-03
3.089608289867136364e+02 6.177556412830277850e+02 4.986609367598070219e-02 1.659618878148527363e-02
2.475779515841586260e+02 7.594258437241561523e+02 1.378826631860935632e-03 5.369631642627673007e-03
5.288168429759646187e+02 4.686197238299445189e+02 8.339768769012675595e-03 1.235604678541194759e-03
1.026219466279641892e+03 1.814562847142129840e+02 1.731043652216173734e-01 1.421225474824627522e-01
5.781277506944816196e+02 4.420127643898050565e+02 -2.727690146685961183e-03 -1.485770752929911967e-02
2.841659500169344597e+02 6.702988022266498547e+02 -6.914568956348699945e-04 -1.112729423640992053e-02
1.103360797259571200e+03 1.818591321766852786e+02 2.848172624106668285e-02 1.425593207791550458e-02
2.276508571355521440e+02 5.820960084833623114e+02 9.314797215820126708e-02 2.289562545033867191e-01
1.174570418890166366e+03 1.600559099586489253e+02 3.410895492395254070e-03 -5.094767840128245663e-03
1.139769930767976803e+03 2.421596661411242337e+02 7.254662046820482433e-04 7.618897537904187681e-03
2.511192136209370176e+02 7.095999830547651754e+02 3.714270183030183876e-03 8.638377874439635536e-04
2.306915494402707623e+02 5.154332591277523079e+02 -4.064390850997810084e-02 3.817294474893657280e-02
1.122581642854159099e+03 3.349257830978534116e+02 -2.598121983681149841e-02 2.254921967239444797e-02
2.560560898654009634e+02 5.154787937131085300e+02 1.289758448400432633e-01 -3.110894503200724026e-01
2.307516093758354998e+02 5.719445464507462020e+02 -3.852936739805740141e-02 1.053373189587746561e-01
1.146040648905492162e+03 2.152336893540112328e+02 1.128723369513431711e-02 -8.420855285645147820e-03
2.020471947760919136e+02 6.102925480156378626e+02 1.316408111477570253e-01 -1.879968099070788157e-01
1.135892538169586260e+03 3.705857035232355656e+02 -3.303905103425362234e-03 2.018126587493178359e-02
2.086731972069128176e+02 7.460457102840369998e+02 -6.202145506066326051e-03 4.455737935246240067e-02
1.068433884890098625e+03 1.877562768577724341e+02 2.711752274360313200e-02 -7.097521789429160621e-02
1.148914346163790242e+03 3.498384014268133342e+02 5.433613017644482561e-03 -8.742692558024093771e-03
1.033886086473637079e+03 2.780121119553135145e+02 6.792467573681693245e-03 -8.803420611959137179e-03
2.516983221700733111e+02 5.189858356867962357e+02 2.031877821098660719e-01 -9.858996880440246136e-02
1.178684882041864739e+03 3.518925245487430971e+02 1.369591600423788894e-03 1.110277239656332592e-02
2.161459107009598029e+02 5.843530968818671454e+02 3.391154779873238427e-03 1.223607014457238611e-03
2.244865635066075811e+02 5.751717041496091269e+02 -3.205217809203203538e-02 1.302399430509949274e-01
2.388531105286477612e+02 6.769823372011563833e+02 4.488148931444291452e-03 4.490974000116981763e-05
9.836464481238990629e+02 1.675165693489375087e+02 3.829492847615139500e-02 -1.130305907943638249e-01
5.066167335112691603e+02 4.865986628393251294e+02 -1.646652008941087422e-03 -3.058870682801481580e-03
2.146604669961292871e+02 6.167841802275830787e+02 1.498493501121840321e-01 -2.299459933325667116e-01
2.477703445932009174e+02 3.214701885534942676e+02 5.800216890641772538e-02 1.889775234272682014e-01
1.180842557625946483e+03 2.997734195109298980e+02 2.520847074249288888e-01 -6.720331654369237143e-03
1.106223034545836526e+03 2.378962586394297603e+02 -7.384274476479921190e-03 4.647426983103685773e-03
1.091443099365037597e+03 2.996154530280830386e+02 1.348621957511856595e-01 2.062611608658797002e-01
1.167054839577453095e+03 2.491843622434847134e+02 -3.166874363150872082e-04 7.337348981949806670e-03
1.133626463550950120e+03 3.020809381678245131e+02 2.504839725378169013e-01 7.834319563443947754e-02
1.970174408394336183e+02 6.032971755634059718e+02 1.431735413421512115e-01 -2.079938176632333824e-01
2.170734963417342556e+02 6.304594040191647082e+02 -3.657637091928668538e-02 2.373202954305880519e-01
1.276108027300819003e+03 2.714292035957142275e+02 -5.203641640319702638e-02 -2.710932248068373962e-01
2.210761292889528704e+02 5.909536055722313677e+02 1.306190494960876303e-01 -1.548731277987822064e-01
2.094056326898255236e+02 7.226043061390998901e+02 2.454670921563989819e-02 6.171199302010372395e-02
1.192341318820590004e+03 2.032923311980417793e+02 5.078926198930140690e-02 3.434768849712803440e-02
9.756895477623914985e+02 1.698526041976713827e+02 6.467583638029713970e-03 -1.550845404726107143e-02
1.060240755181258010e+03 2.063541615223878978e+02 1.880375616765647554e-03 1.120473115222320485e-03
2.725048618844106159e+02 6.614512818604337099e+02 -1.168042701320669285e-03 7.864503625688656170e-04
1.007529022429948100e+03 2.270776637531439235e+02 -2.548712807295527849e-02 -2.622931766751322724e-02
1.033475448340170942e+03 2.532179913824458879e+02 -9.352057832799827788e-03 4.618233064356005307e-02
2.194735238991810036e+02 6.133619031215473569e+02 8.540609066639885671e-02 -2.056379634400434253e-01
1.164470107376303531e+03 3.856442085902640429e+02 -8.031990293935756947e-03 5.210222195520856914e-02
1.095248423204564006e+03 2.090629761913909022e+02 -3.303089207138507760e-02 1.077869972446524743e-01
2.053806775930181345e+02 7.281759865867757071e+02 1.344507400350010255e-02 3.627224024606081482e-02
1.200428111039974738e+03 3.631137638768776696e+02 -1.490379905664829772e-02 2.140637926971174915e-02
1.261209996221800566e+03 2.009900795553556918e+02 -1.707684348883337262e-03 2.077300985837326076e-03
2.822542669732753779e+02 6.512082141918939442e+02 -3.202967439147139800e-03 -3.626886341386566757e-03
2.574693501149615713e+02 3.536903931719762681e+02 6.072757388940857454e-02 2.223645360835647955e-01
1.159636829520018182e+03 3.796682864543329288e+02 1.648026357342321710e-02 7.203201170636255347e-03
6.193099967031113238e+02 4.679816267795653175e+02 -6.165697117808763839e-01 4.071619424389638087e-01
9.820078926890810180e+02 2.219005947142521507e+02 1.224093492112275465e-02 3.345655785515354308e-02
2.397003741023857231e+02 3.186967906029527740e+02 5.181087525498428992e-02 2.146876836064651184e-01
2.679104287712273731e+02 4.149186453703090933e+02 4.196699376574777179e-02 2.824576056543488534e-01
2.842684768456026632e+02 4.902079541119576902e+02 -3.536502527855992645e-02 2.328342658694614320e-01
1.134422232692449825e+03 2.159518385419938227e+02 2.399107292180500375e-04 -2.028695455422252145e-02
1.102234067099358981e+03 1.491591166626858751e+02 2.644314166080914685e-02 -6.848213558932551848e-03
1.146193149492952898e+03 3.518502217329773316e+02 -8.968246995414345599e-03 4.041306024559970789e-02
2.460624535630937260e+02 7.011165009534090586e+02 1.497832733010659705e-03 2.616903510614173624e-03
2.325627946412843698e+02 3.227056161739341178e+02 -4.396265936730688051e-02 -1.979277454494459410e-01
1.091799939679641511e+03 1.965336860424541214e+02 4.289596330018452530e-02 5.393805694536768502e-02
1.075908952953420794e+03 3.002050011985217566e+02 3.299592439771454559e-03 1.102885865401560155e-04
1.166793103842198207e+03 1.989408094979170016e+02 -1.210116327960606419e-01 1.660219229910423755e-01
2.112758518925763838e+02 6.254983485704408395e+02 1.862923166725416746e-01 -3.176208622979744267e-01
1.940355014891174221e+02 7.015262246926019998e+02 -3.360504759399700076e-03 5.096536439152309084e-02
2.210777277207261875e+02 6.909636311717620174e+02 6.349130219385499055e-03 3.658497980024936341e-02
2.403278800679695166e+02 6.024708605381924826e+02 1.150901236577752708e-02 -4.690506271830068540e-03
1.922048630962503921e+02 6.139009413678878673e+02 1.322613065866517501e-01 -2.293819842192610092e-01
2.330732194273279561e+02 6.985656988257372859e+02 -1.588198488943333084e-02 -2.631694646444686717e-02
1.939953965247213716e+02 3.195351044108316501e+02 -3.599323558689482782e-04 -7.247651370896686547e-04
2.025263666778151617e+02 6.184874096065409503e+02 1.890305140450681542e-01 -2.358863863690153773e-01
1.204388867960617972e+03 3.870910340462917816e+02 -7.558440607888517772e-03 8.564034379394860896e-03
1.095586055661717410e+03 2.633494133563980313e+02 2.839868879470491270e-01 1.957580122637033737e-01
1.212431033383839122e+03 2.270593187184077522e+02 -1.077218517553270001e-03 -2.267889415859957510e-03
2.768610667551454867e+02 4.227252441942763426e+02 7.711285973817218198e-02 2.821897430198284096e-01
1.160969623540953080e+03 1.885259901389063373e+02 1.729501851577248950e-02 -7.022045301346168701e-03
2.646142679980300727e+02 7.300019965447102095e+02 -8.597108444738602723e-04 -4.145740537456497031e-03
1.170696761506752864e+03 3.568287121302907394e+02 -8.939377149034151426e-03 3.731491906717673140e-02
1.023991147267843644e+03 2.534749295293244131e+02 -6.100994542035631518e-02 8.866873846734946163e-02
1.109266903239876910e+03 2.846019438411771603e+02 2.055733864486314066e-01 2.098182318758295972e-01
1.059528208766964326e+03 3.007571968912305351e+02 -1.439967502769922206e-02 5.614675752602885789e-03
1.083119185771689672e+03 3.021867478928123205e+02 -7.720318488935448697e-02 4.287985893414385241e-02
1.149749387537132179e+03 1.936036994236382611e+02 -1.538896879643595261e-03 1.184033865308494913e-03
2.846275689735178389e+02 4.723695163703141588e+02 3.296624110150236237e-02 3.030087847555180125e-01
1.195255845716067142e+03 2.462787780739643608e+02 1.192190615625525474e-02 -1.783186850428087819e-02
1.160932201761297165e+03 3.450807932996017939e+02 4.205581255206144314e-03 -3.627154124688844808e-03
1.220144664356758085e+03 3.715721057439641868e+02 -3.550515821011190638e-03 7.637847462872444926e-03
1.083405286017634353e+03 2.637820511563395485e+02 2.893929625936852990e-01 2.856423629951362342e-01
1.002630960157400523e+03 1.958065517670676172e+02 -1.041356104262527726e-01 -1.168300028169061561e-01
1.210861920670298105e+03 3.161089533984900299e+02 1.745037991151552892e-01 1.211622743237523864e-01
1.262116483071032690e+03 3.232262018446742786e+02 -4.538938877281380457e-01 -2.309812174999074652e-01
1.147027363875483843e+03 2.198893962061086711e+02 -3.647641192354076321e-03 -1.974654478988889083e-03
8.157703736397854755e+02 3.367895229434072348e+02 -4.738551932430007255e-04 -9.190999830074774585e-03
2.714493047784224018e+02 4.290328191033630105e+02 6.614755313385407842e-02 2.914234833933035396e-01
1.049839141560717053e+03 2.339352817349236773e+02 -2.743487009589479914e-02 7.339354491763473709e-02
2.033774445149183521e+02 6.926519977384741651e+02 6.975607065197354795e-02 6.701503412443574059e-02
9.441884007441179847e+02 8.591282134422826857e+02 1.006184426122816531e-03 -8.849268640189377616e-03
9.645108379385683293e+02 8.591973858184056780e+02 -1.507741734585714248e-03 7.937119992817261637e-04
1.968339270382060135e+02 5.841664816915022129e+02 9.283749247303057367e-03 -3.066467973955655513e-02
2.785643653134376336e+02 6.590733314930790812e+02 -7.628482549098790540e-03 -3.227369699759335010e-03
1.233406310813679966e+03 3.033123240437008121e+02 1.084103522706156147e-01 8.642784717339806189e-02
1.064419723757272550e+03 2.007881000832458085e+02 5.390113628871152397e-03 3.539878323506276230e-03
1.114905693904360078e+03 3.360673943655235689e+02 5.601460291952414794e-02 3.025493286999777487e-01
1.222425773060344454e+03 2.471077067012510042e+02 2.048542299755156185e-02 4.112529785127596454e-02
1.280925301938094208e+03 3.719035810032957556e+02 9.843358754132718047e-03 -2.356660115370261613e-02
2.809664311343995564e+02 6.451139059217990734e+02 -1.096706613469509024e-04 -1.565244855718861362e-03
2.973442144328448649e+02 5.044956227321693518e+02 4.109382737861342304e-03 2.218703958984160826e-02
1.138988898515636492e+03 1.442040105092195290e+02 -1.182897676170175001e-03 1.835305721653689506e-02
2.728149965918543103e+02 7.182226341760697323e+02 4.251128860945223818e-03 3.137414957701357716e-03
2.511669323465527555e+02 3.047753679509127664e+02 4.283637715045524735e-02 1.684942582774174302e-01
1.019588666829830345e+03 1.882612289429571604e+02 1.080489889917679164e-01 -3.375232394881552515e-03
1.030042942342535525e+03 2.227356719295895573e+02 -4.033170068447757689e-02 -4.831815873185439474e-03
9.240207835754303005e+02 8.589465096721097552e+02 -1.257813074765408608e-02 8.608531806027030706e-03
5.717273546894947458e+02 4.834688608404310344e+02 3.518885114927301858e-03 -4.492221242180171117e-03
9.245172980774498228e+01 3.664320984033405466e+02 -1.641148253207506610e-02 8.608049095893359481e-02
1.161816393707514408e+03 3.247018194703775293e+02 2.469175462463132128e-03 4.136475583766359605e-03
1.980788680975236389e+02 6.245986470682831850e+02 2.054372411241637553e-01 -2.506941693762539392e-01
1.074538024417503493e+03 1.932664631790084400e+02 -9.900882694582354912e-03 -3.655876008325190107e-03
2.404535551788435725e+02 3.412646499021747672e+02 -3.642358966802499570e-02 -1.878451249114291288e-01
1.166434114014952002e+03 2.019055632931527100e+02 -1.692199670560957381e-01 3.681904995309939060e-02
1.930641406435258602e+02 5.950196848582156690e+02 2.247464101484784871e-01 -4.148474289887706390e-01
1.234287803768768981e+03 2.773515259343919297e+02 -2.149420910844597812e-02 -1.488709402961321381e-03
9.692030655531801813e+02 8.568647737957998061e+02 1.622646398989976036e-04 -1.936021312919820186e-02
1.041366949985092106e+03 8.500507369511193474e+02 -3.497234521120162754e-03 1.370319265310306761e-02
1.400888424707090678e+02 3.892318735673374022e+02 7.615761032177121833e-04 -2.832708002989843803e-03
1.036961733295825070e+03 2.032469686060386778e+02 1.135352858541198162e-01 1.629068159150516282e-01
2.755514187419736345e+02 5.846278771280398132e+02 3.005324779304984623e-02 1.563535107842651262e-01
2.468572746508703233e+02 7.039960443758808424e+02 -4.355808545167398280e-03 -1.399782811155636346e-02
1.087151355420115806e+03 1.607855786577223682e+02 5.339316041530343601e-03 1.485416587392242825e-02
2.563996985278128591e+02 6.839979075666030894e+02 -3.275378701399576237e-03 -2.816590248764397342e-02
1.018520997625369091e+03 2.254493183754036920e+02 -9.792830888874431983e-02 -7.703886847816913963e-02
1.919142047098169996e+02 6.328670632462750518e+02 1.750875726996859727e-01 -2.519920309383920087e-01
1.169829992656762897e+03 2.267064058473334853e+02 -3.012270518574144962e-02 3.506213720441120341e-02
1.131238186420195461e+03 2.628136281670952030e+02 -1.006468695638916000e-01 1.325733534423260973e-01
1.138283862585994939e+03 3.765646471630799397e+02 -3.743420022812106451e-02 3.732607425080421842e-02
1.261866986082404537e+03 3.892540267356097843e+02 -4.230021954914520328e-03 7.855905201894622381e-03
1.083299270808738356e+03 3.088225374184518728e+02 7.302356754193719927e-03 3.504413939075926888e-03
1.224223493750461330e+03 3.609988677745063228e+02 -5.186395730295869505e-02 8.091818209538584328e-02
9.911094247506044894e+02 1.722427162545835131e+02 -5.084333004592673372e-02 -1.939217887925364370e-01
1.072514578730256972e+03 1.803857610307596246e+02 5.341760203401301615e-02 -2.146393857240571496e-02
1.096764785442742550e+03 1.761666875108789156e+02 3.310912912813165215e-02 3.168928730494608380e-05
1.223516825927468062e+03 3.153528553557958389e+02 9.971699987504942936e-03 3.287972054059281612e-01
1.083476611561576192e+03 1.856293843152305385e+02 5.238179642868898145e-02 4.163493384717161655e-02
1.018573917794197541e+03 2.179886081498420936e+02 -6.738286800015992617e-02 -1.267943504993327697e-01
1.096108541961610626e+03 1.540639620759462218e+02 7.041810617247905475e-04 -6.756354936493060188e-03
1.014457231534494554e+03 2.151681857002652691e+02 -6.246053034312712415e-02 -9.466722471182879850e-02
1.115745097140515554e+03 2.365850251975581955e+02 1.278685562292465952e-02 -1.808909737020269332e-02
1.104549884012693610e+03 3.439098188095253477e+02 5.767888411827308548e-02 2.955145623196610005e-01
1.015142504446946646e+03 1.894716535872984764e+02 1.285147818808990705e-01 9.453937504134539427e-02
1.097604144152370509e+03 2.320864798452684852e+02 -6.191865561015005848e-02 1.089815084252140770e-01
2.432063716332383763e+02 3.001170657023878903e+02 2.354594442061513221e-02 1.816356270505201931e-01
1.050201054776521516e+02 4.147334046132604612e+02 -2.547645769057726439e-01 -5.694608571932731067e-01
1.168022295904605926e+03 2.821072949526990215e+02 4.814672690069101146e-01 2.536443614733233098e-01
2.060357452910585607e+02 7.408460769385283129e+02 3.574050000519680276e-02 1.185495313015318131e-01
1.160228880623518762e+03 2.109109851458303240e+02 -1.580508810344795389e-03 9.656947302680192469e-03
1.210707937852228724e+03 2.537667491402146993e+02 2.010983766965154795e-02 -7.200554273704497070e-03
1.184513697220646918e+03 3.884444179343879568e+02 -7.167433239332735885e-04 -4.688178954880454531e-03
2.430630053041213898e+02 6.764256334709441489e+02 6.499826221291059476e-03 4.941259017758773547e-03
2.539120875165420443e+02 3.319099054965637379e+02 5.924326864824513983e-02 2.023280650972607841e-01
1.179097574778134458e+03 3.087295822885555481e+02 2.469364589276850097e-01 4.234106800913561841e-02
1.099583951495513702e+03 2.101081021056854752e+02 -9.349996201878624236e-03 -2.428543696598555769e-03
1.201104600997911348e+03 2.527432366835148798e+02 3.329020480971430027e-03 1.560014604869651086e-02
1.259523150081681706e+03 3.435379450959975998e+02 4.338759439454565464e-02 -2.096412824301744238e-03
5.151088990410602264e+02 4.769310302394240466e+02 -1.428581569011692963e-03 -1.050062106901717123e-03
1.131839919822309412e+03 2.377173527872653835e+02 4.348281586383182309e-03 -7.221828149490482941e-03
2.596700028714171253e+02 5.231883705160744285e+02 1.772709847161528865e-02 -3.136323737589863936e-01
2.589578535273938655e+02 5.184279863597076883e+02 2.850568392383868721e-01 -1.525548392660870944e-01
1.092428990214138139e+03 1.801585409653276031e+02 -1.320093376458923327e-03 -9.638566304031807863e-03
1.010748035080181694e+03 2.359990978295620323e+02 -1.940443234238955345e-02 1.438872480858843089e-02
1.038908859227700077e+03 2.578690891540043140e+02 1.002841994525593798e-02 -8.083412851307055988e-03
2.477054598785977646e+02 6.197705761386657741e+02 -2.024711209899807823e-02 -2.611654250250020071e-02
2.999488351600004421e+02 5.759720828453876038e+02 -5.747592384408492169e-03 4.250944660419730611e-03
1.022344874694928876e+03 2.166003615473164245e+02 -1.062959008523736426e-01 -6.226218907651900891e-02
1.145777062080712085e+03 3.620700624945139339e+02 1.174150018512695182e-01 -1.798098039657676506e-01
1.008229745415709658e+03 9.275227113561862780e+02 6.045998631770200979e-05 -4.849649984714887578e-04
1.090603593560132140e+03 1.925322033680901086e+02 9.054093817835807967e-02 -8.684142387630140736e-02
2.566466460229699464e+02 6.048064715314978912e+02 -7.587303955734878060e-04 -4.221096030184818756e-03
1.115275839632027782e+03 2.072925488966472756e+02 4.787358844805566886e-03 -2.971578064286239246e-02
5.793577737042824083e+02 4.511020084203750571e+02 -2.610755740931836044e-03 -2.030556484947860021e-02
1.117379714914889291e+03 1.982861766433881030e+02 2.623783066479535089e-02 4.646498772345931949e-02
1.175591329707709519e+03 2.217892791632123703e+02 -7.558287305561895569e-03 2.457839482932050110e-02
1.175551251540419798e+03 3.104073942752331163e+02 2.542777849482886210e-01 1.831111148596236207e-02
2.576853957697623514e+02 5.427060198904006256e+02 5.035178503844722070e-02 -1.859158865244483760e-01
1.106840513096176011e+02 4.115869053688620625e+02 -2.556905258532803371e-01 -5.865641917893865687e-01
1.029275941318758669e+03 1.672164690550627313e+02 1.262407842440947192e-03 -1.322274140044178183e-02
1.076991957598825365e+03 2.139110526428047194e+02 1.953299376406714583e-04 7.067043545658154360e-03
1.062740180750171703e+03 2.280287056706275735e+02 -6.447919358652143274e-02 -1.584801754184800987e-02
1.125782771436866824e+03 2.953956374598101888e+02 7.545289933068917432e-02 2.535375329372836495e-01
2.103533866672334796e+02 6.439913948877467647e+02 8.151822739046968861e-06 1.055131149624934095e-02
2.590285638391467273e+02 7.288891578435527663e+02 4.182820568191671952e-03 4.301105195243096375e-03
2.905465090413829330e+02 4.438321520048874618e+02 5.988578760844102955e-02 3.016147380092621955e-01
1.105135118040172301e+03 2.700590658663532508e+02 1.964165710095795159e-01 4.006703648916303262e-01
5.169006596942807619e+02 4.896551586079308436e+02 -2.693619306433438481e-03 -2.804811952515530362e-03
1.072029782329548880e+03 3.438691180866344439e+02 2.988969666122173741e-02 -4.536628935434415533e-02
1.170719677269019485e+03 3.355992618355896298e+02 5.922574838867452479e-02 1.750396870739994587e-02
2.145756801393015678e+02 7.560411205779046213e+02 2.203806796228602663e-02 9.830227788758265708e-03
1.161765522040448786e+03 1.512656607912479956e+02 2.591552693990706660e-02 1.888118326875030603e-02
2.108101818717539686e+02 7.020603213001501217e+02 1.894342077833471166e-02 1.299759559382482610e-01
5.181635925104974376e+02 4.858682735629060403e+02 -3.152647307518106640e-03 -2.137038479157135976e-02
9.789176645488598751e+02 1.767366457833898323e+02 -5.418400128215413586e-02 -6.439644233196002883e-03
2.531860791429108133e+02 3.595439460480880598e+02 5.019261996275167087e-02 2.695674313098687658e-01
2.862296454857785761e+02 4.591081879666852501e+02 4.985452231745194501e-02 3.211359270657148102e-01
3.062222008766911472e+02 5.131904324796429364e+02 1.783115580935756839e-02 2.975542993703210112e-02
1.183254439697550652e+03 2.303873545713444173e+02 3.290798660306393231e-02 -1.810122322548342669e-02
1.244141519468594424e+03 3.048184249321236621e+02 9.649675552703721251e-03 -1.475067847248586438e-02
1.196663926611809302e+03 3.699401325125878657e+02 4.493384020274978491e-02 -9.782916685096883225e-02
1.946543230217938003e+02 6.561638568321928915e+02 2.156064204828069819e-01 -3.591454959261710655e-01
3.047847854662255145e+02 5.238087349597318507e+02 1.632222756638548877e-02 1.278464456564226172e-02
9.985396750849830596e+02 1.759284126948850826e+02 1.457703915743321366e-01 1.082848085005084782e-01
1.084448064826291102e+03 2.169060470826212565e+02 -1.412927819687188544e-02 1.063006056704355294e-02
1.025430935196668543e+03 2.471290390014187324e+02 -1.427882451570478828e-01 -2.387621642719750525e-02
1.040797988541926316e+03 2.638949680700722524e+02 1.910417350137670958e-02 8.971886898550904266e-02
1.087987228980818372e+03 3.330895082065795805e+02 6.554607381260327617e-03 1.116614361408548852e-03
1.222556634865785782e+03 3.565734611672212964e+02 -2.071593849359971290e-02 6.703792891155710421e-02
1.092242105472014828e+03 2.237115929436024828e+02 -6.604948573344106288e-02 1.436815735231929125e-01
1.138991893047783833e+03 3.436544462529461725e+02 7.712477186230345299e-04 1.471802533648853932e-02
1.867997507431135489e+02 6.461143491147523719e+02 1.700430160271959867e-01 -2.263934092951755961e-01
2.540296382397467312e+02 5.283851258696691957e+02 2.283044746961681859e-01 -4.119375657847589023e-02
1.046639362816498988e+03 1.738731067516586677e+02 -2.259355820374922552e-01 -8.416882272153808353e-02
2.507431660923376455e+02 5.728814677580556918e+02 2.153431044487547352e-01 -3.117566384798061141e-01
2.953151865148529964e+02 4.718138418384244233e+02 -2.801274265027328507e-03 3.003210118510576399e-01
1.080619546284832040e+03 3.091060749675773422e+02 -4.166736809643432037e-03 2.117767467052544816e-02
8.200398490419186146e+02 3.271054723019050812e+02 -1.228138768039549814e-02 1.577986550067505545e-01
1.139696410236462270e+03 2.479572773014056963e+02 6.801147656228009875e-03 -1.244647582727872884e-03
1.202756596932328648e+03 3.235643672428766422e+02 -1.834226558902585930e-02 -2.945879797657071850e-02
1.294112877128263563e+03 3.499969477182788182e+02 -4.935573361915483459e-01 5.042406910490626615e-03
2.198317559929110985e+02 6.326580036643390486e+02 -4.315455655589525014e-02 8.689516709753576651e-02
2.910611160747375266e+02 6.299164253187748272e+02 -1.508034383501253217e-03 -9.129633966653654537e-03
2.355939023643559267e+02 3.059788592186997107e+02 1.244519276806535096e-01 3.261521754257276084e-01
7.010587560880471756e+02 4.394385479690975558e+02 -5.144026954058388001e-02 -7.604370409099001082e-02
1.036548168525263691e+03 2.570908694134246844e+02 1.574514822937631009e-02 3.107128748947846422e-02
1.278980600648106929e+03 2.890691094701825250e+02 1.800048576352483443e-01 5.252216744367880358e-02
1.115237258626468929e+03 1.501038999899564033e+02 6.669633675324448951e-02 7.134351678311576239e-02
1.133541930963737741e+03 1.637649060896239916e+02 -1.143753754721861943e-01 1.195483496663695550e-01
1.043719596579501513e+03 2.315046447414836166e+02 -5.034404287021505137e-02 1.906289546768613341e-01
2.135738327402454786e+02 5.911820830149846415e+02 4.063545756606544782e-03 -2.491586246213035177e-02
2.282536591120552316e+02 7.446257035230830752e+02 -1.980673017494304685e-03 1.161191042314851235e-02
2.227172864555203944e+02 2.990104615405217601e+02 -6.760830528632126579e-02 -2.378826357146337500e-01
1.148281449233182457e+03 1.774348722414948725e+02 1.123037881800030419e-01 1.020957733538594391e-02
1.125497158228520902e+03 2.355838083033349619e+02 7.616490588111446761e-03 -2.949050826663750582e-02
1.182241967389401907e+03 3.326692676120788406e+02 1.503647358136276924e-01 -1.058805843794942830e-01
1.257006031336118895e+03 3.234497599453064822e+02 -2.957295689403849903e-01 -1.178662709468284164e-01
2.806660980967984642e+02 5.829586044692504174e+02 -1.139018605556280372e-01 4.319279707874197904e-01
2.396574024798355538e+02 6.343232524107277186e+02 -1.591207275028314007e-03 1.446394496654970947e-02
2.609089159099131621e+02 7.203003003842255794e+02 -1.223400234507727481e-02 -9.356453363377088828e-02
1.047110520634497561e+03 1.981321948077031720e+02 6.938513533308802821e-03 -1.962728809267449276e-02
1.190242701680476330e+03 1.849588294622765545e+02 2.058828440163374893e-03 7.987088793818959698e-02
1.195827872107037365e+03 1.875195008001983581e+02 -2.630156198580380078e-02 5.792461605959905308e-02
2.528760681709833875e+02 6.985564652374215484e+02 1.024144830942077568e-02 -7.593380470182507780e-03
5.299609303309533743e+02 4.915490027852357571e+02 -5.344925687763059548e-03 -3.150174516035269146e-03
1.122075428059258911e+03 1.532876311767736013e+02 8.500839371691547297e-02 2.259399343078456468e-01
1.268726821003867371e+03 3.376033555044915033e+02 3.626268821293278655e-01 4.418064980441894357e-02
1.514417242860806425e+02 4.547456222014394029e+02 -1.240198566784666808e-03 -1.978512404764559696e-02
1.135467764284521309e+03 1.547109784120191591e+02 -1.253062559701654394e-02 3.027247249656714670e-02
9.957100505874409464e+02 2.091053161613493501e+02 7.770296909573204402e-03 4.913174779651363622e-02
1.133764927403315369e+03 1.858102215849574463e+02 2.893325681434788521e-02 -2.420269046941907476e-01
1.112273732855411936e+03 2.039666079078794212e+02 3.576996346988181585e-02 5.623870748548576159e-02
1.178483456286269757e+03 1.821184640369649514e+02 -4.419441885673336401e-02 1.887199356740953959e-02
1.153490629416917045e+03 2.222932195058079969e+02 1.898998041994559571e-02 -3.011038631470075444e-02
1.203772204913843325e+03 2.435608259881142885e+02 1.350415558682982464e-03 1.390806184347859187e-02
1.152251158157684131e+03 4.187574924920064063e+02 1.664655084287858244e-02 -3.417892878453798744e-02
1.000148200868087201e+03 1.849189282744345917e+02 4.727985670400548790e-02 -2.019988944525968888e-01
1.189461764742036166e+03 2.278023997509968979e+02 2.641700200760785724e-02 3.231449661456970747e-03
1.199007928613890272e+03 2.682642652944363135e+02 -1.963932578934961259e-01 -3.638817428782515906e-01
1.207315443442740161e+03 3.231433991547872893e+02 1.545431562681921084e-02 -5.934104451010523140e-02
2.341055916418789877e+02 7.020982756127043558e+02 3.957082829053375217e-03 2.554871021504089706e-02
2.055862894365001523e+02 7.117503283835591219e+02 7.428733220607987298e-02 -3.708456770676372277e-02
6.486942041361571683e+02 4.821317558751634351e+02 1.542654139331413495e-02 -1.966731733067490426e-02
1.087320717882522786e+03 1.806052816178328158e+02 7.033770926245778987e-02 8.399999023970394774e-02
1.163693543042329793e+03 2.345701314596971088e+02 -2.116508791535428203e-04 7.231750210796879415e-03
2.651981540960399002e+02 6.543622472961235417e+02 -2.648533383529638827e-03 -2.153505208074193294e-02
1.236525867238942169e+02 4.281642845307709422e+02 -3.015779750441675566e-01 -3.659983019440009588e-01
1.014928597688544528e+03 1.803356618791802077e+02 1.378686549833297303e-01 8.362028186240387517e-02
1.142884780335876485e+03 2.023017307108416958e+02 -6.726840468719933082e-03 3.475043929218251532e-02
1.118603130611566257e+03 2.903888836308086638e+02 1.457440532237878339e-01 1.629450548400512844e-01
1.244303526798931443e+03 3.278554595188285816e+02 5.829750648198991220e-02 4.389442341109527079e-02
1.881274898197972902e+02 6.586154242649373600e+02 1.869000773054452225e-01 -3.432004367132484579e-01
2.390944096672656940e+02 3.415676087907210672e+02 6.395594956927652674e-03 -2.447602719337304000e-01
1.052277193950616493e+03 1.868773234992305845e+02 7.394295495217833268e-03 -4.811065429389684706e-02
1.216883990614402592e+03 3.624481121668848118e+02 -2.722940399272981080e-02 4.677847230313410959e-02
2.011069764420101080e+02 7.107627814023967403e+02 2.761472173227835433e-02 6.318554481438493076e-02
5.167265466829875322e+02 4.745547953914980326e+02 1.121659700391301924e-02 3.181482635006624773e-03
1.029572821793001594e+03 2.076956896564497299e+02 1.198729916386757632e-01 1.372387020528155754e-01
1.145270874662104234e+03 3.368820687760476744e+02 1.122721181409185864e-01 -1.910133059256749477e-01
2.193547476890700523e+02 7.409422595087526133e+02 -3.786403597751166958e-03 -7.982046795947238260e-03
1.054509406487924480e+03 8.287729519585509479e+02 -4.849451385421861375e-03 -7.177192932374509837e-03
1.194546964550308758e+03 2.423429501535153747e+02 -1.212995601930742795e-02 2.068246255067037950e-02
2.542561118943955876e+02 5.794048773642535934e+02 2.845991970341435473e-01 -1.532233683930326051e-01
1.088392122331153132e+03 1.694000195379865090e+02 8.782801977995784160e-02 5.085468738648302178e-02
1.116681420962197990e+03 3.473502894239821899e+02 -1.093509669494873576e-01 1.936172967940308354e-01
2.829473244995231198e+02 5.517989250740935177e+02 -1.184934903117351723e-02 -3.579710139255117690e-02
2.514719949458577162e+02 5.345112047792429166e+02 1.860307904767365475e-02 -2.038401678258977556e-01
1.793394850560920872e+02 6.396963747543117051e+02 1.606151133065820691e-01 -2.241412773145997350e-01
2.806065962364588700e+02 4.166146015808627681e+02 4.909178761137023700e-02 2.747770018614620335e-01
2.903656916032654749e+02 4.523105795552737618e+02 8.139030257384340106e-02 3.099713671128628278e-01
9.997616732193613416e+02 1.654905116635049183e+02 -1.071634418509523345e-01 3.659753004789029901e-02
9.959063635104112109e+02 2.347192310309604295e+02 8.551437041267656233e-03 -8.424948873139019231e-03
2.326819497547649860e+02 2.964729431612965413e+02 2.641035112479866651e-02 3.691272480661143829e-02
2.238686806797941813e+02 3.102861847326634575e+02 -7.457668932864673639e-02 -2.380572185848482680e-01
9.848619653100483902e+02 1.958362005832962893e+02 -2.125664616923607884e-03 3.679662717184956078e-02
1.119833421256335896e+03 2.003406298300874084e+02 -6.319209671511046011e-02 6.295538544717212137e-02
2.573299205732773203e+02 7.136785982665717256e+02 6.715937444858982933e-03 2.227155993231073102e-03
1.057959222144403839e+03 1.932719126455992864e+02 -2.772224502427889006e-03 1.370980286157248360e-02
1.125848938316355088e+03 2.155251141392046463e+02 -1.467131567092337663e-01 1.980571045995347390e-01
1.181099776095106336e+03 2.123075528908170213e+02 1.322836683795117207e-01 4.664231236250060419e-02
1.249658355222481759e+03 3.041879766566416379e+02 -1.061039249151463082e-02 8.144550270114336854e-02
2.090134633517936038e+02 5.883637061644294590e+02 9.368453511791301203e-02 -2.115837055019255675e-01
2.665106673418997048e+02 3.629609889488275485e+02 3.957353485577940616e-02 2.428241540399863341e-01
1.138235541865705272e+03 1.646341425444840922e+02 1.296552170775181756e-01 6.304409197578383917e-02
1.034068329430949007e+03 2.079471163902889259e+02 1.145332977035219552e-01 3.212513170242839444e-01
1.156821551849658363e+03 1.720373929081210918e+02 -1.915058183865432292e-02 6.546889351921579558e-02
1.190137461895904153e+03 4.016643077801846289e+02 3.100696867345744279e-03 2.768667756048384318e-02
2.423645094480447142e+02 7.128383606182741232e+02 2.399819912565853350e-02 -1.368627506920012428e-02
4.701916064366557748e+02 9.417467748303212147e+02 3.640693705018580376e-03 1.074721665165007459e-02
1.959865165355207921e+02 4.990325045553396990e+02 -1.737469749916126793e-01 1.866173727859745668e-01
1.019709413486455219e+03 1.977108957229639543e+02 -1.372893643683583895e-02 -1.522620621436330049e-02
1.097530087071216030e+03 3.040400543852096575e+02 1.908643896508692706e-01 1.598877824849422591e-01
1.167844674411342112e+03 2.160492004820165448e+02 -8.671210062137409136e-02 3.622317417439546716e-02
1.242079470315892650e+03 3.273694690935029143e+02 2.566621330763357162e-02 9.732616593721685888e-03
1.171275923436910944e+03 3.674818681992941833e+02 8.553153801472035411e-03 -1.215195817623756190e-02
1.108279290265151303e+03 2.867799607999328941e+02 2.062140834372632181e-01 1.105632921559163151e-01
1.156180171302476992e+03 3.569377436064087874e+02 3.172583542882153468e-02 -2.063642562580311757e-02
2.630710877556635410e+02 6.763724711569202555e+02 3.519061975845930168e-02 4.224326764484190311e-02
5.025566186002386644e+02 4.524097760177639316e+02 -3.902405543684608208e-02 2.747813943936231948e-02
1.014146973657106059e+03 2.281783778967674152e+02 1.900660175202195379e-01 -3.067107338750039158e-01
1.036528164125068542e+03 2.450970656902497637e+02 7.703153142730721770e-02 4.599097872181118762e-01
1.018403526871304280e+03 2.543611856772751025e+02 1.259622260865853570e-02 -1.792605931721292789e-01
1.319341058622723949e+03 3.269105231640538136e+02 -3.739762382400689256e-01 -1.063044664426873454e-01
9.207127377699071076e+02 8.634307045653737305e+02 -1.536133611284640167e-03 -2.320567281168829654e-02
1.101177484347641894e+03 2.028957258306546692e+02 1.158558660223759224e-01 2.187420863394972381e-01
1.204511803856968072e+03 2.120395314996265199e+02 -7.896121353655871644e-02 6.354252572431562385e-02
1.240552303986617062e+03 3.346248281877963109e+02 2.869062336991094475e-01 -3.072857281742642499e-01
1.174831674983992116e+03 2.127885516175066414e+02 3.171436140332144216e-02 -4.105165255232962745e-02
1.185780130201930660e+03 2.632274635139453949e+02 -1.882120613212324295e-02 2.876804967575288460e-02
1.162843159756854902e+03 3.304080837969871709e+02 9.027799461661673713e-03 -1.179952281981618695e-02
1.193065003595264216e+03 3.441186761109127588e+02 1.036273476248565084e-01 -3.452329904561460966e-02
2.649315971663476716e+02 3.980720228996913761e+02 1.696532264062019027e-02 3.911361915588097982e-01
2.616068379196646561e+02 5.290707013707068427e+02 5.184823770806209348e-02 -9.900943653723477678e-02
1.119273657552191253e+03 2.130977608373076748e+02 1.775413112693134676e-01 1.585215882146447444e-02
1.107808517337508420e+03 2.668252990399798250e+02 2.888509609296837158e-02 6.360203755865588837e-01
1.250878032727329810e+03 2.727536516932146924e+02 1.882917529020270708e-01 -1.544849582316677183e-01
1.105753714331201763e+03 3.198721462141951974e+02 -3.131358912215394946e-02 3.120908982851584024e-01
1.025082008670153527e+03 8.670432936425070238e+02 3.725818009873668041e-02 1.335264060637086914e-02
3.028355004184519430e+02 4.603403260381323321e+02 -9.776654830783503697e-03 -3.612481148438333178e-02
9.811583104535513939e+02 1.809418776384203795e+02 -1.778940478502797629e-01 1.886439019796119498e-01
1.138406961895157792e+03 1.795619767259323964e+02 -5.934647802258619792e-02 7.695188292121780960e-02
1.085581039786075053e+03 2.035080115403569323e+02 9.969887067076011605e-03 1.474208608796138964e-01
1.057644618018432084e+03 2.177321535607029830e+02 -3.425700819475836854e-03 -4.987867347621618118e-03
1.090299918962195534e+03 2.760972325342896170e+02 3.145072018190314123e-01 -9.769353533494557276e-03
3.010407603842829189e+02 5.282480979750523602e+02 -4.340343001403693980e-03 1.325384754885693475e-02
2.297846527226246849e+02 6.250305607955856431e+02 3.143188634264891795e-03 2.517283671704097503e-01
1.147401302371209795e+03 1.418698072305267033e+02 -1.740760710144968401e-02 7.865310349845060223e-02
1.173874765236230587e+03 1.533702861968220645e+02 1.455006317041807051e-02 -8.013872161475887879e-02
1.237595142510435153e+03 2.964314246546283584e+02 3.906618157864159141e-02 2.522451918719070645e-03
1.239727149463674323e+03 2.986582099514127435e+02 1.179951853213651730e-01 -3.321083793480283930e-01
1.111744630855180503e+03 3.599023519592341245e+02 7.530691332490277445e-02 -7.381751476498266129e-02
9.686252904930724981e+02 8.229225774618851119e+02 -1.583576125132140147e-02 1.171318077726937225e-02
1.023092109871740718e+03 2.986016431260506465e+02 1.013474175094112618e-02 -1.045633564401290093e-02
1.163661730081463929e+03 1.981578822366419956e+02 3.539970541323277098e-02 -7.781591122115590238e-03
1.204904882416921282e+03 2.779243422871030020e+02 5.882773508902674336e-03 1.799049222743557760e-02
1.218375714173806273e+03 2.979155070131532739e+02 3.794919731922163919e-02 -1.829363118901028429e-02
1.172086533776497845e+03 3.212561410227300485e+02 2.730320398242535584e-01 -3.150140891024319489e-02
1.163061724341658646e+03 3.471023784819647631e+02 -2.105988604939991737e-01 3.583357905124242015e-01
1.064055733360311478e+03 2.093631737321521484e+02 7.796367755503297303e-02 -6.939833348852886274e-02
1.089292163577475321e+03 2.347840747203374292e+02 3.025744643332473061e-02 5.892912846321962661e-02
1.139650820429115583e+03 2.344710839204889510e+02 -2.799874545787019997e-01 -2.658097281346307739e-01
2.236899404004208236e+02 5.515680248095139859e+02 2.215788335827610922e-01 -2.951888720758688578e-02
2.169259570146011242e+02 6.226452043550508506e+02 1.083315963932456327e-01 -4.187019299638450320e-02
1.824289687536944768e+02 6.577397296681991747e+02 7.573223863271039136e-02 -2.391609175374327378e-01
1.307557515345564809e+02 4.228608919998451370e+02 -1.837968440094966405e-01 -2.676903879196775859e-01
1.065880624293077062e+03 1.630981458115793430e+02 -6.654024841558177361e-02 7.068083688352828631e-01
1.052143566833962950e+03 1.730623266580644497e+02 -4.764202419320489462e-02 2.776670925760527098e-02
1.079298505812143276e+03 1.880362386183830665e+02 1.332336798420133694e-01 1.107299216939411773e-01
1.040924971595285569e+03 2.474404071080570304e+02 -8.472972473857355580e-02 9.243651241334305269e-02
1.235705110133195376e+03 1.327636206571532682e+02 1.715853748315307112e-02 -8.270206242395618246e-02
2.653169336453362348e+02 4.062565734240932329e+02 1.052999588831558669e-01 2.467921367271704372e-02
5.753801970171435869e+02 4.846609791364579678e+02 -2.204794483075526654e-02 -2.210348271269898038e-02
9.890846856141562284e+02 2.411557840514907127e+02 2.803605433617424873e-04 9.455352771003806833e-02
1.204920734433642565e+03 2.161997129460671374e+02 6.429102199573814846e-02 6.096109547229389136e-03
1.206821200262429102e+03 2.896584954562820826e+02 1.666482789115282873e-02 -8.092077383125229062e-02
1.139278675998394419e+03 3.049594177440814065e+02 3.111859509325919926e-01 -5.794223683078788406e-02
1.242002871090143344e+03 3.410835153833948539e+02 -1.472467290954379282e-01 -1.472512401630770851e-01
2.060916803789610583e+02 6.181895634562979467e+02 1.443455465185034259e-01 -1.469738929399113658e-01
2.776289332297008059e+02 6.553260439802195378e+02 3.554584780613367911e-02 1.022661962961895626e-01
3.045048919456165208e+02 5.059325899772589423e+02 1.095761703595599101e-04 -2.620055525682118969e-02
1.132950150928318635e+03 1.924498455819498304e+02 -8.059842840652890750e-02 1.645254062165690812e-02
1.049645248601437970e+03 2.131322482574556716e+02 7.421976960890788733e-02 -3.959435776803502671e-01
1.095390597270062244e+03 2.159157564405593632e+02 4.401943911957460071e-02 -8.966505893316707720e-02
1.118046834868810265e+03 2.222875542290113060e+02 -3.480444690922013251e-02 9.665408892255981932e-02
1.145807819995428190e+03 2.448668905948018448e+02 -3.347553447715654468e-02 1.403983371912204403e-01
1.191364723218363906e+03 3.561348818474957056e+02 3.163289988124233509e-02 3.940399224289876934e-02
1.257535996618026502e+03 3.952055607131922557e+02 2.963944852062922949e-02 -2.670702813983325680e-02
9.452897170293405225e+02 8.533859826682695484e+02 -4.832802446367167812e-03 1.361287567156068724e-02
9.673347320026139187e+02 8.909510390002025133e+02 -2.313563328593772755e-02 1.283040704686300160e-02
2.259504424826885725e+02 2.910804416782650037e+02 -6.811153136090553062e-02 -1.193104848431403298e-01
2.343690054480273943e+02 3.062845861950592621e+02 1.183429652879155469e-01 2.178162319041518913e-01
1.056566366140404625e+03 1.644914299127784716e+02 6.757969946124831040e-02 -2.153500401188779279e-01
1.054843104164679517e+03 2.403808339029343983e+02 4.015729703331771816e-02 4.537596509672781053e-01
1.176348834677220111e+03 3.462614453873252387e+02 4.846686720981097096e-02 1.190426916318898520e-01
2.660198348349792923e+02 5.848064817409241414e+02 1.830962072347119829e-03 3.189882788376507960e-02
6.451020415881972667e+02 5.063287459701462581e+02 6.268097282423923389e-02 -1.379693147663658692e-01
2.015437509490228933e+02 7.173309533329738770e+02 1.556030410919362339e-02 8.458077525801854790e-02
1.017902526002978107e+03 8.721375832542501030e+02 1.312295953644593283e-02 -5.268881261920910219e-02
2.624599131618786600e+02 4.959498259885293123e+02 -1.671223213717591347e-02 -8.544931835245961338e-02
1.007841082241473600e+03 1.740790844365511134e+02 6.480433177034683467e-02 1.533268110970690580e-02
1.105798327196180935e+03 2.638199975423523256e+02 -1.189196711257712452e-01 1.203853134105656864e-01
1.089277958456901160e+03 3.023670447762744971e+02 -6.133411887193839229e-01 6.915537855931764843e-01
1.190973688165614021e+03 3.241453796617195735e+02 -1.258947576803469415e-01 -4.693833814024515050e-01
9.062628062431419949e+02 1.044452587087984512e+03 5.133376487340986401e-03 5.378174099253859442e-05
1.114955177714494766e+03 1.537317240423213036e+02 3.237801062414291664e-01 -8.006092315868471587e-01
1.191790624259063861e+03 1.846210406384726070e+02 -4.260211553514636762e-02 -1.628200167924376274e-02
1.155549682931793768e+03 2.355117622059250948e+02 -3.081549448779696831e-03 5.905746759695773562e-02
1.135896868840421121e+03 2.461490222429763435e+02 -1.057045672148433368e-01 7.529657857722327208e-02
1.204768340684993063e+03 3.001078442265866784e+02 2.458077896473014334e-01 -2.286835461744090026e-01
1.186256144724001842e+03 3.317702321882968022e+02 4.431021422616368000e-01 -5.886749255722065755e-01
1.130675829647029332e+03 3.421957098827141408e+02 1.973783486562297185e-02 -2.277451921009685520e-01
2.510312474925676725e+02 6.515579155924356201e+02 1.577324631219312323e-02 -1.920446541708997756e-02
2.459689593883824159e+02 7.006548023110334498e+02 6.620334221183554746e-02 1.297348397667406061e-01
2.276455416448881692e+02 7.373109823635538760e+02 1.125608307214065462e-02 8.242961637347434589e-02
7.670906924788941978e+02 7.261047660544023756e+02 6.285222322457570954e-01 -6.983682588532360569e-01
3.170288181412250879e+02 1.089505494845346220e+03 1.096755417350436801e-02 -1.336991869485473217e-01
3.210786466859314601e+02 1.099486191281372612e+03 2.231533573695401174e-01 -1.100542017491079605e-02
2.177930106970093220e+02 2.963354240926527154e+02 0.000000000000000000e+00 0.000000000000000000e+00
2.304929538612843771e+02 3.419666590255275764e+02 0.000000000000000000e+00 0.000000000000000000e+00
1.538871555594698748e+02 5.345820378715078505e+02 0.000000000000000000e+00 0.000000000000000000e+00
1.025412935632002700e+03 2.309348155171158510e+02 0.000000000000000000e+00 0.000000000000000000e+00
1.161410623255725113e+03 1.872133942719186166e+02 0.000000000000000000e+00 0.000000000000000000e+00
1.108914656545608295e+03 3.205502194391866055e+02 0.000000000000000000e+00 0.000000000000000000e+00
1.139251165168024045e+03 3.705927914591810577e+02 0.000000000000000000e+00 0.000000000000000000e+00
1.316301607499044167e+03 3.479800139804973469e+02 0.000000000000000000e+00 0.000000000000000000e+00
2.304427190486728136e+02 6.007687241824945659e+02 0.000000000000000000e+00 0.000000000000000000e+00
2.240381198312870197e+02 6.195574600550713740e+02 0.000000000000000000e+00 0.000000000000000000e+00
