1.341490419304992372e+02 3.800415298170510141e+02 -3.655122341481026414e-03 -5.476308871026963274e-03
2.652214734172133035e+02 6.831735887346090976e+02 -5.170815744963424762e-03 -8.032410625912577221e-03
2.534583901923876681e+02 4.642637323978337918e+02 6.364941459710257753e-04 5.821887665518099596e-04
3.181135153925075087e+02 4.741735034508033664e+02 8.007827775340708651e-03 -5.357226367207226737e-04
5.663398594417453751e+02 3.843950672118060652e+02 3.616247508433042580e-03 -5.856967517718316384e-03
2.596181835299691443e+02 5.661577060425352101e+02 -1.658334597229130236e-02 2.225800281065101749e-01
8.290983019890818468e+02 4.086298800967675220e+02 -1.054218392371217457e-02 1.183189110935864603e-02
7.046435001541226484e+02 4.151977382458746888e+02 -3.712474141646493475e-02 -2.789501902603066380e-02
6.343334601663867716e+02 8.221515930520741904e+02 -8.653785876544638014e-06 -1.109568240330604924e-05
9.123220082695603423e+02 8.060177539305609571e+02 -5.360791869872970263e-04 8.324745781847734272e-04
4.599586575834712789e+02 9.415950445272552543e+02 4.444606392147050218e-04 3.012601682296080045e-04
9.073928480755927239e+02 9.246619581441221953e+02 -1.993620322137434116e-03 -5.538483298983235166e-04
9.003672610162882393e+02 9.267964855106886262e+02 1.100977742842785927e-03 -2.122954733753170016e-03
7.063377656118169625e+02 9.920359044519549343e+02 -2.015406287476271055e-02 1.263019353563781845e-02
7.150843318865217952e+02 1.011472396844432978e+03 1.786106025669690961e-03 -7.142411049613602491e-04
7.049556240475787945e+02 1.023614265522613550e+03 1.270139825142941378e-03 -7.232798639479640166e-04
9.846364591305862177e+02 8.463056272591067000e+02 2.897715255076576974e-03 9.703514521703201145e-05
4.816268056833411038e+02 1.099075976537404813e+03 -5.934432343601296405e-04 2.501647462859092150e-05
7.044118732649858430e+02 1.036553256495070855e+03 -1.077307717170274126e-03 1.026086102892984769e-03
7.518524890407785506e+02 1.067583409715393145e+03 -2.781262297697022472e-04 3.418008076357299547e-04
7.456878169016489437e+02 1.071538685727829034e+03 3.009847497795286285e-04 4.555538147056128486e-04
1.312632944287985310e+02 3.256724472441646299e+02 2.056895028656549346e-03 3.451158042708465414e-03
8.997853084626810869e+02 1.102093297828402910e+03 4.351764364873635690e-04 -7.395236358040012045e-04
3.902528319974364877e+02 1.089610083087577550e+03 -2.304419027908996120e-04 1.254241287293859052e-02
5.640204820083190498e+02 4.578782028725537430e+02 2.673385367700683614e-03 -6.401214418588659950e-03
2.622905620598859286e+02 7.416522464959732588e+02 4.832728842946308785e-04 3.354419689428888521e-03
2.733817817659926277e+02 6.238602088918728441e+02 6.986932878065896420e-03 1.740819233271728370e-02
4.101301711446981813e+02 1.063377224878041034e+03 -5.418298246346545805e-04 1.725200832846543464e-02
1.009528309142429748e+03 8.169586921103986015e+02 7.747247753182945340e-03 -2.741173729294916084e-03
4.867680745252160364e+02 4.485361402124616461e+02 -7.357097077502739411e-04 -1.867263994342064932e-03
2.233641467555873703e+02 7.551371552812992149e+02 -2.982275203654389303e-03 6.110167991465405984e-03
5.986626959191420383e+02 4.387195477562864880e+02 6.251356939972060704e-03 -7.310637534699411522e-03
8.281696045313638024e+02 3.235350400053376916e+02 -1.907053752802762708e-02 1.122391383744129542e-02
4.655916848291589645e+02 4.556730576750438217e+02 5.608510238281575605e-04 8.479894141592102383e-04
2.492590774055767042e+02 7.199756561713417113e+02 5.227682523860777662e-03 1.771540412899227576e-02
4.923584069440354369e+02 4.302720376013928103e+02 -6.097819623869102194e-03 6.077622724608836013e-03
2.236847410024728902e+02 7.089853493163552685e+02 -6.767836896863578533e-02 8.200261782747245154e-02
9.705169962339934955e+02 8.447718674888675423e+02 2.523212492186451689e-03 -1.517620387332526419e-03
1.020789801766724054e+03 8.149250957349448754e+02 -7.604578849785155730e-04 -1.577165073512116914e-03
2.020731963887303664e+02 5.104486064256823283e+02 6.010666980035459482e-04 1.904377973736551743e-03
9.571444282985577274e+02 8.504395979966412824e+02 1.223524139999930841e-03 5.034065169109741729e-03
8.259471347966156145e+02 3.446233093380657238e+02 -8.698482527010317766e-03 -2.447415248582274216e-03
5.035504623486129390e+02 4.425211520374236898e+02 4.398503052754568622e-04 -8.313077220557463448e-04
1.004459506688541182e+03 8.318164675145164892e+02 1.895442292470986669e-03 -8.080585409519438697e-03
4.943115716474413261e+02 4.403643395585609710e+02 5.001519285700748059e-03 1.306265409954052679e-02
2.559295816018902485e+02 7.439136753119888681e+02 7.942891859236529900e-04 -5.752707061872408371e-03
1.927922306210481054e+02 5.782424472549189431e+02 1.184000383116345749e-02 -1.882002130714839280e-02
9.910381435926949507e+02 8.223157690937368898e+02 4.494312496406492607e-02 1.458489849633989779e-03
1.017322243995550025e+03 8.097804797674104975e+02 6.408727362321598418e-03 5.267250247382858786e-04
9.839214673146710766e+02 8.149393829273956271e+02 1.705727458225863918e-03 1.233109919124753158e-02
5.844999259460532812e+02 4.497416577320857982e+02 -4.031956117314216236e-03 3.198866057247209960e-02
1.245413496659737120e+03 3.969443395761637134e+02 2.615117484353756544e-02 -2.144395885950123814e-04
1.185270792263663679e+03 2.497048636751430308e+02 9.680129869503607126e-04 -1.372718532311134089e-02
2.543265748966960302e+02 4.026855709547505739e+02 -4.178094448783108150e-02 -1.804253922975779523e-01
2.228988973730959913e+02 3.074746362456828592e+02 -6.389975318347694555e-02 -2.106650820826208581e-01
2.611639152133886341e+02 6.135902628441637034e+02 7.892417580492157260e-04 4.821469291854473850e-03
9.511073270776505524e+02 8.368864882708523965e+02 3.486660364026620412e-02 3.524369109232559590e-04
8.082725403764180783e+02 8.812946203459113121e+02 -1.140151087442387804e-03 2.120198363631926007e-03
9.252320260364048181e+02 8.290701450768893892e+02 -1.798925685996365098e-02 4.771933817668207352e-03
2.606900367238574745e+02 5.840211682565490037e+02 -3.516743686328585583e-02 3.138028680952724414e-02
7.956540140256353197e+02 3.634244686319277662e+02 -1.239414513139705000e-02 6.707422760821981148e-04
9.480928678311682916e+02 8.448956414741495564e+02 -9.417830577413808038e-03 -8.900028512396889607e-03
1.033508752245517826e+03 8.304269604168223395e+02 -5.783032546904644418e-03 2.065523767157065836e-03
9.140722078745104682e+02 8.308966003196680958e+02 5.077546099547960989e-02 -1.087358843684940735e-02
9.829954750823961831e+02 8.688292769427107487e+02 -2.883051230668624582e-03 -2.187983660629731590e-03
2.735342277735874177e+02 4.202535048246010660e+02 -1.687954985342264291e-01 6.253748890071732236e-02
9.779194607666221373e+02 8.658465504923699427e+02 2.544734525791132740e-03 1.758681845882561481e-03
3.295119721969222724e+02 5.673013046387143277e+02 9.489109538486729944e-03 1.624083949410319236e-02
9.902265915580101137e+02 8.510129377347067248e+02 -4.048034364098267862e-03 1.468370749082601161e-03
9.671305839387616743e+02 8.737037685890760486e+02 -3.211769551927939502e-04 1.771754215732165372e-03
9.579344924964897245e+02 8.613274535616095591e+02 2.582977605099207909e-03 -4.252978102614395420e-03
1.964711032880937012e+02 5.725722424649545701e+02 -8.086033945488679819e-03 8.618733295169350717e-03
2.690272517915520325e+02 5.274011233194003125e+02 -1.037635741026495251e-01 2.503330174045904633e-01
5.103956612839583613e+02 4.232064991549081014e+02 2.651779260853764312e-03 3.965932455786411355e-03
8.023374037829685221e+02 3.559423495196218141e+02 -3.423349167028751083e-03 -7.801400897361949506e-04
8.015722356403015283e+02 3.469134907528409713e+02 2.434974850426568536e-04 -4.280503164036733046e-04
9.435939411561406587e+02 8.740437135351824054e+02 -6.970257013000435249e-04 1.486173059827994476e-03
1.143948590342690068e+03 2.287882616293758531e+02 -1.203137824373103808e-03 6.874005876214947693e-03
2.908384985714768618e+02 5.003231053110624202e+02 -1.576227282296010926e-03 2.123978329400291742e-02
5.658437098325129000e+02 4.653406129503133570e+02 3.798918580894966764e-03 5.411281025473190821e-03
1.027979867439390773e+03 8.256266101503747450e+02 2.563210213145001876e-04 -3.682391144192848336e-03
5.144090578151367481e+02 5.080883243040201478e+02 2.085763378838039199e-04 1.962003055430980997e-02
7.345996316017584604e+02 9.636210809075007546e+02 9.272423163821204989e-03 -4.826678438411642971e-03
9.956426193465430288e+02 8.780124013683326893e+02 8.962420156713547109e-03 1.129293310472042657e-02
4.706056635376551185e+02 4.362211985375456607e+02 5.151762934722025960e-04 -5.419507994104444436e-04
7.866733138993957937e+02 3.404458571035199839e+02 3.055367343698448847e-03 8.011328412552788658e-03
9.700522894507338378e+02 8.934656718354132181e+02 -2.450348918348864598e-03 1.116935541160885958e-03
5.706840985369001373e+02 4.309714379052677486e+02 1.032727764873646401e-03 3.103263163897020723e-04
2.104319386038924051e+02 7.173845137777454966e+02 -5.494269025409113591e-04 6.739885943924005252e-02
9.284550162510944347e+02 8.375868283408090065e+02 -2.000183307691911702e-02 -1.858564878676309540e-02
9.701213349230596350e+02 8.226110448525886341e+02 -8.268704986124761694e-03 -6.887348039551604781e-03
1.011094733506362786e+03 8.717028129508000802e+02 -1.982150595158780476e-02 -6.801733275725013045e-03
4.757672415566752306e+02 4.460571929572409999e+02 1.023800692080678197e-03 -2.107878814341023529e-03
2.947009235985398732e+02 6.585674453763692782e+02 -1.580069708893461211e-03 2.376418277110430455e-03
9.021411135306788083e+02 8.628655946044398206e+02 6.516499314545966346e-04 3.199910362700460892e-02
3.042161969289074364e+02 6.413034530596555669e+02 -9.164346177705269200e-03 7.601176210818546067e-03
1.263614533935189456e+03 2.919614302677172759e+02 -2.069184073757421999e-02 -2.146030918762933948e-02
1.260131830080915506e+03 3.061315145063063028e+02 2.161894783248183988e-02 -3.224157627769137953e-03
1.033704175870155495e+03 8.701171809428610686e+02 -2.586807071674058611e-03 -1.053323253291740813e-02
1.002253443972748300e+03 8.150580667890232007e+02 3.312971395019411770e-03 -2.815315527802322339e-03
1.171913456785158132e+03 1.432848980177660110e+02 -5.871292687380887847e-04 -1.630869475280241621e-02
6.136851283509627137e+02 3.910484123280397171e+02 1.507506535385980811e-03 1.146922180900070663e-02
9.489233672511257964e+02 8.241685300270652306e+02 -2.836546027684463131e-04 5.823303774600435169e-03
2.446360425907792546e+02 4.970230671676241627e+02 1.013075106599633634e-03 1.198340315067305140e-03
7.149187317718050281e+02 9.536851201697062379e+02 -2.369401899029796241e-02 -1.630497823706795330e-02
6.468300571529315448e+02 4.725280999317619148e+02 -1.420858211651359997e-02 6.672629260063191702e-03
4.881749097416892482e+02 4.586223583665984620e+02 -8.328657837885000475e-04 1.253108160837975056e-03
4.258042954962269846e+02 1.068956907517630498e+03 7.225489390010005931e-03 -5.096757850974607124e-02
4.944594435005931246e+02 4.730084009574440529e+02 1.217831696883388617e-02 -4.253715161943397854e-03
2.365869675389344025e+02 7.157720723702800569e+02 -1.233658540770073793e-03 6.106871849856315791e-04
8.247113582568351831e+02 1.102280035731579574e+03 2.765525970863735259e-05 6.647249599159249598e-04
3.215240953143618867e+02 6.085010698254382078e+02 1.037740173487319839e-02 1.935414533904286638e-02
3.348270644789146786e+02 5.637184737442385085e+02 -5.307525919614916772e-03 -1.320668454498823662e-03
7.631962904986094145e+02 3.884268404721307206e+02 -9.545881075261001408e-04 1.421476916654721215e-02
2.147597414715423838e+02 7.394079287482602467e+02 5.149409602296654148e-03 5.199572422923503905e-03
7.194580443048253073e+02 9.135334028958682211e+02 -2.576996887483747316e-03 -3.219083451794816156e-03
2.506521216658462095e+02 6.601956797116189364e+02 -1.033565979696195181e-02 -1.834174918441688201e-03
2.679505238775003590e+02 3.005214129967884560e+02 -3.567859809913110150e-03 4.592393538812325439e-04
1.163610998216162670e+03 2.132853253254566255e+02 -1.089158826275841893e-04 -2.079953434885888769e-02
2.651864019372358143e+02 6.317170438057473802e+02 -2.385643375209658273e-03 1.516343656048505092e-03
8.507799979046488943e+02 9.315029084206984180e+02 3.316744139902487215e-04 -2.593713125717462645e-05
3.192516559472554150e+02 5.402485280547871298e+02 7.418674310515305410e-03 -4.574396932531443229e-03
2.099768567681622073e+02 5.685629227675417496e+02 -1.161462282312857161e-03 -1.484130999742785673e-01
2.330290243490938167e+02 3.305537478486427858e+02 -3.639887502235118061e-02 -2.049207332121059655e-01
2.498610239235057122e+02 7.278178612829997292e+02 -9.982291083574490118e-03 2.213532881662761288e-03
4.474158048899358278e+02 1.092749090932654553e+03 2.580701855049370632e-03 5.044973351945967500e-03
2.064829072558473229e+02 6.820455104267870183e+02 1.761270495097845643e-03 4.785580365012378178e-03
2.386809694154507042e+02 6.715022980365329204e+02 3.943853102775352233e-03 6.000484773213059925e-03
7.715818190651125406e+02 4.933191030466254006e+02 -4.954277794364442267e-03 -6.596719025211395492e-04
2.802539607480838981e+02 5.326121457650382354e+02 1.691696038781264136e-03 4.503005021706035435e-03
1.260268200288937578e+03 1.960086475308238789e+02 4.556613901464101873e-04 7.052686100227521446e-04
4.496899250583373373e+02 1.096119723210930033e+03 -4.929880328616756402e-03 1.266092652483643850e-03
2.402467053245393629e+02 5.027873178144781718e+02 -3.448213718464425426e-03 -1.088465144071411534e-03
2.507652947396506988e+02 7.103315637278304848e+02 -1.151150598076355891e-03 -2.084481161153298179e-03
1.249209849382804123e+03 3.788090734885599318e+02 2.973331609459054035e-03 -2.384461641252816518e-03
7.191315658689891279e+02 9.612359240827065605e+02 1.669077513818340670e-03 -8.541757010645217862e-03
2.994447637321265461e+02 6.472519551414026182e+02 -9.092875879597015279e-03 2.166823954089612883e-03
4.263382622312815329e+02 1.080460302147829225e+03 -1.209460681521515747e-03 -2.538508793489623050e-03
2.174057419631728578e+02 7.263721272149349488e+02 -8.410139368560952400e-02 1.448942706320683060e-01
1.008649310470236856e+03 2.025046054502050765e+02 -7.780798695109571173e-02 -1.090234681752449558e-01
2.283517497546352502e+02 3.333859074480834579e+02 -5.846863750273337268e-02 -2.108293577138551367e-01
2.171718904425721632e+02 6.448315419948200997e+02 3.682225813678438771e-03 7.958572517236911850e-03
2.570487895852697307e+02 7.177999010805345961e+02 1.356130330720751011e-03 3.448444036589850561e-04
2.548758199838708549e+02 7.212247087305179321e+02 8.522151193996350613e-03 -2.187240683973765143e-02
2.256996549079825627e+02 3.243237959819495586e+02 -5.170346294562309236e-02 -2.157720117395152404e-01
2.350020284519634970e+02 7.104598072142235878e+02 -3.790708381590059736e-04 -8.006862060731034575e-04
1.174843948900715759e+03 1.950056433061458563e+02 -1.170046897815123221e-01 2.627180643009798672e-02
2.556701004548075673e+02 7.361745332309475316e+02 -1.083427296565965233e-03 -2.881135825914093031e-04
2.555652134048985999e+02 4.883093085257372650e+02 -1.266668689695079350e-03 8.489345189598968390e-04
2.760169228222428615e+02 4.876021325957161139e+02 -3.862152778935866448e-02 2.689078041716830847e-01
2.193479286222753899e+02 6.638164820800703865e+02 1.517345348954429610e-03 4.179231855369826450e-03
2.171482781655173824e+02 6.516114074849446069e+02 -1.936531177544692289e-03 9.621563647924360942e-04
1.216743439494675386e+03 2.937286227907525813e+02 2.465358562081782553e-03 -2.760144877179367736e-03
1.001325457677055965e+03 8.555679311254245931e+02 2.659993053051642325e-03 -5.185859670381442327e-04
8.629842950273675228e+01 3.134085676635764912e+02 -7.413273215261446426e-04 -2.420598469996093627e-03
1.224251623800852713e+03 3.966632088279391155e+02 3.978419794106734762e-03 -8.987003945379672468e-03
1.211602515947088932e+03 2.207666297141923906e+02 -4.807999024150025162e-03 -4.262516219470869477e-03
2.322398530838813429e+02 6.635438612121556616e+02 4.771848161604368317e-03 1.619591806180022478e-02
4.133656618382665329e+02 1.066348806441083070e+03 -4.778654413355120333e-03 -2.555878874246256694e-03
5.426626749272539882e+02 5.176950610339723653e+02 -3.298206968379688298e-02 -5.813204151229118405e-03
1.158358660655050926e+03 1.698009638436326156e+02 2.707591881239570369e-02 2.234181366174054981e-02
8.243926274467601161e+02 3.347705033127928687e+02 1.031727511981714134e-02 -5.037308314718241808e-02
1.207076501882904950e+03 2.520579652410644087e+02 -4.227128686440241698e-04 2.366519053497437471e-03
2.479568077640399508e+02 7.354633691067274412e+02 5.611061161629333485e-04 -1.349454178213057610e-02
1.151332540895201419e+03 1.488532869852533622e+02 2.901325110008539168e-02 -1.856171571504426285e-02
2.762242013262180649e+02 7.012953559214464576e+02 4.980236800412229416e-03 7.039443024641199066e-03
2.602650474677342345e+02 6.848727913676806338e+02 -4.966390115250963501e-03 -4.026057598978938917e-03
1.055477527270096971e+03 8.387471859237309673e+02 3.369709059678924808e-03 5.173406663534298872e-03
1.223775621023884014e+03 2.467134071605853194e+02 -2.065493913879111812e-02 9.858119747500967631e-03
3.070974477021605935e+02 5.448091377173140017e+02 5.720130919537541082e-03 -2.748011718659262859e-02
1.202506632162961978e+03 2.256681935987409133e+02 7.518954661135115840e-03 -2.897189866210104006e-02
1.265899715297848616e+03 2.035680100913571948e+02 -1.454245542579811435e-03 -2.021677708190263746e-03
2.517795776468897770e+02 4.758230319410853326e+02 1.652752548804808930e-02 -2.669072063350193952e-02
4.369429210450234109e+02 1.091320996544719947e+03 1.513281420927504008e-03 -1.178951430714246518e-03
2.359434699893240861e+02 3.549329035843638280e+02 -2.463740363195471642e-02 -1.858606046376917731e-01
3.089188102884605769e+02 5.539523844765730018e+02 -1.675767724332622929e-02 -3.522001272985319370e-02
1.100204887666071954e+03 1.718712083047939529e+02 1.596062987084791163e-02 1.328351979221659152e-02
2.669524583006036096e+02 7.208130246678363164e+02 -4.901109960262556818e-03 6.179713444122297838e-03
2.827344751788685926e+02 6.253005155139240969e+02 1.805268209650229966e-02 3.782000132833213818e-02
2.719717443597999704e+02 6.717294314399230188e+02 3.368709672048847241e-03 3.610624090330506741e-03
2.694613900852621100e+02 6.958015835463098711e+02 1.331710115383623718e-03 3.989905709268481808e-03
9.180132831458586224e+02 1.102646773807081445e+03 -2.483100134838315230e-03 1.511229499877991215e-03
2.608958516578073841e+02 6.594360912536462820e+02 -3.263189745920575847e-03 -5.527423195428469473e-03
8.215302018168280256e+02 3.855295081116474307e+02 -6.452582346972320342e-04 4.057568919504342571e-03
2.657519732497955260e+02 6.626503217200477138e+02 -3.591226409894553943e-03 5.238229969173102511e-03
1.177658147064008517e+03 2.655993293124492993e+02 -4.585984155542222052e-01 -5.686970894291474427e-02
6.965052309223932525e+02 3.927648069559988926e+02 3.071499162791105353e-03 1.243397936771134006e-03
2.825861103226600903e+02 6.861423117750382517e+02 -3.542296586771283371e-03 -3.941758702012521098e-03
2.758518162417623216e+02 5.284404523072809070e+02 -1.855149538912563394e-03 -3.043545659907202598e-03
2.441758032097056912e+02 6.354612072077843550e+02 -4.745775347910554678e-04 4.586733876008696311e-04
2.621323949236934254e+02 7.083600627917746806e+02 -2.654378682255148416e-03 -1.181102974295853390e-02
8.580259940276198449e+02 1.101933971727715516e+03 7.320166037376597389e-04 2.744186895457946637e-04
2.304076174600284617e+02 7.402333586263484904e+02 -5.717959027471901379e-03 4.938719004640726440e-03
2.484949238263759526e+02 6.298257260458201472e+02 -1.975869184629611489e-02 1.447367631948901119e-02
2.150101869658641363e+02 6.666226304184453966e+02 -1.790812553532577546e-03 -6.306401588212433296e-03
7.159068586235746352e+02 8.767880441551747026e+02 4.783739344973825941e-03 -6.851815360132919829e-03
2.508882563798471210e+02 6.167474923815484544e+02 4.101033288382288991e-03 -2.286702016235857109e-03
2.362684048333416058e+02 6.285658806270680543e+02 3.917194085462346979e-03 1.282721333222417576e-02
2.581050041663560251e+02 6.379613137284927689e+02 -1.097551464756960603e-02 -3.610043158635625749e-03
2.352474298308294181e+02 3.483911869164082873e+02 -1.087376092046544174e-01 -2.421663164404214974e-01
1.182359643747536438e+03 2.315445746192100387e+02 1.519212107379446126e-02 7.019854167718184157e-02
9.962315549788567068e+02 2.167594704470432703e+02 -1.496873951442908093e-02 2.988299461694308469e-03
1.080668115527984583e+03 2.073203141851421094e+02 -4.739462613034754052e-02 4.031829085444385563e-02
1.167293882457773634e+03 3.494596860323791816e+02 -1.503500728966236481e-02 5.147136591422381974e-02
2.834487610812788034e+02 6.793206648322283172e+02 -5.830841153022330286e-04 8.720774872904483652e-03
9.211023473263078358e+02 8.401969349147552748e+02 1.916163906465535166e-02 -4.414924646722950125e-03
1.192675013654020177e+03 3.193422401493370444e+02 1.498980267231015406e-01 -9.136253255313039889e-02
2.615240201924427765e+02 6.969517354525660267e+02 -4.755082895963252260e-03 1.300647156830843278e-03
4.058299948436321642e+02 1.078373783866514486e+03 -3.476543092729273820e-03 -5.673508335618889951e-04
1.071988813660267851e+03 3.172881735916004118e+02 -1.178154406238718366e-02 3.754421691932820042e-03
1.886755475115511160e+02 5.769678294706156976e+02 3.245689119551690115e-03 3.337510118225878544e-04
1.196310189458603418e+03 2.294283326248189212e+02 4.611566745768076042e-02 -2.555632625399366017e-02
2.319633663690200933e+02 6.275950139387617810e+02 3.121082705947887670e-03 -2.266000257044075913e-03
1.217357836823674234e+03 2.242258395396304422e+02 -2.964176800195682596e-02 -9.187135866661669259e-02
2.473410142637120828e+02 6.935331858553862503e+02 5.029464114134572436e-03 5.493185224796064831e-03
2.931888567789983995e+02 6.511085747671012314e+02 2.119573271054006613e-02 2.813239882545243153e-02
5.261464340259840355e+02 4.746774292456077546e+02 1.481587302615336357e-03 -2.164483311095283680e-03
4.377952022897229085e+02 1.085395300357652104e+03 -2.547654247231242314e-03 -3.998002918350640499e-04
1.156199280996483594e+03 3.693616554883151935e+02 7.903431609833259236e-03 1.516186216469964771e-04
2.705024295985013509e+02 6.358781939521509230e+02 6.803341730231988451e-04 -1.810860653318349667e-02
1.186350119781877538e+03 3.366864674111396312e+02 -8.735321367364328946e-03 1.270724057178259161e-02
8.231250079888784512e+02 3.782692716939821480e+02 -6.071008850261086715e-04 -1.679681586998268972e-02
1.001641752481364847e+03 8.667433170681551928e+02 -3.484847574855344434e-03 7.434176333199142561e-03
2.285121489320268040e+02 6.882985419045270419e+02 1.323678200153023069e-03 -7.045815105231109828e-03
9.304068828254005439e+02 8.625908640844287447e+02 2.821992141102129883e-02 -3.021490127362468081e-02
1.247639571139667851e+03 3.078610408978341866e+02 -7.067169620302251286e-03 -1.753626917248577236e-02
3.046548708851138940e+02 5.358354192889115666e+02 1.862556354702949585e-02 -1.228586385091058261e-03
2.024687009736468895e+02 7.084609745092913045e+02 2.030293172363076964e-02 5.438320795257827606e-02
3.069741984726920236e+02 6.297789054542878375e+02 5.479713260921142970e-03 7.907065848917452407e-04
1.042650090037762084e+03 1.849665280340339280e+02 -9.016185519502832590e-02 -3.161856281122250173e-02
2.495554661049547462e+02 6.817356590859101289e+02 -8.532953973822586177e-03 -4.511765820207907368e-02
2.367386444883272247e+02 3.639828306107002618e+02 -3.883422346709884676e-02 -1.837048303887452716e-01
2.451174493118245721e+02 6.138351746978357824e+02 4.000863823280821456e-03 4.982104878283757921e-02
2.824443096026357694e+02 5.461132854479704974e+02 7.095470397961443736e-03 4.917645750884901785e-04
4.074836406027176281e+02 1.086622020987069163e+03 -5.590945412625905608e-03 -3.517153333382564036e-03
3.141233348392529479e+02 5.045965083658662707e+02 -9.816447449408526732e-03 -2.691020998140787168e-03
6.010816223479398559e+02 4.411559930078028628e+02 2.530656252108903683e-03 2.819938786107588011e-02
4.627441478715304015e+02 4.534533157037135993e+02 5.281143364189768048e-03 7.740507393692149830e-03
2.948554059679958073e+02 6.075453805785618897e+02 4.704305451618533140e-03 1.266630811471826552e-02
1.192894741392469768e+03 3.385623603603100946e+02 8.202254967725388507e-03 -7.531255259594629714e-02
8.179776310360441585e+02 3.344072278796516571e+02 -1.375511406765533851e-02 -3.108486196756057342e-03
2.308266923381536628e+02 6.396170262678612062e+02 1.731755894590745332e-02 1.397939582641761699e-02
2.800898328594220743e+02 5.873492341790815772e+02 -9.883781606898799088e-02 4.246335019969871283e-01
9.413660452656002917e+02 8.510746499640404181e+02 -3.287000352182949895e-03 1.259996558963727073e-03
2.291961371015774489e+02 7.153135598532284121e+02 -2.722115966621638933e-02 1.341383862282863630e-03
2.920151806594945469e+02 6.608302463412443331e+02 1.724388437696801422e-03 -2.445801827353435379e-03
2.400864632188317103e+02 6.475410895204978488e+02 1.627870782436451145e-03 -1.266404138246204252e-03
1.052689062274197340e+03 2.238754001329828327e+02 -4.197783850084009505e-02 8.569583047498571457e-03
1.178820183416610462e+03 1.828093338856591572e+02 -1.887949976551834275e-01 -1.288454638720381296e-01
1.210740606676141624e+03 2.788581759809594018e+02 -4.740339824942260000e-03 -4.137769245040985784e-04
2.508728960672789299e+02 6.513732078847226603e+02 -4.406342525772509130e-04 -1.291393533394944208e-04
1.010248692450132580e+03 8.374735922445620417e+02 1.023525209084615245e-03 2.503695882026450259e-04
3.244494544002454859e+02 4.812179193135952460e+02 -7.451186021451166631e-03 1.284624148028475250e-02
1.075361272319334830e+03 2.055445483644894011e+02 -1.361993651410710673e-03 4.024145243158136487e-02
2.408466646278189387e+02 3.847160976246769906e+02 -3.807489984219084717e-02 -1.285705129157110049e-01
1.100699748578549588e+03 1.931098276958254871e+02 6.272319831262816725e-02 4.248094587719443427e-02
2.263781305794519767e+02 3.001460334465730853e+02 -6.329035921238067297e-02 -2.157729272442058532e-01
2.872352987077740636e+02 6.636401672626867594e+02 3.309010285333627743e-04 -9.611030636868703831e-04
7.619446921744120118e+02 3.951705326443731110e+02 -2.970759221276545597e-03 5.865636048835682487e-03
3.100558985546342683e+02 4.882776113096054473e+02 -1.372089628243839364e-02 1.313232873818966258e-02
2.459873239103096978e+02 6.656583929153169947e+02 2.864526611395574844e-03 1.155108085298828594e-02
5.031261191034533340e+02 4.796702559997065123e+02 -7.638073419042988458e-04 4.272851877608940634e-03
4.215726521947088941e+02 1.096218962495339611e+03 2.097556064540532193e-03 -1.194820460532715562e-03
2.692753512778537015e+02 5.005173939099597646e+02 9.237673970478108010e-02 -2.051576976001018571e-01
2.696294411834016955e+02 6.563447503644108565e+02 -3.683679582421757557e-03 -3.497235527584953169e-03
2.117117151431045556e+02 7.349070038381936456e+02 -7.180694953098167022e-02 1.234195512700202169e-01
1.151134799719662396e+03 2.081641325710358501e+02 -9.168558813976998914e-04 6.666954837594020293e-04
2.890659592007484662e+02 5.984336073038292625e+02 2.693465044770429907e-03 -6.029616200831102411e-03
1.026088625848253287e+03 1.610005941602623807e+02 -5.377124281316319337e-02 1.662740796764764981e-02
1.243790883165283276e+03 2.740519269179662274e+02 2.227424648793041237e-02 -8.955372431370447464e-04
1.214706917340099153e+03 3.104067375118837049e+02 2.521701282498117203e-01 1.674057086653431281e-02
4.768307221092649115e+02 4.858749464919104071e+02 -4.858553441781308089e-04 5.556265641796088832e-04
2.909562649750611172e+02 5.788561740628663301e+02 1.046963246400118338e-03 1.196730202015471728e-02
1.248389252499442591e+03 3.540166269576026252e+02 2.121006218941498545e-02 -1.407184870972044005e-02
2.506849831234618478e+02 4.096723488510302786e+02 -4.489486319090867991e-06 -9.084366097879646718e-02
1.127436407750314629e+03 1.947755468914828327e+02 -6.556679491592545470e-03 -1.601883125681187112e-02
1.169906634514546795e+03 2.503702410086129930e+02 2.782481555781000926e-03 7.334750283324874102e-03
1.102334259811664879e+03 2.342822970583424649e+02 2.016491329344050759e-02 -3.034692738864497221e-03
2.231963147452868554e+02 6.813042068531246969e+02 6.741724785533249713e-03 -1.046318257947585241e-02
2.850580942299285425e+02 6.078103184581750611e+02 -1.768713886430291551e-02 3.241775345128022900e-02
2.894088654211616358e+02 5.882663893368195431e+02 -5.265399749587816982e-04 1.776718145577271422e-03
2.342452110851051543e+02 7.224654617477759757e+02 9.948572546773443506e-03 3.042480820418309861e-03
1.236338314938250278e+03 1.351406549715861445e+02 9.779062183947690237e-03 1.552793588876459629e-02
2.666027504567072128e+02 5.780226889612689547e+02 6.900944933481651354e-03 4.258757800485202943e-02
2.103611442051818585e+02 6.802283676527541729e+02 3.753866976009055494e-03 -6.110167002010585824e-03
4.169238865796011737e+02 1.094731567269423977e+03 -2.281776464326300182e-03 -1.687754711217013745e-03
2.461491380292465863e+02 3.987878553090922082e+02 -2.873385970056039837e-02 -9.852205905822797316e-02
7.193472404264929310e+02 9.213826803210798744e+02 3.355872500514808614e-03 -1.152127389196036869e-02
2.400471362999173834e+02 3.585203177902863558e+02 -1.886590041391822750e-02 -1.917554013887859121e-01
2.188776832860511092e+02 7.145140618698142134e+02 -1.102094575116106985e-02 6.763934843539878838e-02
3.084577725266614721e+02 4.935227199715747588e+02 7.453923930769395037e-03 4.009419881629803194e-03
1.027203626433890804e+03 2.976942766815789696e+02 -2.139413056938837751e-02 1.039953980038001505e-02
2.665877050460364330e+02 4.867261193575110951e+02 1.138732480642647843e-01 -2.529966692382538684e-01
1.134663431543691786e+03 3.441735162915034607e+02 3.713257198115111485e-02 2.241645543760810086e-02
2.990305015390988501e+02 5.641663604291169349e+02 2.896144407290225653e-03 -2.391730764283337470e-03
9.949648948927439278e+02 1.775372052207770253e+02 -2.731331616761922820e-02 -5.457450792971203779e-02
2.865538534246890094e+02 6.307265680220011745e+02 1.428240458624101608e-02 2.784331417981748130e-02
2.492021749905442505e+02 5.442831815838794682e+02 9.788615215334647846e-02 -2.752964983851676761e-01
2.642858440002286216e+02 4.234897092206956017e+02 4.547934210782697551e-02 2.804133671452105347e-01
1.008761835830648351e+03 2.545037740054958704e+02 7.956777594000810291e-03 -2.678671957613518737e-04
2.566632967799774860e+02 4.110624395826593513e+02 -6.543071414499830596e-02 -3.246824762046914836e-01
2.487023696416487724e+02 3.905846481871590754e+02 -2.420240905113691873e-02 -1.157685615198181112e-01
2.877366946078645924e+02 6.509280090762846385e+02 4.566369871679285854e-03 5.689618213990446476e-03
2.609024253141811300e+02 7.042159783718483368e+02 -3.624162021199567058e-03 -1.203872318291076410e-02
1.152025712165790992e+03 2.306783954978383804e+02 1.078743202915890403e-02 2.475561809960467180e-02
3.227772791345680616e+02 5.500877290041223660e+02 -6.519381737621301152e-03 5.384864722348331814e-03
2.183300910889464319e+02 7.062054783041352266e+02 -2.511551269171714146e-02 1.188345032606598073e-01
1.504337170347471613e+02 5.250508007988173631e+02 8.813871990331236320e-03 1.855329928234440706e-02
1.015610040960934043e+03 2.077811708621838989e+02 -1.007856027290956469e-01 -2.170193787551600445e-02
2.511695333745088590e+02 4.207205763772855107e+02 -1.133620601497178637e-01 -3.343918322357808393e-01
1.236934154006137078e+03 3.988134168309322263e+02 7.785522598047770609e-03 -5.486231722919469346e-03
5.171542474369406364e+02 4.810828515935465362e+02 -2.715054843013667285e-03 -6.358154802514360930e-03
2.593701031803839783e+02 5.218274391420001166e+02 6.727499642476804376e-02 -1.978989593368689071e-01
1.122133166956462674e+03 1.791386493751794831e+02 -8.279266015704543971e-03 1.935771774959326938e-03
2.634547355532517940e+02 5.556492452997849796e+02 -6.791861402139023896e-02 3.347576778376522566e-01
2.026978733187360717e+02 6.835600742266889256e+02 -2.566671883688418157e-02 -3.588570604623746857e-02
1.129830991542510901e+03 2.309522419395718202e+02 -2.827457664734583584e-02 6.734178157146845922e-02
1.037555375974876824e+03 2.816878783331532645e+02 1.183187887703536370e-03 -8.030612392991599846e-02
2.908365981993947571e+02 5.634367491163303612e+02 5.015823013438155953e-03 -1.052322641773778544e-02
2.464652258989664801e+02 5.128896672166100643e+02 1.105604695457842405e-03 -6.886532758051538972e-02
1.106295934567846643e+03 2.021433688752780995e+02 1.854480473840150814e-02 -7.675879632748290431e-03
6.717722064865567972e+02 5.024951923291533831e+02 1.310644497528060393e-01 -1.398413297603763872e-01
1.244690078169571734e+03 2.910144122847073618e+02 -3.339965612284875179e-02 -5.903994495991080754e-03
9.744049309304714370e+02 8.536582914617416691e+02 -9.802226737616761762e-03 -2.019066655796423332e-02
7.064119182316832166e+02 5.826802039188289655e+02 4.175278100641626692e-04 -2.496790062670950060e-03
2.416187630663133064e+02 3.750379219561322088e+02 -6.166757424229513812e-02 -1.720649679233981211e-01
2.685552691859218726e+02 5.937992785464068675e+02 -2.251080127864565211e-02 6.443317605652340574e-02
8.288796289634047980e+02 3.909488292346942444e+02 1.045314595786510500e-03 -7.870733479552258563e-03
2.553686946198443195e+02 3.859130212047078885e+02 5.214150525315579265e-02 2.427164817539417818e-01
2.450191112148614536e+02 6.845978946799776850e+02 -2.834292999890825927e-03 6.408267652147406866e-03
1.127668351154103220e+03 2.195689531509456742e+02 6.516640526950429231e-03 -1.634131972398246077e-02
2.645229393204934354e+02 3.929856713498571708e+02 7.624321889171360722e-02 2.137932031949300038e-01
1.148687096972182871e+03 2.471571222795795677e+02 -1.481012761342024447e-03 7.682051459880204734e-03
2.780390108825240532e+02 4.030079465709640658e+02 5.611786775147218492e-02 2.693061328994354464e-01
2.914228898075389225e+02 4.953607143851850196e+02 -1.315913620163317900e-02 2.000122197504191623e-01
5.515793673975560978e+02 5.225291859381568429e+02 -5.198385978709359895e-03 -1.967977002377125154e-02
1.031480342051692105e+03 2.311639124971823094e+02 1.569742445014238319e-02 -5.648577577690475776e-02
2.406288554134974049e+02 6.808444838781425688e+02 -6.334599184965149102e-04 -7.481140544674453382e-04
2.524519224090998648e+02 5.455493107639381378e+02 1.243407469385856244e-02 -2.593395405245647045e-01
2.769201437597517383e+02 5.542425482841853182e+02 4.123426352507657093e-03 2.200776401962522763e-02
2.840302276093173077e+02 5.385274583803610540e+02 2.465056090713656223e-02 -4.622318068020894732e-03
1.534432642161860656e+02 4.867568774861317706e+02 -2.170826552470017656e-01 -4.465748906681456520e-01
1.019943051487749244e+03 8.604361879548695242e+02 7.715208453506906382e-04 -3.022826517306807792e-03
1.079773517960247318e+03 1.589725317021140540e+02 1.266564551073459666e-02 -3.934695902282974583e-02
2.606059979453522146e+02 3.824168028275532834e+02 3.924940504509833589e-02 2.361086746654411095e-01
2.425381398926800784e+02 5.375810820626664963e+02 2.447738081882151404e-02 -2.856604555217837627e-01
1.135916297644517499e+03 2.310613066631332231e+02 -1.122294552200770248e-02 5.085990843212758600e-03
2.513812406650943103e+02 5.233294668985149656e+02 4.471143325624729603e-02 -2.179802949361468456e-01
1.112377882952001983e+03 3.572165496150817603e+02 6.762218873766211689e-03 1.106273994752324306e-04
1.780755052174386890e+02 5.703151032955391884e+02 -2.003091435696124824e-03 8.320077362814927782e-03
1.590709432964279131e+02 4.811225604340048676e+02 -2.134989735122733989e-01 -4.879795257667419728e-01
9.691669132593011682e+02 8.842060952395546565e+02 2.902979610614085312e-04 2.293357138577142157e-03
2.723715010804623375e+02 6.536135499879175086e+02 -7.168861122284055174e-04 -6.434506927336211719e-03
3.256633841447152804e+02 1.052365130608982099e+03 1.402117998444025841e-02 -3.458750741324905648e-02
2.423941339422542853e+02 7.218789201535729489e+02 -5.424385732467417766e-03 -7.770781619099283166e-03
5.737453085754003723e+02 4.764092125432193257e+02 -2.176158301015468279e-03 -1.514503366149035513e-03
2.720118219672955888e+02 5.693158364795622219e+02 3.863270162373107219e-02 2.341423533619463593e-01
4.911681569949954564e+02 4.632844236360985519e+02 -1.862295556463215056e-03 4.215222882402877569e-03
8.030512363558331117e+02 8.779168211462250611e+02 -3.420266582095381896e-02 1.702797627606714853e-02
2.368405247796021627e+02 6.201454088786880448e+02 -8.745220692006649629e-03 -1.863292803736187400e-02
8.327144563284725791e+02 3.169318351219181409e+02 -8.599822557103195195e-03 -3.338980031846948762e-03
2.588231386030646490e+02 3.916400664056565688e+02 7.546171563825115891e-02 1.983935666778146589e-01
1.129667143493276171e+03 2.052721569369526264e+02 1.174494640293295838e-01 -9.336466436557844251e-02
3.178480131561295252e+02 1.062911382478162977e+03 -1.249512445079150463e-02 -2.430464084484063332e-05
1.022820095949931556e+03 1.689173350902387938e+02 -1.165559927312755269e-02 8.954294914762741045e-03
1.036200705118786118e+03 1.615585330645110957e+02 -2.241327880745860868e-02 -1.172774162806273224e-01
1.179808640910721579e+03 2.458754045088706732e+02 -1.851710007846158520e-03 -4.430308386209934682e-03
1.618381505374196934e+02 5.470898495308211977e+02 -3.454762104187019678e-01 -1.304048099244766445e-01
1.058675021248729763e+03 2.906632961399616306e+02 -1.212438547916931154e-03 -5.758157965340497935e-04
2.692766500045717066e+02 3.837690418874526586e+02 7.632512716675689257e-02 2.916272962442723049e-01
7.906955559836541170e+01 3.195976077791918328e+02 1.492367927400325631e-02 1.404138635653358509e-02
2.394644055703679442e+02 7.038347197673641631e+02 -8.690091464846674005e-04 -1.626642074564071038e-03
3.879405081430378459e+02 1.087519962796443451e+03 1.182664358784936420e-02 1.442187479319772571e-02
9.636857898801474676e+02 8.664681976205846468e+02 1.614612202101425170e-02 -2.115613146866683614e-02
9.906354440789153841e+02 2.085927755808711197e+02 -2.785021676740850188e-02 1.625299472614795751e-02
1.120489507562342396e+03 1.900553081787085148e+02 8.449475678228979270e-02 4.314769272351279966e-02
1.074878270917386089e+03 1.690162736633934344e+02 7.028856078379321082e-02 3.699124485803278323e-02
2.548922522808277051e+02 3.735304142821148048e+02 4.844398437228616960e-02 2.462731923394951283e-01
1.036755285313500508e+03 2.956216068578760883e+02 1.362013715986742403e-02 -1.689686210479274253e-02
2.529648450852529891e+02 7.020735192716892925e+02 -1.636951505857787634e-02 4.474837905512244786e-03
9.721103636329501114e+02 8.297358220645631945e+02 1.066259700537827574e-03 -3.993444121272542863e-03
1.049990933861544590e+03 2.073743626284025652e+02 4.255881240432794754e-03 -4.032751030397287335e-03
2.023183832948047893e+02 5.576934570072014594e+02 -2.464372732387462225e-02 -3.108901378619658429e-01
1.158582998414552094e+03 2.473556427064986565e+02 -1.312387896514832959e-02 1.906758996330321088e-02
3.132540597976927756e+02 4.706444689111553998e+02 2.405000272122464772e-03 -1.295220624530033513e-03
1.104533206857345931e+03 1.699168981788328665e+02 2.949951847302928823e-02 -2.182209665211826480e-02
1.132147240773672820e+03 3.534836541203541742e+02 5.970305590203184472e-03 -7.418276133913841511e-03
1.108669837247703754e+03 2.202299750856429910e+02 -1.734978301337292486e-02 2.828301562037649486e-02
2.389768282430956958e+02 6.643170825937663722e+02 -8.935322263718518693e-04 2.789526921933902295e-02
1.144994556057981299e+03 3.328780886627700966e+02 2.903602338788590417e-03 1.121416269608073273e-02
3.699121864782114244e+02 1.046062150629261396e+03 3.988083956611794025e-03 -1.137541445638754140e-03
2.505479112059125839e+02 6.979482163157440482e+02 4.642097223254630471e-03 -9.539520165888704800e-03
2.180201493194871318e+02 5.909888206004231961e+02 8.873859508211683067e-02 -5.055888190551542649e-02
1.173643413901176018e+03 2.335097934590555724e+02 -3.227857272438788838e-02 7.527782312712079371e-02
2.663798619492133071e+02 6.784660811658608282e+02 1.073520135183303296e-02 7.534771854886124567e-03
1.170853492357654204e+03 1.885413740666250817e+02 4.983530628083322235e-03 1.558877296358950407e-02
1.093286486932305024e+03 2.067080767917243520e+02 6.709384094751209837e-02 -7.932172623536204448e-02
1.060312348139047572e+03 2.277975347247967477e+02 -5.340552568190339716e-02 -2.733119879482755893e-02
1.961977631928238566e+02 5.609456255399721840e+02 -6.331936242404447024e-02 -3.293266511856087764e-01
2.606669650535861251e+02 6.194393130292147589e+02 -2.833799432044606056e-04 3.572411445793702463e-03
2.622498651551787248e+02 3.712950158233372235e+02 5.562940048021951939e-02 2.555004820495448969e-01
1.222019377717203952e+03 3.518246483441267287e+02 8.455990882325885999e-03 1.052512312750735965e-02
2.677759635937492249e+02 5.434174989855963531e+02 -6.274366575432298310e-02 2.893666173391840069e-01
3.102140917089225240e+02 6.011919801743554217e+02 -2.711673178990590960e-03 -1.304570424470552666e-02
2.462268575824377308e+02 5.618181304749127776e+02 1.196007166567539526e-01 -2.196207839547669460e-01
1.012032292147613134e+03 2.087981362595195947e+02 2.045679296666004163e-03 1.881602564100683384e-01
2.715454492432972984e+02 4.494795613312793421e+02 3.783266703744449927e-02 2.488608145046258269e-01
1.988401120849207757e+02 5.697291030861977106e+02 2.719656966109572707e-02 -2.345545502287200434e-01
2.665240779191065599e+02 3.576180888485466198e+02 5.031816787491231319e-02 2.163910806112762653e-01
1.210762367989541190e+03 2.436924280534253739e+02 -1.644293564786854451e-03 4.795763468429962767e-04
2.742491549966822504e+02 5.615774382401026514e+02 4.588466875442787779e-02 4.205493157544627075e-02
1.005698329776198193e+03 1.952527433269484050e+02 -9.320174101465494854e-02 -9.131823160389682115e-02
2.136237979505520457e+02 7.135083101754372592e+02 -1.572524897263837332e-02 5.770381322350874587e-02
1.092287908515376103e+03 1.808360381030054498e+02 7.548903705718217061e-02 8.979735599588352032e-03
2.370383611278633111e+02 5.537848644683422208e+02 1.007047532029715364e-01 -2.372699123946703514e-01
5.212426800602665935e+02 5.334756305229852842e+02 5.781799798885706512e-03 4.338910238847221157e-03
1.096308918018104805e+03 1.532285923974252171e+02 2.577905482513136171e-02 -4.994293379096315100e-02
1.159451552597368618e+03 3.082045897378941959e+02 1.514638250464508673e-01 3.448714859981331926e-02
2.371731545955390175e+02 6.395246251284055461e+02 2.484663075987491102e-02 4.575911752354922500e-03
1.176470945314730443e+03 3.456633661055802236e+02 5.323989220959455919e-03 4.418550210506946158e-02
3.053425142346000598e+02 4.589789755494653036e+02 1.436907617794880646e-02 -2.893665557792640675e-02
2.601374404483175340e+02 3.552461958381757086e+02 4.183053099998407243e-02 2.251580920195613844e-01
2.727081505934808092e+02 6.782643040121715785e+02 2.799539158866419779e-03 -1.289603002466251438e-02
1.122835196412180949e+03 3.217975739810175355e+02 1.450281465737350691e-03 3.565466681468613952e-02
3.196728189097451605e+02 5.188482424881060524e+02 -9.918229002637125521e-03 -5.497330841140495722e-03
7.927069071898877155e+02 3.986698575826633260e+02 2.680887171167305877e-02 1.153831578986144746e-02
1.057636098767489784e+03 1.931161704691993464e+02 6.157658475846648424e-03 7.347625493990801379e-03
1.057433249536842595e+03 2.045301914903627960e+02 -9.156958310743695947e-04 3.055370360703708616e-03
1.125199644984362976e+03 1.832478081090210935e+02 7.068640185516054941e-03 5.955403888913280569e-02
1.026394136963626806e+03 2.671107025969162692e+02 -2.918905613096465373e-03 -5.949291745886205879e-03
1.163668375349616554e+03 3.116290138245694266e+02 1.454313451084963404e-01 -3.127020296487629039e-03
2.470483993277014179e+02 6.065326357744257848e+02 1.294709644632026585e-03 2.179659939466402265e-03
1.151934688842560035e+03 3.005881473124400145e+02 2.463387046768595046e-01 9.416102347276900097e-02
1.029143725033330838e+03 2.111177758895852605e+02 1.133857032497268547e-01 1.985974861653566625e-01
2.572124877585451941e+02 6.721183467271436029e+02 2.082584543027105745e-02 1.627349094615348699e-02
9.890528544145947762e+02 2.267353278086249304e+02 6.968802717606780057e-03 -1.035901898644078604e-02
8.279838181728343898e+02 3.376502276714219875e+02 -6.935379671928542733e-04 3.227935651021216455e-03
1.076400882593316510e+03 3.117555046745650884e+02 -4.903528888532248525e-03 5.788324768840908546e-03
2.899918560373400283e+02 6.707631544342858660e+02 1.399584438329969701e-03 8.683421657506773181e-03
1.000216174493937842e+03 2.186326187462487383e+02 -2.022266164176629230e-02 2.975123145705847738e-02
1.000213173638212652e+03 2.400530181366371778e+02 6.156123478642329221e-03 -1.796320769734018399e-02
1.086695921599914300e+03 3.401503858450068947e+02 1.509999174817098231e-03 -1.399979622240242819e-02
2.168403246895660743e+02 6.026099664293903970e+02 9.778977573199204576e-02 -1.378736461169335903e-01
1.198777384608389866e+03 3.764994809931997111e+02 -7.225036965346499571e-03 1.424293959325106419e-02
1.027066551059514040e+03 8.551330831196038389e+02 2.803035813346045624e-03 -4.363473601827509013e-02
5.288563565943690037e+02 4.833866907312466310e+02 -4.973361289527551167e-03 2.296872318326974739e-03
2.531001726998923118e+02 5.938538412077266457e+02 -2.892678566628983407e-03 -3.598346422295727737e-02
1.196568980669281927e+03 2.215836033917044290e+02 1.843272770123677642e-02 -3.835605838685493540e-02
7.923959351247516452e+02 3.686808849467515188e+02 -2.978038106472004082e-03 3.467128699233034198e-03
2.508380976775082729e+02 3.481267334119364705e+02 8.746772056184484723e-02 2.385467453517678416e-01
1.121109681735528284e+03 2.281779303422470377e+02 -4.509194617960001622e-02 -7.075245046985738362e-02
1.147208781275317278e+03 2.398758038256513885e+02 7.865679704759308277e-02 -8.160242897577822674e-02
1.139517847277365036e+03 1.919266932456067707e+02 -2.689865804885326062e-02 2.051031893119956498e-02
1.269973905624708095e+03 3.359192208879815098e+02 3.460020193468014149e-01 1.468709533647312993e-01
1.226771549657752530e+03 3.606486552418563747e+02 -1.162344787862461086e-02 2.034370156678620700e-02
2.453672675632428763e+02 5.765180848422854751e+02 1.481183863238046960e-01 -2.882056751959646834e-01
2.358462451183592066e+02 5.467861321058387603e+02 2.512939291303626366e-01 1.279123776861961492e-01
2.706364480955317049e+02 6.841033294474186732e+02 4.581010519254869948e-03 9.265580808633415910e-04
2.788241460025783454e+02 5.039739862031702842e+02 -2.744474073208009665e-02 2.315347512709146627e-01
2.562672027802759089e+02 5.361558301687999801e+02 2.345104942685113589e-02 -2.138490698095276143e-01
2.458505936747956184e+02 5.929524096846597558e+02 9.000030879157842672e-04 5.974545910478331993e-03
1.115423822302866483e+03 2.632553227572065566e+02 1.148149158689508592e-01 1.069561123890662713e-01
1.060281129963153489e+03 2.182300216261317587e+02 -3.480636604278137397e-02 -1.782565237569721725e-02
2.516706683128172415e+02 6.398035195438753817e+02 1.303321801592934254e-03 2.055363557286288452e-03
2.637420740364769927e+02 6.078436087544901056e+02 -1.569750117223948221e-02 2.629063634140263797e-02
1.155776325493286777e+03 2.342592564543106732e+02 1.781960974480765320e-02 -1.130937764898935077e-01
1.006301528884368395e+03 1.758213073055700022e+02 1.007731468677532244e-01 3.012211869695318942e-02
2.602936730197104680e+02 3.371987151501153903e+02 6.838711497720856292e-02 1.838049249799872387e-01
2.299665071380686356e+02 5.459244069461254867e+02 2.731859746062695327e-01 1.215827492253560849e-01
1.165338162817019565e+03 3.467025689466283325e+02 9.029640401807471212e-03 -4.466163298845778062e-02
1.154293324035635578e+03 3.196838063128087697e+02 1.516422213755869164e-01 6.108452989779116632e-02
7.222086348829437839e+02 9.769784138725873390e+02 -7.606639219026271187e-04 5.705217179056624836e-03
2.121763467034153336e+02 6.005485296082954392e+02 1.123580979155068965e-01 -1.191774542188996089e-01
1.107546236367725896e+03 1.847760532169853320e+02 3.346709653028978604e-02 6.312915204452591855e-02
1.064507750627905125e+03 2.093332130417150836e+02 2.233355250548063956e-02 1.393436927961540228e-02
1.043405345152864129e+03 2.098308773653484138e+02 -5.778506076327662166e-03 1.085846831870494744e-02
2.955733635683590137e+02 6.382210221243504975e+02 7.895135029551367603e-03 -4.863429277733221680e-03
1.167569790366609368e+03 1.562732592130263924e+02 1.299837149824747788e-02 -1.278703116299783303e-02
1.145824660539630258e+03 2.029389496543164171e+02 7.448470377332593560e-03 -3.057485197181047942e-02
3.080371276428804777e+02 6.186325250509488569e+02 2.730402228495236103e-02 1.123251442477272294e-02
5.287301561073406901e+02 4.684823536969125257e+02 -4.179825842777855609e-04 -3.517804136783912131e-03
1.028698405115735568e+03 1.855931145181138220e+02 1.154701378772163278e-01 1.382027392101678187e-01
5.803272545527098600e+02 4.405090189095725464e+02 2.083476424151610093e-02 -2.752446581555916330e-02
2.840692546092360544e+02 6.710391844073839138e+02 -1.504429877878455963e-03 4.077482356564413957e-04
2.330157480806759338e+02 5.861742013036084700e+02 1.493357249640559492e-01 1.570271099961140504e-01
1.175450572162581466e+03 1.602131503476860530e+02 7.883711901168941397e-03 -1.687234682656320924e-03
1.139757387604305222e+03 2.419388619608058093e+02 1.509895389945356417e-03 5.131216758996970384e-03
2.506615160495423424e+02 7.094829825287825997e+02 -3.044553776651872886e-04 3.653104609976244436e-04
2.308854567416590555e+02 5.187568557590610681e+02 -3.473619722197102827e-02 5.555094828377609567e-02
1.123441689669544303e+03 3.339242673798624423e+02 1.094364756164116579e-03 -1.812915590941956189e-03
2.596134824370800516e+02 5.069646246389901307e+02 8.271678171271731883e-02 -2.474556044798178200e-01
2.346700648177971402e+02 5.809538177468245976e+02 3.493351597537166370e-02 1.430504716983833635e-01
1.144550599547163301e+03 2.169398993964423425e+02 -4.346796101822067264e-03 7.887022747417456528e-03
2.038556789095440820e+02 6.031399983705817931e+02 9.645174765180113130e-02 -1.666715773657176658e-01
2.087647441284570959e+02 7.463865274019389062e+02 1.341048126424439994e-03 2.035100898063495201e-02
1.067556623490823995e+03 1.879939798986048629e+02 1.591092908745057530e-02 -7.036595514828200559e-02
1.148683919734040728e+03 3.500853384014488938e+02 5.651381443313577280e-03 -7.987409288239965752e-03
1.178698802943123610e+03 3.519471967877753968e+02 1.573795926331756495e-02 -5.518705847485212918e-04
2.160456227128906335e+02 5.839361456062454181e+02 4.549586692194349143e-03 -4.276046019767683511e-03
2.294521909227518108e+02 5.804991735874327787e+02 3.636555309253849261e-02 1.201226653183305321e-01
2.385524079894463512e+02 6.772590150344826725e+02 1.431103182106104260e-03 3.355239493949324896e-03
5.066829087481224860e+02 4.867692018660723079e+02 1.223948471079546558e-03 3.432836331673552429e-04
2.247684410665848134e+02 6.177225797435614822e+02 1.816068704847538517e-01 -9.007936653658321635e-02
2.502219750416037130e+02 3.310511083472705991e+02 6.141124239332492601e-02 2.236387238616026063e-01
1.190923397521040670e+03 3.020642500936093029e+02 2.563468758589986241e-01 2.282136384168651638e-02
1.105392912946984779e+03 2.392888405844939257e+02 -1.135641339545253453e-02 1.528813118165340754e-02
1.167218215501394525e+03 2.494715353460907465e+02 -2.595255265451570101e-04 4.529422082022660327e-03
1.147790113704586474e+03 3.048250157762879553e+02 2.872983847225401011e-01 1.178653145798296137e-01
2.011736377770406250e+02 5.963216933091293868e+02 1.073241265954529428e-01 -1.941364930463961025e-01
2.119474104285606018e+02 6.399298008536879934e+02 -1.014121173633651674e-01 2.255861244885740136e-01
1.275525386169503008e+03 2.715988749712664685e+02 -3.382258173231922262e-03 -1.078202985649966694e-01
2.231568659635216534e+02 5.823463432220843288e+02 1.126724365618797241e-01 -1.620908750752426686e-01
2.092351000990675516e+02 7.227754465948778488e+02 1.255745484615718513e-02 4.703799671008007666e-02
1.196466489826239695e+03 2.045154485905335662e+02 9.354930807059852471e-02 -1.177561558911141212e-02
9.755873575102242512e+02 1.701380113393850593e+02 -8.887061355286314177e-03 1.110238522558137063e-02
2.723640918561161470e+02 6.614581791612217785e+02 -2.058392652382861742e-03 2.674608559779230975e-03
2.058009834124724478e+02 7.289250580603157914e+02 1.058382683952948690e-02 1.569193857372031681e-02
1.261395452367453345e+03 2.007522742231610664e+02 8.994215183502271820e-05 6.465368123112156520e-04
2.820891452071158483e+02 6.511138360800100600e+02 -2.135096303651616827e-03 -3.407704914224322663e-03
2.594714889725991043e+02 3.637313075349173914e+02 4.522085943218885629e-02 2.311362400014838336e-01
1.160144823766278705e+03 3.786112600809616424e+02 1.732593999483946975e-02 1.021281171457564694e-03
5.966266539547785897e+02 4.882482840298321207e+02 -5.874934023285556250e-01 4.923428225045422546e-01
9.821806828671806215e+02 2.214470043104762738e+02 -3.458199857645652756e-03 1.417956000295788818e-02
2.425848343272443799e+02 3.286330040675583177e+02 6.435602280429474076e-02 2.268246947471967978e-01
2.693057629384932170e+02 4.247475888759223039e+02 3.977622744875728561e-02 2.781552848604420536e-01
2.834237036332623916e+02 4.983203128847222274e+02 -3.646209384500351952e-02 1.994540686351652103e-01
1.134141063125818391e+03 2.185499504484037629e+02 5.817030244381187078e-05 1.577877242636300387e-02
1.147900426788209643e+03 3.467333202529844129e+02 5.843192500309003085e-03 -4.205112379813523947e-03
2.460434191385983809e+02 7.006026847484151858e+02 2.336712534654193651e-03 2.993116434522157063e-03
2.288781836493654964e+02 3.167820623174364414e+02 -6.083660303901770178e-02 -1.923234951246264590e-01
1.075264979562433155e+03 3.009317922895889978e+02 -1.759400355920228993e-03 2.604981560667997409e-03
1.164819884356751800e+03 1.972122486765524343e+02 -1.366727415294336778e-01 1.393115153103600123e-01
2.124726874106302148e+02 6.221932635995391365e+02 1.065715335704608274e-01 -2.086918016132592590e-01
1.939815135522797505e+02 7.011849248296873611e+02 -1.447413110739007892e-02 3.219774089342252593e-02
2.202755368099216469e+02 6.981167673777190430e+02 -3.247484048472415452e-03 1.093911391958364704e-01
2.410644403313726229e+02 6.033779948376727589e+02 1.019389406705178969e-02 1.322762472113486222e-02
1.962727427902311774e+02 6.054324512095224691e+02 1.315487649950292104e-01 -2.163167473115303330e-01
2.302839494169653278e+02 7.031640801966547087e+02 -4.547823110648255979e-02 2.460378071553255899e-02
1.940222392922128734e+02 3.198267484380322685e+02 1.216569532260510216e-03 5.490687200815815537e-03
2.064928425846865423e+02 6.116682416785906753e+02 1.484656913982646265e-01 -2.055440310395933168e-01
1.204316263368366663e+03 3.883379494291805258e+02 -5.185725999045545480e-03 2.161707847111214026e-02
1.105337463289029756e+03 2.715841114532092320e+02 2.701632151951938177e-01 1.954670260464350939e-01
2.805089433117281601e+02 4.328514984499317393e+02 1.001074768531044074e-01 2.672875179961840542e-01
1.163129844354497891e+03 1.859418866856369164e+02 3.079748835997778156e-02 -1.910698156706021680e-02
2.645441954923417143e+02 7.296894418470349137e+02 -3.131690172617056407e-03 -7.487510267796691245e-03
1.170322816823879066e+03 3.587151899032748474e+02 -1.023208801493998184e-02 5.389505441325023738e-02
1.059502317538463558e+03 3.009869289815652564e+02 -9.884270953273582155e-03 1.265598386264470479e-02
1.083732153387159087e+03 3.015105517830702411e+02 -8.845042364562164319e-03 -7.533170454608033133e-03
1.149541829124578726e+03 1.935872621349722067e+02 1.710333960086290496e-03 3.752825650873364317e-03
2.860309987601811486e+02 4.764868673017658693e+02 2.472201992059925788e-02 2.194414951538142811e-01
1.195137525727286857e+03 2.501215078292842691e+02 6.285737086189706856e-03 1.969582683031884107e-02
1.161240509626094763e+03 3.433866931754029679e+02 7.589892246853809088e-03 -1.612461888688281747e-02
1.001805886483227596e+03 1.897885437284076318e+02 -5.504471314009264094e-02 -1.464455228245204188e-01
1.212885558963043650e+03 3.197801105814953644e+02 1.081788786054542900e-01 1.599695324417988451e-01
1.247072416263195464e+03 3.194617280414963716e+02 -4.262107182801939120e-01 -1.568213033375497056e-01
1.147043315100983364e+03 2.198217193716869247e+02 1.903356211511377785e-03 -5.705100605346802474e-03
8.153547355848426150e+02 3.369885756371555203e+02 -4.869378950676793091e-03 -7.356955276279812488e-03
2.727983291352280730e+02 4.402482380273353328e+02 4.908089035977426795e-02 2.809262946457790067e-01
1.051101406951691843e+03 2.328405081704540862e+02 1.269618925782719284e-03 6.051856875061919355e-02
2.073011930061307453e+02 6.970006827567661958e+02 1.031150099924561803e-01 6.787298717666648273e-02
9.439654523201745633e+02 8.590913116859354659e+02 -1.490898637104404005e-03 -1.943615217169731354e-04
9.644589856446077647e+02 8.591818749587715729e+02 5.563982134786459423e-04 -1.081470501649974773e-03
2.775179877877704939e+02 6.581639351097244344e+02 -6.733929686805426593e-04 2.843529909759833635e-02
1.237875362073203860e+03 3.139051651629450248e+02 1.076578182095441760e-01 1.530723220137842622e-01
1.064307013898654304e+03 1.999198707989509103e+02 2.319508447622991697e-03 -9.097765982603775101e-03
1.113978544085789053e+03 3.356291408531934621e+02 4.641058955898152288e-02 1.633043595815542592e-01
1.281190704200760820e+03 3.719402525722881023e+02 1.329805435820036403e-03 1.004193952425370961e-02
2.976384247390973883e+02 5.059222671709744645e+02 9.201421991403464090e-03 4.964496127644843493e-02
2.727387175979164908e+02 7.178357408662164971e+02 8.213261481650628365e-04 -3.141276283854224985e-03
2.535012194872464306e+02 3.125746208539927125e+02 3.764422830779399348e-02 1.893181680138459333e-01
1.027045081986496143e+03 1.945290348923853117e+02 1.444338040596978012e-01 1.186794698595489556e-01
1.030272990480669250e+03 2.204983405284523030e+02 -3.910230271268876068e-02 4.310650908786947677e-02
9.248370441645188293e+02 8.582645922403436316e+02 -2.657574349363544825e-03 -5.763370130417155672e-03
9.132065396627508846e+01 3.668236744088847558e+02 -9.771717773582148936e-03 2.350080314372428661e-02
1.160084179915225377e+03 3.363686600183350492e+02 -1.871429648751995328e-02 1.326812644836616317e-01
2.019000577609373579e+02 6.166566936124651193e+02 1.449157038525467622e-01 -2.319180099274870677e-01
1.074902194330561542e+03 1.935727563521991783e+02 -5.984822948349655634e-03 7.901634330434632175e-03
2.360609802726597195e+02 3.319581459519168902e+02 -7.860334636876784020e-02 -2.181407674197577973e-01
2.074012448988520134e+02 5.842298335024895550e+02 2.677782295804299051e-01 -3.034714227276738008e-01
1.231135273090336113e+03 2.782844336371087479e+02 -4.773372351400941710e-02 1.277045998310115567e-02
1.040681967628437860e+03 8.512901990527822136e+02 -2.675701367153204922e-03 1.079328453195868565e-02
1.397560713732324587e+02 3.892019327660472072e+02 2.249063458187587627e-03 6.760193591651048745e-03
1.038386611441056857e+03 2.233365746599392310e+02 7.867088425174224853e-02 2.859644811063839498e-01
2.745287448536749935e+02 5.844817114895198529e+02 3.298000925742419071e-03 7.480751918137008849e-02
1.086697344508367223e+03 1.611178101055133425e+02 -4.446857300839981639e-03 1.477767363510203331e-02
2.560857414784270532e+02 6.825227989357404113e+02 -3.009104075029580064e-03 -1.034919004925343063e-02
1.017166523251846456e+03 2.306857351736688315e+02 -5.999112153419518256e-02 -1.735744394044427472e-02
1.960138172570209463e+02 6.229026197287344075e+02 1.550549550280127531e-01 -2.470242438913139715e-01
1.169636085229748460e+03 2.267426941633436570e+02 -2.085290130396222699e-02 2.173446748574602017e-02
1.262491588535409392e+03 3.885377332310126803e+02 7.975121208963370859e-03 -1.000885907241340703e-02
1.083883183702633232e+03 3.091233746229111148e+02 1.136598040056248891e-02 1.472529506283517739e-02
1.072251395964755147e+03 1.790004502883079169e+02 3.417290173292533012e-02 -3.025214353148371685e-02
1.092048319273805873e+03 1.910993647972466647e+02 -3.373275158914210842e-02 1.490360069995717573e-01
1.225936054225872113e+03 3.326531208183670287e+02 7.537803292081374229e-02 3.403866497445328099e-01
1.117098720221660187e+03 2.350522650190228546e+02 2.277959453047263133e-02 -2.550199501857208090e-02
1.103998698144245282e+03 3.477642427666571052e+02 3.054750849389282694e-02 2.054183218354518337e-01
1.014792130451409889e+03 1.903756240119699896e+02 6.221521507231527609e-02 5.352510952614568385e-02
1.097869748667799058e+03 2.289577542416186589e+02 -3.469919227816239959e-02 3.724869324869477943e-02
2.453238352765986861e+02 3.075132178728470649e+02 3.498582505029211587e-02 1.791522520855983458e-01
9.719597157436606949e+01 3.976246095017166908e+02 -2.241374862298159132e-01 -5.030233109980425388e-01
1.187130740223982457e+03 2.909131951419882398e+02 4.670706509563464226e-01 2.514721911166452606e-01
1.160456201147799902e+03 2.104995302124488319e+02 2.625640758836171140e-04 6.824904075339382429e-04
1.209271859684958827e+03 2.561904239619580608e+02 7.432546416850419578e-03 1.146585892788275392e-02
1.184491749713245781e+03 3.897490998384099612e+02 8.050766724220083208e-04 1.052318647020348413e-02
2.427732172557698220e+02 6.771651956414892766e+02 5.545727049082523497e-04 7.925329926516353277e-03
2.555797062352859541e+02 3.410407586134860480e+02 5.335267152200924567e-02 2.144896374637710323e-01
1.188308431789376755e+03 3.112552123777548445e+02 2.395149265900889390e-01 3.996041637694162929e-02
1.200632654152548412e+03 2.522339600018858334e+02 9.176754073594944286e-05 -5.753823837024059362e-04
1.254551737383816771e+03 3.377679896836118587e+02 -2.367419159342788737e-02 -6.003768262885477575e-02
2.630066796136845255e+02 5.158247505691986134e+02 4.024553982571549976e-02 -2.658351778119581454e-01
2.659920687884813901e+02 5.096701832582065208e+02 2.418087371745457903e-01 -1.788480029379453662e-01
1.096375578517546501e+03 1.809485258150930349e+02 3.867382700820826136e-02 2.116708715235233584e-03
1.038585850057975449e+03 2.582120780446924186e+02 2.713814212580528424e-03 -1.352853207464764333e-03
2.485766541467355069e+02 6.198090088137322482e+02 -3.266518643466104557e-03 -1.517619527859634214e-02
1.021590457274547930e+03 2.151902862566391832e+02 -7.024003885532209557e-02 -5.112391822720438461e-02
1.008240810588986392e+03 9.275519215124853645e+02 1.496019845035334583e-04 1.615619985785219075e-05
2.566825857244145936e+02 6.043857339559632464e+02 -6.822084070279288426e-05 -6.844989096093693874e-03
1.115312907361059388e+03 2.082373661523826911e+02 3.161815426272752017e-03 -7.258428206547537682e-03
1.175231356729869731e+03 2.201122229392400129e+02 -8.171494599363095246e-03 -3.721520246692024310e-03
1.185016789718296650e+03 3.112503455165498281e+02 2.467716868626003979e-01 1.948671554849658663e-02
2.603631567866497107e+02 5.325606094577063914e+02 5.741231286131392997e-02 -2.147326415427068813e-01
1.017546691003540218e+02 3.961142829666483749e+02 -2.417309685966391175e-01 -5.006508017962492119e-01
1.128652124035283578e+03 3.041346186125304598e+02 7.385329314992773730e-02 2.384566709504978843e-01
2.103562501130651583e+02 6.437914555744350764e+02 3.543540254675521555e-05 3.863227913865880433e-03
2.928908579960453267e+02 4.520840573693814122e+02 5.933054250327529644e-02 2.601725189236476776e-01
1.110819820784814965e+03 2.784573161109416333e+02 1.728083090993565163e-01 3.177511871625343653e-01
5.163372586963371305e+02 4.897185395259057827e+02 -7.700830577711393135e-03 -8.754339736632184158e-04
1.071652547127695243e+03 3.438391475291829806e+02 1.260592667987551520e-02 -2.575441004970346198e-02
1.172071770654074953e+03 3.359883577431066897e+02 4.805062146019636188e-02 1.408569573180722123e-02
2.143508833184048115e+02 7.562260226162189838e+02 9.880710386591549585e-03 7.541139071879495066e-03
5.186192249426760554e+02 4.892371532771850866e+02 3.383738360789107641e-03 2.608686358979830922e-02
9.798027991463060289e+02 1.757656018657413881e+02 -1.988630859976852489e-02 -1.445602792219155379e-02
2.571501961712367574e+02 3.712890597758319586e+02 7.242457711975026913e-02 2.805039821661090560e-01
2.864120553902444044e+02 4.664710220315179185e+02 2.926621563299456469e-02 2.588336200453065783e-01
3.059430928571516688e+02 5.127036673524257822e+02 6.554402946700964988e-03 1.069881261091348325e-02
1.243855856473791391e+03 3.055399933080295227e+02 2.017288996894835238e-03 1.538160139379452862e-04
2.021030439564529786e+02 6.419972513610653095e+02 2.022480581572035641e-01 -3.568816963134521791e-01
1.076471385569030872e+03 2.336122916341581686e+02 -9.931902681049664672e-02 1.977684758412409094e-01
1.025949098035129509e+03 2.448652486299096154e+02 -7.118258257379636578e-02 -3.891922463893562889e-02
1.088041185495606214e+03 3.326577442038209824e+02 4.161184617322729457e-03 -4.359576181291910726e-03
1.092975160388216864e+03 2.215036354884367427e+02 -2.680490032018898947e-02 5.117901077792015585e-02
1.140402625062802144e+03 3.414284464847946765e+02 1.681638848924384838e-02 -1.801128607759329425e-02
1.927847906646982210e+02 6.343477736707812937e+02 1.605467285911126585e-01 -2.579147938552227570e-01
1.047515967954574990e+03 1.806485498605622126e+02 -1.092999535718958831e-01 3.515113042863918930e-02
2.570114642188361245e+02 5.589873140565397307e+02 1.877498567846169752e-01 -3.285082639189086384e-01
1.079588702970320355e+03 3.111691210756980013e+02 -1.445452064447614454e-02 3.565314040028307735e-02
1.137970674791768715e+03 2.532106576770662798e+02 -1.726850717440663388e-02 6.264892204341307447e-02
1.202056057606687091e+03 3.250582664621714457e+02 -1.794285236108035184e-02 2.736998871111598255e-03
2.187040452246586995e+02 6.311316352614792322e+02 -3.594405662838427024e-02 2.662799737752074430e-02
2.906177133057731794e+02 6.303767219104661308e+02 -6.123472860902421863e-03 8.159317003035715258e-04
2.386712668341477297e+02 3.135869621408490389e+02 1.012725052729176872e-01 2.598352962198766658e-01
7.015448903958816800e+02 4.395295160003415162e+02 -2.041898796182949408e-02 -3.783984805582463196e-02
1.114412013951640347e+03 1.630354879566452269e+02 2.357166829696841909e-02 1.957613846271181457e-01
1.132327416866374961e+03 1.637246232416756584e+02 -7.288770977435080067e-02 6.001480849842986270e-02
1.038515550379576098e+03 2.401955156573409624e+02 -8.973027108153372455e-02 2.037859019457859411e-01
2.132857380993865490e+02 5.907991251322395101e+02 -1.499867467136558165e-03 -1.733960794682068776e-02
2.289016668879576741e+02 7.453890733011885459e+02 6.997533113397234536e-03 1.530195191919209510e-02
1.145598804879851059e+03 1.817152326332569601e+02 2.261883967335904730e-02 5.860929356471906992e-02
1.124107959316031838e+03 2.386885126719414245e+02 -1.355674111205757912e-02 2.406355047426202848e-02
1.192110594783412353e+03 3.261257093343580209e+02 1.985402103319444111e-01 -1.347347706612573859e-01
2.402056280334683152e+02 6.355420836795210562e+02 6.253329194636993334e-03 2.267257919900290269e-02
2.609316236967750910e+02 7.203137021305818735e+02 -5.669029516038557280e-03 -4.541090425291025717e-02
1.047711049206702228e+03 1.964802799769966271e+02 1.118835604478662406e-02 -3.103285792161614154e-02
1.189617888274512097e+03 1.853137283365993540e+02 -7.245994501557250118e-03 4.250330052760033228e-02
1.195466589988415080e+03 1.876214463976487536e+02 -1.721234671198975524e-02 2.877936546836791162e-02
1.285890367653329804e+03 3.391650982557915199e+02 3.985521708359402449e-01 4.140384925203054872e-02
1.512568677910058739e+02 4.546377948532817186e+02 -3.092918462721405953e-03 -1.042104714698615167e-02
9.950398599425169550e+02 2.084715791282920065e+02 -5.854738108578456078e-03 1.303442911709851160e-02
1.134732319927559274e+03 1.854926036157097826e+02 2.629523253198663701e-02 -1.119788738814134349e-01
1.111995350180834748e+03 1.999892200221531198e+02 1.203133550637542487e-02 -3.024651730820495862e-02
1.156447433841458405e+03 2.225115357704270878e+02 4.950671941638359885e-02 -1.035022357571296209e-02
1.152088624209269710e+03 4.192431238630434223e+02 5.141051091079084159e-03 -8.445754862058328996e-03
9.970821565918820397e+02 1.813759298080624660e+02 -2.254040448423931878e-02 -1.380980872451074426e-01
1.191567343281665217e+03 2.276333505704826337e+02 4.119021974457597046e-02 -9.700597325225086918e-04
2.342128913037610687e+02 7.015465115795298061e+02 3.239003233559655838e-03 3.383746246362227036e-03
1.163651885516874245e+03 2.340420439304627394e+02 -6.858150261450646212e-04 -4.444786041578043141e-03
2.653471249552555946e+02 6.547740519378489807e+02 9.930693958543608622e-04 -3.346384581383127828e-03
1.090699436528762902e+02 4.131159397939738938e+02 -3.380928166275186664e-01 -3.719173259880155791e-01
1.122373207920750247e+03 2.969885232817811698e+02 1.154545705801477695e-01 1.641485468602050246e-01
1.252913902045179157e+03 3.294801499384251429e+02 1.506280209962269356e-01 4.196668051628277274e-02
1.953344007570703411e+02 6.437860113012208103e+02 1.829428397327281797e-01 -3.593974292895221190e-01
1.215411567815511034e+03 3.649105361185644938e+02 -3.294950308500391167e-02 5.560362244573586327e-02
1.033079389541060436e+03 2.142743728293688150e+02 1.003525080403698810e-01 1.537407488832165103e-01
2.195942363179339054e+02 7.412380904332400178e+02 2.137002050338224299e-03 1.337844057466306595e-03
1.054603955468727918e+03 8.291812702846467573e+02 -4.778296245080348396e-04 3.359262270516244833e-03
1.193289163157603525e+03 2.435829532640918558e+02 -2.401615835673720500e-02 2.703176422066523935e-02
1.085305895375049658e+03 1.806995526438588797e+02 -1.528678877163258676e-02 1.956257125491869253e-01
2.546667447233384678e+02 5.272900811930114742e+02 5.750191421551183873e-02 -1.890388483528109564e-01
1.856881172606265409e+02 6.288579343356383333e+02 1.594092033426323940e-01 -2.538680920144312236e-01
2.908457399528119254e+02 4.634064580970956513e+02 3.662314526082267180e-02 2.889556228758850542e-01
1.005253210408605696e+03 1.688720054237274439e+02 5.054744304070005190e-02 6.752644227864697257e-02
9.955644687829477562e+02 2.350847213619207992e+02 -2.480050202509133730e-03 2.905507350827600793e-03
2.208417863105086667e+02 3.004238724455472038e+02 -7.529516139650976880e-02 -2.436313750393125921e-01
9.861542730050078944e+02 1.949067492260160748e+02 2.045358586891981093e-02 -2.569216174940552964e-03
2.562568753927722582e+02 7.139152307436062301e+02 -1.527886056004956403e-02 4.645946768727165013e-03
1.127137785904485099e+03 2.146294930634518323e+02 -2.742359243424440790e-02 5.109201693729801402e-02
1.183022492935701166e+03 2.112118050232168400e+02 7.613983680308440694e-02 -2.715027005836153241e-03
2.104417105441873730e+02 5.837102298297812695e+02 5.503229824586716029e-02 -1.480858407447783465e-01
2.695528026775877493e+02 3.740660907810432150e+02 6.430563555843818446e-02 2.664196738809390674e-01
1.138595297021119222e+03 1.724592289383347463e+02 4.785091999808127605e-02 1.529309176506872259e-01
4.702097066836670933e+02 9.416145088132126375e+02 1.479210634011382140e-03 1.219171174114816762e-03
1.905974689578546304e+02 5.116882140282500018e+02 -1.468360884054343007e-01 2.761176238458248888e-01
1.024622479408634945e+03 2.031173927293988868e+02 8.044732872959795000e-02 8.849009128579987671e-02
1.102476305090315918e+03 3.142957376425520692e+02 1.445133971175092125e-01 2.264424714150236606e-01
1.168095853590068828e+03 2.117852947876166638e+02 -2.257997642168996580e-02 -6.227394067690970175e-02
1.170969326622507651e+03 3.690760873422598252e+02 -2.631724930634406559e-03 2.371523958264423748e-02
1.155453783354622146e+03 3.602782729109333673e+02 -3.281556939734735917e-03 5.245105384010397692e-02
5.025140513626056418e+02 4.520858806436047530e+02 -1.141687398519479826e-02 1.605031226022840020e-03
1.014594521812421931e+03 2.224696660544165070e+02 5.997342578398481144e-02 -1.874431427359266600e-01
1.304380331320252935e+03 3.279850629223328156e+02 -3.740067432013099435e-01 -9.455040697478331660e-03
1.104168576210351830e+03 2.082700194187472675e+02 8.542729605598517462e-02 1.562348666082511162e-01
1.177375258392188471e+03 2.131582196604205421e+02 5.577113408376478676e-02 -3.094404533328006576e-03
1.192630961257653780e+03 3.437418462478314041e+02 1.722855059457922833e-02 -1.557797642781782316e-02
1.262570642667453285e+03 2.691438664928685398e+02 2.683098264413038558e-01 -1.050693211370416352e-01
1.023650377290624988e+03 8.667864387911453150e+02 -1.893333112199422144e-02 -1.858137770870353818e-03
1.085528157614932525e+03 2.019752017421399728e+02 1.113462482260943378e-03 1.741562185466538062e-03
3.022606477554908224e+02 5.277620161812017159e+02 2.298320780769535013e-02 -6.672342564965059487e-03
2.280310965619297576e+02 6.314098683185557093e+02 -3.370551148466693209e-02 1.793788149381288777e-01
1.022997474539176665e+03 3.018238391306234121e+02 -6.985013888944584649e-05 6.383855068931937327e-02
1.157397455144909372e+03 2.077768827576365140e+02 -1.213403589354175860e-01 1.948768612427648483e-01
1.204427218534413669e+03 2.789643332371445013e+02 -8.667733080152843078e-03 2.452868122629427508e-02
1.219373365012758086e+03 2.982324072923790368e+02 2.733048193520016059e-02 3.107297929074905301e-03
1.182381150849920459e+03 3.210857181994352345e+02 2.602429679967530052e-01 -9.263989867081687951e-03
1.090876940118202583e+03 2.326754166935376418e+02 3.805908567070540732e-02 -3.410885414779230018e-02
2.312360133754679623e+02 5.544136973461992284e+02 1.941396592439422475e-01 5.436502997967807005e-02
2.190504638014897694e+02 6.202953864042831356e+02 6.231582412572104351e-02 -5.593290614039148068e-02
1.874616626559706276e+02 6.464159175967600959e+02 1.174698294028715395e-01 -2.757729044112195993e-01
1.163991600378867588e+02 4.072917798993999554e+02 -3.328333915901318663e-01 -3.711264854443175332e-01
1.068631160527690099e+03 1.629807941648442977e+02 4.861179778093541182e-02 1.027724879811049985e-01
1.082093049577310921e+03 1.908636106011116738e+02 7.930169200131360896e-02 7.664854116140841500e-02
2.674031024704626702e+02 4.161216737456342685e+02 5.908627344402979376e-02 2.176777305125508211e-01
5.756046806386817707e+02 4.838889208490574561e+02 2.004259838122874043e-03 -1.966693877558055650e-02
9.892415204447161159e+02 2.416646433205059736e+02 3.446021604783867584e-03 2.339522685381498560e-02
1.207087388912274719e+03 2.886286709225292384e+02 7.960382982446390088e-03 -3.294237340739908371e-02
1.112060302978524760e+03 2.233895891484483798e+02 -1.369012027740356963e-01 3.522900808999717553e-02
1.255873581928723752e+03 3.895128124512519889e+02 -3.364927659332453413e-02 -1.294729645030985032e-01
9.447470744469642341e+02 8.524698852495076835e+02 -1.259570210240276017e-02 -1.884517867564581076e-02
1.056165279389087345e+03 1.605234379679660606e+02 -2.971998942551966599e-03 -1.097589114838164320e-01
1.105171766817550633e+03 2.653015880915567664e+02 -2.286789283738640752e-02 4.285456952177064960e-02
1.130500533790939016e+03 2.383644631114577521e+02 -1.335177186645664649e-01 -1.817610946277177231e-01
1.214882665300366398e+03 3.040074016110072535e+02 2.525223855873318657e-01 8.195691171599421565e-02
3.359433327793353783e+02 1.083309360610843214e+03 4.508678511061261496e-01 -1.538936335333357386e-01
1.024840176258857582e+03 2.310485985643261699e+02 -1.396974080841751134e-02 2.775196273422413356e-03
1.295760537917152760e+03 3.451903420047057693e+02 -5.010016971193026469e-01 -6.804077989735554666e-02
2.303143811115768642e+02 6.135015815628331666e+02 -3.130193587706083750e-03 3.105574970814292679e-01
4.934056798478889618e+02 4.305531748208882732e+02 2.287063269348834499e-02 1.455312474965495505e-02
1.052069398243751493e+03 2.759056760797461720e+02 1.047940253566764512e-01 6.333245821451072288e-02
1.156020824672978051e+03 3.555752524939010186e+02 7.555275706159250704e-02 6.554003833350918740e-03
3.185126527237053438e+02 5.344222513693410974e+02 -1.120265944064158248e-02 1.670074066558486364e-02
1.118416876875852950e+03 2.132811073172890701e+02 -3.733681252374840276e-02 -6.754159134309052626e-02
1.164867645987646938e+03 1.885521130922755617e+02 5.052754410096321064e-02 -4.517477045033570920e-02
1.010750302868791664e+03 1.836473677855622668e+02 1.625904076639514972e-01 -4.075170277298648114e-02
1.187892840699382305e+03 2.289956505431867697e+02 -7.062194905813305723e-02 2.678778021933058695e-01
1.190230597400822262e+03 2.850852799898760281e+02 -3.331251137804527168e-02 3.382246295998540993e-03
2.303365004087486909e+02 2.974031715576755914e+02 2.987347024598128661e-02 1.934409453093719200e-01
1.093900530231594530e+03 1.578455408107850246e+02 9.891335526007034168e-03 -3.066250004999915291e-02
3.351963695456400956e+02 1.091351287813664158e+03 4.567192825512149668e-01 -1.382127432046542925e-01
2.480821098288116104e+02 2.977838772542054357e+02 4.963328290514990720e-02 2.092769235970292074e-01
1.039475817276750377e+03 2.084948466731232486e+02 2.080432862675987704e-01 -1.097029784136116654e-01
1.154086901008805398e+03 2.451296346708854230e+02 -1.280319968600451830e-03 1.180303761820515954e-02
1.271852529459451716e+03 2.977461742272181482e+02 1.502022699578981976e-02 -2.236221763315129896e-02
2.293394403212160171e+02 7.748219979835170079e+02 7.277788939116693057e-02 6.053828665073310300e-02
1.098874931634502445e+03 1.999005878636757529e+02 1.161148458917330394e-02 5.090322948220721982e-02
1.285712928017107970e+03 2.916940353626317801e+02 3.201268853019263033e-02 1.544698195741086022e-01
1.110639836620999858e+03 3.378278496833985969e+02 7.460057413130595505e-02 3.554428399389287369e-02
1.048781162351550165e+03 1.642678008236707967e+02 1.159079472695836444e-01 -1.643541254652474137e-01
1.056927634029623505e+03 1.771774180182682699e+02 1.218989924313973461e-02 -4.827147090921624084e-02
9.990920995471798278e+02 2.235859667801714465e+02 1.728537226953292816e-01 -3.165712523610668683e-01
1.091797978065364759e+03 2.989648935929845948e+02 7.846049978503799593e-03 -3.451977829291408284e-03
1.180210156550311694e+03 2.278863942120165973e+02 -1.836086434956030189e-02 1.186024317058604893e-01
1.253525832521901748e+03 2.774944902085061926e+02 2.384977915128700943e-01 -1.379628915979207449e-01
1.154474603945699528e+03 3.357398935595927014e+02 -3.188390622675285613e-03 -6.904186673468259983e-03
1.300583949295290950e+03 3.499723269061129258e+02 -4.390558881214943199e-01 -1.572742121368975177e-02
2.512274569592366618e+02 6.655475586476075023e+02 -5.812300963822458755e-03 5.068490262257085988e-03
1.091599576951752169e+03 1.677681581750193232e+02 5.116131931557784535e-02 -4.529091913870373493e-02
1.052179475824752217e+03 1.862511074897501260e+02 -8.585492885436731003e-03 -3.497285292465793921e-02
1.108128945542943256e+03 3.049216883798524691e+02 9.173425258417146344e-02 2.964667116698200267e-01
2.260773576992697542e+02 6.046253376377826498e+02 1.489306634090271086e-01 -1.793010840262739547e-01
2.406044679147413774e+02 7.377600131805724004e+02 -1.025368834467269286e-01 -1.099787565324790613e-02
3.221381148302463089e+02 5.152162588197267041e+02 3.405352679513574260e-02 -3.764028274993431317e-02
1.106827504310423819e+03 2.144900332908049734e+02 4.126426701930843710e-02 -1.515151664045816804e-01
1.046088013096887153e+03 2.582440563778797014e+02 -7.437974153587371094e-03 -2.017785748219012160e-02
1.138909223473587645e+03 1.774169862411140173e+02 4.335683795112533004e-03 -6.152648443939620626e-02
1.151631441104648047e+03 2.129483008724408251e+02 -4.753849363869291911e-02 3.354743836110306993e-02
1.222215234859487282e+03 3.255124975465872126e+02 2.778977227974572806e-01 1.957714274688124312e-01
1.009649462502221695e+03 2.248931403631836190e+02 6.871778034564256232e-02 -1.355841950553176301e-01
1.053141069654997636e+03 2.452015189338545440e+02 1.471250977193676590e-01 1.300301501008525318e-01
1.168718991292146029e+03 1.815327052631057256e+02 1.852571813156243460e-02 2.175071935187844474e-02
2.532454011829563001e+02 5.146339449578119911e+02 -4.217528046263362726e-04 3.651206129469991742e-03
9.932661332163501129e+02 2.335266371530164804e+02 4.200913224457912890e-03 -2.889638137121942896e-02
1.123948518142704643e+03 2.150656241173578280e+02 5.138305248265674641e-02 -6.796160521007529876e-02
1.186309547101922135e+03 1.724019318578084210e+02 1.669522764591925557e-02 -2.174193644513509188e-02
1.202025100167008304e+03 2.019814755001560798e+02 2.372594899405292435e-03 -8.906489494122567588e-03
1.166862042299092764e+03 3.228383869631582570e+02 1.266270277217160928e-02 1.339082305719330179e-02
4.928759649645605805e+02 4.725129435993219431e+02 9.557102983743211502e-03 1.968389997773993712e-03
9.754617401551407738e+02 1.936403287642962994e+02 -4.644463500975986453e-02 2.701381842099692676e-02
1.806152901124887364e+02 6.408937560774435269e+02 1.823067482871214007e-01 -2.013152648013286916e-01
2.702793094146862813e+02 3.649649063403786045e+02 1.125075593227029408e-01 1.875421581065916110e-01
2.917881054106210286e+02 4.747677190827548657e+02 2.377561940798386675e-02 2.004121814354857534e-01
1.201995230058466404e+03 2.473859288500430580e+02 -6.546033024877033479e-02 1.605391514910695649e-01
2.376249482555589339e+02 2.932234638842088543e+02 4.287061566329816026e-02 1.618487118907362687e-01
9.833928681161563645e+02 1.671088510517672319e+02 -1.380676675679571586e-01 -8.990014569268467426e-02
1.090318012886855968e+03 2.006734970196368977e+02 1.792455025405956803e-01 -2.153589885067338228e-01
1.023417522345549855e+03 2.535246381963866611e+02 -8.996914573126464643e-02 -8.172370010889906666e-02
2.347762255253121566e+02 3.075322763883643802e+02 3.102648419918374936e-02 3.309032283869466906e-01
2.655897277611688878e+02 5.215555038265123358e+02 -3.255193568908818641e-02 -4.800870065330697239e-02
1.088566870150631757e+03 1.653729090867217622e+02 1.766869748938837067e-02 -9.783037292331434043e-02
1.184968776004203619e+03 1.880024789069154849e+02 -2.195000841011179871e-01 2.899004035256186884e-01
1.259953001107319551e+03 3.150774614554379696e+02 -3.438790080677672084e-02 4.782131101097528147e-02
2.514802775469799485e+02 5.366787955642015504e+02 6.034853153982280144e-02 -2.475667791137885210e-01
1.840999258260399642e+02 6.560174108184468196e+02 1.180308221322140250e-01 -3.382057612063570917e-01
2.526742091075985286e+02 3.589260730164648407e+02 1.029938562154148474e-01 1.505188822493437328e-01
2.893425120827989190e+02 4.342745607101290943e+02 7.582531220764239521e-02 2.906213752661079286e-01
1.124083258884008501e+03 1.950228328350038680e+02 -5.804179391730650978e-02 6.691263246893765226e-02
2.427099435338646458e+02 3.702591329856281845e+02 -7.642928719664203452e-02 -4.157241906865762893e-01
1.000290311422404216e+03 1.653561595142553244e+02 2.044051270724561997e-01 -1.010561499191182933e-02
9.824102029088835479e+02 1.772745516271181714e+02 3.645628517641680277e-02 -6.896754911833470440e-03
1.024628875855133174e+03 2.911277825158038013e+02 -7.165800920144993480e-02 -2.681749619966651565e-02
2.251524802351290191e+02 6.248363225468443716e+02 5.518348040095182733e-02 6.780215017138180311e-02
2.694836431878011354e+02 5.303874312924220931e+02 -1.256985998337881993e-01 1.280733694340710771e-01
1.062440396070180441e+03 1.698557567485569848e+02 -1.648935733250027694e-02 6.168322740548859429e-02
1.174054131441863319e+03 2.144568393598493969e+02 1.042317935402820722e-01 3.588105120235240888e-03
2.897189491679378648e+02 6.204799900383832210e+02 -4.871023914628835709e-03 -3.078665287779926846e-02
1.122954956866145267e+03 1.586375279579358164e+02 3.611577340711846773e-02 1.872726429741676871e-02
1.100915668714537105e+03 2.238587767340898438e+02 -2.670815288150774069e-01 1.725551554208589466e-01
1.086549241938509113e+03 2.938938456298004098e+02 3.529345435417063359e-01 1.544596485073899128e-01
1.168512654018338253e+03 3.493618120741219286e+02 -1.111954707092225325e-01 9.589984905172861673e-02
2.242716956883055559e+02 6.584027396277275557e+02 -8.719321819751855572e-05 2.194729723429358556e-02
1.029535825777298214e+03 1.682580874756296510e+02 -2.036182144176260870e-03 -3.555341767587726076e-02
1.069740778110680594e+03 1.667698175414400623e+02 -4.722521522656582434e-03 -1.320136251407938444e-01
9.911101770940381357e+02 2.110922684701399419e+02 -2.812199779368206032e-02 -6.921928132699563946e-03
1.095570497761576235e+03 1.972878248754308288e+02 2.115518821264888299e-02 -1.377884946797615189e-02
1.217439473156434360e+03 3.295633744872033617e+02 5.701928865072306007e-02 4.064015828078026971e-03
2.584421330316478134e+02 7.278867212211056312e+02 -1.019472718109505453e-02 -2.234688146361602651e-02
1.351258426088593524e+03 2.612807294372383922e+02 1.295981118948261353e-02 -8.137384884257832865e-03
1.257344481015288693e+03 3.492393368701003737e+02 -1.906760247001837993e-01 -1.817304335423172712e-02
2.513675004542869829e+02 3.025108955118363383e+02 -1.325588196850979728e-02 2.016482278399784889e-01
5.149679247713075938e+02 4.904500158677286663e+02 -4.853157217745263097e-03 -3.385070107047738475e-02
1.100830448810141888e+03 2.666323073264338177e+02 2.253071707770004650e-03 1.375866310622448907e-01
2.406028603362151728e+02 6.931661139231433708e+02 1.435968240664031725e-02 1.210614996698211598e-02
9.664748859742675222e+02 8.529101768239003150e+02 7.314830469795197132e-03 -5.060770312454110353e-03
1.071716323909148514e+03 1.581131712747412905e+02 -4.037035552193325716e-02 2.172228589520462660e-01
1.121127901061629473e+03 2.061180449640640973e+02 6.685531684521871243e-02 3.234888618901777813e-01
2.316529020766083420e+02 5.964565259877116432e+02 8.632093510165077255e-02 3.223412739022630258e-01
1.002292222410093530e+02 3.892116485409633810e+02 -1.160487682405277193e-01 -9.561176093378824861e-03
1.014163100528767131e+03 1.804759071965270323e+02 1.071931798979416581e-02 -6.360417942812952863e-02
1.071603361277031354e+03 2.224825424684114239e+02 -2.682235227528053656e-01 2.024767990424558295e-01
1.108385003438012745e+03 3.243662092236683634e+02 1.015262548035837237e-01 1.684187739308202203e-01
1.209269592730378008e+03 3.141507346752032390e+02 9.342057732482901555e-02 2.392510627306023707e-01
1.152058708343170565e+03 3.553128156001263847e+02 6.018722560988537529e-01 -6.975431597634066394e-01
1.218192173945609738e+03 4.062559862696834330e+02 1.272308960882842857e-02 9.206575005626811345e-03
2.292092632655429725e+02 6.114920380262039998e+02 1.525813953495896436e-01 -1.596854380478102409e-01
2.449001208884037908e+02 3.689726322031794439e+02 -1.283102955323355554e-01 -3.149207749464984496e-01
1.038268919898451713e+03 1.731307468817254289e+02 -5.533456422285081000e-02 5.009015537935222750e-02
1.132614929955852858e+03 2.148974525866851479e+02 -1.251135985782394211e-01 2.929075448902223600e-01
1.253569218712209931e+03 3.038508560729255237e+02 1.848614087591088709e-02 -1.618875722097247753e-03
1.306015660412774423e+03 3.360624759189957445e+02 9.345459040619411017e-02 -1.098999396028873948e-01
1.127173805036068188e+03 1.714716337254296548e+02 -2.833175190111584738e-02 4.033329368792474418e-02
1.020040861508464559e+03 1.967546062233650446e+02 7.871780567851753563e-02 -1.823799280250189671e-03
1.090382014322553005e+03 2.111581579888901672e+02 -1.438161905474544255e-02 2.960109587818019958e-02
1.220094078202377432e+03 3.114511009199922569e+02 2.401424237580537524e-01 1.515676773240481057e-01
2.799694816930929164e+02 4.741514321706504234e+02 -1.005915230714952702e-01 1.279879395507247386e-01
2.951987992732593966e+02 4.728189548843465673e+02 9.431737576851549620e-02 1.263187455779602175e-01
5.112094097167167206e+02 4.606653863146111689e+02 3.721840429870904715e-02 1.677981428153481613e-01
1.002790251192360984e+03 2.063673546866313586e+02 -7.308990496860381415e-03 2.545423514748986968e-02
1.117572549584639773e+03 2.268129193769866276e+02 -9.247584258971321136e-02 2.152257839147208307e-01
1.020540577270092854e+03 8.656585332956240109e+02 -5.380008160026053532e-02 -8.862804678250829626e-02
1.048224836506430847e+03 2.775812674810206317e+02 5.049885941921274796e-02 7.454387937280557153e-02
1.120926549472385204e+03 2.869538411375675082e+02 2.934036240052364519e-01 8.056305755474113756e-04
1.730533100967069231e+02 5.733319075319582225e+02 -1.833638034492281466e-01 -1.301922149320603184e-01
1.046431622097733452e+03 1.587161870291366483e+02 -1.039212340773095454e-02 -1.646667955958807522e-02
1.070951392417568286e+03 1.878721717785296903e+02 -2.675142953162574222e-01 5.479013833460916194e-01
1.231276429905051145e+03 3.107213713242210815e+02 -1.404126101702887416e-02 9.322055760763860860e-03
3.014729422799799750e+02 5.799551591710346656e+02 -7.599873771690429658e-02 -2.029452519409081501e-01
2.216866668326858303e+02 6.102994359575897079e+02 1.464776401164253061e-01 -1.648414532353525697e-01
3.109899010042174723e+02 6.248401976402540186e+02 -6.073406825452012242e-03 7.522033384749546303e-02
2.901690450043776650e+02 6.354223312551750951e+02 1.353237075495725486e-02 3.855896457139351696e-02
2.528441622847140309e+02 2.868039688593872825e+02 1.252020884737170547e-01 5.157233835711849679e-02
5.802509220567839066e+02 4.589772641946483418e+02 1.920850906375903833e-02 -9.954535897945504530e-02
1.087477058264746120e+03 1.851150840698235527e+02 5.396049631067967312e-02 2.523996076487442508e-01
9.806855988204263213e+02 2.359806448689393221e+02 -5.767725688130553863e-03 -2.165628607999536825e-02
1.241628270018298508e+03 3.274319709296043470e+02 -1.065047772635523415e-01 1.071687763467110699e-01
2.752234137199939710e+02 5.983343026281618222e+02 -1.511175804578002158e-01 -3.924940850453140229e-03
1.930623264069487277e+02 6.418198743853569113e+02 3.650459673770356517e-02 -2.727734627071498608e-01
9.693379344952810470e+02 8.226290825181264381e+02 5.856564900099670012e-03 -8.964876728896342684e-03
2.079549625030784057e+02 7.025648644647293395e+02 -6.662586937880275902e-03 3.472660792583935358e-03
6.870599005889813498e+02 8.221469117433334759e+02 1.033210838459613784e-01 -1.448396075582942567e-02
2.729160463314192953e+02 5.273999884459983605e+02 4.230054056249817757e-02 -1.336964607369660885e-01
1.038230716412313996e+03 1.867040508740998064e+02 5.221536789273765328e-02 -7.330618558370834148e-02
1.039935978347289847e+03 1.877825923962720367e+02 7.163065043160561640e-02 -2.427452743361395091e-02
1.004702380803856158e+03 2.275511786850121325e+02 -8.622726349589508732e-02 -3.087614501843868875e-01
9.785367538538964709e+02 2.452225784800434951e+02 2.689292897942626229e-02 9.233801296294549474e-03
1.227372765703604728e+03 2.464395236839226015e+02 9.786671950371328421e-02 -1.708591600747411121e-02
1.230777881582152986e+03 3.272410067063074735e+02 2.061518377588148210e-01 1.220236640381908017e-01
2.010762787774054914e+02 7.179378795476665118e+02 -5.700147953086798225e-02 -8.216559844229702481e-02
2.541002601125514104e+02 7.220468862625272095e+02 -2.352057612057478764e-03 -2.178125973273381533e-03
1.019263916041028779e+03 1.664645208120488462e+02 -6.376498206532232871e-02 9.938477429635668436e-02
1.043910274032032703e+03 2.189328967339342569e+02 -1.460924197695476212e-01 5.178445637320919781e-01
1.048778470310014882e+03 2.243894211979325064e+02 -7.550664751079239068e-03 2.009482129898287894e-02
1.124393416837353470e+03 2.274563887746531918e+02 -3.724170491863333377e-01 -2.849520868238869520e-01
1.116338017633373283e+03 2.449329242617422722e+02 -2.780252544626818922e-01 -1.737704547297482804e-01
1.153312797286020214e+03 2.230201892783904611e+02 7.749550240619100527e-02 -7.032253783962687244e-02
1.316613800525758279e+03 3.442434081422393319e+02 -3.877695805072107760e-01 1.459106800710855967e-01
1.152486337247953543e+03 3.865508778513233779e+02 -7.372525944629160222e-02 6.573581638212999678e-02
1.190303940556445923e+03 4.010683644818374773e+02 -1.418582173387221770e-02 1.305378481361344767e-01
2.537175308307289470e+02 5.669443222608845190e+02 -2.294115429220937655e-02 -1.413758956589390436e-01
2.980958961393146183e+02 4.792935656029411575e+02 5.077652286108502722e-02 1.235638760376502887e-01
5.666859301530837456e+02 4.251106072167222010e+02 -1.167804996845234200e-02 7.044081557192782839e-02
9.925958733088840518e+02 1.928442320142247297e+02 -4.464816138835203674e-02 1.262148752631730986e-02
1.121140398854613522e+03 2.094328401258852068e+02 -2.796522692557346090e-02 -4.587590264312524369e-02
1.127314206577781306e+03 2.347847252696843441e+02 -1.821397924796883672e-01 -1.381388505486000895e-01
1.235670237163189540e+03 1.335255316118814335e+02 -1.058811329309605753e-01 1.830874750201800794e-01
1.131643414209665707e+03 2.385091464449245109e+02 7.942094278814693098e-02 -1.474135404498682078e-01
1.205134468549176745e+03 2.553374217378697040e+02 2.133972152148544410e-02 4.792301695336931289e-02
1.118371374484481748e+03 3.045659672006155461e+02 -2.442187470705903252e-04 3.216580070518944012e-01
1.227124303868544075e+03 3.526405803509611587e+02 -1.598770314773219070e-01 2.289880140419029431e-01
2.652394160205844855e+02 6.235658652491312068e+02 -7.138754636429212042e-03 7.062442491411502488e-02
2.609361269219077144e+02 6.771184194506977292e+02 1.901143349444112118e-02 1.076847519389048102e-01
1.006534644050861971e+03 2.014499159888206350e+02 -2.491147107857993037e-01 -2.461413118915061204e-01
1.114953271466752540e+03 2.009625167070017255e+02 8.260037496249121591e-02 -8.870292295710176245e-02
1.018380675291329226e+03 2.505659062311208913e+02 -1.037581123576577086e-01 -1.325179471312291392e-02
1.023393806864460203e+03 2.586908689671041657e+02 -2.379643135914951205e-02 -7.266965264989266871e-02
1.055142391251225263e+03 2.622028896638502147e+02 1.184269349716942088e-01 1.272151207669859618e-01
1.119234582943280884e+03 2.528737073968281948e+02 -2.921886618302475466e-02 1.521589802210314701e-01
1.226882412850863830e+03 3.607216627014691994e+02 -1.267776725543020254e-02 6.273093312309659109e-02
2.339536490023001818e+02 6.208436518757880549e+02 -1.116697297243452597e-01 1.237880156069574335e-02
2.182570199329867933e+02 6.263023610362723730e+02 -5.710050779163111656e-02 1.290345130258856443e-01
7.426760667224119743e+02 6.576733210945770907e+02 -8.728689960398696712e-01 8.235277364118473997e-01
8.555320439028865849e+02 1.101846393009024496e+03 1.196601036823115825e-02 -8.511663646155890120e-03
2.762453904982647259e+02 4.308994442570001411e+02 7.483231755799124585e-03 -1.939744544117161240e-01
2.819021934675692478e+02 4.472177281850558757e+02 1.664448004734424558e-01 5.116952801293166431e-01
1.126523629231438917e+03 1.497880076523004220e+02 5.364085845053523371e-02 -1.952021681956352950e-01
1.018973407024264134e+03 1.894304223662014124e+02 1.200794303690599918e-01 4.991708658705249491e-01
1.019623253732101830e+03 2.068097292835579992e+02 -2.046492058400417591e-02 5.539405596047686231e-02
1.108123967568191574e+03 1.927838272051004367e+02 1.179177622706220063e-01 -4.591456205389050638e-01
2.547804968577687248e+02 5.450722691186202837e+02 5.905604873576919545e-02 -1.645868694089358542e-01
2.815508599967549230e+02 6.612895152513236781e+02 -2.679526228823192469e-02 -1.066391804927206977e-01
3.047877145945139432e+02 5.297861315404613833e+02 7.439892880483967019e-03 9.315119820882955537e-03
7.369508359039981542e+02 5.722102664327264847e+02 3.503885902375714068e-03 5.843175086283736164e-03
2.665822734264502287e+02 4.867223753367403560e+02 0.000000000000000000e+00 0.000000000000000000e+00
5.184242556847596006e+02 4.867608867167010658e+02 0.000000000000000000e+00 0.000000000000000000e+00
1.081556880817395268e+03 1.814675884885393202e+02 0.000000000000000000e+00 0.000000000000000000e+00
1.048353677744877814e+03 2.204677476503671869e+02 0.000000000000000000e+00 0.000000000000000000e+00
1.059402102543634328e+03 2.176706804353446500e+02 0.000000000000000000e+00 0.000000000000000000e+00
1.058905416868007705e+03 2.540466244906488100e+02 0.000000000000000000e+00 0.000000000000000000e+00
1.150798371333086379e+03 2.079056259620856508e+02 0.000000000000000000e+00 0.000000000000000000e+00
1.164970663528813702e+03 2.204714467013816943e+02 0.000000000000000000e+00 0.000000000000000000e+00
1.216015692655270641e+03 2.277241292587775661e+02 0.000000000000000000e+00 0.000000000000000000e+00
1.240097874291591779e+03 3.499552052844911145e+02 0.000000000000000000e+00 0.000000000000000000e+00
1.210450539564682003e+03 3.612012816095563039e+02 0.000000000000000000e+00 0.000000000000000000e+00
1.227208991172791684e+03 3.568938832212212446e+02 0.000000000000000000e+00 0.000000000000000000e+00
1.209910546557745874e+03 3.798560928074338108e+02 0.000000000000000000e+00 0.000000000000000000e+00
2.831300241045640291e+02 5.514992124306111236e+02 0.000000000000000000e+00 0.000000000000000000e+00
2.206518541529436277e+02 5.927720366272160391e+02 0.000000000000000000e+00 0.000000000000000000e+00
2.569269242690152169e+02 6.018475876115373921e+02 0.000000000000000000e+00 0.000000000000000000e+00
8.654657109738487861e+02 7.007854118918429549e+02 0.000000000000000000e+00 0.000000000000000000e+00
7.106584569900381894e+02 8.942071255206044498e+02 0.000000000000000000e+00 0.000000000000000000e+00
1.048503962751736253e+03 8.344040025866223687e+02 0.000000000000000000e+00 0.000000000000000000e+00
