1.331089263126639821e+02 3.819940607140654265e+02 -1.202262679853621959e-02 1.479465316958288035e-02
2.651134761522451981e+02 6.836128639090302386e+02 2.122794184625752083e-03 5.627019578734761100e-03
2.549797782847238636e+02 4.652327891737296568e+02 1.326518479291169048e-02 9.252574505057514428e-03
3.181119415163134931e+02 4.738516280777063798e+02 3.035579726811913227e-04 -1.679662252697518461e-03
5.660549762285933184e+02 3.844426889997627654e+02 -3.696584694084056443e-03 -3.457020630009137192e-03
2.767894844298484713e+02 5.905257274733947952e+02 1.423322806149737718e-01 2.044866148526778282e-01
8.295959840554600078e+02 4.091666764057557089e+02 6.667656964982418295e-04 1.266760137105051205e-02
7.068169785938431460e+02 4.183868911518680420e+02 1.163880801076818891e-02 -1.371936204588906829e-03
6.343237165167683997e+02 8.220625028923889204e+02 -2.658262182068380007e-04 -4.285857712276164278e-04
9.123696465914708824e+02 8.060332912837761796e+02 3.167581751425825576e-04 8.660619655180504944e-04
4.599366145754468675e+02 9.415719894571001305e+02 -6.089213581002929826e-05 3.644376076987226767e-04
9.072854663964246811e+02 9.246250698186644286e+02 -9.751624964479506863e-04 3.511615872061030316e-04
9.001425837143572153e+02 9.267605444735307856e+02 -7.289501970211012755e-04 -6.460822592877172449e-04
6.973315464819471572e+02 9.981440253816933819e+02 -1.064938416927681403e-01 6.991502904647836636e-02
7.149407602292076263e+02 1.011622642742898279e+03 -4.035129397902216856e-04 1.056421270982129925e-04
7.048990805001495801e+02 1.023717860335607952e+03 1.134792872542423269e-04 7.174097590229781655e-04
9.843016027579250249e+02 8.463067561075919230e+02 -1.842726216877828510e-04 -1.027811080554315824e-03
4.816439963713313546e+02 1.099034836493503917e+03 -1.404250010828396672e-04 -7.437420258949065891e-04
7.044324332632647838e+02 1.036485619244413783e+03 3.410217244190969746e-04 -2.552307835726018849e-04
7.518162131340694714e+02 1.067509565527913310e+03 -1.121459605113582530e-04 -8.111763797256967825e-04
7.455990529177749977e+02 1.071449704422532022e+03 -5.348492112646697138e-04 -8.077268820544655304e-04
1.312073713182258246e+02 3.253202814136480470e+02 5.985374952628474488e-04 -5.274003281703816288e-04
8.997486735692554021e+02 1.102137605046722229e+03 -1.879810152473456104e-04 1.316484558336212802e-04
3.906314974317825204e+02 1.090605651872485168e+03 -8.861226269901986219e-04 8.979352889008453131e-03
5.637021706614386858e+02 4.588189240308392414e+02 4.310851989513670747e-03 -5.091463770280496570e-03
2.627770085213269908e+02 7.420922251454272782e+02 5.679106542676309877e-03 2.755805992534879865e-03
2.725814920142871642e+02 6.224291019228966206e+02 -1.070302487192469065e-02 4.536967905534252873e-03
4.109688702636345852e+02 1.062702018204281103e+03 8.595386951209647505e-03 -3.572088744548825977e-03
1.009534022538737531e+03 8.170852216140660857e+02 -6.142564953083505227e-04 3.437294930536424417e-03
4.865051084776920334e+02 4.486119611505633316e+02 -2.296862120588365024e-03 2.063651403001685088e-03
2.230630560937607072e+02 7.548309320552542658e+02 -2.245676527229196768e-03 -3.139897176117418826e-03
5.982124044422292855e+02 4.384306968567474883e+02 -3.507092091252719639e-03 -2.208757040459276115e-03
8.294067614941395732e+02 3.216054479809493500e+02 5.441870543182126575e-03 7.795483192020277036e-03
4.643243189416481300e+02 4.570514897189800649e+02 -1.182021862427128957e-02 1.368557866079853601e-02
2.489544438575542245e+02 7.204931805055931591e+02 -5.984160321492983797e-03 3.972877792326507881e-03
4.934501010446646774e+02 4.304586854155248261e+02 5.703116444862535959e-03 7.891224255760928563e-03
9.702508230366663611e+02 8.448588740422425190e+02 -1.585236770548624106e-03 8.482556204297556557e-04
1.020656658719958841e+03 8.153540763030662220e+02 -1.153347872395267450e-03 3.123545893032260694e-03
2.047076330746753001e+02 5.119234035555722926e+02 2.569457801097522684e-02 2.046553535769355878e-02
9.569278198437211813e+02 8.506094479304684910e+02 -1.115111353257843560e-03 1.165038507917757950e-04
8.282793063275872782e+02 3.454183816624522478e+02 9.728147782554812106e-03 1.047948129995304907e-02
5.032498759560510848e+02 4.425497621047339862e+02 7.815876838749588964e-05 2.061810696698283124e-03
1.004455876919170350e+03 8.314027796785471764e+02 1.029114412375801719e-03 -3.016042899258932972e-03
4.941156780993751454e+02 4.406262492258723000e+02 -6.193575990710762334e-04 3.784577394559065448e-03
2.564387711952169866e+02 7.444080165071267174e+02 5.179365466612652173e-03 2.979815583762726768e-03
1.927529690488287315e+02 5.780777414923994684e+02 -2.087463844043832562e-03 -2.576060908005850872e-03
9.886915082785977802e+02 8.205428645875224447e+02 -2.098182384677914694e-02 -1.479896594232718750e-02
1.017003153232017439e+03 8.096949904548403083e+02 3.235798682238613493e-03 -4.583063877625685734e-03
9.847824494268096487e+02 8.144023807620944808e+02 -4.881942098982468631e-08 -5.811347490051876376e-03
5.843302105141941638e+02 4.446574171847021262e+02 -1.150725986723960016e-02 8.033867704053851769e-03
1.245352124592452810e+03 3.972242381667321638e+02 3.373860304979490674e-03 -7.410298938721818218e-03
1.184753190183356992e+03 2.488610862178132663e+02 2.131829487642798986e-03 -7.015680883285984118e-03
2.486683725997457373e+02 3.765096656054213327e+02 -4.497024454716742198e-02 -2.302479994624350434e-01
2.607156429410200076e+02 6.134093687291084507e+02 -4.054398471310216405e-03 4.297262101515863576e-04
9.510218038327061549e+02 8.370792197664185323e+02 1.769766534810307676e-03 -1.612187014336203617e-03
8.080074144086789829e+02 8.810404439448356015e+02 -1.367009908684543385e-03 -3.128426418748579772e-03
9.223316974242598008e+02 8.290363861704464625e+02 -9.355322262689074603e-03 -3.654024848637195400e-02
2.608230190420482018e+02 5.850105147090653190e+02 -3.489585570999940815e-03 -4.710520679900087777e-03
7.961057873749948612e+02 3.626717969352929458e+02 -7.436397471103713304e-04 -2.274472021645912098e-03
9.506556828867992408e+02 8.444778947531034419e+02 1.886002176709976330e-02 -1.949831873146352652e-04
1.032642638590498564e+03 8.313189816719504961e+02 -1.630050287053789017e-03 3.054955535835778349e-03
9.144050518929036571e+02 8.283847438273095349e+02 -1.981503330628106834e-03 -3.939038076964607171e-03
9.831069392180877458e+02 8.687811206755023932e+02 1.417385377627703369e-03 -3.758473133300435599e-04
2.739378383797797483e+02 4.384165507917215336e+02 5.648348726679958826e-02 1.890235531312974004e-01
9.775724065900553796e+02 8.658584353547757928e+02 1.426377966177680336e-03 2.117249528246607782e-03
3.280337775272813019e+02 5.667623289343018769e+02 -1.129036120899215394e-02 -1.906036812476603415e-03
9.897580018985579500e+02 8.510781364643351026e+02 -5.803942298570344965e-03 -3.170911875674103757e-03
9.666577636746197868e+02 8.731953288337646200e+02 -5.706122498586770064e-03 -2.431097198598421247e-03
9.572004893721370991e+02 8.620469621789247867e+02 -5.839105534594430172e-03 8.910292447978356012e-03
1.970701549446420699e+02 5.731822933870795396e+02 -1.145152624018107995e-02 -2.723856397911992785e-02
2.635801716436678248e+02 5.515666395647690479e+02 -2.742482272738173618e-02 2.139082560833791280e-01
5.104094570481435085e+02 4.226869676448578730e+02 -1.159333326547136358e-03 -4.460604004186104546e-03
8.021109329546363824e+02 3.565130213947497850e+02 -7.560278936287630463e-04 9.761058638772657572e-03
8.018363418290342679e+02 3.466532705566026493e+02 1.274153634970182211e-03 -9.050393325763945443e-04
9.433970182388003423e+02 8.745033407758620569e+02 -1.367612856555941014e-03 4.658435576304624515e-03
1.144448675772938714e+03 2.280284286075577995e+02 3.721048317415672109e-03 -3.387368288531264829e-03
2.799061922931050503e+02 5.213439315485196630e+02 -1.018782000235610719e-01 2.039299169792123945e-01
5.657353635977489148e+02 4.656200804438067280e+02 -1.423386993675455512e-03 -3.621670458325396743e-03
1.026946743527029867e+03 8.258012280233006095e+02 -8.624757194812076450e-03 1.732066205562714028e-04
5.056576984472943082e+02 5.171211290087073849e+02 -8.560713074559760105e-02 9.442593446817118541e-02
7.355843729441039613e+02 9.651805096460898312e+02 7.869944459261798975e-03 8.384570200512439161e-03
9.951519895892764680e+02 8.786392596086152480e+02 -3.857487730189436415e-03 4.855127983735584192e-03
4.704827366985693970e+02 4.362001240637483193e+02 -7.141169555622339316e-04 5.491913210596184331e-04
7.866164110795021998e+02 3.401995231533459219e+02 9.732312752034751003e-04 -9.586007893209071498e-03
9.714714415566530761e+02 8.934048694270791202e+02 1.490992213255725417e-02 -1.538716668035406809e-03
5.704025714875408539e+02 4.314551783920683192e+02 -3.168947948618570064e-03 5.408123002685370946e-03
2.103715281344407515e+02 7.185896679581998114e+02 -1.866133439021399167e-04 1.174756507297127286e-02
9.294563892134333400e+02 8.374750753826981509e+02 1.527259918729853691e-03 -5.652738459947487248e-03
9.704069388456492788e+02 8.221230172335632460e+02 7.486977063471800427e-03 -4.346877486167983334e-03
1.011207863932718965e+03 8.725335446946083948e+02 8.027317255811236086e-04 7.535492323997891422e-03
4.755779105588398465e+02 4.460987583355785659e+02 -1.610645275708957576e-03 -4.508016246872877065e-04
2.945741521909687890e+02 6.576995656196825166e+02 -2.923068370661651566e-03 -3.549646347152594049e-03
9.018891503159269405e+02 8.620614818255177170e+02 -2.435599536097064841e-03 -5.425385208685712390e-03
3.047638075431652283e+02 6.413292675879222315e+02 2.524373080696518373e-03 -2.619994914326606670e-03
1.271088856569969494e+03 2.955190410842320716e+02 7.519871212396915527e-02 3.987122925253394623e-02
1.261857952895492645e+03 3.067924891598270847e+02 4.326055180010173200e-04 2.267840179672644604e-02
1.032542213355132162e+03 8.711386678756707624e+02 -1.002402356862328904e-02 8.806785814466920256e-03
1.002302392232310467e+03 8.158985623287129556e+02 1.247296149106452831e-03 8.032441185585159626e-03
1.172408940618502356e+03 1.430918581399560594e+02 1.827909267131142684e-03 8.312895117864407574e-05
6.229409757509423571e+02 3.903653526292758897e+02 6.609414750568302910e-02 6.951993478360867255e-04
9.488687269437901932e+02 8.236200259877681447e+02 2.585404473463070530e-04 1.179752951168549146e-03
2.446720322203405829e+02 4.962514203724151116e+02 1.559954997615045321e-04 -6.487960244277753488e-03
7.148237403763318980e+02 9.546634347869314752e+02 5.301159241627270875e-03 1.566324230602033490e-02
6.494394639947499854e+02 4.737976451028286533e+02 2.738205450204288932e-02 1.717236080774698498e-02
4.882282446158054654e+02 4.589875109327940095e+02 2.501103394922778254e-04 4.758958994226430983e-03
4.257791031357963334e+02 1.069828965882428747e+03 -2.255513493276222446e-04 8.919062870027479051e-03
4.947726394937758414e+02 4.715537290365224976e+02 1.428437676380081220e-02 -3.352365180797723960e-03
2.373329213114931520e+02 7.162416323505100308e+02 1.763277267440231579e-03 8.213578928367533047e-03
8.247749434939894400e+02 1.102184666620284133e+03 4.127217500156055651e-04 -4.155139614151338694e-04
3.211810531493222243e+02 6.087674775639375184e+02 -2.526244235365210258e-04 3.344788462133539350e-03
3.341973567601022523e+02 5.631417273271839576e+02 -4.906380354576989414e-03 -6.333372711909228923e-03
7.634762569683331321e+02 3.872307112551766863e+02 6.429162355048127601e-03 -7.685422599468658654e-03
7.188244135819899157e+02 9.140024907610066975e+02 -7.827734800995661546e-03 1.831602633771608210e-03
2.510471694625783527e+02 6.599989400732653166e+02 4.998793731705673989e-03 1.184534248495810495e-02
2.680365951152454045e+02 3.003404698566747015e+02 -5.976120398382716485e-04 -1.615149256586297316e-03
1.169079626376598071e+03 2.111269299388545733e+02 5.752656466748334169e-02 -3.070099579416575228e-02
2.650677080712443399e+02 6.315132457591904540e+02 -1.719641653923221884e-04 4.927939228332209147e-04
8.507198054765877941e+02 9.315333118916234980e+02 -3.006093255905425044e-04 3.841985570322168850e-04
3.192987726066479013e+02 5.415944691736484629e+02 -2.577240605243296626e-03 1.071814874148800494e-02
1.807511662426121006e+02 5.160275127626139238e+02 -2.539334555684017447e-01 -4.252480778771771108e-01
2.256617953410299435e+02 3.049442794079895407e+02 -7.713459306536873950e-02 -2.242202593954916168e-01
2.500181591799019714e+02 7.275384516877446686e+02 3.003763922884902619e-03 -9.954412096440496370e-04
4.471830312193192185e+02 1.093365928192798265e+03 -2.695475639594104370e-03 -2.306448932532106661e-03
2.065215020750497956e+02 6.818736911482744745e+02 3.350143028193101695e-04 -9.869136396657880728e-04
2.379166469403335782e+02 6.704117321035902251e+02 -2.667093975731512669e-03 -4.608384288940664889e-03
7.734060796727693514e+02 4.933184873018981307e+02 1.784062860990571001e-02 -1.925235820420870313e-03
2.798834376267736275e+02 5.326376513511155508e+02 1.021575850796413616e-03 5.196158353779799059e-03
1.260241737964687673e+03 1.959124343724900541e+02 -4.662564246975289513e-04 6.603292511855297052e-04
4.503434813333561806e+02 1.096992642485316310e+03 4.208532236550964652e-03 7.157881119236761576e-03
2.405113509005683454e+02 5.026252070852768270e+02 1.918072926713139652e-03 -1.129599952961224700e-03
2.507380444391197045e+02 7.094466599339779123e+02 5.277407262733977171e-04 -9.999267083316280141e-03
1.249953189234016918e+03 3.783553323259915260e+02 5.757114730550431589e-03 -3.780866623995703113e-03
7.192258751644495760e+02 9.596819592243222132e+02 -3.506410842088497517e-04 -1.331612188875110894e-03
3.000571153982913870e+02 6.476835533031111254e+02 6.684077629203519222e-03 1.439683207618460596e-03
4.266118193958586176e+02 1.080214461252114234e+03 3.504467216532252457e-03 -3.100103569022844788e-03
1.003065877119007723e+03 1.828945096751749304e+02 -5.029990064479034767e-02 -1.764890710835676502e-01
2.216007243068304433e+02 3.100991623176626035e+02 -3.842013220419614877e-02 -2.027917437124118205e-01
2.179292783371724624e+02 6.407041657042332190e+02 1.082618147338091155e-02 -3.578190967633048530e-02
2.570131484127269346e+02 7.177475084722236716e+02 1.915557769556322986e-03 -3.377218035194742493e-03
2.548060726687462250e+02 7.214274566669665774e+02 8.930342349727463536e-04 2.604250416031237900e-03
2.177114288506059268e+02 2.970800655034362876e+02 -5.789019562177660783e-02 -2.317191462933820834e-01
1.175856145866385077e+03 1.949033327531321333e+02 6.732104462463383600e-03 6.504734235540687512e-03
2.555954359126220083e+02 7.346384936026134937e+02 -1.854990973892580233e-03 -1.108115025402473149e-02
2.518379072124500055e+02 4.915150500615790179e+02 -3.757253703769136005e-02 3.267368910397772802e-02
2.730349871390126850e+02 5.104489271010580751e+02 -3.520882959142090235e-02 1.736062931066225390e-01
2.189433901728046408e+02 6.633340756497925668e+02 -1.878597125377920365e-03 -2.099294210318088712e-03
2.180295167888804997e+02 6.516312196701726407e+02 6.208406919863208688e-03 1.326916474166108320e-03
1.218886350731861512e+03 2.847587476838452289e+02 1.403895809086393512e-02 -8.848110692293564838e-02
1.001163840400853587e+03 8.559290409902199599e+02 -1.435369510183122886e-03 3.309210170145168283e-03
8.624803140564557680e+01 3.133889262719878843e+02 -3.231287478170111150e-04 -7.745002828599326485e-04
1.225416265311360803e+03 3.963399017832931577e+02 1.348208521040751388e-02 -5.970082781953639679e-03
1.211418354059864214e+03 2.217314620518866661e+02 -1.819123062099300546e-04 7.699186412783193267e-03
2.322331231010741988e+02 6.639303619280317434e+02 -1.523007887829347200e-03 -3.483777890572596105e-03
4.147108536435799238e+02 1.067727943070312222e+03 -1.488603262014474155e-03 1.270369388761636263e-02
5.502901438517261568e+02 5.166757890398558857e+02 6.423539780932249754e-02 -1.710284930640799603e-02
8.221466171902038695e+02 3.386632929898367479e+02 -6.198258976521381011e-03 -4.409785717568595956e-03
1.210536846981506415e+03 2.444680513006398144e+02 3.495169803784504980e-02 -7.232129716049180701e-02
2.466065114351244176e+02 7.358002222929161462e+02 -1.111350295753503296e-02 6.556757534324356325e-03
1.151812589990459628e+03 1.496828642085059187e+02 1.144171468312117981e-02 -3.704967628351314973e-03
2.757673306384985494e+02 7.009318588651351547e+02 -3.196562702056992417e-03 -3.607253964971034871e-03
2.601896314306507634e+02 6.851238377323937812e+02 1.058068146060595375e-04 7.344557697238222383e-05
1.055130033423703253e+03 8.384912811499078771e+02 1.372244208085356782e-03 -4.907021390377254953e-03
1.226877862286940854e+03 2.498564287346306685e+02 1.882825237827442932e-02 2.703058233205331978e-02
3.075896467550097100e+02 5.448734675632671269e+02 4.114380576498719369e-03 6.078952502006998784e-03
1.201252658046690840e+03 2.276754212101856183e+02 -1.112159129272438131e-02 1.284260446754619846e-02
1.266070341097640494e+03 2.035729141567757949e+02 7.933269023081689509e-04 -7.870353948309195618e-05
2.551141713529548269e+02 4.802788219402302730e+02 1.670039572549834525e-02 4.188957380366144234e-02
4.367666653799365690e+02 1.088361837795862584e+03 1.848533716878533175e-03 -1.567633358838002589e-02
2.326910276040527492e+02 3.248270937087739298e+02 -3.904828611001198019e-02 -2.425353186553774465e-01
3.099542891546756778e+02 5.544238509006453341e+02 1.155080852087301928e-02 6.673228832556056013e-03
1.103443271813812999e+03 1.749606317624623273e+02 3.365983201081122755e-02 3.170688179368606058e-02
2.720653582877072836e+02 6.716692504930197174e+02 2.917856760560236674e-03 1.126877184541590863e-03
2.694471809427571998e+02 6.955364666942780332e+02 -3.585352298219362708e-04 -3.591908986470233617e-03
9.180282479897599615e+02 1.102653362817419747e+03 -1.951328201205725045e-03 4.090660156634839950e-04
2.608372427163479301e+02 6.604251933743653353e+02 1.896676505146721245e-03 8.556241050783763499e-03
8.218067148633538181e+02 3.845988451041861254e+02 -8.298234430132498882e-03 -6.464345085416340481e-03
2.660981538158922035e+02 6.625036418242475520e+02 -4.764663605478947940e-03 5.197694734754417997e-03
1.145659840659385964e+03 2.534446725190871632e+02 -2.231294373001615483e-01 -1.074801946841753564e-01
7.051407948717773024e+02 4.034165324939661446e+02 8.649765005104496918e-02 1.026738692465132136e-01
2.827944084967201661e+02 6.867128218736352210e+02 1.878951965542036747e-03 7.272949547289292785e-03
2.762823083764962462e+02 5.286624886987711989e+02 4.826199483098810722e-03 3.505374624982062100e-03
2.437549672842119435e+02 6.351961327432507005e+02 -1.508160918269192598e-03 -6.308624823813630900e-04
2.621676024301150392e+02 7.095882289692656286e+02 -8.064397464802976548e-04 1.214574923529419294e-02
2.308137676827797691e+02 7.404510757955835061e+02 1.452926195101704974e-03 1.884658762530379327e-03
2.483410298052841654e+02 6.291749352945233795e+02 -3.444759817470937225e-03 -3.066413483911629122e-03
2.130556885161613536e+02 6.664718411323025293e+02 -1.880381131030195094e-02 -3.042478696616484918e-03
7.158574269096816352e+02 8.777890781385045784e+02 3.680837175982623610e-03 -1.335766143555891083e-03
2.487969675216097585e+02 6.219870814321589023e+02 -2.096990839891471614e-02 5.633129617637119835e-02
2.360072562325424883e+02 6.286785514133295010e+02 6.065812427237634447e-03 4.851387119231839219e-03
2.581927471040738169e+02 6.410854981219584943e+02 -1.939863161164276590e-03 2.703695462824356674e-02
2.256408822826228118e+02 3.247750971745057313e+02 -5.217759453378677248e-02 -1.848612991946173567e-01
1.180811099024867644e+03 2.348453839050308147e+02 -3.486480007283113830e-02 4.190704951209182905e-02
9.994261738121347207e+02 2.072376587516525035e+02 2.415764439435163363e-02 -8.804559454520417827e-02
1.084778195774469395e+03 2.166232982323897716e+02 3.849029239341185404e-02 9.564296288755033681e-02
1.169733963940888316e+03 3.468812323138976126e+02 1.142202899454742258e-02 -2.018185758543896216e-02
2.831847127721219408e+02 6.794214374252476318e+02 -2.330175051359575315e-03 3.226489560923858496e-03
9.206509502986946245e+02 8.380648860287657271e+02 -1.260293256701394346e-02 -1.102004034336266300e-02
1.214856849890893727e+03 3.092211642927215394e+02 1.693063762586034249e-01 -8.798637137905844507e-02
2.613789681380020511e+02 6.970893048300112014e+02 -8.211686560153650186e-04 2.791309443093476037e-03
4.068426316214300300e+02 1.079009537197615145e+03 1.243440983758809654e-02 2.510710015634109765e-04
1.079690011075904522e+03 2.986112796005501195e+02 7.141686099206222271e-02 -1.774811909456995573e-01
1.879581949548349655e+02 5.768278345112851184e+02 -5.582636746130267141e-03 2.055195996891228858e-04
1.196289259759862716e+03 2.300602189005581124e+02 -9.183162131031879496e-05 -7.984726379734161800e-03
2.314361035003894642e+02 6.288187463094392342e+02 3.235980368516200908e-03 1.086768754834504906e-02
1.216835534701379856e+03 2.249638006995819524e+02 5.373298934660617442e-03 -1.497892357047736316e-02
2.457872420189068805e+02 6.937152108433775766e+02 -3.641374339220854271e-03 1.194645630587927269e-02
2.909171424069390923e+02 6.489432249590057609e+02 -1.346227550107916525e-02 -1.114753806031204900e-02
5.260232186416394597e+02 4.760890529576004724e+02 -2.208020842560769463e-04 1.613887526312931045e-02
4.380808513452311104e+02 1.084825646031458291e+03 3.519082230949683622e-03 -6.569017291246499052e-03
1.157378664244033189e+03 3.692117477475482588e+02 1.273813859376048824e-02 -2.813014079362288408e-03
2.697581914089003590e+02 6.368290540372769328e+02 -6.602276326629121991e-03 1.310885977007089469e-02
1.186865435109828468e+03 3.360904412806402775e+02 -5.730311527682121174e-03 2.971296858971630810e-03
8.234058800021593925e+02 3.788931198386007964e+02 2.030655784706861689e-03 2.773949624606239506e-03
1.001607471593613582e+03 8.658662837395092993e+02 -5.105909040904938780e-04 9.635341944460540332e-04
2.283172592436721970e+02 6.901874049702910270e+02 -2.140788731038459174e-03 2.031910073204507700e-02
9.287094136233172321e+02 8.653344032829820662e+02 -1.910352130564638498e-02 3.699015839305556941e-02
3.043428076710920891e+02 5.357237941805535684e+02 -1.450160433162497224e-03 4.032113266197763848e-03
2.023494174873386839e+02 7.067065010896255899e+02 -3.336589139116700412e-03 -1.550283493653332317e-02
3.078971901025203124e+02 6.282482283993874717e+02 9.238219237630854869e-03 -1.475940651522872175e-02
2.287238482086957276e+02 3.358295382697552895e+02 -5.893296690358945655e-02 -2.350437147558137041e-01
2.448573091520259197e+02 6.105427590356071050e+02 -3.774981976181492147e-03 -3.565702208681438556e-02
4.095652411420173280e+02 1.088781994636646687e+03 2.235915758999251074e-02 2.037057406786885530e-02
3.141168443245437629e+02 5.038736471539494914e+02 4.365152469812762551e-04 -1.143246968359677533e-02
6.008532974750844460e+02 4.405723182862516865e+02 -2.864193506431799829e-03 -5.196335490948643561e-03
4.629601091860254201e+02 4.525266326997308965e+02 -1.153229096844640570e-03 -6.024831828962404386e-03
2.945165370849601914e+02 6.060694172326503804e+02 -3.401566707047509481e-04 -1.468407373831813814e-02
8.159602932481917605e+02 3.356668493425156612e+02 -2.804602689638055479e-02 8.957641123926562282e-03
2.299440623976174436e+02 6.390746836571845506e+02 -8.928661221126999586e-03 -4.006182222136849339e-03
2.682526516677991140e+02 6.091674043451378111e+02 -8.191418445080266009e-02 1.379251004852183604e-01
9.414754663686319418e+02 8.512863633727228034e+02 4.121244477086391696e-03 -2.766053029391865765e-03
2.291219061081792177e+02 7.150972336173701933e+02 -1.547092039996328860e-03 -2.354287739985965779e-03
2.925694564885586146e+02 6.611906297520177986e+02 5.192246147632008368e-03 2.846814936963773524e-03
2.400903987064115199e+02 6.477381959625356558e+02 -1.048960328593394288e-03 -1.146008499444682886e-03
1.052127879453391643e+03 2.363785723492961779e+02 -2.937517392742712563e-02 1.328679997654553524e-01
1.164704949443099167e+03 1.677715065545008031e+02 -9.472008928067603140e-02 -1.191694665333686010e-01
2.506442413672280622e+02 6.518890215869398617e+02 -3.700105224384465518e-04 1.192987103993323455e-03
1.010217136881171200e+03 8.375159396033163830e+02 3.380961452556689533e-04 -8.919890510595554966e-04
3.241908844358474653e+02 4.815225851382665496e+02 -9.915915739711770108e-04 1.080691002692957996e-03
1.078791440141329986e+03 1.961581389758342198e+02 2.001529676131933236e-02 -7.539514450233147924e-02
2.338873967979533859e+02 3.579559813354517246e+02 -5.448430726115314343e-02 -2.447928371523671043e-01
2.872841484795899305e+02 6.637495504290577628e+02 -1.684709757408217904e-04 2.553180649000399809e-03
7.613282693450792067e+02 3.942429786950384027e+02 -5.497574592309904980e-03 -6.266342379596567987e-03
3.093552721156963798e+02 4.876836169298423442e+02 5.118884515086797628e-03 -2.838478454196833103e-03
2.463899350525557850e+02 6.653208958803207906e+02 5.710520839641341877e-03 5.041759804536995009e-04
5.023874593226224192e+02 4.807477577101572024e+02 -7.163627793045066784e-03 1.337591654244743231e-02
4.213753576611311473e+02 1.095947637751444518e+03 -1.157346994444755127e-03 -3.621215962246622364e-05
2.660890852142539984e+02 4.708511196764363262e+02 -4.009092017735730457e-02 -2.697985736329885365e-01
2.697215646651879410e+02 6.565052530527401586e+02 1.276063717187811983e-03 5.728068513066642995e-04
2.111956083438088854e+02 7.345576093300867342e+02 -5.015094866051316054e-03 5.126293776991605903e-04
1.149357022062386250e+03 2.109022379543717989e+02 -1.700598255422279548e-02 5.004492663386508888e-02
2.891578362144625771e+02 5.993866817296787985e+02 -1.314657393128536560e-03 6.619328882595822659e-03
1.023732215866760384e+03 1.675190997865615259e+02 -3.166485165772792848e-02 5.263962201352193754e-02
1.235370816118601397e+03 2.818611482282075258e+02 -6.641926354202698501e-02 6.006199741608497789e-02
1.241657257013082244e+03 3.264776370316194516e+02 2.468918826175828252e-01 1.253420041623412029e-01
4.768313986226511929e+02 4.857290729727626513e+02 -5.090105556780262372e-05 -2.260391824242812941e-03
2.911503939288857055e+02 5.785464862879537122e+02 3.184732867468780416e-03 -3.948272531498459026e-03
2.433358885904530098e+02 3.797078069254330330e+02 -3.973146566832581883e-02 -2.516402988130440055e-01
1.170552684235683500e+03 2.495245880590884724e+02 4.096477310156950748e-03 -4.019260470626461607e-03
1.098918092646269542e+03 2.316466220147410979e+02 -3.702303879321343361e-02 -1.260599800558577337e-02
2.226487751234544419e+02 6.837397231085116118e+02 -1.121363631950591210e-02 6.717888668477186784e-03
2.894743877128569807e+02 5.881018565060534229e+02 5.103972187944326574e-04 -3.338896644306872229e-03
2.326453558031563773e+02 7.234391898588523873e+02 -1.582421745666581434e-02 8.449189936577072152e-03
1.235287408906249539e+03 1.361038194147601246e+02 -9.494976351586253624e-03 7.647084071763428706e-03
2.666676454688235367e+02 5.792363549007573056e+02 -5.342988523412907538e-03 6.309082459044322230e-03
2.116402791895945370e+02 6.822794348340390798e+02 1.718311672189036521e-02 1.606762633901433895e-02
4.173726664438688090e+02 1.094316663459319443e+03 8.835630596580709012e-03 3.832958500537426961e-04
2.391683326743847147e+02 3.711202134033448488e+02 -5.275077670358151866e-02 -2.243640302813787457e-01
7.214215234257636666e+02 9.162626379365196954e+02 1.949536852280874324e-02 -5.137531384174944676e-02
2.308903942961325129e+02 3.317520334536142741e+02 -9.151289401214901531e-02 -2.120679557825881911e-01
3.069973834414621479e+02 4.919940559581872890e+02 -1.003829723378437365e-02 -6.291129784633630109e-03
1.027353425859822892e+03 2.984119826930825639e+02 2.411168125550686159e-02 3.922256961504449677e-03
2.602608634971863353e+02 4.617847768387219389e+02 -6.499342487931376866e-02 -2.038942128351377003e-01
2.985342237471896851e+02 5.640883351157335710e+02 -5.131651387906044186e-03 3.344715796854438828e-04
2.852301861235282558e+02 6.276003706951985350e+02 -1.043008369655826564e-02 -2.290148193207083849e-02
2.494237147020095335e+02 5.229737451895524600e+02 2.288717365821375110e-02 -1.585631312004097959e-01
2.733651748941757660e+02 4.521881077174859342e+02 7.063940042837094091e-02 2.261789689578789786e-01
1.008252045134505920e+03 2.538716112082069003e+02 -5.933483185732022457e-03 1.304581735910356711e-03
2.461132305717042925e+02 3.881339969501405562e+02 -7.685313332239818163e-02 -2.048945838132303077e-01
2.410421678679730633e+02 3.633403723723310463e+02 -6.764472494013056003e-02 -2.260917936743533363e-01
2.873969923087600478e+02 6.498711808920520525e+02 -3.750065371318128931e-03 -9.588459927750581785e-03
2.604712054024174108e+02 7.048895374105278506e+02 -1.363873179528100432e-04 7.396500855089462208e-03
3.229476282316991274e+02 5.503197760794280384e+02 1.597032211681254305e-03 -9.425814188442036305e-04
2.191394689959681727e+02 7.045588889443530434e+02 1.583465881770343420e-02 -1.518278089181962151e-02
1.488896496766747077e+02 5.242961877265943258e+02 -1.395882349962248269e-02 -7.931074194913782793e-03
1.014212733388535980e+03 2.039918882656814390e+02 1.740882053421852205e-02 -8.279647146827355531e-02
2.438160150791717058e+02 3.943707119117227649e+02 -8.017907384710398766e-02 -2.210201986807721064e-01
1.237153894128537104e+03 3.985568127166130239e+02 1.341510638530062343e-03 -4.228127019827509353e-03
2.658720273050608967e+02 4.975644135932510608e+02 5.347490817958356485e-02 -1.888431628632462334e-01
2.677711899088841392e+02 5.739103500796674098e+02 3.341523491398352974e-02 1.354744929425081013e-01
2.008525672477351804e+02 6.867591607001722878e+02 -1.469688063942789329e-02 2.964555689299690905e-02
1.124605593335667663e+03 2.371277871738320471e+02 -5.037324208531725189e-02 5.266891712936416087e-02
1.046315359571950012e+03 2.589362238345622700e+02 3.406633533532246044e-02 -1.120942765751312131e-01
2.909386111832206439e+02 5.643459746523691365e+02 3.837115951476803371e-04 5.442059177053439577e-03
2.487511925519475824e+02 5.029096289388467653e+02 1.022564315306171388e-02 -9.606942515822843032e-02
1.120036891617064839e+03 1.730704887856550727e+02 9.380061288550560483e-02 -1.961056007282787617e-01
1.247202543545670551e+03 2.915353187002389177e+02 1.470071277180572469e-02 9.957228648228001050e-03
7.063611174311162131e+02 5.829353870779941644e+02 -1.352396842087341005e-04 6.247224295674020213e-04
2.312352323156962939e+02 3.474657899474165674e+02 -9.643597079906525427e-02 -2.266340240156720642e-01
8.317913323700233832e+02 3.947912607733545087e+02 3.153680182158090373e-02 2.914886260457546369e-02
2.626073930097875291e+02 4.129822204965877290e+02 5.501802452311332220e-02 2.301084470205556343e-01
2.455400274544524848e+02 6.817372890713415927e+02 7.037219310589508045e-03 -2.290901280170403245e-02
1.127019427436855722e+03 2.223863951409595643e+02 -3.070264706967364924e-03 1.780201674708252815e-02
2.715696790801239331e+02 4.237789935169161595e+02 6.039760649424793376e-02 2.512285483655273821e-01
1.149633797392426459e+03 2.461244487187077254e+02 9.163370869864232782e-05 -1.541480662540306752e-02
2.883304547945850231e+02 4.332516469984404921e+02 9.380908423710793143e-02 2.522206938956335076e-01
5.533771503095053959e+02 5.232450678464653038e+02 9.695223732629385319e-03 6.720888227666346228e-03
1.030308614813470285e+03 2.317745653116917310e+02 -8.316343274767103513e-03 1.842363540510456778e-03
2.403714881727381396e+02 6.805369008037687308e+02 -2.764239336082619999e-03 -4.494951150609222644e-03
2.595709149696349414e+02 5.267187606495886030e+02 7.782611002816922086e-02 -1.532465591774427038e-01
2.774780817629462604e+02 5.539079796632825037e+02 -2.152547733220838526e-03 -1.353328851457875556e-02
2.948875958924766110e+02 5.261354767076841199e+02 1.054693756220504430e-01 -1.161407125124041817e-01
2.683503819478722221e+02 4.112916266399853953e+02 6.072590803913186647e-02 2.388161391702560143e-01
2.495905444824876724e+02 5.154034056669901247e+02 6.304402518439827796e-02 -1.799912804094528085e-01
1.137727741776248195e+03 2.284615669875603885e+02 1.264085638211615188e-02 -4.388908099230937228e-03
2.630502430216293988e+02 5.016982794850086975e+02 9.925121556478747054e-02 -1.649443570137135440e-01
1.111893468051611762e+03 3.576651800473317167e+02 -1.452710010794092295e-02 1.203695881159121302e-02
9.678227483696489344e+02 8.862261668193980313e+02 -1.212005753503188690e-02 1.995275245413421009e-02
2.722251748150079607e+02 6.531141986603581699e+02 -1.983671895911271171e-03 -7.333178171249150369e-03
3.240926532212811821e+02 1.053784970319357171e+03 -3.368840130358388002e-02 -1.570878450251491157e-02
2.431595273565791047e+02 7.221492545856746119e+02 6.235045014524966990e-03 1.667779173763027714e-03
5.725683080788933239e+02 4.767133434347544494e+02 -1.045701115558946188e-02 2.198996209615123373e-03
2.742497822104860461e+02 6.029717743085961956e+02 -2.436290468674789933e-02 2.952479220899693058e-01
4.914870896771057005e+02 4.624782261826659919e+02 4.539961045520500039e-03 -3.884813218120382414e-03
8.023844540920994177e+02 8.778304131374593453e+02 -4.388746459807912025e-03 -5.800555548059698960e-03
2.373033144974541813e+02 6.186977178234512849e+02 6.782977701331026170e-03 -1.654867747614425372e-02
8.333423161898239186e+02 3.167523998054250569e+02 6.125199546650127516e-03 -6.783326266453612759e-03
2.660435624368309391e+02 4.214380952729314913e+02 7.285664063589207540e-02 2.379228322971663756e-01
3.173553278481898587e+02 1.060748657618957850e+03 3.320201431986086280e-03 -1.526460866314817769e-02
1.179803360255529014e+03 2.455651605085535039e+02 1.022563040706781195e-04 -4.562945999235143955e-03
1.058724688462152699e+03 2.907074014204540617e+02 2.769430234748862952e-04 -2.142104960787019098e-03
2.768416947440273361e+02 4.149980393724958390e+02 6.392660565563688946e-02 2.621972388526703779e-01
7.764401397282679795e+01 3.177302882864727280e+02 -1.403060834935969739e-02 -2.875925418604281456e-02
2.396136231333257172e+02 7.039482409112350751e+02 -3.746312273018238565e-03 3.136181402529509329e-03
9.637812786719964606e+02 8.673470206977965518e+02 8.204848035500904996e-03 3.742609706955365816e-03
9.935031519970009413e+02 2.078332173614742544e+02 -1.565536539515231113e-02 6.877412874812892764e-04
1.080908438552313100e+03 1.808773481966530028e+02 3.445669938644929653e-02 8.624777374785455586e-02
2.587152681279529816e+02 3.992267046131228767e+02 3.805378769787848281e-02 2.139992984253483166e-01
2.541631985418810871e+02 7.024249110329003543e+02 9.395910002149940321e-03 -6.187594457187380222e-03
9.722352508198409851e+02 8.296404573290324151e+02 -3.959931352480930596e-03 2.760082067412792002e-03
1.043758094191015289e+03 2.120767631506224973e+02 -7.520354503985980654e-02 4.344777326130160738e-02
1.735417909367731113e+02 5.180306856590018469e+02 -2.363025763943980007e-01 -3.284803884527745521e-01
1.159741678632534786e+03 2.456439186816073743e+02 7.559395546530878716e-03 -1.206999811858176959e-02
3.139197093618469125e+02 4.705169155939840380e+02 6.077100506005725378e-03 5.628995023884461168e-04
1.107987561752525380e+03 1.710458475211574978e+02 2.623020168051078821e-02 2.099937963136270028e-02
1.108842827563130641e+03 2.187794341093231765e+02 -7.413766957480481638e-03 3.696325892324486958e-04
2.381009830358968600e+02 6.617051782777465405e+02 -6.138812821235140223e-03 -2.015543227383155209e-02
3.691712655407870329e+02 1.046926848038291382e+03 -6.706810950121134228e-03 7.251746618141335747e-03
2.502264960637999991e+02 6.985622414816015180e+02 -2.168779352643079254e-03 3.757035040694468452e-04
2.258229600252271894e+02 5.444372465976048261e+02 5.926655808875885140e-02 -4.261591613704179826e-01
1.174320157327079869e+03 2.340184253856532166e+02 1.991925929720570962e-02 -1.930644024660316260e-02
2.657376959759585020e+02 6.772797240844370208e+02 -2.587579022391796324e-03 -3.093520743416072836e-03
1.176241651343607373e+03 1.864236310013555453e+02 5.462477278199075192e-02 -2.678611681411165873e-02
1.060450044382444048e+03 2.348578086404956196e+02 4.870853774286617970e-03 5.869669191029674299e-02
1.678749387662440995e+02 5.226558752986021545e+02 -2.177370852049780037e-01 -3.156945771821350610e-01
2.702401272118458451e+02 3.993561140832688352e+02 5.804944533680485297e-02 2.338280082486390299e-01
1.221811422748971836e+03 3.499952352907827731e+02 -1.529429440932578328e-03 -2.257562731696653030e-02
2.715741080528416660e+02 5.670664591943259438e+02 4.488398321807336028e-02 1.795973511746306039e-01
3.102389633572690855e+02 6.015654166802751206e+02 1.186058843960282607e-04 2.546777154892348148e-03
2.523639035645472575e+02 5.431169683145228646e+02 3.269387773482524545e-02 -1.625892699929591401e-01
2.744659960600156410e+02 4.750217758439098930e+02 3.681225874849153312e-02 1.977057308583199391e-01
1.628910312211129394e+02 5.261003049859990597e+02 -2.780399389331714710e-01 -3.557478340837793018e-01
2.758859998919654686e+02 3.907040065429023912e+02 8.744731464470463511e-02 2.772232119113122173e-01
2.749277926380007102e+02 5.608292910357048413e+02 5.869704452971737270e-03 -8.992342614231634695e-03
2.124718117712136518e+02 7.138219331553234497e+02 -1.055068577706194492e-02 4.929959110376610013e-03
1.098607970623915435e+03 1.863325207785136683e+02 6.610691016284012123e-02 4.397584368288113416e-02
2.457457065293989160e+02 5.398044539826865957e+02 7.709750946703468333e-02 -9.997070089897452938e-02
5.215316844725803094e+02 5.338319498548396496e+02 5.328682673402819134e-03 3.291571154093590398e-03
1.092207129593470881e+03 1.616191938506056260e+02 -3.998871927637767665e-02 7.834739565156001451e-02
1.192670673261756747e+03 3.028251439682839532e+02 2.779394662561121554e-01 -2.771410123404557946e-02
2.372126568146592547e+02 6.398193948949187870e+02 6.859263845553463393e-04 6.712632018301483653e-04
3.051611803156345104e+02 4.590123956664735942e+02 -4.811621995270230247e-03 -4.385538413820955390e-03
2.707015334492252805e+02 3.840188010169068775e+02 8.598201636560208472e-02 2.300258923549967638e-01
2.722083056318089689e+02 6.789364148749072001e+02 -5.194469176887655734e-03 4.911558741625439775e-03
1.121028382191616174e+03 3.224007389811630446e+02 -1.082137744477150443e-02 8.788052981231538052e-03
7.920189294499642756e+02 3.977873809629439279e+02 -9.870089500285497350e-03 -2.864969274400106132e-03
1.058210804320486886e+03 1.933271772551732965e+02 5.193670890467630245e-03 5.095166301131122573e-03
1.057172925263703519e+03 2.047767203415336041e+02 -4.465708076802929992e-03 -8.650322357435315940e-03
1.128861500315827470e+03 1.861096962874788119e+02 3.914095874239308798e-02 2.088993224566536994e-02
1.026101382482625695e+03 2.684665424153205322e+02 -7.748551469799482526e-03 2.228953322886615893e-02
1.195126775524400273e+03 3.161012481411810882e+02 2.601774213408607483e-01 3.828047221885909346e-02
1.163677631821120940e+03 3.024351239929125654e+02 8.771675917136244338e-02 -1.152885044334844150e-02
1.045306876406899846e+03 2.400029365588022756e+02 8.304189912616655178e-02 3.262135733626116418e-01
9.899240690033050214e+02 2.254394607401513042e+02 2.924065223239024486e-03 -1.686458431021067850e-02
8.282981070851844834e+02 3.380500493163539204e+02 4.894538674175417242e-03 4.152560032639598074e-03
1.001897722469620930e+03 2.164523274953287171e+02 6.913602073258390268e-03 -3.635341198940021082e-04
1.086075228549970916e+03 3.409575156936522831e+02 -4.495489225971619103e-03 4.838483588610703774e-03
2.309841158046281748e+02 5.781657384523026622e+02 1.133510013086281437e-01 -2.182947141621169873e-01
1.199218396129886059e+03 3.769713025841732019e+02 -9.546579464795015759e-04 8.420067239431673969e-03
1.026906321574140293e+03 8.566535747646449863e+02 8.695651436991653355e-03 1.933311412634420093e-02
5.303307862305701974e+02 4.821931202848629709e+02 1.038210716331935957e-02 -2.592191514138628833e-02
2.512805855429871258e+02 5.951363684379066399e+02 -1.600482483856618260e-02 1.388213569557232401e-02
1.191267133693462483e+03 2.303899476861679148e+02 -5.234680062036690951e-02 8.182216092583562139e-02
7.940176432700230862e+02 3.694759324141835464e+02 8.643208743102726369e-03 5.457388726010956731e-03
2.575912263454727054e+02 3.765050486226921294e+02 7.108675928763309726e-02 2.437045247430958683e-01
1.145306324510871036e+03 1.919121297280165948e+02 4.070313712110990717e-02 -9.224278685259646587e-03
1.320929322819762774e+03 3.408895900208536318e+02 4.278249851254641301e-01 3.052765853482129754e-02
1.226279542115574486e+03 3.616391723338977613e+02 -2.119027127901288235e-02 3.191111536116723185e-02
2.480193824905875886e+02 5.659356001976763082e+02 2.608883867506815724e-02 -7.962909800735112897e-02
2.437585814184285766e+02 5.231635715293061821e+02 4.999393443990912678e-02 -2.206205848558061011e-01
2.705805981871409926e+02 6.842893759359587875e+02 2.243851574315604020e-03 8.677163808415841104e-03
2.654040159756137314e+02 5.366869204899551278e+02 -1.162866416487547544e-01 2.717656079840282679e-01
2.631712739863859269e+02 5.148486737655631487e+02 7.623670765578940967e-02 -1.838366529587792675e-01
2.424399342935724633e+02 5.938586466008479192e+02 -3.176482831077994534e-02 5.912578271063061684e-03
2.515774737908498366e+02 6.402109901627334239e+02 -3.290381522675986034e-03 3.944437639986945673e-03
2.635285103366967405e+02 6.088452192537228029e+02 -3.992282539324115091e-04 1.125297855349745649e-02
1.022933092347420484e+03 1.832795522728197284e+02 1.143756774909609752e-01 1.047629021521298553e-01
2.648877268512214300e+02 3.606011883125143527e+02 4.155126575627471341e-02 2.000234302104876294e-01
1.186787224490223934e+03 3.125248661778336441e+02 2.784925973027933543e-01 -5.294248690552082193e-02
7.217303050082585969e+02 9.766436069936730746e+02 -6.995337553858592579e-03 1.865475735001220271e-04
2.260263083178066381e+02 5.733369035148168678e+02 1.191257345481619850e-01 -2.227325543297800636e-01
1.117757687228422810e+03 1.898563848461177486e+02 9.321936861507347516e-02 3.594250582669968053e-02
2.960100361716926045e+02 6.370938110680411910e+02 1.180476732167564822e-03 1.282348947317433693e-03
1.168300190305837077e+03 1.558863792658574710e+02 9.756525544479709849e-03 -9.771562944429702108e-03
5.280068432885958600e+02 4.690408973274727487e+02 -5.914344008668213047e-03 4.211531944244962730e-03
1.037783463655189507e+03 1.960110700743643974e+02 6.526703474294141827e-02 7.326420343517861533e-02
5.803450759240649859e+02 4.411004450607366607e+02 1.431278002910133093e-03 3.637460644585648658e-03
2.306029068185586652e+02 5.182178364918241869e+02 -2.001607736204785715e-02 1.849498450543017158e-03
2.287351589163863537e+02 6.082820171157923141e+02 -8.744313315316215585e-02 2.190598229033016153e-01
2.100199971820615872e+02 5.763363182970816752e+02 4.691264197778971523e-02 -2.361706863390779232e-01
1.148344677751756990e+03 3.512441303899717582e+02 -6.028135397272226838e-03 1.128981155449251296e-02
1.179104483786262335e+03 3.516316298364711201e+02 5.178087233645945094e-03 -5.273977742182532451e-03
2.158857130996032936e+02 5.838702610789880509e+02 -1.098766557120570966e-03 8.145312376398415946e-03
2.382732421465474886e+02 6.771067640270227912e+02 6.079617625996748981e-05 -1.801337257097882340e-03
5.070716124978130210e+02 4.865152474793871420e+02 3.725944290807200500e-03 -1.504838153258076898e-03
2.590205146254610327e+02 3.629017964437803698e+02 7.362973699119491899e-02 2.570176227351930742e-01
1.106276881860483854e+03 2.390119568390116740e+02 6.416046969278985102e-03 4.564166978535875302e-03
1.167259318759583039e+03 2.493860245737551224e+02 1.363593264535089764e-03 -1.645293840775449625e-03
2.091151317713386391e+02 5.686235870186151260e+02 4.747069106702576230e-02 -2.488261937366344489e-01
1.284846334625328836e+03 2.555269708858951105e+02 8.546456003768350407e-02 -1.502086710853999807e-01
2.096671840003357943e+02 7.224502196058200525e+02 4.757174723080636464e-03 -1.144296910631577985e-02
1.196808462141890914e+03 2.062469155086156150e+02 -3.511426567042285197e-04 1.022273332560811807e-02
9.758601759912609168e+02 1.693977029954169495e+02 -1.404906576422351077e-03 4.941708080697917484e-03
2.721033398008204927e+02 6.605721076929895617e+02 -8.660553542080207850e-04 -5.951511420927081859e-03
2.053833052107544574e+02 7.281968530515986231e+02 -2.463972171142921920e-03 -4.885001576640476614e-03
2.823774626904580600e+02 6.512710198427457726e+02 3.885359921058140903e-03 1.846000995013551138e-03
2.696244592519080356e+02 3.915857460686117975e+02 7.796625773776011403e-02 2.341107452745367634e-01
5.286216646238250405e+02 5.063225980447526240e+02 -5.454760672463609961e-01 1.065911367573764007e-01
2.516904021485287899e+02 3.590580560471465219e+02 7.561749946368244435e-02 2.496127103749450071e-01
2.777886451786899897e+02 4.538338986541148188e+02 6.538432955853795692e-02 2.171593177660425533e-01
2.672064561919148673e+02 5.218245246333418663e+02 -1.708700461277908034e-01 1.821506487585371203e-01
1.160280046752929366e+03 2.157598128686579173e+02 -3.883453227595820480e-03 1.327929215606482860e-01
2.302474796612413570e+02 5.871093824807244346e+02 1.611180779572520261e-01 -3.188609193922299911e-01
2.404736129632630650e+02 6.022756342658184394e+02 -3.199745161292256827e-03 -3.125251092710371395e-03
2.044253099425504274e+02 5.870110044256115316e+02 8.352609030534026424e-02 -1.536860280101811638e-01
2.287639324808983474e+02 7.062507574834480693e+02 7.572269640240228417e-03 1.155092706749831499e-02
2.232505332104707918e+02 5.898665087256501920e+02 1.426842064111681074e-01 -1.787171070599715417e-01
1.204871039593228033e+03 3.864094651560075135e+02 4.304451437204502573e-03 -1.882757045736788842e-02
2.645018344634468690e+02 7.296404143186148303e+02 -7.371370847166791064e-04 -1.937326274351602916e-03
1.174090039698946612e+03 3.555440054589628858e+02 3.546705151232588255e-02 -1.398956149300052861e-02
1.059632798927268368e+03 3.003185878777504172e+02 1.789803829812473476e-03 -7.114018753553085113e-03
1.158236265642375201e+03 1.934474486997518170e+02 9.423914108962286318e-02 -1.202053922809238765e-03
2.791259263837554272e+02 5.051986832614352352e+02 -3.122845377364996330e-02 2.439276790058710898e-01
1.174012243906373669e+03 2.725012384271234396e+02 -2.011375773303469838e-01 1.781785563744859302e-01
1.157109538786029361e+03 3.590233806087905464e+02 -3.401068532345318668e-02 1.404856253153498324e-01
9.937187409005208565e+02 1.740166197724847166e+02 -5.017545058140373410e-02 -1.492063972431545704e-01
1.217106143380801541e+03 3.046309313062273532e+02 -2.448194414030712973e-01 -1.144947764028502457e-01
2.749709160542257109e+02 4.626506810438173716e+02 8.566269944557043312e-03 1.733285620411217365e-01
9.437814668767838384e+02 8.600680655861855257e+02 -9.349378077187415516e-04 7.253248095840754070e-03
9.645353223188012635e+02 8.594488873015895933e+02 -9.837287879301385724e-04 4.340414631387110034e-03
2.774541597932660579e+02 6.584369778214422695e+02 -1.846351046954551557e-03 1.703020632464925885e-03
1.063469237395248228e+03 2.013804293552333604e+02 -5.559863872824532226e-03 1.016529203695994317e-02
1.116644345861649981e+03 3.696459129766043361e+02 1.624601955647971604e-03 2.303768817100239064e-01
1.281317821308385192e+03 3.714351456112608503e+02 2.161776932721880869e-03 -3.103736079146353268e-03
2.983409796357277628e+02 5.043370417575737292e+02 9.088511863638466803e-03 -1.480681686383987505e-02
2.723271931338106810e+02 7.169308251303770021e+02 -1.202450875930120627e-03 -2.004766336917422620e-03
2.586008120457388486e+02 3.366833997014608713e+02 5.292674049381462797e-02 1.926943299867970028e-01
1.032283612877318092e+03 2.150055404594853599e+02 6.379199791014780740e-02 1.058223517118945106e-01
1.018789182802532196e+03 2.233165416412151103e+02 -1.051337142113614315e-01 4.182025616459684320e-03
9.248120052056164013e+02 8.583193260326678455e+02 9.285932549873184959e-04 5.086595707215304293e-04
9.213753265675089210e+01 3.682448341575496329e+02 1.587611062074395377e-03 1.299162036239259049e-02
2.201892976840540541e+02 5.932872878104182064e+02 1.712547979782399477e-01 -1.930256646727749881e-01
1.074376429878670024e+03 1.983977725538976813e+02 -5.022008525010827895e-03 3.951685953959885311e-02
2.291671980192726892e+02 3.060639150322850242e+02 -6.908857917461112830e-02 -2.131243562002345660e-01
1.844512136514323970e+02 5.359871987480054258e+02 -2.177984639437269276e-01 -3.931695863418441239e-01
1.231863422624453506e+03 2.969969288306759267e+02 1.341595485188585082e-02 1.373460301776457670e-01
1.400882530118492753e+02 3.900890609139301546e+02 2.315282995857277388e-03 7.570047780972128867e-03
1.038125438884638697e+03 2.326439262182740038e+02 -1.210541879658698708e-02 2.870762784300495696e-02
2.745001939054164950e+02 5.835902031007524329e+02 2.987130507733018882e-04 -4.750686688488136786e-03
2.558310299919860142e+02 6.834164731767806416e+02 -7.156340877482741600e-03 8.009964445064536175e-05
2.119835085761849029e+02 6.001290981274169098e+02 1.280597862449520674e-01 -1.907940130261304157e-01
1.171142210080984796e+03 2.264362913803231834e+02 1.471168656122911339e-02 -1.614615822583039949e-04
1.081016177396851617e+03 3.112603649875454153e+02 -1.443685039252798515e-02 1.665693725788465127e-02
1.086352176734145814e+03 1.899689787343436365e+02 -5.172445929388862218e-02 -2.777833624808428992e-02
1.115288618261623697e+03 2.390802526197696807e+02 -8.728164526948856139e-03 2.316659719480973142e-02
1.103552681373107589e+03 3.481585697013675258e+02 2.739047969714759976e-03 -5.690760882070171681e-03
1.090479666386110466e+03 2.479394979451140557e+02 -7.457771553507171192e-02 1.882628287004120271e-01
2.492418699842446870e+02 3.319680698653016861e+02 3.543441062152392212e-02 2.141665114630965649e-01
1.211803994680953792e+03 2.544741732497246858e+02 1.824511158317571047e-02 -1.203726073997513253e-02
1.184808057657103745e+03 3.891245325654158478e+02 -2.125407704719655625e-03 2.148974771992218525e-03
2.643430049392747492e+02 3.706157991088938388e+02 7.536954474876089716e-02 2.496482922828372475e-01
2.698812049418943388e+02 4.936476420599843777e+02 6.130992438279339596e-02 -1.853665163892621870e-01
2.696362699192108607e+02 4.835105842187238636e+02 2.292816443185295358e-02 -2.353617262950904454e-01
1.022565660838915051e+03 2.035897846314060757e+02 3.115605809482711180e-02 -8.280950155234298449e-02
1.174684342588342588e+03 2.214858584271955237e+02 -8.258064886854073541e-03 1.053020062389262851e-02
1.135494591171846650e+03 3.190968967573650161e+02 5.587004293613630213e-02 9.672058170431824253e-02
2.973894398169819056e+02 4.811897261290785082e+02 2.961952467604580391e-02 2.193651989391723622e-01
5.169737502758852088e+02 4.899431651938695040e+02 6.124430964095748699e-03 2.311484865527848979e-03
1.178548889015293753e+03 3.449085034905347129e+02 6.403125511697493888e-02 6.425163666029891363e-02
5.170628451682309787e+02 4.821748806958092359e+02 -1.467859601749940332e-02 -6.930867960021611096e-02
2.628308933550350730e+02 3.962128655877373831e+02 4.475856205571591973e-02 2.075330236167688136e-01
2.151375260404602443e+02 6.129319093923264745e+02 1.091600263384349956e-01 -2.197375531697643714e-01
1.075967609111856973e+03 2.344327417547613095e+02 -4.450734945152415994e-03 1.011355099159525796e-02
1.025928781260704682e+03 2.432767821303206404e+02 4.494711716623185464e-03 -1.251457443281212695e-02
1.087652438719085922e+03 3.324079081506110924e+02 -2.008546590354628840e-03 -2.251261187279176331e-04
1.088940238526039366e+03 2.272045005448575239e+02 -3.451122596657294622e-02 4.857361678101017322e-02
2.049714318123578778e+02 6.113069386762085742e+02 1.029911494305967429e-01 -1.814358840383613614e-01
1.048030939461516482e+03 1.729301730936976753e+02 1.225598319804631353e-02 -5.406910489806376896e-02
1.202324506704469513e+03 3.252260795911166724e+02 -1.211440046127376831e-02 1.713868746564136195e-02
2.472117741107150835e+02 3.412720906483284011e+02 6.455564979793342040e-02 2.112284557717569733e-01
7.036800200148818476e+02 4.424772075381918626e+02 1.310301400392425812e-02 1.449196117702362431e-03
1.126182037004858785e+03 1.644994100478924395e+02 -6.992426660551272211e-02 1.556624577357421102e-02
2.132580993618755656e+02 5.907400902962057216e+02 -4.808998097351012543e-04 -5.027788543748326795e-03
2.291270216402415372e+02 7.474624569340936660e+02 4.092542356890436703e-03 1.982493793389489972e-02
2.399303454417261321e+02 6.365867763654645159e+02 -2.191959766377078712e-04 -3.311548260035349252e-03
1.194839831530747688e+03 1.892896471505170268e+02 -9.285049274095930061e-03 1.736975765870688027e-02
1.511953031578935054e+02 4.544768990077419630e+02 -1.150566709275108700e-03 -5.966183592446745211e-04
9.908654864780354501e+02 2.093750739586826626e+02 8.794907447964976990e-03 -2.562977761877758415e-02
1.166916817204505833e+03 2.206974188117894187e+02 1.105465469834593928e-01 -1.983942969503169063e-02
1.014223084087716870e+03 1.826243885958994042e+02 9.610315465505943344e-02 9.209481423332219197e-02
2.347091214710275153e+02 7.028805484695486712e+02 1.041173084697990430e-03 9.480597680076153708e-03
1.129534399656448841e+03 3.149293691950780385e+02 6.075295078078014888e-02 1.510501874826082058e-01
1.300599325447950605e+03 3.310614166115669832e+02 3.924339493037560800e-01 -1.453942416440729031e-02
2.084355680122859837e+02 6.157999745348197393e+02 1.276043993927334363e-01 -2.091577868504512772e-01
2.191228573457550510e+02 7.408621237151917285e+02 -7.702208034601198960e-03 -5.102015123970706639e-03
1.054626894261213010e+03 8.275377523449742512e+02 2.018051722067263493e-03 -2.071348198989545614e-02
1.966675578073183601e+02 6.065387927193904716e+02 9.934689582946494568e-02 -1.617434780616973100e-01
2.897079360643893438e+02 4.855625097334573752e+02 -2.927852370675336231e-03 1.978456378318019238e-01
9.960279682550602729e+02 2.335018906830835022e+02 4.025901941309883471e-03 -1.201265272701808502e-02
9.842026878734227466e+02 1.941521762810642713e+02 -1.520637609264938010e-02 -1.354681070991922177e-02
1.116476774471082081e+03 2.338587426146049211e+02 -1.070623253423725468e-01 1.906931522674859825e-01
1.183051422152876739e+03 2.108667757453485763e+02 -8.965937262512015810e-03 8.064208705250864445e-03
2.105160848874587884e+02 5.833962728014302002e+02 -8.288874101485772046e-05 -8.673075608477560580e-03
2.764276840123897614e+02 4.005196257060042058e+02 4.759778325494169043e-02 2.095059576609773766e-01
2.177716622668564810e+02 5.270023783937272128e+02 2.635131825558366669e-01 8.975802543915673004e-02
1.036894577717900347e+03 2.293789149315393558e+02 8.690181141713819446e-02 2.200092419856365111e-01
1.142745841226302446e+03 3.085453999930204532e+02 3.526291485888717325e-01 -7.455299266089557286e-02
1.168633419754363786e+03 3.702769031002580959e+02 -1.832211776040551868e-02 8.247711301209782395e-03
5.032961283579403471e+02 4.520433539975728081e+02 -4.532098843552907243e-03 -2.710457278716590056e-03
1.280149747529166916e+03 3.240711807054285600e+02 -1.754743189798462777e-01 -3.668697675372994960e-02
1.107085416926528296e+03 2.087956874480040881e+02 3.567213369472996970e-02 -2.747630295356101485e-04
1.192168131968110856e+03 3.394658305330045778e+02 -2.417004908754126144e-03 -3.913995789666797204e-02
1.024675729387383626e+03 8.670502487660024826e+02 8.802559486002342268e-03 4.486267894741680431e-03
1.081538875196192066e+03 1.957087167994578181e+02 -3.760576442469431430e-02 -6.075148499071350572e-02
3.046861267225826850e+02 5.285657380928123530e+02 5.302355242203346704e-03 -1.043810857761107679e-02
2.254613257760173042e+02 6.406070104912668057e+02 -2.478628697152045549e-02 7.746863078919788426e-02
1.204977454687802265e+03 2.789164563426977566e+02 2.540057880869516296e-03 1.844905774888020702e-03
1.206412645476176749e+03 2.947336213593114849e+02 -1.318631594641140048e-01 -3.299650335286976460e-02
2.143861415699502970e+02 6.298499933299915483e+02 -2.984933880130914013e-02 8.706726176108707527e-02
2.009839636361631676e+02 6.216462214873723724e+02 1.138856565521361719e-01 -1.916179979066181815e-01
5.748775869625346786e+02 4.847765662707053025e+02 -7.270409097999942609e-03 7.874658460652859265e-03
1.206715358593312885e+03 2.900389274703550768e+02 -9.549330290367537277e-04 1.117534285054662749e-02
1.058935320918265006e+03 1.622882883767711348e+02 2.605789077127759062e-02 2.106721921220266330e-02
1.131619181499400156e+03 2.377973596196148947e+02 -4.910687461778260980e-03 3.553369172106955656e-03
3.769891538747432946e+02 1.068604740325185958e+03 3.184577187215125171e-01 -1.123286468041037045e-01
1.267616588325525527e+03 3.427649689195489486e+02 -3.287337086313068535e-01 -1.781562343647199662e-02
4.938797215826491538e+02 4.314098903452889431e+02 1.065304600211396146e-04 3.933306731637616072e-03
3.186473145509390292e+02 5.363233328281967260e+02 2.820885898851955946e-03 1.678734250826622101e-02
2.408514186019371550e+02 3.235185970883534878e+02 8.358638372289076135e-02 2.349129985499849027e-01
3.769949163253323263e+02 1.077229106011600834e+03 3.268666722223960153e-01 -1.135935574941683707e-01
2.302734500082185605e+02 7.753933354520219154e+02 8.620456001245535224e-03 1.469240648979020132e-02
1.110338959636213986e+03 3.381480004474247494e+02 -2.112476699845627481e-03 6.950400676310612355e-03
1.058584490852430918e+03 1.765521681725883525e+02 1.768353307895744950e-02 -6.305982190489563266e-03
1.091161397206077936e+03 2.970254341209030713e+02 -9.886885326491526294e-03 -2.314997069537761201e-02
1.181883005541907551e+03 2.212673448533845146e+02 2.007977110154813422e-03 -5.645055455118922622e-02
1.154414356336363653e+03 3.357774868758017988e+02 4.019723613163306807e-03 -9.232548575397177965e-03
1.256930644522566354e+03 3.519483120871613551e+02 -3.279849528256759683e-01 2.426248618041262906e-02
1.053147503826335878e+03 1.870121547309007326e+02 1.069669450364224561e-02 9.779686952871844904e-03
2.382452954149336790e+02 7.318966619438128873e+02 -2.382573506533006494e-02 -5.544746723765879570e-02
3.220766460130318478e+02 5.143042112034019055e+02 -5.467302764825513091e-03 -8.273727078202196272e-03
1.202594292457954680e+03 2.012289305293822110e+02 6.528624996321067547e-03 -1.081635730264733294e-02
1.168500592339712739e+03 3.228291300330709532e+02 -1.319200502769823577e-02 2.672471509747887178e-02
1.922956085890961617e+02 6.135676155330233996e+02 1.017576572243070188e-01 -2.188214756840289321e-01
2.459160425819304976e+02 3.184141817495253122e+02 7.131928796171520257e-02 2.090682637390582632e-01
1.024517697187250860e+03 2.514149430206587681e+02 8.886340051791950453e-03 -1.818383660296736884e-02
2.429513010094090646e+02 3.363982297447595329e+02 6.142256688258328906e-02 2.551950748654487344e-01
2.561236734388358514e+02 5.169087707375655327e+02 3.482627435758810924e-02 -1.788633508055821331e-01
2.986692642611032511e+02 4.642479833866954664e+02 7.866808607217656846e-02 2.612406364701864714e-01
1.122996053222877208e+03 1.941935326535824515e+02 -1.750289919166987326e-02 -6.527530592173247208e-03
1.066581233723200739e+03 1.736175268032279178e+02 3.306461551714803826e-02 1.994416659097945563e-02
1.176421806047050950e+03 2.136573493142660425e+02 1.544997822977598086e-02 1.959421517741734287e-03
2.244774016746981147e+02 6.583879860651687750e+02 1.452196688757844160e-03 -2.830189080991838552e-03
1.033895161791613191e+03 1.735556220118810984e+02 5.023078914166827919e-02 4.414834688049434908e-02
1.098035911588538056e+03 1.975049565490489272e+02 1.596421546064853356e-02 1.352720946984375255e-02
2.405589123338927209e+02 6.936888835651700447e+02 1.973611975360805258e-03 5.544941308539144166e-03
2.324806664411581778e+02 6.223487675339800944e+02 2.331701385073734270e-02 1.999010362904374838e-01
1.039346599260908761e+03 1.721699082131329419e+02 7.526094437271060172e-03 -7.257889032199680429e-03
1.257328555363905480e+03 3.020479378736370109e+02 3.430394661766531655e-02 -2.014443267352877820e-02
1.127397963545977518e+03 1.781105596891100333e+02 -1.134704721809864404e-02 8.112995232232242393e-02
2.892678682811838371e+02 4.939321842882538931e+02 -6.357364720643787770e-02 1.842985214369983471e-01
1.047985740675027728e+03 2.929739925290469955e+02 -1.205212262995233007e-03 1.215530043829693846e-01
1.153166044239278790e+03 3.065980974845240326e+02 2.700073668117268233e-01 1.631522258153105809e-01
1.750185403792676482e+02 5.737508847358336652e+02 -2.118925743805657493e-03 5.319996733814520012e-03
2.395052198008160076e+02 5.768247722262369734e+02 1.404207091551041287e-01 -2.747693127892124609e-01
3.068479840275091419e+02 6.235978156892169864e+02 -3.269651602989082084e-02 -1.214059989905479781e-02
2.878712367057794381e+02 6.362692700035752296e+02 -2.716156527108384150e-02 8.999227339378230647e-03
2.529873847192889400e+02 3.108855000843747121e+02 1.740428103452745442e-02 2.049291534832592687e-01
1.092717003367335565e+03 1.835203997802451852e+02 2.539772800984864409e-02 4.118226488614201708e-02
2.739846433245917865e+02 6.148133638554097615e+02 -1.980286725908980347e-02 8.034997335951828135e-02
9.947384324377120492e+02 2.317606456028626951e+02 -7.728423354031783987e-02 3.709847442054398092e-02
2.872552783099148996e+02 5.333356519959673960e+02 3.037837893908159059e-01 -2.804952334805648206e-01
5.674885847088901301e+02 4.262910435651932062e+02 6.841061382728959479e-03 1.117738948769250208e-02
9.799163409971448573e+02 1.756856578594522489e+02 -1.361232628232992292e-01 -1.156002170102655990e-01
1.204966263828963065e+03 2.560170219600858559e+02 3.125443848987986134e-03 2.406415209858076085e-03
1.019138652677201549e+03 2.488027586731988947e+02 1.862387375491371053e-02 -3.939229552877924340e-02
1.028501338997461517e+03 2.034936857681948368e+02 6.473360412231086991e-02 1.169106728781042770e-01
1.092454827876799300e+03 2.798090214916355762e+02 3.129047847962873052e-01 2.461036429938351366e-01
1.018038957560409017e+03 1.951298490390170173e+02 7.311096112827461524e-02 7.651798682778543359e-02
3.689928029539037198e+02 5.184135148960200468e+02 4.429653405615078393e-04 1.553959989568022950e-03
1.032131007515790088e+03 2.784878880487613060e+02 -4.173243728998368013e-02 -9.504822040511305692e-02
2.271394254469726661e+02 7.322874817831617520e+02 -6.571171636689748449e-03 -8.377607642824112105e-03
1.220402987295396315e+03 3.708656616365688024e+02 1.022356608341802239e-02 -8.252920757887196321e-04
2.483205373956092501e+02 4.030449914756446788e+02 -5.995344170654921812e-02 -2.233299690040851659e-01
2.776208459249941143e+02 6.391448101315945678e+02 2.733747772024929575e-03 -5.886807983003591481e-04
1.055287004682709039e+03 3.236451654621510556e+02 -2.038741420750342717e-03 7.194967309497333173e-03
9.012112879335230673e+02 8.520117303655417800e+02 -1.760940883045377520e-02 -3.640367966978139830e-02
1.899726915279605066e+02 5.968287019414483439e+02 1.516851987652363121e-01 -2.791014049952061926e-01
1.341974824013707916e+02 3.997508620936467878e+02 -4.773039425150174368e-03 -5.376291846380016476e-03
2.834997992144481032e+02 4.177645721854362932e+02 7.040072888270625107e-02 2.299944716792225174e-01
1.181747938732687089e+03 1.833855810743708332e+02 1.683433282630293279e-02 -4.227619168504323510e-03
1.275030715785193024e+03 3.385563077211520522e+02 -1.071047719741421433e-01 -4.685310708391670492e-02
1.886596611047345675e+02 6.219626130683026304e+02 1.166189983248400869e-01 -2.230917648136928610e-01
2.916136019251302969e+02 5.040360908750042199e+02 -5.029128551663490827e-03 3.033755404701108521e-02
1.132026289106736840e+03 2.246339895388909724e+02 -2.102213108630599219e-03 9.149724296983466343e-02
1.186004410052813910e+03 1.897378633049520715e+02 -7.104921217362988872e-02 6.714138400178401578e-02
1.159867267334868984e+03 3.312856311332027985e+02 -2.525721415091394719e-03 1.570159220483390667e-03
2.384257675001512666e+02 3.140660144073456195e+02 6.477157832667117254e-02 2.295166896201340789e-01
2.824157120210583685e+02 4.892554277661505466e+02 -1.852108280508216534e-02 2.431374890129754940e-01
1.011133579091941556e+03 2.263991111314190903e+02 2.922654689416616467e-04 -3.300250258047918162e-02
1.248392908807278445e+03 3.541064556804909103e+02 6.900107082428533559e-03 -1.229180682544481077e-03
3.154150811922792741e+02 4.967030687811928260e+02 -8.843557749869860804e-03 1.524749404706759667e-02
1.204004970329267508e+03 2.082417235693215787e+02 -2.471157839737667182e-04 2.384700157632145632e-03
1.001447030521031934e+03 1.722039442103573776e+02 3.800706891676178950e-02 -4.885014688719616083e-02
2.769341005751217608e+02 6.750080857400778314e+02 6.855231532209598482e-04 2.121057864913760381e-03
1.999463463662474396e+02 7.103642502359637092e+02 1.601674851919325862e-02 -1.179148572924253267e-03
1.164769234375199630e+03 3.259727511568897285e+02 -4.262148376341482608e-03 4.816202252475205135e-03
1.137229790233944414e+03 3.722765376297660396e+02 -5.955448308895938681e-03 5.949916408992679540e-03
6.146318071196727715e+02 3.884324970896473701e+02 1.007099584843771344e-02 -1.576515687574977023e-02
1.151579687367377574e+03 1.826637164298425660e+02 1.485203294213317642e-02 -1.159415616682238489e-03
1.120432921653434505e+03 3.657303652765387483e+02 -3.918164646447081650e-03 2.169955948199777940e-01
3.031575276124797256e+02 5.434517152929571466e+02 2.492005334591392007e-02 2.746011722009294304e-02
1.273124607275936569e+03 3.106924971479702435e+02 -2.656917536597837026e-01 -3.610529195991591528e-02
1.215298649962878244e+03 3.310071068913009640e+02 1.104807435299932569e-03 9.114353152766039787e-03
1.086262577244708837e+03 2.797217335493988344e+02 3.623783440252017485e-01 3.215338238447318919e-01
1.049310881415091671e+03 3.195655147685711199e+02 -3.897509755609703994e-04 1.006273592723487716e-02
1.158064308741289096e+03 3.118946930936429567e+02 5.546452182976253920e-02 2.969111685446447838e-02
2.162244748554312253e+02 7.212113118359353621e+02 -1.331835731452617189e-02 3.621462656185044787e-02
2.588410033647953696e+02 3.848520852494442579e+02 5.643292066909361138e-02 1.991095112638833764e-01
1.125750434734307419e+03 2.989555151117318701e+02 7.172095650015819501e-02 1.830233907267496962e-01
5.156141462137476310e+02 4.762496458996435535e+02 -1.456995503502926843e-02 9.869782651158306649e-03
9.808995536765443148e+02 1.895265743799889435e+02 -4.622386333598425823e-02 1.534627419328603026e-01
2.676689635165665777e+02 7.211231338444857784e+02 5.345586666588258810e-03 1.033994159350166845e-03
1.031841278616826685e+03 2.464253904562528987e+02 -5.231722901476621584e-02 -3.472887428757996664e-02
1.923565821506008717e+02 6.541664451940160916e+02 9.023137558153634941e-02 -1.920761517608347013e-01
1.113073342754564464e+03 1.788398864485249646e+02 -3.172074736121381633e-02 1.377617605175515125e-01
1.205839342249013043e+03 3.679288639551967890e+02 6.670010579210591470e-03 -2.794046980831225296e-02
2.433232328686760013e+02 4.910180511847295861e+02 -3.665576264788946576e-02 3.647613325437590315e-02
2.534022295997613128e+02 5.048259358380948356e+02 7.248062592876836595e-03 -1.086547225106011261e-01
1.150800362955855235e+03 1.954273498227621815e+02 4.172402345738090990e-02 4.983609824229991506e-03
1.166999501695652043e+03 3.062681027482904028e+02 1.081953334496600083e-01 -8.606351701178658470e-03
2.148205054130406495e+02 6.231536307157249439e+02 -1.315333636271399653e-01 1.244360628326856150e-01
1.145526734367678273e+03 2.062003699319064083e+02 3.256085546948096765e-02 3.027132929286619964e-02
1.037327200299809192e+03 2.185597341304989527e+02 -1.059928272804959576e-01 2.977646480669352350e-02
2.470838295317759332e+02 7.579223201510155832e+02 -6.511305601122139696e-04 -1.268448721129867771e-02
2.117243028142811170e+02 7.437400106694622082e+02 -7.784052937825895573e-03 1.479193586309802749e-03
3.785093681219630639e+02 1.074172565795301807e+03 3.018599267168544098e-01 -9.816069332733230735e-02
2.855602133188072571e+02 4.687022839645006798e+02 3.813195441420336174e-02 1.837786517840835354e-01
1.098181784264435464e+03 2.220889503009201746e+02 6.477967554904254764e-03 1.533410152663141346e-01
1.114666407774546315e+03 2.085568342196556557e+02 -1.048362387630633399e-02 4.091630946210860278e-03
1.196267921045444382e+03 2.223997514383531211e+02 5.626361799296505234e-02 -5.868351556920637507e-02
2.401178723826963051e+02 5.543568027528806397e+02 1.499842052136231563e-01 -2.355414942487516483e-01
2.798166887520613386e+02 4.965205471575546312e+02 -3.478528888474192050e-03 1.914935355067963751e-01
1.030564501368887250e+03 1.613821632727035649e+02 3.614631179372432973e-02 1.219230179716855600e-02
9.914518965195121609e+02 1.982938250277744032e+02 -2.047419088422643314e-03 4.528926992832090631e-02
2.474837140688769352e+02 3.028673693000237108e+02 6.141316338112901008e-02 1.879549750691076326e-01
1.138481934644001967e+03 1.438743026450349021e+02 -3.887440053969726077e-03 7.652539947058301442e-03
9.993899332793164376e+02 2.422049153501419880e+02 -1.063241515865342990e-03 1.667549744947862539e-02
1.248890535671794623e+03 3.272686824361919662e+02 1.811322923297751797e-01 5.310287824282440561e-02
1.032578954882983908e+03 2.977650010653865138e+02 -3.983750709479449287e-02 1.431595694655862089e-02
1.043196923052438478e+03 1.818514991181360756e+02 2.515068653721277275e-02 -2.190657092684634988e-02
1.134021984689170949e+03 3.450311804199474750e+02 -4.797651365038291260e-03 2.660419376568166211e-03
2.531473524169417715e+02 3.516747545115198932e+02 8.830353437486399004e-02 2.379186739970814146e-01
2.197995269609998275e+02 6.993920388608725034e+02 2.245410217502561681e-04 -1.744294569838140399e-03
1.209705623488491710e+03 2.809653368440764893e+02 9.576375609047940371e-03 4.479133541340131475e-02
1.040468500022054968e+03 8.513116776953161207e+02 9.604277040490447840e-04 1.789823978078019465e-03
2.523526475198510468e+02 2.985709911461088950e+02 7.811849002050622048e-02 1.315035019378547054e-01
5.087867492512820036e+02 4.549669187274005822e+02 -9.530697873746401053e-03 -4.956574173516704526e-03
1.099348368753742079e+03 1.486299150349329352e+02 4.712685810505717887e-02 -7.324444900820897830e-02
2.818778129880296888e+02 5.459114685762530144e+02 1.140427132534061194e-01 -1.052142609313993227e-01
1.875824187306849069e+02 6.533260582588176248e+02 7.148586446142909945e-02 -1.773275776018484462e-01
3.490926543490977565e+02 1.077838738526070074e+03 -9.108547722597298835e-02 -2.957821793077012873e-01
1.938300129421089650e+02 3.192548979682628669e+02 -2.153989681644929988e-03 -3.391588879073756130e-03
1.139902180990084616e+03 2.479068387531789028e+02 -3.680870144877543271e-02 1.015615453878694202e-01
1.073735164073282249e+03 1.828197359179933414e+02 -8.646924144825238884e-03 1.679507470522822454e-01
1.150205908125527912e+03 3.796512580842984903e+02 -2.508157217581471511e-03 2.127393726520165201e-02
9.752584846659736968e+02 8.528554020625545036e+02 -1.879731318078970911e-02 -2.130828784614025029e-02
1.126186543490131413e+02 4.087520615384490270e+02 -3.000463848390383936e-01 -1.332268536257588953e-01
1.091562054161279093e+03 1.583044456065888141e+02 7.474579023981089976e-02 -3.692215339391680118e-02
1.203369178853417679e+03 3.592138743110405699e+02 2.439766284423432619e-03 1.415791188645197131e-03
1.011728322497356885e+03 2.041063398936556155e+02 3.523819618151468464e-02 1.374949910853946466e-01
1.126923836663338989e+03 2.137826083192389035e+02 4.102711023509059834e-02 9.733350322810337130e-02
1.206077624637239524e+03 2.663252460926900653e+02 4.978238329922125491e-03 -4.507154614349365845e-03
1.146683458243947598e+03 3.676854743453474725e+02 2.242777357035726990e-02 -2.585619069706279402e-02
1.196344358665612617e+03 3.700707078414282023e+02 7.327939660548671644e-03 -2.912230507188897158e-02
2.974905536199060521e+02 6.542969331863205298e+02 -7.372331974201147683e-04 -7.827294029654572466e-04
1.153957418090304827e+03 2.304656204957253465e+02 -3.752511685495323046e-02 1.620365561927543108e-01
1.817063370599942971e+02 6.189930315422679996e+02 1.084069620986429228e-01 -3.530985350398881395e-01
6.740893127548771417e+02 4.960023914828041143e+02 1.227764465648368240e-02 5.666807739060280256e-03
1.080325379677849241e+03 1.599205974752685222e+02 -2.015286127908229395e-03 4.923835049338375069e-03
9.876446138022389505e+02 1.720262356024634585e+02 -1.328208079950015386e-01 -1.823165310397441286e-01
1.088320226754392479e+03 2.123866230814434459e+02 -6.677802837588947549e-02 -1.266957616549335142e-01
2.354008273267291145e+02 3.000251876274014080e+02 5.668353554177274489e-02 1.583645227146410761e-01
9.888706312256442743e+02 1.816637195155577160e+02 2.674687484706517182e-02 -3.541708269674597176e-01
2.121899040800269916e+02 7.061341585478792240e+02 8.026463776212633405e-03 1.158028180859460576e-02
3.444828831317535673e+02 1.078749978285129146e+03 -8.023760334510221526e-02 -3.332636137436466583e-01
1.161192129117970353e+03 3.450588302428830616e+02 8.022011373253600669e-03 -5.768203302893869233e-03
2.133759527168321597e+02 7.556604239758861468e+02 -2.381959518351275864e-03 -1.054199859706588666e-02
3.420945524668127860e+02 1.091342838222586352e+03 3.778883514230204077e-01 -3.528259713189505625e-02
9.984408078264550568e+02 1.794642385847228354e+02 -5.792668118118626808e-02 -1.604026033352228819e-01
1.259555251220122727e+03 3.176566272871852448e+02 -2.017322863428988242e-02 4.492284731661987801e-02
1.138305460702113123e+03 2.880776914694978359e+02 2.100802737912343954e-01 1.879574423029266861e-01
1.202331907941086229e+03 3.057390684301532247e+02 1.005388075603851072e-01 -3.739304924796517382e-02
1.259094090651792612e+03 3.252205623768458054e+02 2.360367982061435388e-01 -2.234392932632917744e-02
1.243293775908270618e+03 3.363143300313727195e+02 -5.252492571929771870e-02 4.788842266221488009e-02
1.966409210017856140e+02 6.740817937354527203e+02 -1.254174940132873062e-01 4.882323176275777943e-01
2.538273455388252273e+02 7.075134170688522772e+02 5.245537144620435188e-03 4.265031905426857478e-03
1.148419498721621608e+02 4.288270878099206129e+02 -2.405482994893925197e-01 -2.863526426548427817e-01
1.080912284317293825e+03 2.096403400011977567e+02 -6.602350242697714588e-02 1.281815837867327501e-01
1.023132918182001958e+03 2.916163518026282873e+02 -1.078956934324916579e-02 8.552587287639804720e-03
1.163853435203950312e+03 1.984444878829027346e+02 -1.135219200644617919e-03 1.425252289704985811e-02
1.301393158947493930e+03 3.400748990209413591e+02 4.180303356022060934e-01 6.217257685886086981e-03
1.170247395905469148e+03 3.771831720064986939e+02 -1.407340741322968790e-02 1.390412838308444955e-03
3.031355266323074602e+02 5.778032123247459140e+02 -8.615732329673164713e-04 1.637178603476741046e-02
1.917775536513137240e+02 5.855953528383336106e+02 -8.160576202066028954e-04 6.122973223578606454e-03
1.047861933234214575e+03 1.587543182105121105e+02 1.246385784813566905e-01 2.013505331447059885e-02
1.106013441729539863e+03 3.475652625485165004e+02 -3.594681032234754020e-02 2.223707657304682152e-03
2.833052499520681522e+02 5.525628033740466662e+02 5.874568989685461338e-03 3.109269142219009754e-02
1.138237510775533792e+03 2.209449988625033257e+02 8.792672511096746163e-03 -3.213062318711194798e-02
1.207443289850977408e+03 2.524193665283189034e+02 1.080687021464903086e-02 1.213020031058352835e-02
1.212405444755426970e+03 3.200647405808618942e+02 2.702754056915430622e-02 1.888562970569472033e-01
1.216340934840430009e+03 3.635870861545395769e+02 -2.836997976106762215e-02 3.253421973765853459e-02
3.451748875946125850e+02 1.096496242452800061e+03 4.635837657141463897e-01 -5.331183308576917940e-02
1.099625760467943792e+03 1.798212550087142176e+02 4.128144517961306742e-02 7.909584276338153808e-02
1.068962508020034420e+03 2.173297072343323464e+02 -2.573518584235984577e-02 3.892522169450703812e-02
1.137499651892276688e+03 2.137668839648544008e+02 7.841536295376379251e-02 -1.201282575184627194e-01
1.175031851835294901e+03 3.742306404475332329e+02 -1.014223039518120061e-02 8.525705125506183530e-04
4.635027941288835223e+02 3.926229390172942999e+02 -6.248307440968731401e-04 -2.433438049421327281e-03
1.017055366316404843e+03 2.590139507313332388e+02 2.878022022016816367e-02 2.534227451253447394e-01
1.046317243677005536e+03 2.719332404758408188e+02 -4.251716289202424337e-02 1.845008830718615489e-02
3.068730894156587397e+02 5.166091314752206927e+02 1.556837867887153571e-03 -3.692545204887888108e-03
1.931605175182671985e+02 5.960143693568300023e+02 1.632354293758798980e-01 -2.468866492599193219e-01
1.439399706285048524e+02 3.935540695189260418e+02 5.113380333627901182e-03 2.112071554187082423e-02
2.734814773457629258e+02 4.363024931968164992e+02 -4.526136697359106273e-03 2.384022597525711218e-01
1.069938551412508787e+03 1.820647773755296726e+02 3.069096002046080643e-02 -4.720961372854105831e-02
1.132225346626578130e+03 1.940711718039088964e+02 -7.055908754617121192e-02 1.905580808530999148e-01
1.073833340011092560e+03 1.701000156267062380e+02 4.427988857278065266e-03 5.406588726720670118e-03
1.012802966952172937e+03 8.654675037697910511e+02 7.099445848761745149e-05 -1.468992326294937811e-03
2.820375731649140221e+02 6.027290680312902396e+02 8.061424127306556983e-03 -6.574347021962267945e-02
1.138990944235936695e+03 3.430543540633381099e+02 -9.871820171161125104e-03 -3.466772061969134160e-03
1.180028130166710270e+02 4.050635565838010166e+02 -3.320359441646782428e-01 -2.046166594598186894e-01
1.174658445003122097e+03 3.387685331177071930e+02 6.335591449016705901e-02 -3.061348950025000702e-03
2.889373990984437341e+02 6.129970919179274915e+02 -1.045409223373731586e-02 -1.903000355122972179e-02
8.411588255107876932e+01 3.341033059932583456e+02 5.609179389357424501e-03 -4.276638310291115208e-04
1.049124730895578750e+03 2.149042240961663595e+02 -1.320193380137817986e-02 4.704828812752414463e-02
2.617926487652121068e+02 7.246404271037149556e+02 -5.056463422890415151e-04 3.453792765950228390e-03
1.133342990829669361e+02 4.428042109296282547e+02 -2.468331698338240565e-01 -2.789592113499076986e-01
1.042985864985135322e+03 2.508530081463068200e+02 3.554080583635791518e-02 -2.176752375000332376e-02
1.083808896487545553e+03 1.651777766457724113e+02 5.314245474715205420e-02 -1.804423383525691552e-02
1.035084920971075917e+03 2.538873668557818917e+02 -1.555315593308088419e-02 4.995112341756188096e-02
1.046333765409185617e+03 2.654505552477158403e+02 -1.442033404027500028e-02 4.228472321840859999e-02
2.329084345076746558e+02 6.876014177124156959e+02 3.170240861385715311e-03 -2.359615478450277290e-02
1.137339547288299627e+03 2.014907646667672907e+02 1.111328914487607900e-01 1.215832625912541265e-01
1.091002105367658032e+03 2.351080634622673244e+02 -7.495077789815517838e-03 1.229884974768586658e-01
1.262896406388637160e+03 3.530659695926632935e+02 -1.662456454962910057e-01 1.546796269282389724e-02
1.863208187118784167e+02 6.401337153380583231e+02 7.912331194567770454e-02 -2.593739700483069788e-01
1.020347514916766954e+03 8.676308722868624272e+02 -1.740739646274391903e-03 5.969815021762201607e-02
3.823784062554892671e+02 1.078192469424413048e+03 2.602334382722190642e-01 -6.248306837780433221e-02
1.142193102572552334e+03 1.517012114589685154e+02 -1.702321333619949764e-02 3.811031575277869232e-02
1.086586648711223461e+03 1.688477476806897357e+02 1.291546430926735767e-01 -8.418041821776930944e-02
1.043992956166493286e+03 2.345962687090576253e+02 -1.449133693372809395e-01 3.281427824142661986e-01
2.849063337099179876e+02 5.401864943664529619e+02 2.228169729267083510e-02 5.277473164815733170e-02
1.809346876248094702e+02 6.365617333729500160e+02 1.043521747785835230e-01 -3.155732669940672919e-01
5.194118790784294788e+02 5.295324954728118882e+02 -6.483401391077537289e-03 3.068499279164044191e-02
1.307676073102610701e+02 3.881177358001454536e+02 -3.361247248903964646e-03 -1.383862103319032921e-01
1.108808497424220604e+03 2.302211648784257534e+02 7.775382445802996902e-03 -1.344938420025698633e-02
2.670624968420415826e+02 5.871005570717412638e+02 6.371041489861801327e-03 3.054532835664615191e-03
1.865367994686860698e+02 6.658109611497935703e+02 4.278678842319107861e-02 -1.901854974256174946e-01
1.115672218393571939e+03 2.625084228787501388e+02 3.085465211994429802e-01 2.423746705275667823e-01
1.190405247586307041e+03 1.847389364991587684e+02 -1.068012080282347218e-02 2.799765281450830243e-02
1.183515303089680856e+03 2.279304432486882774e+02 6.386683641316316662e-03 5.504409303883550653e-02
1.201507286165772257e+03 2.512846724249829435e+02 -7.267853695773467126e-02 2.404923646132087200e-01
1.189819608816663504e+03 3.617891233905321542e+02 2.792860951686831211e-02 -2.694940179308535216e-02
1.100016105024009903e+03 1.983118046313149421e+02 -8.811170890313885229e-02 1.607154021534971944e-01
1.036137656804152812e+03 2.161478925276645100e+02 6.470421374835193251e-02 6.756938155062641727e-02
1.246282356437404360e+03 2.984113485451926522e+02 1.307431614018241817e-01 -9.055585544072800031e-02
1.058097266017856555e+02 3.617463904609806491e+02 6.185728749541600374e-03 -1.016100044775579934e-02
9.997178793763425801e+02 1.915899186044065630e+02 -1.052941023120508440e-01 -2.010486101893263766e-01
2.493431579594818004e+02 6.810416059348852968e+02 -1.738872679403200006e-02 1.145571853416359892e-02
1.119209688802978008e+03 2.518922591672551050e+02 -6.772337585440861389e-03 -1.971408028501889925e-02
1.157470388811151452e+03 2.225978471899587419e+02 5.755228483980951576e-02 5.886970591839540967e-02
2.603956542515375077e+02 4.774342115606715424e+02 -6.292908230664906455e-02 -2.393870454550768301e-01
1.024996483618109323e+03 2.258251798143226949e+02 -4.764487079476253939e-02 3.654818675883610979e-01
1.228632597614198176e+03 3.193640149685865026e+02 1.771604557329666818e-01 2.609734194663602125e-01
1.160028932727464280e+03 3.613797829085913804e+02 6.174188755433362985e-02 -8.034949621753995075e-03
7.872421150472383715e+02 3.955203694046389273e+02 -1.413614972373565190e-02 5.891688912288373103e-02
1.074374827168121328e+03 1.733941438407697717e+02 1.601375260277622739e-02 -3.329896366031265265e-02
1.277700187554993136e+03 2.637577865372290375e+02 1.492878166602402412e-01 -1.060257952323402086e-01
2.326193792400657401e+02 6.031197862359306328e+02 -9.099607559074966712e-02 2.036415758850287083e-01
2.106743703722492000e+02 6.442379008300397345e+02 1.368944763868651729e-02 1.602849990210357053e-02
2.379288662749076195e+02 2.987581937800458149e+02 -7.090565476926258270e-02 3.597919710295457429e-01
2.014648978224803670e+02 5.089069027381600563e+02 -3.249341293150109864e-03 -4.129149091118809733e-02
8.204541857470749164e+02 3.210903806012355517e+02 -4.894452100855536253e-03 2.470964960791282791e-02
1.203968608760260395e+03 3.028731355619477199e+02 1.301650013028241293e-01 -7.526094925068491093e-02
1.131435424765553535e+03 3.597606396490534166e+02 3.219938029901640852e-02 2.161419577231148137e-02
2.925395799410845825e+02 4.635639051009432592e+02 5.055086152777354264e-02 2.277259828756972859e-01
1.076623466723628781e+03 1.625778885898513124e+02 9.091162795043758113e-03 2.096079988046994913e-02
1.053353074103395329e+03 1.749305577073548648e+02 4.062376700543107733e-02 4.837504362358486382e-02
1.137719528602140372e+03 1.618531356530320977e+02 2.087232320325805093e-02 -4.177089762611554263e-02
1.124855940719742875e+03 2.044792228980775235e+02 -5.481369378490257710e-02 1.870415182163410669e-02
1.250676464785890857e+03 3.085518755180369226e+02 5.027479471559986174e-02 -6.001748921604609099e-02
1.146520224935186434e+03 3.333415166746342493e+02 1.882779895296654918e-02 1.081523748767440063e-01
2.595640082702881273e+02 6.776811675887025785e+02 1.370166302818092785e-03 -1.164137730692510614e-01
1.117461342845950867e+03 2.145345647388920156e+02 6.500100873511525891e-04 -2.258601553188758007e-02
1.093472606381101059e+03 2.320850445182841497e+02 9.162034839945525089e-02 5.945949595078506983e-02
1.118318141638882025e+03 2.210688652580078895e+02 6.081520628126950608e-03 -2.535708526329787799e-02
1.131965420099960966e+03 2.867593077478205146e+02 2.905301881961198096e-01 2.786995308650598857e-01
1.745187972782229906e+02 6.183096561963657223e+02 6.835893631649613000e-02 -3.802856560658516849e-01
2.503658771729236889e+02 3.049454354918185004e+02 2.016825994288659954e-02 2.209885479405171993e-01
3.074133311339193142e+02 4.610729241215482261e+02 3.543119953132663029e-03 -5.131682705706015583e-03
1.046193091589334244e+03 2.026431392113425431e+02 1.609382834461624973e-02 -1.419264540206637178e-03
1.064782999508659941e+03 2.312051979168143987e+02 4.383326582107061747e-02 7.547754434808513768e-02
2.553433505372188961e+02 6.707339558797937116e+02 -8.553117496578447471e-03 2.403267351156465961e-02
1.476268429926099373e+02 5.013767247307035291e+02 1.902578897609359387e-01 2.316164488500712937e-01
1.190267586510393130e+03 4.014588094543829015e+02 -1.974132812146459862e-03 2.383601542149922994e-02
2.652026379088214867e+02 6.233891086782208504e+02 1.634753597338563583e-02 1.147769354812074559e-02
2.360909289237730206e+02 7.000364754004152701e+02 3.227186605637063360e-02 3.868913450081379324e-02
2.555451745794064493e+02 7.397571156152811227e+02 1.064069988258135348e-02 1.598402659330607281e-02
1.004306030454410575e+03 1.968022947114452279e+02 -1.064704253253298885e-02 -2.291686032199137246e-01
1.091921966428833912e+03 2.278304425078747499e+02 -4.109111641971297663e-02 2.792370340478928514e-01
1.122641814850091350e+03 2.163671771040268936e+02 5.865342677838191604e-02 -3.727699657128408228e-02
2.712343489780989785e+02 5.310815562382437065e+02 -1.397632302179917241e-01 3.177666315945451014e-01
1.101662172288092052e+03 2.359823644375916274e+02 -2.912266833425292134e-02 1.798789225631739278e-02
1.257954882994570653e+03 3.395161845204382871e+02 -2.082618976759973151e-01 -7.237650945688239509e-03
9.983301075583842703e+02 2.274807443194768837e+02 2.786611496160925835e-02 -3.147748226894253043e-01
1.155486904406939630e+03 2.425397209321091054e+02 4.996064856159353196e-02 -7.237885652342258662e-03
1.222312277625819206e+03 2.829286183854645742e+02 -9.573616221987754638e-03 -4.568629542587489267e-02
1.218117821087752418e+03 2.984368041849363635e+02 -3.840083144511178409e-02 3.398408055399689681e-02
1.282311796435775250e+03 3.642266944412783687e+02 7.104492425208783768e-01 -4.634886561565226826e-01
3.198872359239006187e+02 1.074996691787927830e+03 2.909754128756741887e-01 -1.239070580244775246e-02
1.019169651846902070e+03 2.114899027260142930e+02 1.697806752090798565e-01 2.224106576665221269e-01
1.008919586641087903e+03 2.429066021899012355e+02 -5.921910181967859899e-03 4.501498858009256310e-02
1.038242202675533463e+03 2.653011752678901303e+02 1.978824420127921202e-01 -1.947992806690592715e-01
2.727805016385150907e+02 4.913167631261073325e+02 1.261237323065020864e-02 -2.543150186632757159e-01
4.921707292223984496e+02 4.296400064315936334e+02 -1.010019927742919835e-03 -1.832525853938262274e-04
8.198317211885291727e+02 3.345730675967501497e+02 3.697813395104419983e-03 -2.708576361314534928e-02
1.164222934056771010e+03 2.211110350222435557e+02 8.714735644341425197e-03 1.009064254371414976e-01
1.192255834234650592e+03 2.148351748398602297e+02 -6.070939283787131491e-02 1.641121205415773179e-02
1.148387904720950473e+03 2.389212545234536265e+02 -1.945606537042534126e-02 5.910840910746478771e-02
1.250747111718383394e+03 2.517349480353854005e+02 -2.970367755240563290e-02 4.343829794928553978e-02
1.982821199326794215e+02 6.259915052433681240e+02 7.896083570844175670e-02 -1.226372815685743689e-01
1.136424188159663572e+03 1.854667053261830745e+02 1.619800802342928614e-02 5.153211799403342036e-02
1.008015964400495818e+03 2.665446833173023151e+02 -1.101537517205189096e-02 -2.569903818465490986e-02
1.087985444902812560e+03 2.878127710469543103e+02 2.394387415377473571e-01 2.463255068820634219e-01
1.072349516526507159e+03 3.167116276204358769e+02 1.607315046439655032e-02 -3.371190172640581295e-02
2.966394589635619354e+02 5.337845918700896846e+02 1.892022609698926772e-01 -2.722063471462408679e-01
1.819227839541479455e+02 5.751079029248201095e+02 1.858209393220357220e-02 6.269630908554467766e-03
2.426804672249122632e+02 7.481608889243962039e+02 -7.141717517017000944e-03 -5.885853664040041622e-03
1.124741945234387686e+03 2.415136833889482375e+02 -9.862857571507073484e-03 -1.407659204594204072e-02
1.163987531413909210e+03 1.542074927041505816e+02 -6.325238097597588038e-02 -1.001831209550566731e-01
2.682309672472927105e+02 5.927481500280730415e+02 -2.359474672725274738e-02 1.943474487675570309e-02
1.068061081502820798e+03 1.868142592680222549e+02 1.460587846382566113e-02 -4.103172744332717059e-02
1.207789347642558823e+03 2.371389704308517707e+02 2.062342807739980799e-02 -3.188938181060052557e-02
1.161872548725872321e+03 2.483507755909213870e+02 2.601355136195593332e-02 -1.139329418345802480e-02
1.245956548485855365e+03 3.184721493549069464e+02 2.979828128884633998e-01 9.658511388562018851e-02
1.256618817986822251e+03 3.334994519999376053e+02 -1.406974926204611620e-01 -1.454897192262478711e-01
1.152912089700701245e+03 3.548448496320382901e+02 1.700025988601794324e-02 -2.526128620903378419e-02
2.155250525963602115e+02 6.888566500458530300e+02 -1.157847089551466979e-03 -3.097141864361674379e-02
3.192879067978257694e+02 1.081604790931419302e+03 2.609635735342941132e-01 2.433759325742812507e-02
2.718812328817942898e+02 5.176917084856103202e+02 -1.654280584339971882e-01 1.697703915991951307e-01
1.139257088770519658e+03 1.674086127955605150e+02 -4.116307459268379182e-02 8.452858402218528175e-03
1.074830096072865672e+03 2.255862489748959092e+02 -6.055628414480149213e-02 7.820862824771476762e-02
1.267726243454755377e+03 3.206626734006516131e+02 -1.820457458707551157e-01 -1.628931661124132235e-01
1.150514997034278622e+03 3.935712435576139683e+02 2.300028632034809700e-02 -1.470108788276244631e-02
8.256929522133633554e+02 3.307986920574177816e+02 1.292876252420325882e-02 -1.078438236524042158e-02
1.090140598608363462e+03 1.967628115768222870e+02 -1.850644323512174727e-01 -7.750772429421763643e-02
1.130645220535284125e+03 2.109132433198714978e+02 -5.535940605406202211e-03 -2.331698620163738869e-02
1.098740604868537275e+03 2.502795047722685808e+02 2.029367254674525611e-01 3.101912185794130083e-01
1.172145599341642992e+03 1.681203742713007330e+02 -3.481680849582907081e-03 -4.941640767706140941e-02
1.364049755803153232e+02 4.034879392063103296e+02 -4.064510542466100856e-02 -6.837387243304139661e-02
2.163451033859571169e+02 7.296284575112870243e+02 4.589877017657455899e-02 4.971270769614805768e-02
2.088212638625886655e+02 7.476418277674713408e+02 -1.735320325532431832e-02 -5.407328682998433292e-03
1.010025999578974961e+03 1.750997328585463606e+02 1.065715802452302796e-01 1.952239820188002850e-01
1.032787517326259149e+03 2.067895487432072059e+02 1.039646668207675796e-02 3.889739938602095742e-02
1.117711786085789981e+03 2.013715187453705084e+02 -1.230648539973155237e-01 1.535768655130667071e-01
1.209767158574142741e+03 3.691517509158329062e+02 -2.571749472493441505e-02 6.804890699498855611e-02
2.408238552588198047e+02 6.092636590027457260e+02 -1.785029807904455271e-02 -2.878631720370587385e-02
2.770596245063323408e+02 4.472259025523679270e+02 1.322824954599158553e-01 1.137173123502179806e-01
1.440656283703543465e+02 5.050937571397544161e+02 1.611658058930138526e-01 2.176979297871432795e-01
1.073112786809792851e+03 1.963497435126705284e+02 -1.180068741919884819e-02 5.258597481530490753e-02
1.091849348047932608e+03 2.408434237206069781e+02 -6.747346898398311199e-02 1.932686370268108661e-02
1.045635064672914268e+03 2.531783141266968755e+02 -6.179131729221477159e-02 -4.739695030106180207e-01
1.178330639937764772e+03 2.237216885593904863e+02 -5.095537322621235959e-02 5.904925470769677859e-02
1.996969349526470694e+02 7.213568657270691347e+02 -9.210200195380739349e-03 -1.498870279110840059e-02
3.200305082053594106e+02 1.081166491656939797e+03 2.834496828345539621e-01 -5.174888177986180365e-03
1.025284270645592869e+03 1.874677155154240040e+02 6.106937544220727293e-02 1.727601723137098533e-01
1.142099091425017605e+03 1.961963842913327198e+02 1.224727905280815349e-01 -1.296897673054587530e-01
1.044686299136406205e+03 2.208623505539653138e+02 -1.318750485570490127e-01 8.148420099670375394e-02
1.221712523949581737e+03 3.163280216204058206e+02 2.166920946123127578e-01 2.008757274965205508e-01
1.205144220355999323e+03 3.616748012675633390e+02 -5.434021167338869140e-02 1.718363672713962842e-02
1.160085404707308271e+03 3.780304852606081454e+02 -3.593709489712182403e-02 4.382317308446772447e-02
8.027618383068005414e+02 8.778909635391333950e+02 -2.650532862428462907e-02 1.020926367673382663e-02
2.505318539174550949e+02 2.874492928542118193e+02 2.735340221946734596e-02 2.564795136457102484e-02
3.989680891329872452e+02 3.400238837699367309e+02 -1.229444576667522958e-02 -1.390191004813661618e-02
1.275244646120990865e+03 3.051361400104631230e+02 2.199858215087462793e-02 -1.123485592511820445e-02
2.014216944412545445e+02 6.112363607013309093e+02 1.095740577677493804e-01 -3.923579602768414998e-02
6.462485268031720125e+02 5.019256028004606378e+02 7.560059819725968577e-02 5.355307379657384820e-02
1.029702742137980522e+03 8.331475882108466067e+02 -4.905222334612820839e-02 -2.987441930700798429e-02
2.791899955453266671e+02 3.994367861608538419e+02 1.284902626488815258e-01 2.482131698929563868e-01
1.050364309913874649e+03 1.855582637755034909e+02 2.227397973607025961e-02 2.871140394084292780e-02
1.020174089907192865e+03 2.170413269185155229e+02 -1.381135235618557999e-03 -1.053120074151543406e-01
1.009476636591722695e+03 2.256314164749019255e+02 2.923936228097545609e-02 -3.908782518545450557e-02
1.075912538031846907e+03 2.208096833682317595e+02 -4.868259800872465348e-02 6.745027554443083773e-02
1.278215902308636487e+03 2.986505283451968467e+02 9.503337583237225772e-02 1.264634190750797416e-01
1.194758839093945198e+03 3.599601660080913916e+02 -6.564981954977611167e-02 1.150479771705548160e-01
2.906319866189832624e+02 6.297900157586063870e+02 -2.471995612161492772e-02 3.129419920963982804e-02
4.109041954728411383e+02 1.087165442834329042e+03 1.659509980475633029e-01 9.684232648444890401e-02
9.969652971283219358e+02 2.165790404049572828e+02 1.919690976969182575e-02 -1.821829778132187660e-01
1.048635624044350152e+03 2.227249630393808104e+02 -8.582368519526946404e-02 -4.751577245993132692e-01
1.085422555833078150e+03 2.994583673357527687e+02 9.534009227987942647e-02 5.774415968576656066e-01
1.185746076559540143e+03 2.316493260758773545e+02 -5.389905383948904311e-02 4.680596359995498751e-02
1.254160595629484078e+03 2.836437040590683978e+02 -9.311411392877744220e-02 2.132962946641815127e-01
1.197976282901833883e+03 3.383602260821149912e+02 8.108100946352740646e-02 -9.597035312584369093e-02
1.165598055608655613e+03 3.843464764310910482e+02 -4.671114361079682295e-03 5.903116143404726381e-03
2.398604550282483956e+02 2.945767309770113798e+02 -5.813313215857836454e-03 1.613232969391257543e-01
1.008741148813184509e+03 2.503708130438078001e+02 8.770513687198899788e-02 -5.523363303877412145e-01
1.251323170621942836e+03 2.792325188304908465e+02 -4.902536865335302418e-01 5.553553703329896507e-01
1.235776865108842685e+03 3.209348433757690486e+02 -1.225931181598222536e-01 1.779816952470412161e-01
1.093205986903667736e+03 1.961001737740152748e+02 -1.343581879502380727e-01 1.120966201151532039e-02
1.113199389669800212e+03 3.012003950734693944e+02 5.715558862516445515e-02 1.074893767889079782e-01
1.233181620810226377e+03 3.120732260240454252e+02 1.162661245107301546e-02 2.356656932107625835e-02
1.867242031904574731e+02 5.410523349626914751e+02 -2.524096324806350822e-01 -5.199475713406400690e-01
2.893532904348406305e+02 6.058633342465217311e+02 5.063028070363771033e-02 4.204061851662573013e-02
3.173282906036628219e+02 1.088589048288177082e+03 1.583035876299959399e-01 8.172134650767474973e-02
2.333397403878928174e+02 2.980492023252086256e+02 -6.007503434484817717e-02 2.536281852235191536e-01
2.834462073323111895e+02 4.824474635512932537e+02 1.389788067940855854e-02 3.528829630870689016e-01
1.035156858562696243e+03 2.683022727600628059e+02 1.885081016400249609e-01 -4.370551037381176229e-01
2.755167827733458807e+02 7.008909917969958769e+02 5.681108605571694170e-03 3.351737111330521657e-03
1.055253635553470531e+03 8.385295499180289198e+02 -5.006585818500752794e-02 3.078425736433132442e-02
3.860579820544897984e+02 1.083663389197098695e+03 -9.528304831988521073e-03 3.562597978140047417e-02
2.338003887800586824e+02 2.907936873014168668e+02 -4.689679061885954070e-02 6.078858072834236737e-02
2.858888012212980243e+02 4.693316425132562131e+02 3.444814391211063146e-03 2.766022724400158950e-01
1.088119280555655905e+03 1.617028117729995529e+02 2.947945457048414819e-01 -7.163377509966721846e-01
1.016504522791894601e+03 1.827378982911728258e+02 4.482212731738854927e-02 9.132137918976468427e-02
9.715254128163149971e+02 2.030609111832268923e+02 5.182732205120525043e-02 -1.561173944402393376e-01
1.105772747519707309e+03 1.985879373042815246e+02 -1.580513594530354171e-01 5.762837917487217965e-02
1.088244842218315853e+03 2.471471703801871911e+02 -2.941944790929937881e-01 1.120990731904972365e-01
2.450273909611520935e+02 5.815119031008636057e+02 1.629891893264812097e-01 -1.099285544730340264e-01
2.788402091510635046e+02 6.518178189991624549e+02 -5.988168543192765730e-02 -3.064763783553796014e-02
2.440466957666583312e+02 3.443360429179944617e+02 -2.082738662593897061e-03 -9.338418403410742030e-02
1.091972426297444144e+03 1.905123209270124107e+02 -3.919126253708782315e-02 2.577070277963855460e-02
1.159184684160672077e+03 1.704452057299414207e+02 1.490564864534462686e-01 -3.094422266576799530e-01
1.215958249609929680e+03 2.282151989249630333e+02 1.307300933524402353e-01 -2.380764166288997785e-01
1.118158226913329827e+03 3.424555897505993016e+02 2.451856616273744294e-01 -5.033051363782305998e-01
1.163581017537597745e+03 3.518638644284422412e+02 1.265940972382395557e-01 -1.318705565544178171e-01
1.171011153426690953e+03 3.676977451751309331e+02 2.387165912352884334e-02 9.433910055261662819e-02
2.648568342136633760e+02 6.535566457735706081e+02 1.896858620114016958e-04 4.403838252920877494e-02
2.532333031284346134e+02 6.951090216478983166e+02 4.321557940451867807e-01 -1.189753127409858280e-01
2.607704510529425761e+02 4.758741706951326478e+02 0.000000000000000000e+00 0.000000000000000000e+00
1.054195742224752394e+03 1.698028936292633659e+02 0.000000000000000000e+00 0.000000000000000000e+00
1.130296154062825281e+03 1.603243819718694851e+02 0.000000000000000000e+00 0.000000000000000000e+00
1.125684965470229827e+03 1.920198917127131892e+02 0.000000000000000000e+00 0.000000000000000000e+00
1.075157545426457318e+03 2.208550963892891161e+02 0.000000000000000000e+00 0.000000000000000000e+00
1.094560093661322753e+03 2.655790856559614781e+02 0.000000000000000000e+00 0.000000000000000000e+00
1.174048723284535299e+03 2.709109840622228944e+02 0.000000000000000000e+00 0.000000000000000000e+00
1.268185023317031209e+03 2.859664486648757133e+02 0.000000000000000000e+00 0.000000000000000000e+00
1.242132328203250836e+03 3.197154408266218866e+02 0.000000000000000000e+00 0.000000000000000000e+00
1.261819166538721902e+03 3.886752711970871701e+02 0.000000000000000000e+00 0.000000000000000000e+00
2.396750825123276627e+02 7.037198085502991489e+02 0.000000000000000000e+00 0.000000000000000000e+00
2.566536391085043647e+02 7.139290507545623541e+02 0.000000000000000000e+00 0.000000000000000000e+00
1.055778176089338785e+03 8.045836232286873155e+02 0.000000000000000000e+00 0.000000000000000000e+00
1.079611407992271552e+03 8.031083466258163526e+02 0.000000000000000000e+00 0.000000000000000000e+00
