1.331890505896379580e+02 3.816729519770032084e+02 1.301732247263951738e-02 3.071064456851431770e-02
2.663784368895154557e+02 6.846118258796249165e+02 1.002519299169248902e-02 1.885222275121568522e-02
2.542957073731563469e+02 4.653867311970536775e+02 6.010147883401232780e-03 1.287360059557170026e-02
3.181287931620680069e+02 4.739822809054559229e+02 -6.775897107393638813e-04 -3.481356764846078736e-04
5.659512667106637309e+02 3.860852166975550972e+02 8.971125677799316172e-04 2.709447744829580201e-02
2.756058568104089090e+02 6.026736357646810802e+02 -6.666800051058238002e-03 2.663676217882924302e-01
8.297002472273561580e+02 4.081834813253386756e+02 5.049167433897687983e-04 -4.674186015420511535e-03
7.055732168626076373e+02 4.157139311555525865e+02 -5.358446701982099401e-03 -2.815598600871212567e-02
6.343695433015258232e+02 8.219741909390903629e+02 2.222932907144051663e-04 -5.867225408355627742e-04
9.124169422941670291e+02 8.059796862584904602e+02 9.113621296542573618e-04 -2.680803021112386627e-04
4.599340041550482852e+02 9.415506173054417332e+02 8.482585820788114564e-05 -3.198729546619517210e-04
9.073326063782146775e+02 9.247060112737999589e+02 4.185452940729723383e-04 7.701816257845211979e-04
9.003770685835138465e+02 9.269303809554373856e+02 1.858091664717399479e-03 2.632227165157352208e-03
6.827971072792533960e+02 1.012910481341442051e+03 -2.513848656078349064e-01 2.169499044273481003e-01
7.149399594030272738e+02 1.011590815343902932e+03 1.109637430061249431e-04 -6.550051791567840882e-04
7.050276865115661167e+02 1.023556581517426480e+03 1.665376104328250128e-03 -1.455865043551669413e-03
9.846960965470395877e+02 8.458505261327790095e+02 2.583164789672703736e-03 -1.286944811703064941e-03
4.816738290114658412e+02 1.099032171408839986e+03 4.444467675733732763e-04 -2.330658243868084030e-04
7.044636588238720378e+02 1.036483424153743272e+03 4.366509072852831053e-04 -2.000580584850954028e-04
7.518569347085634718e+02 1.067551903829698631e+03 4.594127691889568032e-04 -3.897233407765315276e-04
7.455643621869121489e+02 1.071489400645625210e+03 -1.001083410834902390e-03 5.197597865371969810e-04
1.311444222512258193e+02 3.249592805412559642e+02 1.632896635080872060e-04 -3.410345741764950200e-03
8.997612528279717026e+02 1.102114776887245398e+03 1.209149218174397785e-04 3.241045224868765984e-05
3.905484623783427764e+02 1.090383479770834811e+03 1.435218051457499814e-04 -1.408861841287710037e-03
5.635144818215520672e+02 4.578790557108723078e+02 5.794831671486877674e-03 -1.275145447401610475e-02
2.619315993593261283e+02 7.414194799876501065e+02 -6.242983648775460997e-03 -6.924082138154274285e-03
4.113050454496877819e+02 1.063224550497558766e+03 -1.498381104828816826e-02 4.652407779970120505e-03
1.009440608941948312e+03 8.171617272447979303e+02 -7.144490410105885914e-05 -1.064703009890286250e-03
4.868862061133594921e+02 4.487822979816136240e+02 7.152166233025820377e-04 2.136907582092873858e-03
2.234042307646870711e+02 7.550012880959167205e+02 3.685832753624051616e-03 4.065240948240880477e-04
5.982787303013018345e+02 4.385917830416501033e+02 6.279662563411145520e-04 2.368383582900195940e-03
8.287717072897956996e+02 3.205679745854054090e+02 8.074139651274764296e-03 -1.631688737943488843e-02
4.653127049714782402e+02 4.563307735146322557e+02 3.223839404588015913e-03 8.190314418953058631e-03
2.488595866603662046e+02 7.201532879411880685e+02 4.698085811253236745e-03 -7.332856516802284137e-04
4.933406519881984309e+02 4.302473655615985422e+02 3.700201687593670553e-03 4.608246406335881479e-03
9.702494799241721921e+02 8.448420508891217651e+02 -2.283820503954743974e-04 1.711350079928463525e-03
1.020900257455924589e+03 8.153044879152681688e+02 5.364797150411621668e-03 -4.020626367316191044e-04
2.019552461326616424e+02 5.100275816101978421e+02 -2.407453066412850416e-03 -1.272443067157180046e-03
9.586933900149788315e+02 8.503232738460798146e+02 1.659864491956557220e-02 -3.529135515358269165e-03
8.273245423317811174e+02 3.446279721157341669e+02 -7.117232446944399271e-03 -9.947006120410039134e-03
5.035832636049931352e+02 4.427981382311215270e+02 -1.736996072370650254e-04 2.193035290707093243e-03
1.004910464025814235e+03 8.318719938037321526e+02 4.581241599055937454e-03 8.442926264167162007e-03
4.941280823238407152e+02 4.403202168355601884e+02 6.402141232696171224e-04 1.276383258402352108e-03
2.564669445093032323e+02 7.443171344218028480e+02 -1.598278615988825120e-03 -2.765825653595769054e-03
1.928117104715593939e+02 5.781364502042197273e+02 5.283325016997009443e-04 -9.310833232994260517e-04
9.886853358678977202e+02 8.205326881820806193e+02 1.381146713672726364e-03 3.151813733193373906e-03
1.016813068868015762e+03 8.099009956456994814e+02 -3.358966976651176232e-05 3.482539251791368345e-03
9.834686022427083572e+02 8.165003913159218882e+02 -2.359099463692270610e-02 1.383052867801874523e-02
5.837369436527280868e+02 4.504274529965559282e+02 -1.756471604580207846e-02 6.676700757310864709e-02
1.245598698136253915e+03 3.970411896581218798e+02 3.150054306775694046e-03 -9.247483846338852651e-04
1.184483302500941591e+03 2.484541319988734074e+02 -7.056283690583921644e-04 -1.723323931300550435e-02
2.445085224854567230e+02 3.635086803314985104e+02 -6.761825376625045514e-02 -2.640016560687714064e-01
2.611272737089636848e+02 6.129658220864112081e+02 1.034079250619263221e-03 -5.238912946970456126e-03
9.510134593564712304e+02 8.369597154954356029e+02 -1.198691406315366111e-03 2.555672975701539030e-04
8.078236203215037676e+02 8.808823879606545688e+02 -2.351101055395621222e-03 -3.987373333151625538e-04
9.225136161774821630e+02 8.288096834506307005e+02 4.978561553478825542e-03 -8.857278086328607136e-03
2.604134210126498488e+02 5.835464627861185818e+02 -7.266494197504489404e-03 -3.043399273264802210e-02
7.964708537259143668e+02 3.622200126677452090e+02 -1.458507817779034323e-03 1.466886567857948308e-03
9.507668249727485090e+02 8.433176061661300764e+02 4.595483904248758369e-03 -1.107236346120379737e-02
1.033933209123794541e+03 8.313745918581028036e+02 2.410156223454398144e-02 4.707375065858385339e-03
9.144201440622092605e+02 8.281250210875352877e+02 -9.629325282632932026e-03 -4.443216803718602788e-03
9.832585174235236991e+02 8.689691655067122156e+02 1.740018547721855794e-03 1.575295632625228022e-03
2.751162440874496156e+02 4.466635623887896145e+02 1.855024808819136228e-02 1.317708634425448500e-01
9.771758740788003479e+02 8.654930208199050412e+02 1.403748550980915425e-03 6.986100383465502703e-03
3.288800868375113851e+02 5.659143994111494749e+02 1.969156199103202359e-03 -8.875579347664995511e-03
9.901434456435616767e+02 8.506833867425152675e+02 -2.247805567071961726e-03 -1.147593025733624353e-03
9.672425499511820135e+02 8.733370385030665375e+02 3.207946962057162382e-03 2.899860613515647026e-05
9.575055202347115255e+02 8.608229984483240287e+02 2.065059433231125239e-04 -4.784385527448711817e-03
1.967935458085391645e+02 5.725893926354752921e+02 -1.395607374373110735e-03 -1.208819427962666906e-02
2.657798629763961458e+02 5.624638203723816332e+02 9.838255579198982356e-04 2.209895980469645527e-01
5.104835321306240417e+02 4.227709159099806584e+02 -6.142363729868341189e-04 2.565179735132789175e-03
8.022419036916581945e+02 3.565382673044018702e+02 -1.724601968576415338e-03 1.143267902449114116e-02
8.020362054853791278e+02 3.468267220951244099e+02 1.642414243254207385e-03 2.751151190342499431e-03
9.436684937223601537e+02 8.743441396108436265e+02 -2.450143063315814076e-03 -1.596187638105364768e-03
1.144988294345041822e+03 2.283058532868522548e+02 8.062945852471595232e-03 -2.985954691493221923e-03
2.710217754002659376e+02 5.286995456801718092e+02 -1.533581153552064369e-01 1.752502401465929616e-01
5.656548245216356463e+02 4.652588178446673624e+02 2.200236992802508552e-03 9.485609547429550356e-04
1.026467845743759881e+03 8.257028900678350283e+02 -9.531647858239011839e-03 -3.001702683180534036e-03
4.935238127452986987e+02 5.218511702058362971e+02 -2.007124341937914225e-01 1.562406768939941792e-01
7.380218056494144321e+02 9.649451949948320362e+02 -6.023319587554153837e-03 -6.418094633320356283e-03
9.958933192667526555e+02 8.788086115494561454e+02 -2.675455091327808791e-03 1.940332089629514005e-03
4.706128783618374882e+02 4.360617646363162407e+02 2.662235028028004822e-04 -2.736460950208455343e-03
7.888158426003595878e+02 3.390736555353455515e+02 1.890845585387411487e-02 -1.111860239761442576e-02
9.717859860005288510e+02 8.933229984147741334e+02 5.760809540422790267e-03 8.355673933409087095e-03
5.701396742998132368e+02 4.310231184589062536e+02 -7.294008951399375343e-03 -3.926173833473746758e-04
2.103807127175363689e+02 7.187614596384653396e+02 7.933333128687705335e-03 1.819060096914600425e-02
9.299428967838327935e+02 8.383627164277440897e+02 1.479689222497825680e-03 -4.370203496669451682e-03
9.713145582559540117e+02 8.228527500481055768e+02 7.482255583731290023e-03 -5.457971629498793850e-04
1.010755393198064098e+03 8.730077884283122103e+02 -4.655478047093221036e-03 1.310413670570470751e-03
4.754452648189311503e+02 4.461051153273738237e+02 -7.675405876722320988e-04 1.525101880025602581e-04
2.946921972117834230e+02 6.579195438194750523e+02 -3.248787688018844747e-04 5.742657047827235198e-04
9.025249321964442970e+02 8.621292564775363871e+02 7.459897269937430971e-03 4.934386676817630827e-05
3.043421069220931940e+02 6.413835272382254971e+02 -3.836215123360174097e-03 1.312093765978481722e-04
1.267037778642437388e+03 2.956388438522447473e+02 -1.150960709862986972e-02 1.315573111835284699e-02
1.032984694661656476e+03 8.716388266549001855e+02 5.384073146660289452e-03 1.425193408736972686e-02
1.002178045943064603e+03 8.156733250127939527e+02 -3.417024784377447060e-04 -2.300128584137031630e-04
1.172408856660580796e+03 1.427858459124399531e+02 -1.082083293313234641e-02 -2.368586982433075472e-02
6.240799746861400763e+02 3.865574940990337609e+02 4.078584536619198758e-02 -4.058505683440554596e-02
9.489758118318468405e+02 8.239529349484771501e+02 1.916578288314262383e-03 2.902151270009739343e-03
2.464913798225148298e+02 4.916384244416525462e+02 1.810456304223557328e-02 -5.464699339759338664e-02
7.144445343007479323e+02 9.554396641220801030e+02 1.105948667158922032e-02 8.630330287283724880e-03
6.526267095112085599e+02 4.758828146482125021e+02 5.622038752127005851e-02 3.224496807740143828e-02
4.883308972891949225e+02 4.586984789426061297e+02 1.056024231328398953e-03 -3.133268299364155244e-03
4.277766488205124915e+02 1.068318615854251448e+03 1.889318753323678685e-02 -7.942548562949573038e-03
4.942665986034423327e+02 4.715104173838592487e+02 -4.143773255103353273e-03 1.201370042839460146e-02
2.373437786233739075e+02 7.158083043327194446e+02 2.110586591987502220e-03 2.826232131589208850e-03
8.248076242964768880e+02 1.102218504626456479e+03 7.722819142924377536e-04 8.402170301496430453e-05
3.209887540027015120e+02 6.075409090463117536e+02 2.854913642248011439e-03 -4.886150827428987001e-03
3.440819665057599082e+02 5.609560066126823585e+02 9.332012567916976586e-02 -2.495017655100789655e-02
7.634638850378159987e+02 3.862522926876770271e+02 1.154768033520645228e-02 -2.010954956079675712e-02
7.188368797448633813e+02 9.139630011519003574e+02 -8.718368432399452826e-04 -3.016882588558428800e-03
2.515425578226181642e+02 6.597072525536260628e+02 1.631711143040144552e-04 -6.712171676124150874e-03
2.676457615459926274e+02 3.016633646496327970e+02 -4.687217984022900089e-03 1.399446114196687720e-02
1.168910496649964898e+03 2.129556121858979338e+02 9.945439013482328464e-03 -3.005622296699199825e-03
2.651033532528109049e+02 6.313697049891009101e+02 -5.342043825867176608e-04 -2.410762759167131390e-03
8.508086226664458991e+02 9.315270002651964205e+02 -4.362738133124258589e-04 1.185193882973874105e-03
3.193176429449600278e+02 5.410892181552098918e+02 -1.211972640320954989e-02 -2.475043855526726840e-03
1.688038735074256351e+02 4.952922544994219720e+02 -2.300733778586670220e-01 -4.092576747213321764e-01
2.202714660687459229e+02 2.928606934163435653e+02 -8.679072267461794554e-02 -2.406843567494699465e-01
2.510399034289634415e+02 7.270967284035441480e+02 1.394152222010830791e-02 -5.116148958078687616e-03
4.533635632799853852e+02 1.088797605621459297e+03 6.084838664165513611e-02 -4.776468633028371075e-02
2.068340241934387791e+02 6.818976127069093991e+02 4.680520539722010653e-03 5.742872105143436269e-04
2.374401555092221656e+02 6.706882950459515769e+02 -1.108906944227839447e-02 -8.643698169594650612e-04
7.747167577563035366e+02 4.927618366148381028e+02 3.101267308879936818e-02 -9.641489596393142819e-03
2.796692878612065556e+02 5.319143565105190419e+02 -4.420507963489777280e-03 8.046356496568406354e-05
1.260339780046820124e+03 1.956852631646871146e+02 9.553683943126413001e-04 -3.948064759847151606e-03
4.562159057973462950e+02 1.095550006811461117e+03 6.466625471823207738e-02 -1.639693138205381567e-02
2.411930782626206167e+02 5.021479702715148505e+02 6.139839930091791145e-03 -4.692071426309595179e-03
2.502486819291994493e+02 7.093764120095122507e+02 -4.226133870048724012e-03 -4.331781348251878577e-05
1.252185356973906437e+03 3.749489848994521708e+02 3.062318834975143178e-02 -3.828184886795650554e-02
7.194565032481551725e+02 9.609029074226781404e+02 -2.677320410706634461e-03 1.925581303655712548e-02
3.007773970200514100e+02 6.473083227368492771e+02 8.263507098148476990e-03 -2.657444814878932252e-03
4.268639610943810681e+02 1.079984300134442492e+03 4.752988205885429022e-03 -4.039986191018404837e-03
1.002975066838207226e+03 1.814653707928883080e+02 -2.953184600998007975e-02 -1.212577450414387137e-01
2.189197973195816473e+02 2.998439455750425395e+02 -4.279207607224169707e-02 -2.010261058639936094e-01
2.173720095338812541e+02 6.416893668983645966e+02 4.213891177785723634e-03 -3.358348800356389385e-02
2.569876418436423364e+02 7.178740975027195645e+02 -3.335691281922483517e-04 1.059579169322259502e-03
2.548052610167659680e+02 7.222629502821380356e+02 6.285083976703477980e-03 5.054531058528419218e-03
1.176837267643158839e+03 1.960400980181462671e+02 1.837019272053148217e-02 1.577616735025682074e-02
2.567605224851303092e+02 7.358797639570578895e+02 7.903566432763355423e-03 -4.180505216821768164e-03
2.524490855187879390e+02 4.909392684187883447e+02 4.352614189995750345e-03 8.398222279670717466e-03
2.709018820464059445e+02 5.178182374481029910e+02 -4.754371154159019869e-02 1.488768018931112547e-01
2.186759180834114886e+02 6.633559775092271593e+02 -3.486790684836433250e-03 1.509154856262734943e-03
2.179723542486109409e+02 6.514660533340679649e+02 4.281461348487556814e-03 -1.220338856478294900e-04
1.001198872092012266e+03 8.554865638563148877e+02 -3.377933145486059353e-04 -2.646456676709949517e-03
1.222646652691350710e+03 3.979930400657848395e+02 -1.552567500382990955e-02 7.628981356698196110e-03
1.211755535196806704e+03 2.203219236740016811e+02 3.356013373940015376e-03 -4.584899592014615201e-03
2.310506507718026512e+02 6.626391725692657246e+02 -1.747841275369433831e-02 -7.259255703532667935e-03
4.154517116873439022e+02 1.067555688072259727e+03 -2.199831084051919253e-04 1.151355771111916030e-03
5.473187593614102298e+02 5.171206987938886641e+02 -8.695823622983340573e-04 -1.756137653876409244e-02
8.222939246976770846e+02 3.389531981489914756e+02 5.971416930768298596e-03 1.696700514287385886e-03
1.210924814186455251e+03 2.432165164387398875e+02 -2.026636879087740056e-04 -5.196046806414394634e-03
2.471315390908939946e+02 7.348371103784537581e+02 6.001054848101406835e-04 2.506531731110089346e-03
1.152205050592236830e+03 1.476224513723576308e+02 4.784940627585024427e-03 -2.953102001154971068e-03
2.760433566294870502e+02 7.008684667433834647e+02 -1.435736895817257353e-03 -1.896348537084437862e-03
1.226654600242732386e+03 2.501288935219175187e+02 -1.004974843496738443e-03 -8.810689172850456191e-03
3.082158621596713033e+02 5.468788134585564649e+02 8.022623857649962761e-03 1.867702412511276430e-02
1.200641870775116331e+03 2.280505445049254831e+02 -1.263685517465272003e-02 4.027850890980857156e-03
1.265869539850478304e+03 2.038207525120251944e+02 -2.077034566971831635e-03 3.081669644790517842e-03
2.539062548044630034e+02 4.791005349939582629e+02 -2.031824121367701089e-02 1.346848796284274077e-02
4.411262351883206065e+02 1.087819780467871624e+03 4.198564367989700286e-02 -4.545039158292728601e-03
2.303846056006417768e+02 3.131697318821204590e+02 -5.259555130739059642e-02 -2.347597684663778883e-01
3.123428217029060647e+02 5.547328021856915257e+02 3.519444122306964601e-02 9.666233300809736265e-03
1.105902876502005256e+03 1.757469452189724564e+02 6.024393446706640537e-02 1.799416541774549044e-02
2.719956663248149198e+02 6.716515747116408193e+02 1.510896163685881326e-03 1.327786093980594644e-03
2.695903051189020516e+02 6.958937685427009683e+02 -7.677454019653176011e-04 3.216113394550534649e-03
9.178787627743255371e+02 1.102674611237785939e+03 -8.400181867815749003e-04 -2.921228067970161506e-04
2.611194525115826082e+02 6.596468097807667164e+02 2.818612674385047659e-03 4.493163665771216474e-03
8.223950262742648647e+02 3.835550918694713118e+02 1.545767770631746325e-03 -2.675741619077260953e-03
2.668041475963950688e+02 6.618788166858906834e+02 8.256409423146992416e-03 1.333380321634559593e-03
1.123967611351879441e+03 2.499509125545783377e+02 -2.644746970296263378e-01 -5.556990251877164805e-02
7.129346961082879943e+02 4.125360065186773681e+02 1.563017867066142930e-01 1.653309010903859511e-01
2.828791070672691603e+02 6.865723455101968966e+02 6.302860923084955668e-04 1.967566412059964728e-03
2.766957320167867920e+02 5.276697106169259541e+02 4.732353616149528874e-03 -4.765792566522937534e-03
2.436520939198368580e+02 6.351013330268503978e+02 -2.576030489949077823e-03 -6.284466394019167824e-04
2.622639364907316804e+02 7.095371895396176569e+02 -1.463330143843733682e-03 -6.228497350600200938e-04
2.309528291153350494e+02 7.397666546505896576e+02 5.321585833133996024e-03 -2.121911180409207735e-03
2.506065642895693486e+02 6.271680246273972443e+02 2.076744789239358749e-02 -1.996165215504815821e-02
2.134002810360345279e+02 6.692020975064270942e+02 -1.378099078572385221e-02 2.973911367657122024e-02
7.158117781283976910e+02 8.775751753814181484e+02 -3.271109524108748064e-03 3.374642171541444857e-03
2.490256661829531595e+02 6.181909424431753450e+02 -1.077811701023701114e-02 1.623199949424608546e-02
2.356972384966199172e+02 6.295590338180519439e+02 -4.268023638132382135e-03 4.761892103762857022e-03
2.581814276442796086e+02 6.425417113600701668e+02 1.699647140462234819e-03 3.253595316249346253e-02
2.238026927254466045e+02 3.133191547406771633e+02 -4.044456604003192346e-02 -2.122717343794155720e-01
1.176808328246698238e+03 2.283642741036506720e+02 -9.871099514552862664e-02 -3.420719216891814074e-02
1.085171773422663136e+03 2.165730006520922757e+02 4.586116827180835437e-02 9.223771498501058541e-02
2.830596982726033275e+02 6.792106139706694421e+02 -2.181658106754675360e-03 -6.663859217649876316e-05
9.206077222047975965e+02 8.392605844318742356e+02 -2.423934716996134844e-02 -2.566806615188604954e-03
1.226489412108556508e+03 3.129637214408110708e+02 2.198091668862328374e-01 -1.212990510876381552e-02
2.614885517550364966e+02 6.973480367211041084e+02 -3.338837286291058450e-03 1.870324796199032626e-04
4.070200157776114338e+02 1.078398788362512278e+03 8.545709329069669374e-03 1.682953458105720728e-03
1.079653757116652287e+03 2.985249675826236171e+02 4.124486793294762643e-02 -1.290594421063213093e-01
1.883666841583086295e+02 5.760364111210526517e+02 9.246877587112621024e-04 -7.365595090278691595e-03
1.196075939518974792e+03 2.300010825196749806e+02 -2.256816408907079668e-03 -3.238417490960350011e-03
2.321968376304825767e+02 6.286535088568824676e+02 1.503174346503733869e-02 8.015713804687235947e-03
1.213381583148338223e+03 2.251323381621213002e+02 -2.049481264439821995e-02 -4.151040674306563649e-02
2.457576958254704778e+02 6.936902412292640747e+02 -1.535639502376983214e-04 4.642666888886683163e-03
2.910396197628199388e+02 6.490225017501057891e+02 5.890725953812455534e-04 2.430860768711655059e-03
5.256504625232087164e+02 4.795355568350465205e+02 -3.887431478826536366e-03 3.575228955371371337e-02
4.401145989395981815e+02 1.083600822470627918e+03 2.219300762810588398e-02 -1.358962148310863607e-02
1.157057817315742795e+03 3.696789565686869992e+02 5.171034491591980364e-03 4.073352944536252625e-04
2.702019003780538355e+02 6.365721579831879353e+02 4.765594723926594618e-03 -2.117435597831377695e-03
1.188712210676064160e+03 3.353805204818102652e+02 8.464469784496374619e-03 -2.289015244527247556e-03
8.235408753463811991e+02 3.784838093917344963e+02 2.364540100815571647e-03 -1.205238927643069100e-03
1.001791370226292884e+03 8.659602981032907110e+02 2.078443048465415839e-03 1.913131794475531793e-03
2.282718472877874945e+02 6.922519312427623390e+02 -4.594671612281471876e-03 2.362710762711816084e-02
9.284140188920874834e+02 8.661307899239950530e+02 -1.471873176092343589e-02 4.369264433902197986e-02
3.037578314209253563e+02 5.354851864663572769e+02 -4.167069433098578510e-03 -2.059584052669450986e-03
2.029391582614571519e+02 7.025082328711520177e+02 8.648748139397312643e-03 -5.577261091995035919e-02
3.071149697909024781e+02 6.282144239512565491e+02 2.706653055168875381e-03 -1.304113581677641617e-02
2.243855378167862114e+02 3.245300932133960714e+02 -7.204611920705943084e-02 -2.215354420614117359e-01
2.450804686676409290e+02 6.144566582575200755e+02 -2.548448525049993099e-03 5.904958634530858494e-03
3.143782630843007269e+02 5.047281052039852511e+02 4.876325352147950487e-03 2.662019889785910160e-03
6.005080253460873791e+02 4.406933143495021454e+02 -5.971939539411251670e-03 -1.611111781200953892e-03
4.629855039045351077e+02 4.524619753641191551e+02 -1.961022097038769038e-04 1.175412399018992138e-03
2.944611798789185855e+02 6.058997753460890863e+02 5.805937276702502437e-04 -7.255807641360373199e-03
2.274143484302401816e+02 6.388764029263379598e+02 -3.009919126421857841e-02 -9.413635885613245990e-03
2.680460749389633861e+02 6.093407180823057843e+02 -1.969917593293987572e-03 7.218702806291262507e-03
9.418664885005159704e+02 8.515906093191787249e+02 -8.307679008760597821e-04 3.158099830330900106e-03
2.290186547621361797e+02 7.150660871122069011e+02 -1.603551045254598181e-03 -1.872195467788713256e-03
2.922944289925629846e+02 6.605486992123938990e+02 5.615394463284877237e-05 -2.224728414060760107e-03
2.399836675919289917e+02 6.475111909329328910e+02 -9.397977680770631340e-04 1.066768916858915018e-03
1.062316187594185067e+03 2.557975880293127489e+02 1.209813175507028216e-01 3.275990587023313028e-01
1.152789339526036201e+03 1.598517873728671645e+02 -1.715567174215036628e-01 -1.515016534436915419e-01
2.514570427609351668e+02 6.522453761943243080e+02 -1.183769844347787314e-02 -3.287598256755393938e-03
1.010195299843104067e+03 8.378150513788801845e+02 4.644075999742721555e-04 2.356502645130099851e-03
3.241848699454152438e+02 4.815028088844352965e+02 1.569968225018472750e-03 -1.001548302613150792e-03
1.083530306658766222e+03 2.078662730642884071e+02 9.755222846974948014e-02 1.254443975701807941e-02
2.305416467870653889e+02 3.473079160207948348e+02 -6.024035245403801253e-02 -2.251982988921049089e-01
2.874845539213376924e+02 6.643033967116454050e+02 2.378873405768111918e-03 8.973032246718269656e-03
7.620277458244745503e+02 3.949129022564698630e+02 4.669802303601725164e-03 -4.930745115389342879e-04
3.091476511442661490e+02 4.878633657073313543e+02 2.983657777104051917e-03 2.929108730154889820e-03
2.466509331125649283e+02 6.653965670174170555e+02 5.546098411367147984e-03 1.221876466488673423e-03
5.026367832871665087e+02 4.806547771323789107e+02 -7.723530799496799645e-03 1.131729953136631495e-02
4.211997186817782790e+02 1.096032212702906918e+03 -1.815914802946708975e-03 1.397468487667619412e-03
2.659450023389512694e+02 4.663713705746872620e+02 -4.166157971208504784e-02 -1.735225008706798022e-01
2.697727859288283412e+02 6.559075668856153243e+02 5.742581810249482627e-05 -6.416984400036901751e-03
2.111105280943482967e+02 7.351051383094186349e+02 -8.236870610765341600e-04 8.270302423044436496e-03
1.154799358791608029e+03 2.081787257787475482e+02 6.326643525038448679e-02 2.650124056493655816e-02
2.893801760465302095e+02 5.982098284007153097e+02 6.939971438691602650e-03 -5.184668642263348323e-03
1.023919941698910748e+03 1.688288237969796910e+02 -3.099980143588254577e-04 -8.203952854154351881e-03
1.236424151809437035e+03 2.782258922802572556e+02 -3.210694282697344054e-02 3.519568197336551442e-03
1.256238071138445775e+03 3.205335940695295562e+02 3.041882162702578274e-01 -2.240626098387110687e-02
4.768531473843076469e+02 4.854825713601387633e+02 3.618353722396869579e-04 -3.833712838282997241e-03
2.917268666138721187e+02 5.782592657706701402e+02 7.547252155457652781e-03 -5.808829779648521686e-03
1.170388103151426321e+03 2.501219688267845811e+02 8.632827970098215769e-04 2.072699360050112450e-03
1.079503822323444410e+03 2.432768011954490817e+02 -2.202529043413348209e-01 7.278491772894786493e-02
2.223973021962212897e+02 6.808095197891567523e+02 -9.028956698692032490e-03 -2.878371317368950272e-02
2.892323946330270701e+02 5.881721446809567624e+02 -3.269125121521325884e-03 8.401833396406026321e-04
2.330211580372302080e+02 7.227359880488713770e+02 -8.913469420943471305e-03 -2.437359730047229320e-03
1.235738296336507346e+03 1.329550156757147477e+02 1.092481101439639855e-04 1.695589702224802495e-05
2.675197064495122277e+02 5.784501153557406496e+02 1.236768027743129043e-02 -5.441601423538909577e-03
2.115051873172793364e+02 6.836684764433521195e+02 8.831406836214280090e-03 2.170510885287395622e-02
4.173801641005538841e+02 1.094308690295890074e+03 4.950129526109056655e-03 1.424490513862578835e-03
2.367911578210060100e+02 3.590864641422602404e+02 -4.195171736419092690e-02 -2.329189329575169221e-01
7.203445745186331806e+02 9.174650584911915985e+02 1.126482319064660634e-02 -3.844258079578315168e-02
2.287226424198546226e+02 3.189562131359834893e+02 -5.659708772390525944e-02 -2.311721740026222160e-01
3.074208261744573178e+02 4.912274585415337924e+02 5.850835712263093317e-04 -4.936560544570844575e-03
1.026476854845418075e+03 3.005964914241494057e+02 -1.317387002486476895e-02 -1.118599168599625042e-02
2.595407360498492721e+02 4.591094478544172262e+02 -3.197751173158083771e-02 -9.585199396195663579e-02
2.980296687298528013e+02 5.637779895896940161e+02 -3.810273507126296991e-03 2.140565221103622046e-03
2.853691129860204114e+02 6.278621602762416387e+02 -4.397462617363305537e-04 -3.943996692395792571e-03
2.521329377622815855e+02 5.143424837781689121e+02 4.292150361555659155e-02 -1.653629697679092625e-01
2.763067550295211845e+02 4.612185581603800415e+02 6.274329971855571730e-02 1.898755659493442383e-01
1.008460637960382883e+03 2.543898612395526868e+02 5.817236522926974226e-03 -9.821892016159134830e-04
2.451688118331992428e+02 3.751427025761990990e+02 -4.401538359606332884e-02 -2.389220256775090034e-01
2.384919809331159399e+02 3.510819209643632348e+02 -7.209226415314655412e-02 -2.469519504181328096e-01
2.876806461091998699e+02 6.502053590440821154e+02 -2.418981838772116168e-03 -7.146720626584319655e-03
2.595728829803221629e+02 7.043989480656474598e+02 -8.603184678488312240e-03 7.710604685619070441e-03
3.223869829052526939e+02 5.500824560375805277e+02 -5.883981123640796319e-03 -1.827771704209244256e-03
2.189967287094394237e+02 7.046448806828155966e+02 3.057150285870155037e-03 7.057600505211864559e-05
1.482718407851137101e+02 5.239029558221133129e+02 -8.788017248572586523e-03 -2.075581560835317810e-03
1.012140091416225800e+03 2.050504222269965169e+02 -1.898851127556090354e-02 -5.198136123477515441e-04
2.408669896104250938e+02 3.815024525547415237e+02 -7.151799836353094075e-02 -2.454314071733650349e-01
1.236960135814116938e+03 3.984072132824420009e+02 4.692634582638539843e-04 -7.330161047789125923e-03
2.678340353574915298e+02 4.885708214177780633e+02 4.999870364599082184e-02 -1.881089080042569195e-01
2.035640199529779011e+02 6.907268437543748405e+02 1.351601605075405943e-02 1.922608766910280376e-02
1.124583203488972686e+03 2.360756876289272554e+02 -2.279622571835050043e-03 -1.032196208329720991e-02
1.046637345084267736e+03 2.650063263442194739e+02 7.456103000124292453e-03 6.316109138629594222e-02
2.907333677552906579e+02 5.635508496274902654e+02 -4.092913325381583763e-03 -2.138706238553714743e-03
2.519735065237348692e+02 4.980893370882388353e+02 4.608346496045800239e-02 -1.240440550854025464e-01
1.121170693409600972e+03 1.618666184564566777e+02 2.878892834922964616e-03 -3.035579005609854650e-02
1.248058713266545055e+03 2.841284597722824401e+02 2.622287213292264288e-02 -7.663818005082669027e-02
7.064479545920564760e+02 5.828562180634579590e+02 5.426789286529768206e-05 6.764796850976011666e-04
2.293672711276985581e+02 3.371953324785462200e+02 -7.885112528821827671e-02 -2.014471319185220932e-01
8.304562831975212021e+02 3.937495070352901507e+02 1.325237898050198732e-02 2.090479557667641874e-02
2.649316620720189235e+02 4.271944660324631968e+02 4.785618784001650916e-02 2.663780688908333194e-01
2.454634984941128835e+02 6.816505107030715180e+02 -1.966501697157494767e-03 7.127058286378447566e-04
2.733883850343173094e+02 4.351762574232584484e+02 6.287697135944102234e-02 2.405322446387498925e-01
1.149877571818009301e+03 2.456318286458213720e+02 2.249509951532150612e-03 -2.365105195506788435e-03
5.534291283014085820e+02 5.233878649343555480e+02 1.686288985313532870e-02 -1.269788254113237737e-02
1.032931949779183469e+03 2.251543530212068731e+02 2.302951734843938433e-02 -6.118669183669848965e-02
2.404329339080027523e+02 6.801293642084380053e+02 -3.663318845372426184e-03 -7.424923168315163829e-03
2.633101624071056222e+02 5.176037196184765889e+02 9.544157547668052910e-02 -1.700673002609301987e-01
2.786227504983083350e+02 5.554592345224316432e+02 1.336127802453586193e-02 5.222146082613531026e-03
2.703516121169337794e+02 4.239436368621390443e+02 4.712689513581948264e-02 2.639749513492874455e-01
2.539578885771337582e+02 5.085941512836907918e+02 7.812110272282361823e-02 -1.568170357066333565e-01
1.135308784307168708e+03 2.296720824609826934e+02 5.622639475454393760e-04 -1.052133888473176168e-02
2.669096663208847531e+02 4.915070373856551669e+02 9.454149280976187342e-02 -1.782899492844093048e-01
1.112123765761279856e+03 3.592966381557693580e+02 2.131368689846891654e-03 -2.104598984281343121e-03
9.702855827349532092e+02 8.838609178011794256e+02 9.900758228048622475e-03 -1.715971742793170668e-03
2.722641998438764404e+02 6.532459413129590757e+02 3.235169488435319513e-03 1.838446740712603106e-03
3.255539348847860879e+02 1.052911399654947445e+03 -7.675946048881415740e-03 3.811773593994336601e-02
2.431377523642808569e+02 7.223157476086240649e+02 -2.418577153679392442e-03 -3.217704737027257851e-03
5.696652148561897775e+02 4.751738545858059979e+02 -3.841942931349912743e-02 -1.718030512549234209e-02
2.815318526292666093e+02 6.116554257371241192e+02 3.737046895869781948e-02 2.378452094673678963e-01
4.921100983882901687e+02 4.621766087375206666e+02 1.006450214520111623e-02 -3.787722808998197303e-03
8.027222411296065729e+02 8.776234992752700919e+02 -5.434928622061405970e-04 -8.288346506181296786e-03
2.368647053753119565e+02 6.194857971058959265e+02 4.460006829958448188e-03 -3.628114670174801409e-02
8.327516986016565852e+02 3.166023060025159452e+02 -4.450778323008073266e-03 -9.456866954574724357e-03
2.679002717842997185e+02 4.331706201344342730e+02 5.763835695667845344e-02 2.367780380401720008e-01
3.192302338306055276e+02 1.059396035845114284e+03 1.065482882992937162e-02 -3.498995781867483834e-02
1.180625976705958465e+03 2.429714660107060524e+02 9.469874548324579838e-03 -2.579573162019398874e-02
1.058181413168533254e+03 2.917127205497591831e+02 -4.254717426307468367e-03 1.580590578117216372e-02
2.786399171895083668e+02 4.260807673861114040e+02 4.586910964336831514e-02 2.514769710741210362e-01
7.746180929409280225e+01 3.167452516667563032e+02 1.779155897473642424e-03 -1.411866680208707057e-02
2.397654336255979217e+02 7.034956376154747204e+02 -3.079925940400838648e-03 -7.589226495251930743e-03
9.639412741345728364e+02 8.673729612450224522e+02 3.385585793776359730e-03 3.374324175340033885e-03
9.949746256276914664e+02 2.077481513666127739e+02 -4.790642469748662181e-03 3.564703408598445672e-03
1.083203339836658870e+03 1.807717027145227746e+02 2.679236897635593403e-02 2.294979049298886617e-02
2.627725487428004953e+02 4.121247097904443422e+02 5.454399166438861357e-02 2.399888981554504919e-01
2.527263197271532817e+02 7.020166332546831427e+02 -1.362765158185793267e-02 2.611871350309949869e-03
9.726440099886357302e+02 8.296180427983751997e+02 3.956152773291773603e-03 4.385627504882787936e-03
1.048149970915521635e+03 2.153470556266595963e+02 -1.021733486672163436e-03 5.976962100875383987e-02
1.624935429995904030e+02 4.980735812214938392e+02 -2.173315478533664746e-01 -3.755390505139070134e-01
1.159282059180846773e+03 2.464481378818578321e+02 2.543648853388461376e-03 -1.198681216458856533e-03
3.136722085543631238e+02 4.704920215974096322e+02 -1.908781809269236495e-03 1.793980287502135737e-03
1.113777545573262159e+03 1.765943196668732753e+02 8.804046711521991420e-02 7.698260960520518503e-02
1.108737720242277646e+03 2.180527387761938201e+02 -1.400523279507618962e-03 -4.130549467100256764e-03
2.381675498890964775e+02 6.619631258511932401e+02 2.076897133264591928e-03 4.646252159669655882e-04
3.690736422034958650e+02 1.046864865877893408e+03 -2.484069824256696524e-03 6.788039302449814377e-03
2.504115205997854900e+02 6.984528540157123189e+02 1.691665927336204103e-03 3.479617646383636781e-04
1.178856445637211664e+03 2.215435333165824261e+02 3.537314448401344957e-02 -1.184444196186835441e-01
2.652949956788802979e+02 6.768432803742701935e+02 -6.060546750448581738e-03 -3.264082963075434253e-03
1.174655182650855750e+03 1.872482418195726837e+02 2.090239098717602134e-02 1.656494907800715871e-02
1.060533334953365966e+03 2.370650535780866335e+02 3.574667170110248059e-03 7.725976072663709449e-02
1.586638745927682805e+02 5.004915556492778137e+02 -2.148375690664783844e-01 -3.914033352963163237e-01
2.714878109765773502e+02 4.098003495840266623e+02 4.417202587193073265e-02 2.241644749686214355e-01
1.221651994944580792e+03 3.505009652192193244e+02 9.749890175597930933e-03 8.258069590314366659e-03
2.798250719268728517e+02 5.731903640193842193e+02 1.275408165188377241e-01 1.486562582843796720e-01
3.102361190204441073e+02 6.012317816503516497e+02 -1.035521508735727557e-03 3.443390945511118351e-03
2.542861858720984571e+02 5.345695477028205005e+02 3.531742009967683144e-02 -1.321174859748937003e-01
2.772384484520870842e+02 4.842178314569489999e+02 4.341186259092907895e-02 1.823565053760911880e-01
1.556261246763272652e+02 5.057214378887379667e+02 -1.785261624030957950e-01 -3.974900044093037654e-01
2.787197880673069221e+02 4.026520003298398933e+02 7.153828845898625721e-02 2.605342342955291324e-01
2.736080302695388013e+02 5.613362728717398795e+02 -9.749412112697508279e-03 6.339945204506938770e-03
2.101411553937119265e+02 7.131008870967767734e+02 -3.356420482343494549e-02 -3.842929398860907980e-03
1.103729401384767698e+03 1.854960901630594492e+02 9.287850129608654637e-02 9.957447703113070717e-03
5.208130335890048173e+02 5.328387815402904835e+02 -2.126628767030632784e-03 -4.133908145946623217e-03
1.097648802700945225e+03 1.652549223924041257e+02 4.136056617971466814e-02 6.816555691725281751e-02
1.201855806365625767e+03 3.007786446231544346e+02 2.123284242567825553e-01 -1.929303046522712686e-02
2.364623649922087623e+02 6.389763702706695767e+02 -7.364394779140657175e-03 4.200560361082937956e-04
3.056237942198536643e+02 4.589096522184177047e+02 1.913476923806850354e-03 -5.836990675868829453e-04
2.749290891308367577e+02 3.942454752688565804e+02 9.019977533294384897e-02 2.210307424971814372e-01
2.726597337835609665e+02 6.790154050153737444e+02 5.222919390806703317e-03 4.087822864241640562e-03
1.121113580501219076e+03 3.263463624300973720e+02 -2.928445661760489729e-03 5.153062537455566083e-02
7.913913481136308974e+02 3.967702947877856445e+02 -1.869597293935921015e-02 -9.107240611740508029e-03
1.057834573672075521e+03 1.930731136840514637e+02 3.616369316369576290e-03 -6.243492355747998560e-04
1.057603011154330034e+03 2.041327330713680794e+02 1.558515623018327367e-03 -1.129325101033228085e-02
1.128579767379938176e+03 1.919003492006449676e+02 3.913730105529055620e-02 7.800017009459243866e-02
1.026517558998910090e+03 2.673266086505729504e+02 -5.251904898049099442e-03 9.384017045288888664e-03
1.201639542663991961e+03 3.154350165945467097e+02 1.844069577658672687e-01 1.909739484919964828e-02
1.168238672599806932e+03 3.004013036113039448e+02 7.059015414151556533e-02 -3.315493517062791801e-02
1.049850246295517536e+03 2.340198948847302347e+02 7.915971643561614535e-02 5.945475202046867497e-02
9.884732662696610532e+02 2.276448839448279102e+02 -7.248243569067495951e-03 2.284898275029471557e-02
8.282758151320504112e+02 3.376841278859476461e+02 4.444336900863811619e-03 -4.322001118781723834e-03
1.001181487230251832e+03 2.176699677170809082e+02 -5.731512163994902966e-03 1.189554431935157044e-02
1.086006072988263668e+03 3.417427202154058250e+02 -5.273353023648097958e-03 4.565687338115502307e-03
2.340324885946876066e+02 5.607789199211559890e+02 8.306886475570378348e-02 -3.159585763261258951e-01
1.199559445705922826e+03 3.760076503075143819e+02 -3.789813295497879153e-03 -6.738648560933664829e-04
1.025760029994115257e+03 8.587303646908421797e+02 -1.407234400063532695e-03 3.821217230028993439e-02
5.290336788822422704e+02 4.820443103547389114e+02 -6.837506649369718076e-04 1.946702707762074775e-04
2.511659401079227223e+02 5.948534375483743588e+02 -1.662646348003057406e-03 6.601030942633904879e-03
1.192295740845732553e+03 2.282661405910724284e+02 -4.367935256313202480e-02 5.491361583245935041e-02
7.933982424925394525e+02 3.687085215606414295e+02 -5.806670542180726417e-03 -6.404230154001620823e-03
2.590666547703494871e+02 3.856521373136968691e+02 4.314539240805130571e-02 2.066960591326515995e-01
1.145309413653289766e+03 1.914654922064989080e+02 4.452376071693978088e-02 2.665500902145311480e-03
1.227385369547700293e+03 3.572540174449888468e+02 -2.333884655408747719e-03 -1.538172839128258175e-02
2.507212254698480933e+02 5.571485097192452258e+02 6.380559009682452987e-02 -1.612003473813247434e-01
2.500741087576510324e+02 5.103087078139483879e+02 9.106741287049663347e-02 -2.763916930841286979e-01
2.614698981405913401e+02 5.508371124021354035e+02 -7.335256593097314037e-02 2.838678055527384947e-01
2.655124480658905668e+02 5.054992300179990252e+02 6.577916902952354872e-02 -1.817495169358898655e-01
2.431431794193591713e+02 5.937424117040060310e+02 -3.155277268674924751e-02 1.090822149487196031e-02
2.515514894755057469e+02 6.401408561900011591e+02 -1.945205306489105126e-03 8.016258609243345074e-03
2.640454464200503253e+02 6.075032773978065279e+02 5.556010927133490755e-03 -3.034446161814005442e-04
1.029034972772564288e+03 1.918316730150606872e+02 9.636915383477441532e-02 1.368359748644885354e-01
2.688847530507437682e+02 3.703682661914578489e+02 7.026399040686800990e-02 2.031831713662413941e-01
1.196975603048879293e+03 3.096714535199722036e+02 2.139043186724992052e-01 -2.074824791044972347e-02
7.208623431958601486e+02 9.764116629581023972e+02 -1.473672180597446549e-02 2.337525958604700412e-03
2.266326126299091754e+02 5.602803718990575135e+02 6.029932424221718518e-02 -2.617117139377940771e-01
1.121139652788796184e+03 1.962198427023124623e+02 6.843382638394270023e-02 7.689389467750802620e-02
2.964319866278474933e+02 6.378223592433719205e+02 2.830740273724483176e-03 6.797848620157319159e-03
1.167746123572801480e+03 1.554066001921805480e+02 8.738272695267152715e-04 -2.287821394554809262e-02
5.279490580684686165e+02 4.690533332894069645e+02 -1.618818897176568881e-03 9.047842692998618727e-04
1.038791006196618582e+03 1.973625409132701805e+02 3.298601119385383140e-02 2.964100362013194490e-02
5.820208405904967321e+02 4.427367612740748655e+02 1.469796268682415849e-02 1.825937726389068733e-02
2.319109483696893221e+02 5.142054522560231362e+02 3.355083186810158945e-03 -4.289329699408971769e-02
2.196682839209935594e+02 6.188987537804704289e+02 -1.485359856314845128e-01 2.124933431746656720e-01
2.151343843992860059e+02 5.595511134736891563e+02 8.814291405974050697e-02 -3.064494960458938877e-01
1.149734768799508174e+03 3.500195170920544001e+02 1.100021727600028650e-02 -4.281361502264509518e-03
1.179227844185496451e+03 3.524142086773868527e+02 1.998299097677583725e-03 1.349568174024870851e-02
2.155224164445801307e+02 5.834775734541881320e+02 -3.582848069783884423e-03 4.641360121819287812e-04
5.071076978508847333e+02 4.872041060345359824e+02 -3.458375521523692365e-03 4.822150601177606702e-03
2.622663346463348262e+02 3.787373539488327197e+02 6.121476546053260248e-02 2.913604873600053602e-01
1.106681792577865735e+03 2.389973229668201213e+02 7.266319932640916135e-03 2.212226510187571740e-03
1.168158991233830193e+03 2.488932257597272724e+02 1.453435076372767455e-02 -1.060739233024813981e-02
2.102908512487210828e+02 5.568279558764716057e+02 4.349531124632526752e-02 -2.480060005173781723e-01
1.288118469549464862e+03 2.472629947803065136e+02 1.259558146122015942e-01 -1.159472638042361725e-01
2.110103482871861047e+02 7.249336129065455907e+02 2.755260786207995236e-02 3.218353481793088944e-02
9.767551587151457397e+02 1.686383205316901979e+02 1.033865110419509084e-02 -1.945450575970601725e-02
2.055552529071457570e+02 7.278170233860341796e+02 2.869615048505148522e-03 -4.787665635324692137e-03
2.826295781063341224e+02 6.515896893659092939e+02 4.402448761071706303e-03 5.173456485199314642e-03
2.717722447664770584e+02 4.041719675693063891e+02 5.357059988638904896e-02 2.355363140427819968e-01
5.194074744678528077e+02 5.075898392602814511e+02 -3.194130854002457665e-01 7.182368562388206923e-02
2.544040354582466534e+02 3.706660687639974867e+02 5.904270180956087966e-02 2.289442100670057434e-01
2.812945392644738263e+02 4.625180670644267593e+02 5.906690834691832176e-02 1.842114581718519994e-01
1.166527640721659964e+03 2.091291179278991024e+02 9.280314252223344218e-02 -2.339932570404558952e-03
2.269170015026642488e+02 5.705493734934060512e+02 2.650963543604431538e-02 -3.554875530378793780e-01
2.419871164076265870e+02 6.029856897184902209e+02 9.389164784194447416e-03 -2.934707340422941513e-03
2.089825064911671859e+02 5.730691859034435538e+02 9.037196757931005575e-02 -2.193988542477517401e-01
2.281427316252648438e+02 7.060430309083702696e+02 -2.212982071616334014e-03 -5.893489022374560557e-03
2.330685936071916160e+02 5.757135726085692795e+02 1.676610771107918674e-01 -2.396827858301504022e-01
1.205418977239691458e+03 3.855374263187982820e+02 1.367884878747942581e-02 -3.467917114026720232e-02
2.648292788488702740e+02 7.295452965008491901e+02 2.543442275080874670e-03 -1.966961782580138856e-03
1.059736275300073203e+03 3.010131827822149830e+02 3.208666044580096768e-03 -2.940458155640697339e-03
1.159157362478386631e+03 1.928919693956201797e+02 6.733370897519298792e-02 -2.241460039150462713e-02
2.744035182435227398e+02 5.136110968430118646e+02 -4.801883819730860120e-02 1.840511403614901453e-01
1.161760564562586069e+03 2.708366206272197587e+02 -2.834302986850436579e-01 4.498460480916922216e-02
1.156670752994674785e+03 3.552882637707933782e+02 -6.605776283268454535e-03 -1.524826844813065123e-02
9.909097904755868740e+02 1.743648318330195934e+02 -9.400965899335279874e-02 -9.443477821190976451e-02
1.206963157101984052e+03 2.892993290068067722e+02 -2.808568466485747983e-01 -2.466077902465397820e-01
2.761723711607033920e+02 4.735793472601084773e+02 4.611609540875583925e-03 1.833136691674821517e-01
9.443903258463283237e+02 8.592380203200402775e+02 7.607580164658159574e-03 -8.419559959026341051e-03
9.643608971388960072e+02 8.595067452414082254e+02 -1.859218051768129001e-03 2.076849424799259540e-03
2.776507463321430578e+02 6.586072059774676291e+02 -5.098542304942907041e-03 2.126766815244496029e-03
1.117050796017461153e+03 3.693752221821238777e+02 -1.608434164337484151e-02 5.242115965482485596e-02
1.280717471627925534e+03 3.723034733083921424e+02 -1.611919695598303635e-03 1.098261616438589612e-02
2.987543144897987304e+02 5.048245155182477220e+02 1.153454916962994362e-02 -2.474027755258950603e-03
2.721779311897122966e+02 7.169735463958201080e+02 -3.999780306193459131e-03 -2.649276710694901255e-03
2.621790042964047416e+02 3.469073813061679630e+02 5.981013141087763996e-02 2.066557348782078196e-01
1.021283625468938112e+03 2.351163668376363773e+02 -1.217048435496542041e-01 3.263802607239727482e-01
9.244863216718737249e+02 8.578734157193866849e+02 5.303429193124411557e-03 -9.079053740289045465e-03
2.290988069410989283e+02 5.812505645736592896e+02 2.002365613955990331e-01 -2.294844200017520652e-01
2.256539745878118026e+02 2.928302144716781186e+02 -7.433637091442377165e-02 -2.502825908273444422e-01
1.748154319835311128e+02 5.148371428154262048e+02 -1.941871474053373792e-01 -4.069802759412233795e-01
1.231591712966623845e+03 2.943694320987726769e+02 5.491037594301905259e-03 -8.245586267771659508e-04
1.399499127708324977e+02 3.893731771755360569e+02 8.313292761591461241e-04 2.819456179405405052e-04
1.047423459114584148e+03 2.299783019047465018e+02 1.081579309686010598e-01 -4.544346189303716255e-02
2.740962692995083785e+02 5.839943215998023334e+02 -7.063929761577943112e-03 -3.219770504902854931e-05
2.568012665574634639e+02 6.839352370952188949e+02 6.421410532005544444e-03 6.199761153528798863e-03
2.215464435088604205e+02 5.884331933591095094e+02 1.620806124921485014e-01 -2.193221138932423542e-01
1.171384055034708354e+03 2.280852123141700929e+02 1.413216158095907497e-02 2.248462506394680038e-02
1.083573954364320571e+03 3.108722787303468635e+02 1.848294677404620570e-02 4.247157415457733856e-03
1.073604225802921064e+03 1.859929676068936999e+02 -1.761330567147155468e-01 -5.999474473953531756e-02
1.115617658848597785e+03 2.397196656023277228e+02 -7.482464667947790913e-04 1.571316270768996839e-02
1.103045272096119561e+03 3.482216810264064293e+02 5.970878904650312770e-03 -3.680107051522019026e-03
1.069557616156722588e+03 2.355643864899598441e+02 -2.377718591471785770e-01 -5.947982771567947996e-02
2.535059881920329872e+02 3.433963049652064683e+02 5.464856024027996140e-02 2.129652990701871307e-01
1.212053289283436698e+03 2.542344614209335987e+02 1.787099989323590737e-02 -4.806185969652185946e-03
1.184725031896278551e+03 3.886931872656915630e+02 3.739380341290364073e-03 -6.513294414823108357e-03
2.679878394199408831e+02 3.824098148030600441e+02 8.181671033896173451e-02 2.517567713528277018e-01
2.702559719082201468e+02 4.813900462419123301e+02 3.722242927185977907e-02 -2.128023736008866906e-01
2.714060732273473491e+02 4.696577105058580628e+02 8.988129310438072034e-03 -2.859936509736247801e-01
1.025148323025996888e+03 2.160423407924212995e+02 8.914284224213830932e-02 6.187079611930108858e-02
1.175386260078628311e+03 2.211175328187536309e+02 1.288003452942791845e-02 -3.719642321386873451e-02
1.134211908427666458e+03 3.201893571617378029e+02 -7.474793998649192396e-03 2.758492646888489538e-02
1.178095212196401462e+03 3.456009512445863265e+02 3.244122934460626911e-02 -1.159312765151744411e-02
5.170478640634859175e+02 4.819907928417036942e+02 -1.476119447408230992e-02 -6.506734642500636157e-02
2.653619770493202168e+02 4.099954208669083755e+02 4.996550346970200784e-02 2.600374370176802286e-01
2.216351857586463439e+02 6.024154494853886490e+02 1.321018151910639815e-01 -1.997986381322924554e-01
1.076685172293507094e+03 2.332985657498790317e+02 2.506387406804218895e-03 -1.644809658036856023e-03
1.026253044180386496e+03 2.445307484886033080e+02 5.008843545555924023e-04 1.707435418950663253e-02
1.089097491700608543e+03 3.314027781740371097e+02 1.748946951728711646e-02 -2.748614396341058502e-02
1.092022203532810181e+03 2.213957556535152094e+02 3.714463911704583149e-02 -6.818174482487360244e-02
2.154800099440409156e+02 6.001555071958830467e+02 1.599119437979801550e-01 -1.981607932138113037e-01
1.046908300743083373e+03 1.729269929503452374e+02 -1.306237142067528598e-02 1.017295576358064578e-02
1.204469354362274771e+03 3.244855480952157905e+02 -2.079429428783108671e-02 8.517448057834218697e-03
2.497780265230680925e+02 3.553137251022758392e+02 5.055268582453176229e-02 2.447036875463650674e-01
7.014975122582371796e+02 4.396772213910820142e+02 -1.090475860542253553e-02 -2.497570834939853365e-02
2.136620389036163203e+02 5.904851956410179810e+02 2.764161392504304454e-03 -1.152030595975891535e-03
2.290760201315498534e+02 7.468755524061947426e+02 -9.839081738421370446e-03 -2.255178789556735661e-02
2.398201645834074043e+02 6.360696968268240425e+02 -3.328844319578410683e-03 -5.609061015390336830e-03
1.194229994086222632e+03 1.883641806132725378e+02 -2.270733363371339741e-02 1.174406297578044212e-02
1.514577416294955299e+02 4.547719137076283573e+02 4.144036911915045460e-03 9.315331610766839493e-03
9.909050633064880458e+02 2.090063238400128682e+02 4.543871338992490870e-03 -3.646157504160254040e-03
1.166584644096378952e+03 2.214958580656021923e+02 2.723618948310572649e-02 -1.462153186673506187e-03
2.333486505176479113e+02 7.026725910223445908e+02 -1.876601060317256361e-02 -8.063639280695127781e-03
1.129619198588307199e+03 3.146771340573579891e+02 -3.634392126620093061e-03 3.197741972648728698e-02
1.325254652105996911e+03 3.323559672944832073e+02 4.476110324771709892e-01 7.027029738641304979e-03
2.154882813471163558e+02 6.045584903264373224e+02 1.198865565853222959e-01 -1.943825713043958736e-01
2.192477934286906134e+02 7.411344119681133407e+02 -4.203411146435054291e-04 3.430748405927116964e-03
1.055949002659795042e+03 8.285847924882682491e+02 1.297663771756425895e-02 -1.476953884376049249e-02
2.069138035792999517e+02 5.978843170407438947e+02 1.543655595368389477e-01 -1.526681256872572390e-01
2.891520609498999761e+02 4.965841571603849047e+02 -9.393288241350510395e-03 2.100642252006841015e-01
9.972445546219450989e+02 2.318067487086087795e+02 8.654288865234702893e-03 -1.821002970627566553e-02
9.882150182004822909e+02 1.839378617923813692e+02 2.195664932060138741e-02 -9.050595647925807619e-02
1.182741409740945755e+03 2.110421754067796201e+02 4.401189546187386347e-04 -5.635723472590150641e-03
2.107673546377829439e+02 5.837278579401422576e+02 5.502730788541409851e-04 2.057037141595840363e-03
2.179318312758488503e+02 5.234055461578416271e+02 1.372595878200729147e-01 -9.882550907294368470e-03
1.161634036973057164e+03 3.128031116415584734e+02 3.664977713625682254e-01 5.003059247461364573e-02
1.169326665631670721e+03 3.696618735380641851e+02 6.033067529124939640e-03 -3.797142393018408061e-03
5.034828688132538446e+02 4.516049173042889038e+02 -4.073117569640264876e-03 -1.299463396561960360e-02
1.305255445342687835e+03 3.178501080143262811e+02 2.276671838537575043e-01 -6.588731241279309481e-02
1.109061425452682897e+03 1.931677985240122553e+02 6.504820198801107567e-02 -1.513203823671041282e-01
1.024872624514444624e+03 8.671181104546562892e+02 4.796099668589371215e-03 1.847082861781972930e-03
3.031558774097836704e+02 5.273424617408273889e+02 -2.554101065956305983e-02 -2.808838565655074476e-02
2.256632069586455032e+02 6.412503615073532046e+02 -1.476763114053196088e-02 8.480193278103118071e-02
1.205043695652246015e+03 2.794891552648703623e+02 -1.114677955508278301e-03 5.379426242410151500e-03
2.143665450425486085e+02 6.301281137781102188e+02 -7.187869498680880820e-03 3.093105768003300352e-02
2.073851143676965592e+02 6.131379546759428649e+02 1.246151195725218735e-01 -1.591822862730819244e-01
5.745550087458112785e+02 4.842479717009615570e+02 -6.913781147657141642e-03 -4.534169623148405492e-03
1.058917830460321966e+03 1.643421810505357712e+02 2.916300879973737076e-02 3.751039309321554244e-02
1.131587842656221710e+03 2.379336101126133656e+02 -1.357806775680422485e-03 1.917970093043973312e-03
3.763749475210912578e+02 1.067147271957897829e+03 1.126707921434511317e-01 -5.389569868857777002e-02
1.259207653536755743e+03 3.391299103671933608e+02 -2.467583555692272057e-01 -8.097173460268521084e-02
3.188746322660560963e+02 5.358148197211990009e+02 1.171107096925735891e-02 -8.042723917278275791e-03
2.420601017668717247e+02 3.327534286797176719e+02 6.324656533523423385e-02 2.305161960688906220e-01
2.299921379303869173e+02 7.739618982056606455e+02 -9.600855707311316874e-04 -3.233851855476573521e-03
1.111466582438891692e+03 3.379046790490405670e+02 1.307264015622872609e-02 4.714901048118062127e-03
1.057031594613320067e+03 1.778051591039290145e+02 -5.404699187825863158e-03 -3.645730824252883199e-03
1.092279706929543181e+03 2.991913927739110477e+02 7.223536365578490243e-03 -6.612540820215414769e-03
1.248192529319963796e+03 3.538661355161893880e+02 -2.423662225844599449e-01 2.205559335225537945e-02
1.052579412636743200e+03 1.860167353395883936e+02 3.083391228747222115e-03 -1.606528182161788554e-02
2.391364385291068402e+02 7.322429913474667273e+02 -1.896576822874501689e-02 -4.656777824167047074e-03
3.199269671035665397e+02 5.196595081312732418e+02 -2.694708966587110871e-02 5.596051081246658510e-02
1.168443655428025068e+03 3.212310108049253472e+02 -2.021979232061555526e-02 1.573251763681137241e-02
1.998739426214835078e+02 6.069406708385330376e+02 1.258204273186982192e-01 -1.676186512323355748e-01
2.484446700553569087e+02 3.314796111551157196e+02 5.947022645734581503e-02 2.443899527093352231e-01
1.024771780386773571e+03 2.510786445983368935e+02 8.510529384513557463e-03 -9.333430816265362792e-03
2.453985703759656474e+02 3.487293631913229319e+02 4.660447336395873857e-02 2.561577682805872835e-01
2.607007218494363769e+02 5.053087213977851775e+02 6.557899880569700857e-02 -1.892091807368044554e-01
3.019884688587466712e+02 4.732085882585509466e+02 6.512107807784030256e-02 2.138862092948191074e-01
1.176262488584789935e+03 2.139265238405468210e+02 -1.622004370353964317e-02 -8.369625413070982262e-03
2.243636054204184518e+02 6.586852557878131620e+02 1.437036313852853905e-03 4.417225161689364472e-03
1.095283536521095357e+03 1.958648739451784024e+02 -9.760154834789364423e-03 -4.098044917842819448e-03
2.400813336387777497e+02 6.924326249344456983e+02 1.679538116815306728e-03 -3.082968066481422097e-03
2.317136224913191427e+02 6.219947039899000174e+02 -9.160648055667356543e-03 2.822656784486401831e-03
1.258318623757595333e+03 3.003357695976990271e+02 4.937411480896927024e-02 -3.654353754228454459e-02
1.125611757164922210e+03 1.739168527139639764e+02 -6.543489051947821468e-03 -1.428469623437586718e-02
1.045357574414409555e+03 2.969578216816121312e+02 -3.784044223310515515e-02 9.229672018612647411e-02
1.165892802108043952e+03 3.125998609820159118e+02 2.619359750960376099e-01 1.395383987328848441e-01
1.749506954028358621e+02 5.737956582294652890e+02 -4.567578919557654937e-03 -4.001091071882451403e-03
2.444020006386796808e+02 5.662136906082998848e+02 1.349912152859779890e-01 -2.290471537850912176e-01
3.070012598452240695e+02 6.238902827986054263e+02 -2.300994653116035862e-02 2.745292770241306371e-03
2.881382007285205873e+02 6.359123592558189557e+02 -1.784786551462108628e-02 1.082232261617241571e-02
2.590240171848869295e+02 3.226181589836851913e+02 7.533026238563267363e-02 2.050057745068634418e-01
1.092032082953293184e+03 1.844287027745735372e+02 1.245315706060270283e-02 4.960911443017811812e-02
2.736695948012074382e+02 6.145664890430363130e+02 -6.121121957928923017e-03 8.153940302229397905e-03
9.949885686495138089e+02 2.316680928331303164e+02 -3.639764821303013292e-02 4.334262240898018731e-02
2.963771732372605356e+02 5.217012149552168694e+02 2.454602207791817814e-01 -2.279718336867686546e-01
5.665667733758908753e+02 4.249809943680338620e+02 -5.609886914005911447e-03 -3.883491410189804632e-03
1.204312385417950736e+03 2.570995294607406549e+02 -3.640811294730210163e-03 6.463056203114261530e-03
1.011786162146334732e+03 2.623748168895458548e+02 -8.977882453171845412e-02 1.618545614177537562e-01
1.029734197749203304e+03 2.072794117187887935e+02 2.777129343309239426e-02 5.098086154639008133e-02
1.105120448978699187e+03 2.959258706457356993e+02 2.627170557243471705e-01 3.231329392592551808e-01
1.022526875401628331e+03 2.036131577905500194e+02 6.396990388436779584e-02 6.699270758830797035e-02
3.691602568265222430e+02 5.183716023406370823e+02 1.500615518149052158e-03 2.184559886728439353e-03
1.030859312664236768e+03 2.781707189967364116e+02 -3.719229113395014497e-02 -2.524234543174449022e-02
2.275016799314552145e+02 7.318118632542110618e+02 5.374825449639884963e-03 -4.765916606689273721e-03
2.446318297339901733e+02 3.893322482771556565e+02 -7.306492454018150007e-02 -2.850131051155463946e-01
2.776936311665223229e+02 6.390632105291781500e+02 2.241443952965088866e-03 5.043142950718434070e-05
1.055243487922058421e+03 3.237329546963904363e+02 3.172052737844040064e-03 -9.875026823039260299e-03
9.017052452240475304e+02 8.516821118101986485e+02 8.227427638518188674e-03 -3.093516292737338424e-04
2.002136509346877347e+02 5.884010198088988091e+02 1.742182071481821470e-01 -2.071600237390087695e-01
2.873844370318772121e+02 4.311135182284021994e+02 7.490575396828640098e-02 2.412789932100634915e-01
1.182151796952451605e+03 1.832271179714793448e+02 9.312914471536822003e-03 2.829422232901261918e-04
1.297188267096708387e+03 3.378713985503431445e+02 2.816869104591038786e-01 -4.111723679209611237e-02
1.935765190514969731e+02 6.118157546606411188e+02 7.873300528934484843e-02 -1.952007434943555941e-01
2.934020681173692537e+02 5.051778576432148498e+02 1.561255067568846286e-02 5.294339964919318395e-03
1.131990039164483960e+03 2.252361682855152765e+02 -1.559201148215789111e-03 5.411260888183283199e-03
1.184214641221369675e+03 1.905255273042090209e+02 -6.621202165731776557e-02 6.015916712307486924e-02
2.415990733651856317e+02 3.249515454401992542e+02 5.697478382794143176e-02 2.420091673314363756e-01
2.814993568556590731e+02 4.964437913085792502e+02 -3.482912459510755648e-02 1.705120058811289974e-01
1.013295005194260625e+03 2.295921201828423364e+02 2.228323523339814302e-02 1.587330232843606193e-02
3.160492616613767609e+02 4.971055518651941725e+02 4.187497935345613556e-04 1.948228023844018886e-02
1.204029178119507833e+03 2.083512064771788914e+02 -3.362401557740325817e-03 6.828092441727820136e-03
1.006017236597092847e+03 1.789063941147027776e+02 1.149541753043983039e-01 1.202300200778346762e-01
2.765979776068496676e+02 6.759457226605996993e+02 -2.856510858879740371e-03 1.363985963690642067e-02
1.995963597235391092e+02 7.100828878401542852e+02 7.019158711150148486e-03 -6.760506209154823129e-03
1.161947953934303541e+03 3.339654660978949892e+02 -3.774548307176088524e-02 7.843554608827148222e-02
1.137352190632421525e+03 3.725252318381429291e+02 2.372780673651126817e-05 5.328165361861871138e-04
6.156447521719557017e+02 3.900035783387688753e+02 1.597449743392324872e-02 1.255628142209303313e-02
1.152485002329729696e+03 1.837958869689157950e+02 9.259051556117550361e-03 1.609205625836192949e-02
1.121456746601255418e+03 3.662936691941081904e+02 -6.971045076947084487e-03 4.013268636048741844e-02
3.027095751855862886e+02 5.426439789013529662e+02 1.631500183705021645e-02 1.686768673204423405e-02
1.049461638388437223e+03 3.191913835050955868e+02 2.488277797632384297e-04 2.891589001332911611e-03
2.159646504536635234e+02 7.205690804656086357e+02 -1.169511551382800154e-04 1.008470606117754971e-03
5.156330349580047141e+02 4.750035568758653426e+02 -1.158315672402259605e-02 1.249583530944047482e-03
9.810742822873546629e+02 1.887731969968253338e+02 4.263798733160397911e-03 -9.422456039221562690e-03
2.676737577269078088e+02 7.208073693668009128e+02 2.394057804894605176e-03 -6.219256015074819044e-04
1.031624649635556807e+03 2.480012284803829630e+02 -6.867753571913508270e-02 5.835348070160457229e-02
1.948540444478429663e+02 6.420678153925588276e+02 8.532384546671638315e-02 -2.019159560775357631e-01
1.098184322699030190e+03 1.980525787906338451e+02 -1.736788223960353816e-01 2.914121942721717984e-01
1.206685636932550324e+03 3.658180999265255764e+02 1.648665293984579241e-02 -4.223754047455265809e-02
2.403720573537582368e+02 4.941844575201277507e+02 -8.499521326189772574e-02 2.045005311296029665e-02
1.149617411081495220e+03 1.971697751070299773e+02 1.086091478124208247e-02 3.845726926645585964e-02
1.172250528269177948e+03 3.029174699737554874e+02 9.374077089170337884e-02 -5.057016898873351041e-02
1.146090025366173677e+03 2.045294257260333097e+02 2.304850653379589970e-02 1.378441931173327202e-02
1.037456463342029110e+03 2.164126420816026268e+02 -1.018351425040876085e-01 -2.860462937301989743e-03
2.473028962407607594e+02 7.583039102288560116e+02 -3.989887233778477166e-04 -4.021295611008522675e-03
2.112981261965075248e+02 7.440708677161750302e+02 -6.875955312444762338e-03 -5.296690424547525095e-05
3.793365549610226140e+02 1.074629701384681312e+03 1.281717653067603602e-01 -3.197080242438964104e-02
2.841934702458235051e+02 4.781916017345996011e+02 1.511670900334471587e-03 1.944441859928991156e-01
1.114563193211776706e+03 2.090197983215762747e+02 -4.695674519874919531e-03 2.736258638670319415e-03
2.454317924112123990e+02 5.449596996241940587e+02 1.230070097181656663e-01 -2.075667635212071482e-01
2.770452516253427007e+02 5.054153840721139090e+02 -2.195840840163451602e-02 1.938951552531025802e-01
1.031849844197229004e+03 1.617245338511537796e+02 8.159198532119731409e-03 1.276251441479692682e-02
2.490721175308808881e+02 3.141108864743948743e+02 3.375036667047551925e-02 2.105416948265877997e-01
1.139114274653354869e+03 1.424761688740249781e+02 -1.337222680590592454e-03 -4.854338331515993185e-03
9.992614175020122502e+02 2.423225937652383948e+02 6.693697368164201571e-03 -1.513584763028523461e-02
1.032206337565116200e+03 3.016055020936317419e+02 -2.889581565805111538e-02 3.503603988752788251e-02
1.043586575349979285e+03 1.828755903046199762e+02 1.399819741855161219e-02 -2.735546220159987274e-02
1.133568945866179774e+03 3.455652972122435926e+02 -8.550045441622144277e-03 2.365885152326738239e-02
2.199664771275782300e+02 6.986952002254959098e+02 4.292599354338245618e-03 -2.427909563030060738e-03
1.211232104052059640e+03 2.789163921281786997e+02 3.709318670508305466e-02 -2.100807108318311286e-02
1.040559031269212483e+03 8.508920397849655046e+02 -1.013686422603349985e-02 1.076704236074176729e-02
2.550152700320390409e+02 3.086598037453059646e+02 6.772388008712121321e-02 1.451005685322401817e-01
5.087467918961978626e+02 4.561949931924748398e+02 1.417581683776150681e-02 1.362225241694888997e-02
1.094946184103360110e+03 1.569328075895567451e+02 -8.656756365929474048e-03 2.573007244907673727e-02
2.818547360285289187e+02 5.453715467584855787e+02 5.312578859167104740e-03 -2.906064004098943276e-03
1.909177002172071411e+02 6.413100953410795455e+02 7.349994594060453579e-02 -2.145974109742884994e-01
3.477351231589717599e+02 1.067983255768599520e+03 -3.526455027158174188e-02 -2.501798957623645459e-01
1.139505810329939777e+03 2.476170631468731358e+02 -1.832937897874856517e-02 3.529443040953411659e-02
1.070769410149527857e+03 1.908256209127758609e+02 -2.531500937660362965e-02 1.083095089793186944e-01
9.735748001109213874e+02 8.528566477095306482e+02 -4.510575446810961842e-02 -1.050783135391980885e-02
9.722521042079041820e+01 3.991323626963813354e+02 -2.977700182438390297e-01 -1.823976670704677561e-01
1.203681190471149193e+03 3.595947583729467851e+02 6.211278349065642475e-03 1.561959360423437540e-03
1.126285252598118404e+03 2.153968148076823468e+02 1.014204295035083837e-02 8.910076155611262871e-02
1.205718497742387626e+03 2.659601960222012735e+02 -2.287720058030563567e-04 -1.283627984563362771e-03
1.193744817924883137e+03 3.738407026212455548e+02 -2.336033510300919783e-02 2.346752782638572565e-02
2.975593009262989881e+02 6.548355917470386203e+02 9.861296034437775845e-03 6.777836340498508486e-03
1.153430751728332780e+03 2.295203326189740665e+02 -2.341825165467976283e-02 6.219147951518374379e-02
1.908555956194834380e+02 6.017255884104772576e+02 1.652160638800053982e-01 -3.392181364860186177e-01
6.736794394942063491e+02 4.963158305853835373e+02 3.480903448268808393e-03 1.986879410771894786e-03
1.088339930400785079e+03 2.094224395357069000e+02 -2.497069693021835082e-02 -4.339232978735154539e-02
2.110856921595239442e+02 7.040349777924221826e+02 -1.372077689953328343e-02 -2.386620191355695586e-02
3.428129925056380785e+02 1.069569785405061111e+03 -3.647527534202808092e-02 -2.650126096207574555e-01
1.160467306800420147e+03 3.458386385574376050e+02 3.883151604114654185e-03 4.386543283946440705e-04
2.137710233958089248e+02 7.554321557087050678e+02 4.472620460814646058e-03 -7.979271885212912974e-03
9.987333036119740655e+02 1.744146368594159071e+02 -4.045167957481833609e-02 -1.323046107554346484e-01
1.213632630917476263e+03 3.031551832789104424e+02 1.683963719184959906e-01 -4.562900720565613716e-02
1.045901676950205967e+02 4.147532881564713421e+02 -2.232696250454558329e-01 -2.922482697691129450e-01
1.023235348895000925e+03 2.918004072763324643e+02 -6.850120731199933408e-03 1.047104097530379523e-02
1.164350056479177283e+03 1.976120266785958961e+02 -3.647958415125919832e-04 1.077738180477028768e-02
1.170584657447852805e+03 3.762691951437710713e+02 -3.845114680044920720e-03 -6.997764891366387019e-03
3.036439156430063235e+02 5.783892886936635023e+02 5.491013899145828422e-03 1.632033639105830505e-02
1.917136159230671808e+02 5.853406365035120871e+02 -1.086215685004975669e-03 9.345270306017248139e-04
1.050499238158072103e+03 1.585613818028686524e+02 9.058458718792812558e-02 8.425206077384421108e-03
1.106169996874793242e+03 3.472468224258479950e+02 -1.699394428754941871e-02 1.329192734300083231e-04
1.137600912350371118e+03 2.226904025797817326e+02 -4.005584627568150625e-03 -8.552855729840078505e-05
1.208434797761643722e+03 2.516356727689633033e+02 1.440728589269869853e-02 -2.772672163539955346e-03
3.625094737216675753e+02 1.085323760487606023e+03 4.085237849011665867e-01 -1.403198417902574158e-01
1.099659609169129453e+03 1.865088334939789263e+02 2.213064479076702964e-02 1.062150827968653677e-01
1.070163135654018788e+03 2.141234882546982305e+02 1.163198099805926597e-03 -7.392894454709178845e-03
1.148868483008481007e+03 2.213643709294019857e+02 1.527997251445016857e-01 1.064762459011101871e-02
4.635609328282642423e+02 3.927764056820189467e+02 3.472587501971589798e-04 -8.723330307725293657e-04
1.016818502668227211e+03 2.597305732103641276e+02 1.185703285886354451e-02 1.336256107145003535e-01
1.047353131740526578e+03 2.673181486790369377e+02 -1.468116353236729316e-02 -3.756121357305335084e-02
3.053164605076075304e+02 5.131079557888514273e+02 -1.462604135434618195e-02 -3.652965833483710206e-02
2.047596119429945247e+02 5.854385369418997698e+02 1.972683299296752457e-01 -2.293767477939219479e-01
1.435708584681893285e+02 3.923120512215362510e+02 -1.134431436341287736e-03 -1.859825202962497349e-03
1.070134971394565582e+03 1.806882327929832286e+02 1.730967983079835862e-02 -3.737025268973497016e-02
1.072490885152587452e+03 1.689782051858474574e+02 -1.136851923735840257e-02 -8.655430234843108916e-03
1.012606109020155372e+03 8.655000711400199407e+02 -1.953325288400724422e-03 -3.981136743390140597e-04
2.819995275043883112e+02 6.024952783985488622e+02 3.560231608010242920e-03 -3.458649187023740690e-02
1.139045782110627215e+03 3.420668189967056492e+02 -4.217914158289204352e-03 -1.186055003654649422e-02
1.034212421344271036e+02 3.955974812677791306e+02 -3.109919199356158681e-01 -1.966504338663911111e-01
1.173778421716865523e+03 3.392617084384592090e+02 2.119113312803240848e-02 3.670346552613187093e-03
2.916391654826715012e+02 6.154265328508763560e+02 2.313414730704010935e-02 1.618813301658643053e-02
8.411573428437853295e+01 3.343349893041535665e+02 2.623996025866917950e-03 2.264533003510000881e-03
1.039974758687124677e+03 2.244517868572003181e+02 -1.035197584650501407e-01 1.235924195600534153e-01
1.042998272064679668e+03 2.510756590225955165e+02 1.656625516674985199e-02 -7.670458547972542132e-03
1.083125522940111978e+03 1.671671490833440430e+02 1.683271252116098557e-02 1.338602844011783921e-02
1.035975652332075242e+03 2.524440240352992078e+02 2.581508824020958392e-03 7.115264815814293341e-03
2.341529982248308954e+02 6.885423797935347920e+02 1.497515036233086627e-02 -5.443089111958729527e-04
1.139515052318813559e+03 2.071664955010504912e+02 7.397751186717718697e-02 1.171499406651057146e-01
1.254531598733507735e+03 3.465742085831885788e+02 -1.668228474777731507e-01 -6.436895097877951000e-02
1.020456054182032290e+03 8.677850391160768595e+02 4.323297712706638315e-04 2.824547597688125550e-02
1.143027359183181943e+03 1.506994654716862101e+02 1.914059444020546098e-03 5.444453113214196838e-03
2.844881825376558027e+02 5.393655166670272365e+02 5.065562046651434468e-03 1.390153747025180304e-02
1.860346234217033441e+02 6.207046025443387407e+02 1.030300068905464217e-01 -3.164549240604482838e-01
5.190905102560553814e+02 5.288820564307001177e+02 -6.451926703664285015e-03 6.137928952384345826e-03
1.311183355419273653e+02 3.918301212109967082e+02 2.534100411453915278e-03 -1.757148388364852820e-02
1.110027392330982366e+03 2.291473293029648062e+02 1.720862999661676440e-02 -1.801036562580355174e-02
1.899139041035293189e+02 6.575956648817592622e+02 5.685230221505124804e-02 -1.754811951159974126e-01
1.114201345040948354e+03 2.662617312811775605e+02 1.143143440431701741e-01 1.462203587580160058e-01
1.193339372087526272e+03 1.828227137187725475e+02 2.918344863810071188e-02 -1.011850145114268594e-02
1.195969029537771803e+03 3.579759608721106474e+02 8.256068130152215134e-02 -5.529069407776626005e-02
1.060514773930518970e+02 3.622771019911102144e+02 5.391191735296441828e-03 2.059723699507204180e-03
2.495948933721186336e+02 6.806866602912268718e+02 -4.041444028098271912e-03 4.112950774183012602e-04
1.120083376838484128e+03 2.582687888808259800e+02 7.833745725139420329e-03 6.898753089355724732e-02
1.156462148669144653e+03 2.228202016615969114e+02 1.073476214104717927e-02 2.608499719211106183e-02
1.240919630610688500e+03 3.266618669679706954e+02 2.189776534139665776e-01 1.908414807598502461e-01
7.876906187260553907e+02 3.953704955738204490e+02 1.269510787804190759e-04 2.069814483939404204e-02
2.100333022329226083e+02 6.446402504782862479e+02 -2.675250154658144908e-03 1.110164376804597709e-02
2.408244605063490553e+02 3.136394344488566048e+02 9.605307354544479273e-03 3.209374974962145299e-01
1.132815483495421404e+03 3.576457488183918372e+02 2.932550173547952138e-02 -1.833081196865293805e-02
2.966325030642539105e+02 4.758918131141174399e+02 7.036579882879444303e-02 2.396450824882202790e-01
1.125034837368187709e+03 2.044837328962060496e+02 -1.785696799135874646e-02 6.923169632353357895e-03
1.252763287352129055e+03 3.042488578068930565e+02 4.487077991127333410e-02 -7.650031516973673784e-02
1.145987685381400979e+03 3.329645104713777073e+02 1.704634917794326714e-04 3.492927428062068268e-02
1.117997916794460252e+03 2.217784147701304107e+02 -2.026282954056433157e-03 3.234832469282927065e-04
1.851347828560074618e+02 6.025375409589466926e+02 1.618399591990891673e-01 -3.381795837817795358e-01
1.046910128516113673e+03 1.991168306534907515e+02 1.494047978604540715e-02 -4.688433468285742312e-02
1.064418945856894652e+03 2.314595104736454232e+02 1.020541131029667134e-02 2.916748302475313109e-02
2.554408771464861445e+02 6.706129062425707161e+02 -1.642821653207779354e-03 6.628945711548495275e-03
1.560419656895542744e+02 5.151493601104915570e+02 1.754231358271189090e-01 2.612355425971586431e-01
1.191015022221337404e+03 3.987808698608974396e+02 9.460223289902142466e-03 -2.845777328877676163e-02
1.004020936316138886e+03 1.895268829450538419e+02 -7.259946801643110161e-03 -1.718669813760191900e-01
1.090873742034744510e+03 2.321559258753491974e+02 -2.730575440743562843e-02 1.472319883640545723e-01
1.102406278596287848e+03 2.344498642208444039e+02 1.436216733919890281e-03 -1.578842482094779121e-02
1.272260742289167410e+03 3.338010206610699697e+02 1.350569103572891172e-01 -8.158878028018692885e-02
1.218631537712258933e+03 2.933210511502115878e+02 -4.122546983673703626e-03 -6.200123018437803807e-02
3.340077004124401014e+02 1.076213677585983987e+03 2.849429318158963609e-01 1.347578839725006340e-02
1.018920999462282907e+03 2.145207625012871233e+02 4.495658742232048338e-02 1.068438989800467587e-01
4.922450264392293775e+02 4.295199547723921683e+02 7.986498290407602124e-04 -1.790339975709388451e-03
1.163622909679834265e+03 2.212633277466070751e+02 -6.296295647742859714e-03 2.999296822708996668e-02
1.188906294650920927e+03 2.152329245920017797e+02 -6.526113112535102123e-02 1.028351856768908688e-02
2.028894592529698286e+02 6.182039410004737192e+02 8.851587244566377910e-02 -1.466329361260480801e-01
1.141685740890788111e+03 1.861139803033399858e+02 8.166348346391567870e-02 2.315960442719871767e-02
1.072555703223665887e+03 3.166944128388648778e+02 7.286814787027437977e-03 -9.176897244798584014e-03
2.429531657841137928e+02 7.479824422768675731e+02 2.119818292576817684e-03 -4.182235492372817290e-03
1.164470257941814452e+03 1.520259964178861480e+02 -8.844238040094737352e-03 -5.797924391791637461e-02
2.683388730625559333e+02 5.938844985402931798e+02 -4.376192225374236737e-03 2.189162947947739107e-02
1.207803959815095368e+03 2.364905465835105360e+02 5.221015481438509576e-03 -1.755536297440671301e-02
3.346937491850744095e+02 1.079913049438727285e+03 2.966857509666264714e-01 -1.973242425110859760e-02
1.074608000168504077e+03 2.225363398169755271e+02 -1.739138717744026508e-02 -2.887353437237939399e-02
1.150322108205722998e+03 3.940828334261725558e+02 2.340237942301497901e-03 4.478054620263859781e-03
8.254336265613629848e+02 3.308470640772436582e+02 -1.223796510336327970e-03 -1.603270832617020858e-03
1.133062380842859739e+03 2.177572847608210509e+02 3.655714279843635950e-02 1.018375567832285888e-01
2.169128025391085544e+02 7.300761788946101660e+02 1.848227246741121835e-02 1.736486640274708532e-02
1.015334339865042239e+03 1.816494801489189967e+02 1.062451491775813078e-01 1.434263721709393424e-01
1.031973702924180998e+03 2.111246833216086713e+02 -1.111381938537467709e-02 7.745005437151156191e-02
1.075690422829465660e+03 1.941234766692438711e+02 4.012833537805937656e-02 -2.701346099111972751e-02
1.205789517345293007e+03 3.619863365010613734e+02 1.698247875996609403e-03 8.056193346157177262e-03
1.161630670683057133e+03 3.769874975192257693e+02 1.976491711296072748e-02 -1.007926684229498021e-02
2.506036711637693770e+02 2.954769279260924577e+02 5.389794343889631016e-03 1.399740107485047125e-01
1.030989433150826244e+03 8.333417900502653310e+02 1.432577970729776579e-02 -1.265558209226228534e-03
1.015635711138257989e+03 2.173682839583657938e+02 1.102239559445361700e-01 -1.478592261727546264e-01
1.077642333791068268e+03 2.160527498267255737e+02 2.310922370950971305e-02 -7.271260926121964063e-02
2.905021915990251387e+02 6.290218231762322603e+02 -5.647494291914536245e-03 -8.928258425810483775e-03
4.091203621744450629e+02 1.087285162220283155e+03 -7.865953689923602804e-03 1.542168961775352079e-02
9.974424929134838749e+02 2.173374499938652775e+02 1.072937111490845398e-02 -9.067916768149768270e-03
1.186182801582165666e+03 2.336812764545297796e+02 1.042660451738603930e-03 4.139635305003701998e-02
1.197465930833338007e+03 3.439498452617259545e+02 1.003771890330091643e-03 8.627766153912382052e-02
1.114218448513501926e+03 3.046770346787080257e+02 2.372430521504611395e-02 7.298339071242129772e-02
3.279478917169820988e+02 1.087225415346256568e+03 2.074748918448955648e-01 -1.736411289785709522e-02
2.342932354880816206e+02 3.017373063599929424e+02 6.644459172950180348e-03 2.099242415237943804e-01
1.024318921765659525e+03 1.902815236722152292e+02 1.499785916173035638e-01 1.475016890304093886e-01
1.118233698880512975e+03 3.432325297224807628e+02 1.088160173919032643e-02 -4.416736555288462880e-03
2.655058843587331694e+02 6.541790150229809342e+02 1.248902916911184997e-02 1.366242335516814829e-02
1.052426266418090108e+03 1.705157497008968619e+02 -3.469560405220167149e-02 1.397757003202933224e-02
1.132081299810235578e+03 1.997616480226589033e+02 1.254183203922696332e-01 1.517991433322689043e-01
1.268719697005275975e+03 2.888292155228123761e+02 1.048379780872089884e-02 5.613268348895417148e-02
1.262485725889363948e+03 3.888721184376685756e+02 1.306979118905973389e-02 3.859749815321675617e-03
5.670631387465209627e+02 3.816805198709789124e+02 1.523893411330846069e-02 -2.694384990114940745e-02
2.138450924825710331e+02 7.402947921021942648e+02 3.668098619594388661e-03 2.916136223504963831e-03
1.186775222741046178e+02 4.129481289408328735e+02 -2.647144169667187685e-01 -3.576714474670181221e-01
1.191678440678777633e+03 3.560017217230468418e+02 6.201094780756332726e-03 -1.690237320389667520e-03
1.008219299993328491e+03 9.275397419823083283e+02 2.349707660381942034e-04 1.073027987220076247e-04
2.828216887212255983e+02 4.896195180537480951e+02 4.510689173068508501e-02 2.791448512666860893e-01
1.043509013506321708e+03 2.112635285704818102e+02 -8.272917733762596981e-04 -1.912695358269012047e-02
1.123687878388644322e+03 3.332030663129752384e+02 4.216625224409634859e-02 -1.348602880326765785e-02
1.241115672275416728e+03 3.343419318429405394e+02 2.147654767972066378e-02 -3.668906916995240408e-02
1.786838867644379150e+02 5.689422240737818584e+02 -8.153325677703548990e-03 -2.666759223658488054e-02
3.296824738973473927e+02 1.095006204391845813e+03 2.213081529421062899e-01 -2.815750644358179858e-02
2.046518564437938039e+02 5.168007373172517873e+02 5.157104115851856999e-04 -1.458054539832235284e-02
1.105112705196327624e+03 1.693308973294736575e+02 3.329135445012767480e-01 -1.228238851924924740e-01
1.206264369571774978e+03 2.284039968982989137e+02 -1.069504971240910034e-02 1.348732288505758228e-02
1.191102225149528977e+03 2.493932202726653600e+02 2.927956569111940521e-02 9.682839456195445338e-02
1.120324522882842075e+03 2.999992702194691674e+02 -5.767253731668693650e-02 1.059590610604955324e-02
1.153881469672580522e+02 4.171449978591425634e+02 -2.261458030434140287e-01 -3.999950355989693174e-01
1.060577121330635691e+03 2.296503374059938665e+02 8.816637906509482495e-03 -1.299130922065093452e-02
1.115151498336350869e+03 2.217310954685270872e+02 3.096585861680978269e-02 -1.237502325130680203e-01
1.098510230688079901e+03 2.113401429157743223e+02 1.334530761665064236e-01 -2.439645129923879441e-01
1.158373455689616321e+03 3.603913077527212181e+02 5.039704255640976155e-02 -2.104656994084861191e-03
2.608938982786689849e+02 6.191578118648989175e+02 -3.766948494987647981e-04 -1.827275088563106234e-02
1.073026464367510243e+03 2.032500820305648972e+02 -3.803080542976069456e-01 4.153400006307034209e-01
1.081072151383625624e+03 1.868034353058233137e+02 -1.176103450542552026e-01 1.553886432532399220e-01
1.168970588749230501e+03 1.975605977264461046e+02 -2.257291488148291392e-02 3.749439259106143035e-02
1.351231734677027816e+03 2.615173410649236416e+02 1.600395499661867336e-03 -1.764977371260292079e-03
2.801188529147412396e+02 6.206993743938862735e+02 3.070379131552298732e-02 -2.065614093177119484e-02
2.623942538645644618e+02 3.385452976079357654e+02 4.990865143266665777e-02 2.201173560555511333e-01
1.017037938363645367e+03 2.306742984577854543e+02 -6.150533674977103765e-02 2.429610070649285414e-01
1.068044568073916935e+03 2.282352935538523866e+02 -6.014051119755203095e-02 -5.624947698174764810e-02
1.203062514099492546e+03 2.449905879742265142e+02 -2.023422186243806209e-02 5.046222466235995158e-02
1.147527581488142459e+03 3.467101044586826788e+02 1.594321965863833290e-02 -2.634767015503418353e-02
1.108290350436253448e+03 1.612372749929454585e+02 3.004467481898700498e-01 8.891202392477950966e-02
1.094568781649873699e+03 2.336546430933894669e+02 -4.522516537422802824e-02 4.472987012961858744e-01
1.191959619355097857e+03 3.471430423743105962e+02 5.906121116554459427e-02 7.353215188885683928e-02
1.147140805622077323e+03 3.676339181750539069e+02 1.080304856408815725e-02 9.703925489310450195e-03
2.557954826887062723e+02 6.027385230532963760e+02 -1.551945712776046059e-02 -9.906747089016221947e-03
1.090623611008476246e+03 1.999402954779847050e+02 -6.132332302572999355e-02 4.940744517222274423e-02
1.053548019621491449e+03 2.436344858326271492e+02 5.132143914183055072e-02 1.581309975746103824e-01
1.066462355004169694e+03 2.546835928098782631e+02 4.905565538402720804e-01 -1.463588888950062838e-01
1.091442068823671207e+03 3.060802104278050138e+02 1.958319227498157844e-01 2.599161288536752656e-01
1.069601178745949483e+03 1.540280606910627057e+02 7.035105737306941026e-03 1.827028381740092300e-05
1.128161769373580228e+03 2.398918193640186018e+02 -7.252990265944965118e-05 1.044665411715283848e-01
1.179843514930440051e+03 2.121374233309333022e+02 -4.975561841242898825e-02 1.042614496133556917e-01
1.038215410204428963e+03 2.327043868111277902e+02 3.132585331477580337e-02 -3.387808775421274898e-02
1.055164445952553024e+03 2.374477593094216559e+02 -4.692839456838309581e-02 7.550264645761914362e-02
1.046432886146203600e+03 2.588447909206359441e+02 1.358305330263954447e-01 -5.368665742427836118e-01
2.638973159929125814e+02 6.877486039027802462e+02 8.681205163255170665e-03 3.727364259994779550e-03
8.423520178014165083e+01 3.568233739937996916e+02 8.529574469048463101e-03 1.368295995681339389e-02
1.003309410585851879e+03 2.051744360186680467e+02 1.049223603840864112e-02 -2.883887530803343202e-02
1.174927660871847820e+03 1.599633272972617704e+02 1.802012811371835332e-01 -3.082457758774815870e-01
2.239982063764964266e+02 7.089233568468700923e+02 1.141898280206671799e-03 4.823105977010300194e-03
1.019610565502310010e+03 8.609700035291093627e+02 4.333020380518822216e-04 6.688122704818826904e-03
2.908029509993845068e+02 4.456810103356846753e+02 9.123864874549424131e-02 2.802502340165071160e-01
1.115868796989453813e+03 2.340247872437330727e+02 2.058706930502856858e-01 -2.304490658759772992e-01
1.141810176559795536e+03 3.456511850916553499e+02 -1.201226300963233878e-01 8.448557870704331840e-02
1.153931887989700044e+03 3.611629767197939600e+02 1.575369725238618124e-01 -1.593996357353376081e-01
1.129991652898125039e+03 1.791064536220357866e+02 1.234621980489156862e-01 -2.464761707894796983e-01
1.160593287853419497e+03 3.094710079278451076e+02 1.806371544128269890e-01 2.209344628467152516e-01
2.804739832091108269e+02 6.923645734238180012e+02 7.374497425570660132e-04 4.259025743214592784e-03
2.445489346103751984e+02 5.134929504506612830e+02 1.741556901318447037e-01 -2.381368818924047004e-01
6.517399387269801991e+02 4.764266860882673313e+02 6.312761348688196439e-03 6.346429308547213433e-02
1.134802273225914632e+03 1.544059962442427150e+02 -1.883933420858187671e-03 -3.978332276698314440e-04
1.250278659742730952e+03 3.358570861117588606e+02 -1.753581729159867098e-01 -3.192727391740907833e-02
9.969576154476733336e+02 1.739561023523762628e+02 2.963843201479038000e-02 -1.017758189198478963e-01
1.070769438229848447e+03 3.082578653122646983e+02 -7.588878089967281962e-04 -1.772497378256726597e-01
2.019699690919656518e+02 6.607466874701043480e+02 -1.108739895888821853e-01 4.096162789832701878e-01
1.388364089309873748e+02 3.978729522054970857e+02 4.591711209353851152e-03 1.965643562710587058e-02
1.305957439911621805e+03 3.561937387106873416e+02 -2.474586362549795748e-01 7.523389119413839699e-02
2.356148669411133767e+02 7.117059920574771468e+02 3.686488394610781122e-02 5.149917358287817853e-02
2.312184956524518498e+02 7.394637371661948464e+02 -1.284221235077893583e-02 2.390333627196241512e-02
2.465140085214745795e+02 5.219659185406575261e+02 1.645967625656735711e-01 -2.216492398036727096e-01
1.145294441936203839e+03 3.719227581475009856e+02 3.343692612834901767e-02 -1.984473488144133102e-01
2.636344191909317942e+02 6.764908681989638808e+02 2.203953493363016922e-03 -9.849908419059359710e-02
2.293163918941774000e+02 6.828166891889393355e+02 -2.664975958628372412e-03 -1.404911620525205011e-02
2.145737547896102910e+02 7.367844059874081495e+02 6.344545090496565842e-02 1.729740104240371223e-01
2.415080215476784247e+02 2.952765350363153516e+02 6.122202680998510560e-02 2.059297366620752023e-01
6.763145351390774067e+02 4.998763095492601565e+02 1.209339381790431114e-02 5.485100818115522074e-03
2.628159078745052852e+02 5.362804974004825453e+02 -1.016042809127471781e-02 3.054669177015206238e-01
2.883633128329616397e+02 4.427766412641109923e+02 3.600399506752602341e-02 1.549968865420641440e-01
9.988709848468760129e+02 2.109510319435900101e+02 9.418348667171236310e-02 -8.605142400039020312e-02
1.860450985954396970e+02 6.690946771900486283e+02 5.304202695145822377e-02 -1.893578129806664512e-01
2.136089181120283342e+02 7.335321048461304372e+02 5.250778988070692321e-03 2.161301053474613265e-01
2.629724225280430119e+02 3.793217777155960562e+02 -4.630385689624517964e-02 -2.239217787613347332e-01
1.064273502708204433e+03 1.554501460675500653e+02 2.643020823036749956e-02 3.124214624404657997e-02
1.034487919768534539e+03 2.158775612805684716e+02 -6.945204772377110147e-02 1.239249222053808858e-01
1.260194402454336114e+03 3.073981127373519939e+02 -2.555156789351621938e-01 -1.646058118430119080e-02
2.484750128652966623e+02 6.377238556817824247e+02 -1.867406775477320491e-04 -4.406933793384268903e-03
3.591853408812739303e+02 1.082098224870033164e+03 2.774198739057897045e-01 -2.243144827215019232e-01
1.102328636399175821e+03 1.480367573946931543e+02 3.099200803859503139e-03 -1.448886053683651198e-02
1.206297399926173284e+03 4.242197024124815812e+02 -1.243894067869177888e-03 1.953154169351970729e-03
2.061547679053265938e+02 6.975991231621039788e+02 4.075061343595483970e-02 2.355289769966380578e-02
1.103928520349896189e+03 2.108166645435244106e+02 1.559961083623875311e-01 -4.581600666370453934e-01
1.077084332707109979e+03 2.520888356325336304e+02 -3.721514861590238810e-01 -5.650886620970977693e-03
1.217072774261044060e+03 2.239965552898095495e+02 4.877079738369874407e-02 -1.712083913928381662e-01
1.266080094760615111e+03 2.644439699536907256e+02 1.254525538815972618e-01 -2.361033289257803147e-01
2.443683634032188650e+02 5.556762793478580988e+02 1.505387476987852802e-01 -1.248028872770419184e-01
2.042859334795120390e+02 6.400391606943639999e+02 -1.448201026821788195e-01 3.926922407745533916e-01
9.851903336297334590e+02 2.125534523168630017e+02 -4.493769234050844566e-03 -1.265005702377461003e-02
1.139844065567651342e+03 2.412043237432985734e+02 -4.632289240827872079e-02 -1.545454701597815880e-02
1.212946957473460770e+03 3.182904151554047871e+02 2.498180486832855818e-01 -2.250059103455252230e-01
1.212721442651784400e+03 3.760436697626512910e+02 -4.924670428218156509e-02 9.394243781070513166e-02
2.453717857208054056e+02 5.310921624211260905e+02 6.173967000496342200e-02 -1.914685996164550985e-01
2.569114988711212959e+02 7.137495470943583769e+02 -5.506206176126700498e-03 1.224867087201649517e-02
2.443938250572555830e+02 2.905556554229703465e+02 -1.048222971116103894e-02 1.263411553743480908e-01
1.039242522330827114e+03 1.726762883574812122e+02 -1.850001016008431462e-02 -2.587066384504354416e-02
1.244346338337692032e+03 3.046976267952915123e+02 -2.477364800761518507e-02 2.031311709465925541e-01
2.313894965406616109e+02 6.528914424727577170e+02 -7.763758149347740889e-02 1.161974147019787101e-01
2.696292103004341811e+02 4.856389661731730598e+02 3.090413488004628562e-02 -1.551498913879704178e-01
2.356708810668065155e+02 5.300550291041361106e+02 2.127058857107581580e-01 -2.188114203079546960e-01
1.065579754223159171e+03 2.359123895392184522e+02 1.328590206668422979e-01 -2.862270810968665646e-01
1.062128645008396006e+03 2.650927136075652015e+02 2.471078707227813143e-01 3.479739156768933417e-01
1.196553320421397302e+03 2.222067059977542556e+02 -2.859943379336174225e-03 -1.711720276130771975e-02
1.264053839697229250e+03 3.314708094534549900e+02 3.112963095351233278e-01 1.242376595215988477e-01
1.113260615866407079e+03 3.552335587845779514e+02 7.542482642034226137e-02 -1.983360575538502812e-01
9.215800432686493195e+02 8.632065852399207415e+02 -6.675708376443860274e-03 2.513444400322997502e-03
8.191715841688509272e+02 3.315312371526252946e+02 1.396541599652824893e-02 2.900963638313669435e-02
1.136891860346069507e+03 1.896117578184120589e+02 -1.089201911982513593e-01 3.139279685873557213e-01
1.169301177300681275e+03 3.502839636774887140e+02 -2.595547223880600995e-02 -8.773350271224344965e-02
5.209696334794522272e+02 5.331282236812564861e+02 -1.757745591248038863e-02 -3.735934143630714743e-02
1.033864130874100283e+03 2.021759022776583663e+02 5.119329254812328422e-02 1.790516012862895107e-02
1.112811517478579844e+03 2.056107010174325183e+02 -6.460195435486942861e-02 1.411073208119641154e-01
1.118851642944191553e+03 2.142146242068657500e+02 -3.449244746035826092e-02 3.044757918444816053e-02
1.193071478377764379e+03 2.905647476422398086e+02 -4.889291386266298445e-01 -2.010149249925386183e-01
1.235183174057257702e+03 3.499802428678186175e+02 -5.645682431375765448e-02 -3.657767305024890725e-02
1.176054564308837143e+03 3.830387480669667184e+02 -2.713604736230384659e-02 -4.971772173246335851e-03
2.811008626933729033e+02 6.436626329085181624e+02 2.574020627124203389e-02 -1.326081577968428286e-02
2.582592236510792532e+02 3.960429876438757901e+02 -4.350753258007346302e-02 2.249254554416292573e-01
9.833906651246117008e+02 1.763642806897370008e+02 1.403813163968834488e-01 -1.693618316179034966e-01
1.002133442110000942e+03 1.991632692543712437e+02 -1.044710856699160584e-01 3.076960603081094758e-01
1.095110915198191833e+03 2.121338209789287248e+02 -4.560294197608527611e-02 1.773033123671967082e-01
1.249575126828490284e+03 2.976595544693672650e+02 3.558637053967166758e-02 7.373502498387145276e-02
1.287008978012365560e+03 3.073836895656695560e+02 1.400119868275493951e-01 2.840055720552965846e-01
2.462181815827433979e+02 3.570397803432704222e+02 3.730390140989925385e-02 1.740939406657057154e-01
2.947649212223438440e+02 4.906046701293950605e+02 9.592088009342730065e-03 1.597881068298997453e-01
1.129094185686748460e+03 2.148107639785397964e+02 -2.999423261275506458e-02 2.103985332870698111e-01
1.257023820486825116e+03 3.380641502815772697e+02 1.491424541755595190e-01 -1.602907363721110118e-02
2.505360835256285554e+02 7.104519958087596478e+02 -4.160908844273063299e-04 -7.901652214120357190e-03
1.054921011532430157e+03 1.680368693141751919e+02 -1.094970409845548963e-02 5.759466185346676786e-02
1.029900972539008308e+03 2.314640500929057794e+02 1.426107381134518980e-02 4.699745826126644488e-02
1.095973369905338132e+03 2.961905490233103251e+02 1.904124666412106703e-01 9.716847512389392705e-02
1.186315737217997821e+03 1.728414741735964810e+02 -7.386734165341597887e-03 1.213012041755708557e-02
1.169157426109188009e+03 2.426931721607567738e+02 5.279165973572238352e-02 -1.770220215530665941e-01
1.276197722646427337e+03 3.122832127400976105e+02 1.945395779207122547e-02 1.570560858396182272e-02
1.236285748916096281e+03 3.529921867885192910e+02 -4.708199428095364431e-02 -5.922128131623575348e-02
1.198679389658292621e+03 3.642577280977722012e+02 -2.894993463170673562e-02 -3.737582528160032780e-03
2.752852355691808270e+02 5.756625144318966250e+02 1.621631209769181792e-01 1.796238791177984240e-02
1.232154588693265396e+03 3.230857044832296197e+02 2.945480305975458624e-01 -1.015212724637008651e-01
2.760078108534935382e+02 5.364040128445359414e+02 -4.861259190586120910e-02 -1.613950063801377621e-01
2.356127506097242588e+02 3.009255311134682529e+02 -8.656367816399779258e-03 1.274010308355570942e-01
1.120747517664646466e+03 1.763121534108131812e+02 -1.965878368521316658e-02 -1.364315815146710520e-02
9.937664772070556864e+02 2.032028676022025024e+02 -9.981650894233098925e-02 -1.554206180638573187e-02
1.232941224212059979e+03 2.979812434375060093e+02 -8.378217158876850867e-02 -5.157516482415758392e-03
2.872185366018125592e+02 6.435671869681204953e+02 -3.165931838395863451e-02 -2.393683726910467158e-02
2.194928663322621105e+02 6.771552671040922178e+02 -2.028809063524761314e-02 -1.655129441655844857e-02
3.060396590684567855e+02 5.278602685694019101e+02 -4.476466993211260931e-02 -8.508530920714747758e-02
1.007836989438984006e+03 1.765824764982542945e+02 -9.586990431132057233e-02 1.885667354528032247e-01
1.066214243862231569e+03 1.944159416859565397e+02 2.172418186033711271e-02 -1.022434923038102045e-02
1.102119101579173730e+03 2.244033983209268115e+02 6.491127160570107912e-02 -1.297316548166583816e-01
1.182573389025858660e+03 2.243504812935746600e+02 -1.258706950366104138e-01 -2.238396298691232855e-01
1.298696489036133926e+03 3.575827173367104024e+02 6.544481413319165608e-02 4.486875564528089444e-02
9.148231534014345243e+02 8.420040565668914496e+02 -4.665880377284439828e-02 -7.114951531952505917e-03
1.939758101537746313e+02 3.192172968769447152e+02 3.032479933654741444e-03 3.763687649176006289e-03
2.672480645897603040e+02 4.774000419113655767e+02 1.970398270894975212e-01 -7.744753905806334160e-02
1.157233496501778973e+03 2.750766405859635597e+02 -2.080835845339379375e-02 -1.135534654070227134e-01
1.293661120397348441e+03 3.561388703421550872e+02 1.061744905550767726e-01 -2.859537315375249023e-01
1.884216988466432952e+02 6.262011836079004752e+02 5.555865557735018001e-03 -2.081724930857262734e-01
1.086984849214445831e+03 2.309612681231673434e+02 6.649288749508741603e-02 -1.573745317810570643e-01
1.155155695132873461e+03 3.344225914727875306e+02 1.499951057205635152e-01 -2.936320126804211061e-01
2.980468436443411520e+02 5.358707689313222318e+02 9.392215801006743858e-02 -6.505411493890278507e-03
2.107128252496643768e+02 5.984373148380310568e+02 1.169827515020764597e-01 -3.938666494602135471e-01
2.348411406635245839e+02 7.105557351374459358e+02 1.584079523731978531e-03 3.857597215934609972e-03
2.467397727238787297e+02 7.188050820206005938e+02 -4.077511572047244452e-03 4.965710841945890309e-04
1.341218959869777905e+02 3.988540760981705375e+02 -8.099407956993805169e-02 -2.360295964733154506e-01
1.123404970892793244e+03 2.039801282954637998e+02 1.486463858709991259e-01 1.960884326599625638e-01
1.071424746493306657e+03 3.398232115784476832e+02 1.472406680442948923e-01 -3.492308539810646262e-01
1.154274148909083124e+03 2.133214098812074440e+02 1.228328231921598929e-01 -7.094897804974209521e-02
1.155733480451229070e+03 2.358149480746392896e+02 -3.230507248038823939e-03 2.781283281536180499e-02
1.131089125721133087e+03 2.482252933456634878e+02 -3.254902524020053534e-02 5.286857260748453052e-02
2.631365528242444611e+02 6.843318961705391530e+02 6.784149538380764184e-03 -1.129855827108864653e-02
1.014060325027471890e+03 1.717530229682729157e+02 1.530778515269957951e-01 1.310191346292356174e-01
1.098045315412689661e+03 3.045333506762428897e+02 -1.162424596250275464e-02 5.070676484602472112e-01
1.165064379261448266e+03 3.530492769317177704e+02 1.086628452386321497e-01 -1.798541857775262653e-01
1.170786593968889747e+03 3.677900377903098388e+02 -1.674685682139624987e-01 1.199522892399329521e-02
2.384999140692512469e+02 3.422362250772152947e+02 -3.967378136497737989e-02 -1.521057350802834662e-01
2.884153930407392750e+02 4.812735605058280726e+02 -1.564320138430730367e-01 -2.502524336280960784e-02
3.221292521469057419e+02 5.159820850862512316e+02 5.081169082732609615e-02 -4.190205983790443872e-02
1.124064074727207526e+03 1.788021404587507277e+02 -9.452656832657642394e-02 2.275505797736153968e-01
1.040762846403462163e+03 2.781478349475384562e+02 1.816879123884973524e-02 8.194159499993247664e-02
1.138479051602635082e+03 3.153591349381568989e+02 -4.063226254303723556e-02 5.471083280796923409e-01
1.187690357387331915e+03 3.355390519422696798e+02 4.810943091721735058e-03 -2.447462119082880957e-02
1.237374706327496597e+03 4.007728627820670795e+02 -7.862779364442455676e-02 1.089537454816612155e-01
2.899829299700272145e+02 6.705156515067694727e+02 -1.407601365144728334e-02 -4.377100656211041496e-02
2.034117134359443639e+02 7.086453580646357295e+02 3.244726129120560350e-04 -1.724211376291956699e-01
9.661406820235275745e+02 8.529545428682930606e+02 1.347622933947908129e-02 -3.099371671972524570e-02
2.423345671098483365e+02 3.354222612050261887e+02 2.594614586807608703e-02 2.718905286766357676e-01
2.500217578627255932e+02 3.550158300108754474e+02 1.423189723487894298e-02 -1.529914094811601899e-02
2.616826877792851178e+02 3.751963184413623367e+02 1.487892925814549017e-02 4.101655003244388809e-01
4.915064339078613784e+02 4.621181378822892611e+02 -2.624358264625925585e-02 -4.835590477472351267e-02
1.093649038486599693e+03 2.064086420798710719e+02 9.695001979468997888e-02 -4.371656682365312463e-01
1.099403615387423770e+03 2.194385777483373374e+02 5.617182423043232120e-02 -1.185864066080455359e-02
1.046280727566869473e+03 2.381898753509708229e+02 5.941701063397886173e-02 -1.489917291149254197e-01
1.058009943402368890e+03 2.412697210797522871e+02 -2.114784374589362415e-02 8.347519110643020213e-03
1.173767072563246984e+03 1.538818004881444210e+02 1.730103616580436210e-02 -5.217730721344082667e-02
1.220768028463977771e+03 2.796143068445418862e+02 4.231930217006265593e-01 -9.785921356927929082e-02
1.209233544848935708e+03 3.062281848921618916e+02 1.378503202301999409e-01 1.951186286328265851e-02
1.249745623608425149e+03 3.314157541868393650e+02 1.440747821575314447e-01 -6.435579528425705576e-02
5.473215761327842301e+02 5.171402509252662867e+02 -8.739370394908974049e-02 9.817796536935929907e-03
2.540602480870290663e+02 3.090241415947278938e+02 0.000000000000000000e+00 0.000000000000000000e+00
2.628102433128727284e+02 4.644413160568835792e+02 0.000000000000000000e+00 0.000000000000000000e+00
2.721286690497055361e+02 4.855645122909741644e+02 0.000000000000000000e+00 0.000000000000000000e+00
4.874044094346431848e+02 4.754813088540564650e+02 0.000000000000000000e+00 0.000000000000000000e+00
1.024721149250652843e+03 1.983538563227426437e+02 0.000000000000000000e+00 0.000000000000000000e+00
1.046338063659299678e+03 2.235983393496526048e+02 0.000000000000000000e+00 0.000000000000000000e+00
1.146620971159606142e+03 3.358520565051501308e+02 0.000000000000000000e+00 0.000000000000000000e+00
2.506688977436096479e+02 7.271882667803130289e+02 0.000000000000000000e+00 0.000000000000000000e+00
5.631144110388456738e+02 7.909606806342796972e+02 0.000000000000000000e+00 0.000000000000000000e+00
1.060790328693684160e+03 7.864519157176271165e+02 0.000000000000000000e+00 0.000000000000000000e+00
1.063375108843858015e+03 7.999695857313765828e+02 0.000000000000000000e+00 0.000000000000000000e+00
