1.331804183051855262e+02 3.822853858584664408e+02 4.672966455915862106e-03 1.042569954680539965e-02
2.665112030105459553e+02 6.846213784882839946e+02 1.315994856329021599e-02 1.832014588652971718e-02
2.546276789384647259e+02 4.660631593548960723e+02 -5.012876048616106271e-05 1.312417168924353596e-02
3.180970377168388836e+02 4.742093770392782517e+02 -1.323070980009619655e-04 1.931925167433868121e-03
5.658665003870171404e+02 3.867075594574709498e+02 -3.381352206869820494e-05 2.124172232397642315e-02
2.771125162619809998e+02 6.071463759283033141e+02 -1.428696761554070979e-02 2.592638229417469908e-01
8.294950441015955676e+02 4.086890864802284682e+02 -2.128574033849422228e-03 4.509523408556799159e-03
7.051850040599780414e+02 4.148415581096106735e+02 -9.123168293694340625e-03 -2.549354119008402295e-02
6.343584944655946174e+02 8.221988374373681836e+02 -1.768214203078212823e-04 9.221295569664062029e-04
9.123285975799799417e+02 8.059752145046697933e+02 5.026995988805763212e-04 -8.835767473072175847e-04
4.598980137324528528e+02 9.415402116721371613e+02 3.855339830942969108e-04 -9.828701078905027928e-04
9.072259292879579107e+02 9.246713819775731054e+02 3.722197206417770686e-04 5.153117292525841753e-06
9.002893998779860567e+02 9.269508561811616119e+02 1.786310920152519004e-03 2.233818883203837584e-03
6.801861076633118728e+02 1.016886119801142286e+03 -2.507335697248278539e-01 2.467306132809352071e-01
7.149294269677628790e+02 1.011539267710649483e+03 3.950015887724448826e-04 -3.174507486740970469e-04
7.049724477435124754e+02 1.023723467620651718e+03 9.738687164336075558e-04 -1.273611316645034805e-04
9.841533924913360352e+02 8.463396666167691365e+02 -1.426805271913364394e-03 1.731568046188210110e-03
4.816488863357833452e+02 1.099090483125836499e+03 2.442763352710604501e-05 5.446833268810097979e-04
7.044393079332588741e+02 1.036598936744006323e+03 8.093501574405921606e-04 5.163219378024259173e-04
7.518035696654633284e+02 1.067624274375516052e+03 4.112703680711641890e-04 -3.784788349332644710e-04
7.456758633344092004e+02 1.071447500605689811e+03 9.800368162800758066e-05 -1.666653414160086145e-04
1.312606825992298809e+02 3.255192724360389889e+02 2.005366121137951846e-03 3.785793801945588032e-03
8.997815441037650999e+02 1.102106236453259498e+03 1.345004960582384806e-03 -4.938197845725574714e-04
3.902844375157498575e+02 1.089945717448347978e+03 -4.307550362599645022e-03 -6.337606645673185025e-03
5.626944092104311039e+02 4.578912182013569350e+02 -1.332066141368487902e-02 -4.846100184568733447e-03
2.621098034115144060e+02 7.416944961093690836e+02 -3.295438916503520138e-03 -6.927856595361485403e-03
4.124640636466747878e+02 1.061191423048322122e+03 8.620868415587526479e-03 -1.298460375470889341e-02
1.009300181920591285e+03 8.173340506217497250e+02 -4.368598461390923310e-04 -3.571709568999235809e-04
4.852030279530994790e+02 4.505641315922746912e+02 -1.447548011831450293e-02 2.020983871494088160e-02
2.233113559939725121e+02 7.551147268564410524e+02 2.947251986915606654e-03 3.889510535639889750e-03
5.985286230058452475e+02 4.384833781177657670e+02 3.008813119735539564e-03 2.472978767376290358e-03
8.285926212948529610e+02 3.202471298489144829e+02 6.906499638618994463e-03 -1.983277192555598853e-02
4.651212174140289335e+02 4.578725307064425465e+02 2.397899765708076582e-03 2.187140899317261897e-02
2.485999878498132318e+02 7.199245681622005577e+02 -2.234175705463075680e-03 -7.420395289755962048e-03
4.934239777039688306e+02 4.303707270403024836e+02 1.124642239094184037e-02 5.595261650928298053e-03
9.701402480870257250e+02 8.448826413710572751e+02 3.720973345761563835e-04 2.020596648750629110e-03
1.020909005476312245e+03 8.151712595630731357e+02 4.707971321152237647e-03 -1.154292430364515848e-03
2.017958791539593904e+02 5.099674451747591206e+02 -1.640328420879369128e-02 -1.101468176525069800e-02
9.592740880780075940e+02 8.520446078995496464e+02 2.513035202029488199e-02 1.277087376457295732e-02
8.264160468632824177e+02 3.443423028250446691e+02 8.123395749826519069e-04 -6.285167346849749800e-03
5.031872961453998983e+02 4.426846331763825333e+02 -3.049108375294751899e-03 2.097359309606989814e-03
1.004722364905545760e+03 8.320743520351899178e+02 1.937705316617445873e-03 1.078964944899623093e-02
4.939273670181537454e+02 4.405288479043252323e+02 -1.248646885391290189e-03 -8.393147501603587116e-04
2.565996449722507009e+02 7.443726109276921079e+02 1.899488807868967427e-03 -3.024203853540414501e-04
1.926616191766953534e+02 5.782944174375409148e+02 -1.486374298234140233e-03 -3.072781311960954154e-03
9.884789425339929494e+02 8.204588521123951068e+02 1.715031511900300468e-03 -4.010370223388217943e-04
1.016823852323158803e+03 8.100341350597360588e+02 5.614341390087653058e-04 1.105289237053097605e-03
9.845917388822701923e+02 8.146409932211787464e+02 -1.155107189015888020e-02 -6.849918188821236403e-03
5.839149716598412851e+02 4.506497338953591338e+02 -1.201624348123410055e-02 7.533965480704939155e-02
1.245391110325788532e+03 3.970794182519285869e+02 4.005666105961222176e-03 -2.909438980854548926e-03
1.184624261706536117e+03 2.484179390546034654e+02 4.230093353622704669e-04 -1.257121172918737768e-02
2.429977019387062853e+02 3.595297247266789782e+02 -7.596688665862862122e-02 -2.499057113316842382e-01
2.611799473622944561e+02 6.132520896223584259e+02 2.972633209400001812e-03 -2.195131587617796341e-03
9.510575342707660411e+02 8.370044540337610215e+02 1.005656523011791816e-03 -2.195820027417098343e-03
8.077793364415809947e+02 8.799892604836729788e+02 -2.298388356999422812e-03 -1.175200555114837980e-02
9.227563069657312553e+02 8.293817269121527715e+02 7.267787564880635702e-03 1.072972528187156067e-03
2.604993696565300638e+02 5.841808022002204552e+02 -3.882551415200499560e-03 2.667122478924014340e-04
7.956299427253049998e+02 3.639156298888767651e+02 -3.929855101671251606e-03 6.962021015116835396e-03
9.510075107881231133e+02 8.433459161029264806e+02 9.452044023997713262e-03 -8.903375702575971190e-03
1.033749279994520293e+03 8.308402757257164239e+02 8.135185928834982524e-03 -2.163938357188100597e-02
9.147050466366017645e+02 8.285294814082282073e+02 -3.377787832738420471e-03 -5.499645300610249421e-03
9.833087053803343451e+02 8.689078907896530382e+02 3.925191882797094724e-03 8.320997467015529012e-05
2.771990717897124341e+02 4.507315246838057874e+02 2.357562794878281104e-02 1.113260505490552277e-01
9.771526836690459277e+02 8.654001690764176828e+02 -1.119935503840391137e-03 -3.111283284209382001e-03
3.348912861730606210e+02 5.663534119700267411e+02 6.547306597368537928e-02 -7.947937709201538178e-03
9.905068900209233789e+02 8.505695075009239190e+02 6.630551080088525374e-03 -2.882837147054298933e-03
9.672725925734386010e+02 8.734588242345085973e+02 4.951533478461978520e-03 1.232476227333691946e-03
9.573524065468014896e+02 8.611906781133998265e+02 9.965934822872386193e-04 -1.931285870572276410e-03
1.968232870486420723e+02 5.725609145780206291e+02 -2.032353790230665824e-03 -7.035259457536698069e-03
2.685887387968656981e+02 5.651563772109719821e+02 3.826171817402639064e-02 2.026093245534999476e-01
5.087654588425167503e+02 4.229174010938453989e+02 -2.003280219835322853e-02 1.318854393883445338e-03
8.028288019256044663e+02 3.566760059565963275e+02 1.373160547209769039e-03 1.263739348671054884e-02
8.019015827462334300e+02 3.466951976728782370e+02 2.259569237811648746e-03 -2.396589545349518766e-03
9.444339649945509336e+02 8.732071666352524062e+02 7.418930877169133131e-03 -1.305379155970661821e-02
1.145526998115584774e+03 2.281047256214989147e+02 1.331218691945812958e-02 -3.942857040355832524e-03
2.692224400113768183e+02 5.340466980785292890e+02 -1.461865762996885920e-01 1.858749519601205213e-01
5.654573753446886712e+02 4.656971852044016487e+02 1.871544505914667089e-03 1.129692376170707280e-02
1.027352469921467900e+03 8.256897110755751328e+02 1.622861751853309827e-03 -4.105537465631128521e-03
4.892440799739887325e+02 5.245034982717093044e+02 -2.308880396651557532e-01 1.433342067567871247e-01
7.365340710746901323e+02 9.665093569040852799e+02 -2.101771219531205909e-02 1.496041824577674841e-03
9.952939193985661177e+02 8.783909990754398223e+02 -8.216401697564374232e-04 5.263154681208358741e-03
4.706160780984073995e+02 4.362531267709355234e+02 1.949233195680695691e-03 -2.828617140347986555e-03
7.904189219303378877e+02 3.373689711167752421e+02 3.731758008824398454e-02 -2.922564327549860910e-02
9.719683789954315216e+02 8.930823450952951816e+02 -1.707744906989229136e-03 3.870346595506069572e-03
5.701475433018608783e+02 4.309703855428295469e+02 -6.665319201287914566e-03 -2.205631932921809681e-03
2.103053524968356953e+02 7.187579335380900147e+02 6.927514479606810931e-03 1.861019684420148548e-02
9.295921574918779697e+02 8.373653715936153503e+02 9.399085958347817502e-03 3.478160146577879714e-03
9.708614591484774792e+02 8.222688472268237092e+02 7.343962692017824007e-03 -1.150937434023814078e-02
1.012056211951672481e+03 8.735444483720364133e+02 6.091684150114455576e-03 1.205899866283293743e-02
4.754528298997959155e+02 4.463201080691889047e+02 1.071435695126696794e-03 2.429675045207902508e-05
2.946310078717338001e+02 6.582950739932906572e+02 8.135675276530671390e-04 5.643910283416823243e-03
9.024129884239874855e+02 8.617834550032207517e+02 7.092954875877757748e-03 -4.475600066332773193e-03
3.044346840513122174e+02 6.418104896662332521e+02 -2.526271755714738689e-03 6.000019015384240421e-03
1.270015832053956274e+03 2.970711225247956691e+02 1.601061591843135068e-02 2.865864356115005451e-02
1.032949855943653347e+03 8.705091508516580916e+02 3.875205716206050251e-03 8.886747734788856459e-04
1.002119346073758834e+03 8.158558742577978364e+02 -8.571216738859545206e-05 -9.492359682522279489e-04
1.172091877246069089e+03 1.432528612743814449e+02 -1.548512710324433626e-02 -3.669719788017584972e-02
6.247178213681820580e+02 3.895928658738288846e+02 5.086008427480631644e-02 1.345305680702423012e-02
9.491373547516394638e+02 8.237639829213406983e+02 4.848608885465795215e-03 -1.829153631659903448e-03
2.468036161008096769e+02 4.895893180617414941e+02 3.093834037188223848e-02 -7.633708789319877674e-02
7.144408536102760081e+02 9.555417951445875815e+02 9.927823879567344856e-03 9.657710947220326386e-03
6.525411107830365154e+02 4.761311887762502693e+02 5.115598580449377819e-02 2.362171485628217563e-02
4.877855577105082148e+02 4.600666598981213156e+02 -4.068928572524278288e-03 9.256731594884158240e-03
4.367713713726554943e+02 1.063269069434782978e+03 1.089589999650391466e-01 -6.161551600382946664e-02
2.365700201309857960e+02 7.162861918719193000e+02 -1.372891558134477870e-03 4.661339939174116535e-03
8.248113278668724888e+02 1.102239493790078996e+03 1.050036966882481266e-03 9.328646935527742847e-04
3.212860570535243596e+02 6.080166814820236141e+02 5.033562433002001547e-03 -2.480452520494013952e-03
3.508756035041016048e+02 5.631235611928962044e+02 1.616580385744149084e-01 6.609036500036057473e-04
7.630454989753624204e+02 3.864478358218260610e+02 2.706292483651958659e-03 -1.068195117619214797e-02
7.191076707593509809e+02 9.141670543149173227e+02 9.851161283679608655e-04 -1.137157555064894189e-03
2.513452999450623793e+02 6.596709048822898467e+02 3.869560677123550993e-03 1.094241527053187906e-03
2.682179283694111405e+02 3.006706255281327458e+02 5.856905133001500362e-04 3.461715793763584133e-03
1.168603270684868221e+03 2.143393010527077820e+02 -1.367335004255941858e-02 2.036168359117877455e-02
2.650266866931956429e+02 6.308570587158811804e+02 -9.948033471068181647e-04 -6.093246142126695040e-03
8.507087223218112513e+02 9.315400739247565980e+02 9.450865232097520373e-04 -2.860954805519573757e-04
3.193510137075911643e+02 5.411130005941137142e+02 -9.186252058017575339e-04 -5.547789385720516310e-03
1.652334559295239842e+02 4.869035484272157532e+02 -2.130349723260902828e-01 -4.037720576860315824e-01
2.196376843861661996e+02 2.914284877878554880e+02 -6.221140255956221499e-02 -2.112513519492818237e-01
2.505676183485452952e+02 7.271613278203453774e+02 1.131218826474967264e-02 -6.084458903732149933e-03
4.591177513595847017e+02 1.086630825427350146e+03 1.204501443846180686e-01 -6.435571345017220002e-02
2.065282906100224807e+02 6.821369556585983673e+02 2.725785092088069041e-03 3.203845697714881400e-03
2.385163633960068523e+02 6.708182968761577740e+02 1.894727532444876730e-03 -8.146159106407068091e-04
7.744739199246628232e+02 4.930710616300697211e+02 3.995112622572103561e-02 -4.754785641566876102e-03
2.797685856595899168e+02 5.322971665119679301e+02 -1.729413789140416598e-03 8.551002027145544748e-04
1.260130486387636665e+03 1.958349631652666005e+02 5.660710774617034148e-04 -4.335161047139713709e-03
2.411887280231547379e+02 5.019118223402866761e+02 6.260248961858746672e-03 -6.513311014872003729e-03
2.500595119962304977e+02 7.092622246705560656e+02 -5.428647440752591528e-03 -8.110260789038929241e-04
1.253352350966430549e+03 3.749857981756273944e+02 4.122222733898939229e-02 -3.839940468713231442e-02
7.194206291431676163e+02 9.615751215928019064e+02 -6.540958269991702535e-04 2.419693934204547592e-02
3.017412300829926153e+02 6.464689889755634340e+02 1.846177298622735455e-02 -8.607617096286634614e-03
4.300077354676720347e+02 1.077671401788442381e+03 3.396734115795319031e-02 -3.198741898363280378e-02
1.002271562042998653e+03 1.812095092162059871e+02 -2.474711012487182740e-02 -7.937381090966841302e-02
2.191450142944643460e+02 2.949313673305759380e+02 -4.295230789389397480e-02 -2.001784390497150790e-01
2.167276470923192164e+02 6.424506549288483939e+02 -3.859471070533197073e-03 -1.406983782107369685e-02
2.570088655526715229e+02 7.181443130290280124e+02 5.234917421593183280e-04 3.251455414729747823e-03
2.540941758712090461e+02 7.222678528535691385e+02 -6.516991022140370023e-03 8.236845638012340459e-03
1.176394584086917575e+03 1.960855165435699234e+02 1.639528208421540956e-02 8.963544984386364461e-03
2.563783184986828019e+02 7.363034377957795868e+02 5.354781312953975532e-03 9.405806549814247144e-03
2.523382997135033179e+02 4.910488143215343371e+02 8.865783504261919024e-03 -9.826523303454922850e-03
2.688438794106799037e+02 5.217005312407009114e+02 -4.408270318506738589e-02 1.651904290107382711e-01
2.189025322220270766e+02 6.635587777118008717e+02 -1.386326068522593423e-03 7.886556228334817061e-04
2.178086126279473547e+02 6.514526308740968261e+02 8.707095849611096085e-04 -1.950836109969741059e-03
1.001091391987444695e+03 8.554637271923384105e+02 9.640723015934889607e-04 -5.210260321500934794e-03
1.222645858917000396e+03 3.972583766173095228e+02 -2.251222089779784594e-02 2.648453402539169364e-03
1.211537397528168185e+03 2.205953615588651360e+02 1.326238865735066084e-03 -3.448459043899375527e-03
2.310708737545958797e+02 6.626171974795213373e+02 -4.090835383966960788e-03 1.633235280758409602e-03
4.192928359900612918e+02 1.064462629311755563e+03 4.079695191685549921e-02 -3.195637713120409729e-02
5.466053394650685959e+02 5.171295049971397475e+02 -1.564359015677688897e-02 -1.644002480681011971e-02
8.224855260739459482e+02 3.388452004246030924e+02 5.563726493249143527e-03 1.682723798555483359e-03
1.210258295427372332e+03 2.439091495658214512e+02 -4.024790509123308060e-03 -7.524143540741411781e-04
2.469721219086843575e+02 7.347595815644588129e+02 -2.266455657992130085e-03 -1.070639468078450965e-03
1.150768566046543810e+03 1.518538105669066738e+02 -6.324613956792853910e-03 2.309732624622362271e-02
2.759473635061227128e+02 7.008786956493933076e+02 -2.131581800099276397e-04 -3.396475983326991376e-03
1.226181055383872717e+03 2.504470916527749296e+02 -5.135469880342228080e-03 5.076407432715322569e-03
3.077948784806819731e+02 5.458314155975440372e+02 5.006631969551859906e-03 6.717627150619186714e-03
1.200475076182554403e+03 2.280160547449760884e+02 -9.146410191826164979e-03 3.182798564160063855e-03
1.265671700174943226e+03 2.041518882172982217e+02 -1.166757327204737084e-03 1.809202201782666303e-03
2.538949546436965363e+02 4.795833011751636832e+02 -1.523910766066039618e-02 1.035979714199561537e-02
4.478546238598787568e+02 1.083206510765442999e+03 1.115134212225127736e-01 -5.198433567056331278e-02
2.306537953813836168e+02 3.083427659153747413e+02 -4.079606515799803074e-02 -2.383512474613796450e-01
3.120061496625833684e+02 5.547271003677158205e+02 3.180150042882616546e-02 7.956032648966096174e-03
1.106182505769503223e+03 1.756114834107516174e+02 5.851953535499329617e-02 1.088155917685213261e-02
2.718651575696096643e+02 6.720506312461195648e+02 -2.220977680345226617e-03 3.711851505129581345e-03
2.695199191331169573e+02 6.958433625588834275e+02 -3.974751538439389836e-05 2.028287368382212467e-03
9.179630092987201806e+02 1.102681128438014639e+03 7.166106323744891838e-05 1.646055013747407022e-04
2.614283377017542307e+02 6.599010958470298647e+02 8.799454397447869711e-03 -1.454287683239020119e-03
8.252327748057406325e+02 3.825718137085082731e+02 3.582192142688303549e-02 -2.221521158730528286e-02
2.665603345088201195e+02 6.622376293757490657e+02 4.918890208409495805e-03 6.734952933503238030e-03
1.114655957396216536e+03 2.468726260379745838e+02 -3.407167788187746016e-01 -8.028551536160355440e-02
7.150273185418604953e+02 4.175997815564264215e+02 1.687114086519215517e-01 1.796381215757075489e-01
2.830226598836841276e+02 6.868885855080430929e+02 1.550315151618660578e-03 2.673018215838767093e-03
2.774975462862703353e+02 5.268989357894083696e+02 1.416154120607195609e-02 -1.564517331172003700e-02
2.436289004636053903e+02 6.350577342469739506e+02 -1.149799917615695411e-03 -1.779102030691364668e-03
2.622364440907184644e+02 7.096482338431702601e+02 -7.294345697115465436e-04 1.564043810112077072e-04
2.310309247663178382e+02 7.398112706016639777e+02 4.427726977998064362e-03 9.959221525033432835e-04
2.509553927220976846e+02 6.273985520530012536e+02 2.552557503300768513e-02 -1.805468727459446157e-02
2.139178743494180708e+02 6.693253463801133876e+02 3.480224983710029636e-04 3.026737673029415363e-02
7.160096064169620149e+02 8.773723994692761607e+02 5.307531585053271335e-03 -6.026834814284790648e-03
2.489883236582701329e+02 6.187170453287050123e+02 8.173513972283757284e-03 -2.073713777523909438e-03
2.352727880315558195e+02 6.289416460971029892e+02 -4.249893062565195459e-03 7.716973204718904390e-03
2.601014436360800914e+02 6.440267425049735266e+02 2.106887516171611699e-02 4.305834588753873482e-02
2.227289600601836810e+02 3.087775984107978502e+02 -5.635747051962824300e-02 -2.118697827538771894e-01
1.174814562501709361e+03 2.317449516787755215e+02 -1.178456176422753160e-01 1.109542604539645160e-03
1.084695596859569150e+03 2.177235803756688028e+02 5.411512785029810868e-02 1.070866756752730381e-01
2.830389934563435190e+02 6.793574084636363750e+02 -3.037661354774105153e-03 -5.274188888788018193e-04
9.209791796636141044e+02 8.387671843674647789e+02 -7.564524017109058515e-03 1.495703624471497002e-03
1.232907749489237176e+03 3.207559195050997687e+02 2.467691618746632176e-01 9.848242058053462145e-02
4.068272208072029912e+02 1.078079950198169627e+03 6.533613080563608483e-03 -4.194718827341936337e-03
1.078910033386714076e+03 2.991689334557146367e+02 -1.677614834847244735e-03 -8.049477570072514562e-04
1.884307415166475153e+02 5.763200095183832445e+02 5.201017078995069653e-03 -4.444924672011753806e-03
1.194980032525174465e+03 2.310186019419904540e+02 -1.025524449868732944e-02 6.121894557015359305e-03
2.308946259038494304e+02 6.283851725705826539e+02 -4.383198652669536947e-03 3.429446002700846981e-03
1.212290961315389495e+03 2.266319338655161175e+02 -4.703963626257694208e-02 2.570246657797828349e-02
2.458835206163514329e+02 6.941873296259476547e+02 3.047075567056339602e-03 3.902277974919001000e-03
2.909282018943296180e+02 6.485057182617332501e+02 4.207280662241585228e-03 1.889648731063593191e-03
5.255184958799649166e+02 4.781950903188712800e+02 -4.839397559105308548e-03 2.081186828056582130e-02
4.472207740407502001e+02 1.077838166899276075e+03 9.093925288005375029e-02 -7.097095433983659218e-02
1.156985287209172839e+03 3.693805146065140548e+02 2.455534208975943423e-03 -3.669477964378286411e-03
2.703332118142827767e+02 6.364778109316820291e+02 5.601915578088863083e-03 -2.459790965688869041e-03
1.187627417238016051e+03 3.368851291819563585e+02 2.102963316683779255e-03 1.575718638056264678e-02
1.001246331643132180e+03 8.663565259533794460e+02 -1.714948843935435200e-03 5.417300647076273533e-03
2.274661954669716408e+02 6.934132488581894904e+02 -8.582211870755753272e-03 3.004478857406406994e-02
9.288768414837477394e+02 8.659041180127346706e+02 -1.367909758498018699e-02 3.383197407983273147e-02
3.032330386465311562e+02 5.353916356352291359e+02 -1.051492915258724591e-02 -2.641207000181674570e-03
2.031138074718388680e+02 7.029823081557132127e+02 1.857094302293055277e-02 -4.956987313648306137e-02
3.081355074735456014e+02 6.298486831762991187e+02 3.760917152097064016e-03 1.128132834981438425e-02
2.235245263447999378e+02 3.191000541969565347e+02 -5.661703728926151952e-02 -2.268607779108590683e-01
2.446400637334487556e+02 6.149524766663225819e+02 -6.952235277930523399e-03 7.273114079880812696e-03
3.155393839177120867e+02 5.046521039327005269e+02 1.897658230771779447e-02 3.591613794952482541e-04
6.004649936645312209e+02 4.414896630130345443e+02 -4.119021315036076707e-03 8.213169494976597235e-03
4.622871836814285871e+02 4.544133385109135475e+02 -4.310742052496152610e-03 1.776015358367239588e-02
2.945932386136456103e+02 6.058677677457021673e+02 6.732091789986313721e-04 -3.118811968406724582e-03
2.270549585872203124e+02 6.387369445514581230e+02 -2.950735259714764094e-02 -5.377121452962717145e-03
9.419101149981238450e+02 8.514568722268061265e+02 2.663450116959004046e-03 7.185926756977609750e-04
2.290334722964976777e+02 7.151707592677336152e+02 -5.200748783342515032e-05 -9.772256040008924557e-04
2.923880018522577302e+02 6.609656749497524970e+02 1.830702307886282899e-03 2.063783228254128296e-03
2.399261160099492542e+02 6.472463282477978055e+02 -2.583243090278623810e-03 -5.099255625829287285e-03
2.512154818787153374e+02 6.517807026706051374e+02 1.263340253659280335e-02 -9.319368696608735722e-03
1.010392458091446656e+03 8.379597048926946172e+02 2.778779426120812999e-03 3.951159103639658582e-03
3.242345374815130299e+02 4.814434994242216135e+02 1.768746772767718816e-03 -1.580451242976679219e-03
1.083039993350614850e+03 2.077637490901460069e+02 7.577768017351517449e-02 4.438622668350668266e-02
2.306868281238961345e+02 3.429703144177850618e+02 -6.455797017241256264e-02 -2.175464113622317397e-01
2.876139635142689599e+02 6.645541356120180581e+02 3.901858039147001415e-03 1.107378047959736017e-02
7.618528000960637883e+02 3.950824512162270139e+02 1.755338291540247623e-03 9.011663787355314245e-03
3.062710720270385991e+02 4.807934454384450760e+02 -2.886986170229289758e-02 -6.516737893859908537e-02
2.464058626346940173e+02 6.650876048363023756e+02 9.422777244894701976e-04 -1.999926716467094326e-05
5.027575199249936304e+02 4.813600553101250057e+02 -4.076318373049076654e-03 1.219125485708968254e-02
4.211398237067769514e+02 1.095055241515542093e+03 -3.853469874220063519e-03 -1.055004371680144312e-02
2.635356166791807482e+02 4.662438656215339847e+02 -5.745077913397238917e-02 -1.124139340431723894e-01
2.698489060438627689e+02 6.564404433116533255e+02 4.657686446533392151e-03 1.868145940127958864e-03
2.110566890284807471e+02 7.350315385984774821e+02 -4.772077666103487908e-03 1.001549054302079689e-02
1.155587729449036715e+03 2.072921454100103063e+02 5.326392586910893429e-02 1.904082759336229308e-02
2.888717804452912219e+02 5.993228896326603490e+02 3.426881333692531509e-04 7.402292347242199824e-03
1.023967648588227576e+03 1.668156166389427995e+02 6.571588392226108966e-03 -2.239209759749324902e-02
1.235992029036885697e+03 2.786188746956109412e+02 2.984620874775431934e-02 -6.380087828483568813e-02
4.767265529444666754e+02 4.853950555886099210e+02 -1.264685402887688907e-03 -2.956921267173241805e-03
2.920210006344187832e+02 5.784297789784491215e+02 1.161245942598545210e-02 -9.595588155556163817e-03
1.171481241563975800e+03 2.503281740030440687e+02 1.173718594967984238e-02 4.579949737279888876e-03
1.070692219957364841e+03 2.461964036382067604e+02 -3.140050101724745635e-01 1.141976415250785526e-01
2.224160724982671979e+02 6.815099052282042749e+02 -1.094250759450715940e-02 -4.527583040798689729e-02
2.892695224441580990e+02 5.883298733147352095e+02 -2.306838933928265743e-03 6.525800846171334393e-04
2.340811191444099961e+02 7.222645995508446504e+02 2.885214036647785162e-03 -4.757547877451686821e-03
1.235760080936948953e+03 1.327950829219236653e+02 -1.992288410006625484e-03 1.171165855004625746e-03
2.675979854422234894e+02 5.790852102726452131e+02 1.110640388361447926e-02 1.047973423355149768e-04
2.112714919087406997e+02 6.831831331069284943e+02 6.811836920025591234e-03 2.177194174044299116e-02
4.173698238246693677e+02 1.094158604166398163e+03 3.837414676455198209e-03 -3.258986331380889917e-03
2.347295730485580236e+02 3.549182498726402173e+02 -6.087511999967296084e-02 -2.255705895473378297e-01
7.163071595198275645e+02 9.204552063908936361e+02 -3.493483908512572123e-02 -4.136700320265107068e-03
2.267193947457991499e+02 3.150515496024562481e+02 -7.467159480606143374e-02 -2.282775691641626414e-01
3.069771386444305676e+02 4.913234282051622586e+02 -6.118560586037009169e-03 -1.605718574737997201e-02
1.026197662552002384e+03 2.997265592616333265e+02 8.551198344829941816e-03 -3.011822123969038964e-02
2.588131393364695896e+02 4.606820805266150387e+02 -2.549044878260179475e-02 -3.856934136644604716e-02
2.972741764860695639e+02 5.638672317904772626e+02 -1.212050127118107119e-02 7.449192734832262193e-04
2.852192700795581572e+02 6.275387884911988294e+02 2.022970478188509860e-03 -1.323530340389672674e-04
2.534272819125609999e+02 5.117222572057221441e+02 4.261567661026703646e-02 -1.714093649972771305e-01
2.766695326644365878e+02 4.657988334947958720e+02 6.367088492601732930e-02 1.897243265367146714e-01
1.008183438856856810e+03 2.538488000813415226e+02 1.519746707953849611e-03 1.565650417000826909e-03
2.450673841693805741e+02 3.712070640636896997e+02 -4.547832021080410597e-02 -2.342388234328311170e-01
2.375468050533580424e+02 3.476006666245571068e+02 -5.453889682683614459e-02 -2.327264149208060906e-01
2.599831356482578713e+02 7.048089303469386095e+02 -6.772191795007394439e-03 6.447695479073670306e-03
3.252094469557735010e+02 5.492484031955991668e+02 2.353412778206678824e-02 -8.051032399169001305e-03
2.184475431400847185e+02 7.049373776487796022e+02 -2.709603715061066880e-03 5.986607802656585854e-03
1.482534848806678554e+02 5.239598940783374701e+02 -1.127881602674408318e-02 -8.775146885085686544e-04
1.010108219825911874e+03 2.065472952710910022e+02 -3.715312749215969601e-02 1.636011002811600668e-02
2.396949219576027872e+02 3.765728163178785621e+02 -4.782604861250379369e-02 -2.474000494563096397e-01
1.236833266211776845e+03 3.987829015756149715e+02 3.439252276321705815e-03 -5.375850514935949509e-03
2.707608963893185887e+02 4.879528016776427535e+02 5.401275719897161154e-02 -1.584219118404292248e-01
1.124559578922491710e+03 2.364390592987736852e+02 -7.932127888751090705e-03 8.325835414472303880e-04
1.047670114799038174e+03 2.667627625471297961e+02 1.489125204778985606e-02 8.995566181953797147e-02
2.908186824810800886e+02 5.635347018853753980e+02 -2.981214905493725399e-03 -5.320859909785879277e-03
2.509002364507856839e+02 4.991643523355928664e+02 3.443133997718902939e-02 -9.553149369485772202e-02
1.119371476176615033e+03 1.626677760951261860e+02 -3.035315503826711836e-02 -5.366357324555004471e-02
1.247275982199708324e+03 2.855670113369249634e+02 1.572345077191823759e-02 -5.519181060750081441e-02
7.063510545008302870e+02 5.829567616152280607e+02 2.732114636816308892e-04 -2.359200736446107863e-04
2.292337298665095489e+02 3.323326865141312396e+02 -5.989446891311276527e-02 -2.105543126413405297e-01
8.340927933227422955e+02 3.928848760547144821e+02 4.725241943209640416e-02 1.046701959911885797e-02
2.657847633774242126e+02 4.323299021219989982e+02 5.220582559824174518e-02 2.687470042316112973e-01
2.452864925049950955e+02 6.817378564311181890e+02 -7.437378039647831590e-04 7.729897867540046858e-04
2.735696398294653022e+02 4.393896205827563790e+02 4.607950233363037468e-02 2.379237209988618318e-01
1.150142739180062335e+03 2.448955346009514358e+02 -6.023498559456903724e-04 -2.560148691469409012e-03
5.528868352534127553e+02 5.234253990089480340e+02 4.703529312402481184e-03 -1.437799959828590587e-02
1.034074136736879382e+03 2.294259528090987317e+02 3.451865928203384087e-02 -1.555656199365648869e-02
2.406202162778268416e+02 6.810060079825667572e+02 1.893153352957687233e-03 5.040767312122247136e-03
2.651126048700105002e+02 5.139879228109814449e+02 8.070889759978673583e-02 -1.816637240059154057e-01
2.798498658299587305e+02 5.576436643112861020e+02 2.508190571831218560e-02 3.556360173269744462e-02
2.726470336039025710e+02 4.280647982722518350e+02 6.483185972331172164e-02 2.521335993769663331e-01
2.571718542721156382e+02 5.049039151361391760e+02 9.936182696435114092e-02 -1.542300688813836584e-01
1.136503515255063576e+03 2.293559723315168810e+02 2.345947539449505601e-03 4.502324892141047058e-03
2.673084113578244683e+02 4.883035984835377690e+02 7.219237473882030021e-02 -1.812282185603151241e-01
1.112472986212330397e+03 3.570349535323213672e+02 8.392349113301581995e-03 -2.746583421328793392e-02
9.696783584834171279e+02 8.836092427981664059e+02 4.288450210281391332e-03 -7.163419143669464209e-03
2.724719292742389598e+02 6.543680759528064073e+02 5.712204969867825180e-03 1.295305173467491654e-02
3.255832872872754820e+02 1.052863121144947172e+03 1.947254119463504365e-02 5.949664388251699361e-03
2.433657659280748646e+02 7.222877364215505622e+02 8.374873360601146725e-04 -1.410195521933217504e-03
5.689282693803780830e+02 4.740184652935953409e+02 -4.248068562995934577e-02 -2.385697736556413248e-02
2.837921688177523265e+02 6.119347405731883782e+02 1.013109540335188213e-01 1.821038985908896846e-01
4.908903313009821545e+02 4.653731674812027563e+02 -5.183040115279218332e-03 3.109721130027258418e-02
8.025275337316713831e+02 8.772954589624717983e+02 -2.999946515454230160e-04 -1.198595448935372253e-02
2.369659166821604970e+02 6.187558580927043295e+02 5.319867793937112926e-03 -1.944395244293509184e-02
8.336948797170764465e+02 3.185385021643101027e+02 4.571603546757011666e-03 1.104078915228109276e-02
2.672424017696390024e+02 4.370853374683954371e+02 3.889137756152255543e-02 2.161829154086911120e-01
3.183910666878968527e+02 1.059034195148904928e+03 2.616216618824380828e-03 -3.399148935557938511e-02
1.180532268737726554e+03 2.425505071498198504e+02 1.140749941929819836e-02 -3.304283279159997422e-02
1.058533866717316641e+03 2.909485930846465180e+02 -1.872006986894859297e-03 1.783262897184626807e-03
2.810325806314265265e+02 4.333307810676149643e+02 5.323846814114025633e-02 2.692592764420975171e-01
7.795367267465468331e+01 3.169945209695877111e+02 5.977821330600532543e-03 -9.795288004904751170e-03
2.394207338017438360e+02 7.041345415494826057e+02 -5.469172885680413133e-03 -2.405684055024676603e-03
9.633325517753730765e+02 8.673069430715408998e+02 -1.781699890287173063e-03 2.922024262043033819e-04
1.083689135762982460e+03 1.805614747566752101e+02 3.061764013033899806e-02 5.606885136688901337e-03
2.642257789121763949e+02 4.166669168319363621e+02 5.012906349334161210e-02 2.438669232489193706e-01
2.524111846194843736e+02 7.012940856312425240e+02 -1.920123396555150144e-02 -5.222451513866485304e-03
9.733974554771816656e+02 8.298355105642018543e+02 1.946224796332817961e-02 3.624314204610680837e-03
1.044814108566500408e+03 2.181980492045579467e+02 -1.835786163030098811e-02 8.259778059207370515e-02
1.573995177595895711e+02 4.912219413611012442e+02 -2.312563804595872130e-01 -3.720657890231778842e-01
1.159229567119691183e+03 2.463593645150049554e+02 9.748564861395310477e-04 -3.557833394543847942e-03
3.138597399724417869e+02 4.710592005012327377e+02 -2.084333384748851548e-03 4.779095991142243496e-03
1.116430173854096438e+03 1.768469642518004719e+02 1.111174376415122733e-01 7.733921473919820599e-02
1.108804849899834608e+03 2.185464990507707341e+02 3.564136568546937152e-04 -3.662655088880280210e-03
2.381280222843376748e+02 6.621089292891093692e+02 1.989995236757499935e-03 1.766717335735757885e-03
3.689808301210105128e+02 1.046640045198899998e+03 -1.034709443136100360e-02 7.516287514905829314e-04
2.505971630137345585e+02 6.989413503973181605e+02 4.311189975704274313e-03 6.600593180385856511e-03
1.182524544239275656e+03 2.108540383383940764e+02 6.735529550477585559e-02 -2.133180095138869636e-01
2.660527846969748680e+02 6.767868327796653602e+02 1.092336158102184297e-03 -5.310648130021171191e-03
1.173772439980616582e+03 1.876674837062254255e+02 4.433660299190985213e-03 1.133530302409963518e-02
1.060683187842806092e+03 2.363558859626582205e+02 4.792657798240122086e-03 6.698604732386007066e-02
1.535736885032013674e+02 4.946094685168358751e+02 -2.148646682484719461e-01 -4.015354929079929525e-01
2.736095945012098127e+02 4.148472702703518280e+02 6.757960479522315267e-02 2.311878227825220622e-01
1.220555325990510937e+03 3.504938206599171053e+02 -5.410586088042818043e-03 6.367125013181327946e-03
2.814168039418144076e+02 5.785697898718912029e+02 1.345078366695527661e-01 1.653729094722652671e-01
3.073355838287453139e+02 5.968958082029049592e+02 -3.138820312605588442e-02 -4.149641417622530054e-02
2.548642716168779145e+02 5.327862851960950366e+02 3.315698735052491353e-02 -1.229179531540462444e-01
2.773167793030246457e+02 4.854983481020307181e+02 2.984697650371139974e-02 1.728882846901670101e-01
1.490899610200849281e+02 4.989441869948552153e+02 -1.874306323643786520e-01 -3.886495913281622361e-01
2.803123619457284121e+02 4.083582395863299439e+02 6.347237569833556747e-02 2.552531188564635678e-01
2.738109890638511956e+02 5.615223263948602153e+02 -1.023642004799393129e-02 -1.556024293221309899e-03
2.094187784626021767e+02 7.136086152800490936e+02 -4.148087247568725544e-02 1.159537702523995989e-03
5.213113967529125148e+02 5.339484878076444829e+02 6.428644474978439461e-04 2.258152451660033842e-03
1.107271667011233376e+03 1.645166781596023782e+02 1.351240487105098975e-01 6.787011641673396101e-02
1.205418091701328194e+03 3.002998224519990913e+02 1.834876068404391602e-01 -1.620608626012428818e-02
2.365499343012165809e+02 6.391636928320540392e+02 -4.132193296140546264e-03 -1.585325043244197561e-03
3.061395376020017238e+02 4.593905988714039950e+02 7.374109960483785607e-03 3.538805524433518215e-03
2.759762471117791165e+02 3.997852427294686777e+02 9.027769600683739626e-02 2.207498369012673711e-01
2.733231340191728691e+02 6.792613391978633217e+02 1.328777340934986576e-02 -1.325807286082293732e-03
1.119631068193014016e+03 3.285346059876688969e+02 -1.521115821541759935e-02 7.112253632602900943e-02
7.909925937330040142e+02 3.968213299862437111e+02 -1.645411964290414628e-02 -1.034988054859335531e-02
1.057226887734114825e+03 1.948071332997984371e+02 -9.039782757209910771e-03 2.206389032621509233e-02
1.056375589514060948e+03 2.060397188613187893e+02 -8.676791762782428905e-03 6.512839610563517581e-03
1.130918101644044327e+03 1.991872663369500742e+02 4.424034911268547726e-02 1.136293790294180955e-01
1.025927063847909949e+03 2.668079597190617847e+02 -6.316789582646522780e-03 -8.161646140798880416e-04
1.204139845774562900e+03 3.139055405214714369e+02 1.678281788125930984e-01 -1.863274527773392530e-02
1.166128915809542605e+03 2.987117743858237304e+02 4.025088988018213354e-02 -5.023608450461934660e-02
1.055159925986983581e+03 2.396173776456864459e+02 9.800179509011061607e-02 8.801647408697106656e-02
9.886043030022265157e+02 2.263474947117144325e+02 -5.603920096867717054e-03 4.266964444676569698e-03
8.281883881252084620e+02 3.377006188334139551e+02 3.891577709711359356e-03 -1.467015228578731796e-03
1.001754605864135442e+03 2.156217856149048941e+02 5.880554600285805948e-03 -1.808445788983258432e-02
1.086011445989719732e+03 3.414481571932418547e+02 -3.800999866629948577e-03 8.088827697855606458e-03
2.303882346177358613e+02 5.539794767866229677e+02 2.685249462880696242e-02 -3.307563523398499572e-01
1.199347434743099484e+03 3.752868929237512248e+02 2.104894493073731967e-03 -1.570267252782343165e-02
1.025986372990541440e+03 8.586370774082884054e+02 6.091409208832797729e-04 3.080478836250222230e-02
5.289800056280067793e+02 4.820848241906909379e+02 -2.695172216967516021e-03 -8.334472945985044526e-03
2.509679086965045656e+02 5.946601072804622845e+02 -2.348251670547156034e-04 -6.489281156186644736e-03
1.190573839072993678e+03 2.294583569027362842e+02 -6.860704409361217254e-03 4.143462413655317131e-03
7.931134768200371354e+02 3.699408959172459959e+02 -6.503275469089932898e-03 9.528044699304880766e-03
2.593148891815565662e+02 3.910623662237439930e+02 3.274448269375528769e-02 2.170108577207521539e-01
1.144302944113352851e+03 1.924047818836007764e+02 2.474169118389873273e-02 2.112036051916319629e-02
1.227227249339476430e+03 3.572046672516814851e+02 -5.199387596173374098e-04 -2.482938558178753724e-02
2.519043573735399661e+02 5.540275338613760141e+02 7.508228742004308121e-02 -1.811953742866926897e-01
2.582683848870277643e+02 5.554207802943835759e+02 -9.351386271175828047e-02 2.825266375067890801e-01
2.658270203710945339e+02 5.030616897825573233e+02 4.711255839746028573e-02 -1.749994449184718581e-01
2.429579614919806829e+02 5.940806160469948054e+02 -1.849015202207855355e-02 1.522548011763378249e-02
2.516345905150189139e+02 6.403914567076110416e+02 4.526957575581149005e-04 8.547788861191932611e-03
2.637499432461054312e+02 6.058356671203456472e+02 1.393970287658208252e-03 -2.536883769053560264e-02
1.031931548233529384e+03 1.940376215935650350e+02 1.206400459262367553e-01 1.564623900659573297e-01
2.684681739427388720e+02 3.751534540403021083e+02 4.526809026769079009e-02 2.119294293047978006e-01
1.199770826886942814e+03 3.098731852639310773e+02 1.841986716986857564e-01 -1.319422742331128814e-02
2.257793840635287665e+02 5.578441063638987316e+02 2.657241000380765675e-02 -2.502837635292726182e-01
1.120554512765341542e+03 1.969768387710347781e+02 5.418827876945278565e-02 7.954721343631461494e-02
2.964644866012425837e+02 6.373801191026586821e+02 2.631764357284165339e-03 1.151684378825875441e-03
1.167539280767392029e+03 1.554406784726063222e+02 -2.877038087632793895e-02 -9.628353434444174297e-03
5.280053516233074333e+02 4.692046690577810182e+02 1.706592828590695670e-03 3.494781277080988551e-03
1.039506038562795084e+03 1.967804259259132778e+02 2.293754421460710707e-02 2.267386364541530003e-02
5.815465795694135522e+02 4.419726401661633304e+02 1.179065627829598700e-02 1.051057864907196417e-02
2.330563201066880197e+02 5.141708091199378714e+02 3.346019088364316635e-02 -6.430132959664125458e-02
2.158354794291803671e+02 6.238856531243554855e+02 -1.766875274990270805e-01 2.062314102082249412e-01
2.123700411800480481e+02 5.523121358382691142e+02 8.134212101058121980e-02 -3.263722732548060557e-01
1.148579606514688976e+03 3.504004069053188459e+02 6.714661425387092979e-03 -1.550718491085719894e-02
1.179523159039128359e+03 3.532289620670279646e+02 7.546642272169121549e-03 1.517503370292100189e-02
2.167731681156382422e+02 5.828555430873066143e+02 8.646876267148276979e-03 -6.246868370846578311e-03
5.069937097724215391e+02 4.876953548099176032e+02 3.497540106501795493e-04 1.273413507476617995e-02
2.641304980317831905e+02 3.849433611278649892e+02 6.975263536889041160e-02 3.002035046863674728e-01
1.106337196722762201e+03 2.384746143316739051e+02 8.284551477604193415e-03 1.041008913731300035e-02
1.168999359079288297e+03 2.482365934417069013e+02 2.035313157622149066e-02 -1.107474915359192222e-02
2.072378297576543105e+02 5.523262789139057531e+02 8.670253830454912464e-03 -2.261964508529109574e-01
1.285800008913147849e+03 2.435630093965776553e+02 5.806758282025190759e-02 -1.452599531146931133e-01
2.107791111949956644e+02 7.244017548882574147e+02 1.564952462357490498e-02 2.254052146116635597e-02
9.714376542966682564e+02 1.709684683718949429e+02 -4.108681445058713633e-02 1.051010105044185468e-02
2.056446539495721311e+02 7.281387285174855606e+02 3.519471306661459825e-03 -2.505579550310051834e-03
2.822160382222053840e+02 6.512840315447316470e+02 -1.569742779917539677e-03 5.813273554460267507e-03
2.719980779928000629e+02 4.087718094540718994e+02 5.867167077952437776e-02 2.411836611818835574e-01
5.171848252712293288e+02 5.039240432365583615e+02 -2.246121701558413397e-01 9.516551035029905889e-03
2.555670742517096130e+02 3.752571114417337981e+02 7.211546816856044539e-02 2.354887100534400202e-01
2.819627535153018698e+02 4.692199340828881873e+02 6.326388775811618570e-02 2.008189216025724200e-01
1.165698630170827755e+03 2.104441107186068791e+02 6.338635843973078332e-02 -1.944820565283901861e-02
2.306675855659990475e+02 5.657658272279043103e+02 3.012728267787092781e-02 -3.161663484262058899e-01
2.415582586940013528e+02 6.026926314802383331e+02 1.311742460728765672e-02 7.024355607344128470e-04
2.127959411951503057e+02 5.703089657886691839e+02 1.250376389268995914e-01 -2.147501935703789722e-01
2.279705741976118247e+02 7.064620262284086039e+02 -7.670096768484960942e-03 -1.300588705280145791e-03
2.370961685574251874e+02 5.706049239816114778e+02 1.810875729721877492e-01 -2.357036799943275085e-01
1.204768636002668245e+03 3.858381461149441520e+02 1.216848542526349775e-03 -2.182226637556721957e-02
2.647925255698266369e+02 7.297013696769671469e+02 4.241877086330267388e-03 -7.106118812541830883e-05
1.059740411206112867e+03 3.009604950887990071e+02 4.905722336965175762e-03 -5.550912768609519640e-03
1.159078812279556132e+03 1.943590121013881742e+02 3.457208090669317696e-02 1.781420472596410278e-03
2.726461748673467582e+02 5.174839509358120040e+02 -6.509428164817770979e-02 1.682976523010064895e-01
1.161196905781674104e+03 2.718008683709428510e+02 -2.286140355849515804e-01 1.775324356065996131e-02
1.156363484435072905e+03 3.565566622448695284e+02 1.393912444943074848e-02 -5.086241161718860204e-02
9.883926589596128451e+02 1.793309694070740647e+02 -9.734360427140890948e-02 3.384071533715633968e-03
1.206881524301744548e+03 2.889133297350730913e+02 -2.135254794150654722e-01 -2.287534128243070841e-01
2.760022637744910412e+02 4.773303363821382277e+02 -5.975320352410116824e-03 1.962846674020645166e-01
9.441492667739329363e+02 8.590319994386791222e+02 5.251623475575374622e-03 -1.195384845417346749e-02
9.643445114704104526e+02 8.594965724230673914e+02 -4.951884605897347307e-05 1.334477757882944048e-03
2.782973898306717615e+02 6.592297733145893517e+02 1.094954829223732107e-02 1.222886532895411764e-02
1.116784662299020056e+03 3.696172240752861171e+02 -4.074493515388732771e-03 1.538112382344803721e-02
1.279893386085963584e+03 3.729540939251910459e+02 -5.033877750380756633e-03 1.308756246519486403e-02
2.989497851423080874e+02 5.061715538851125871e+02 1.782307355513847516e-02 -3.164283014199901177e-03
2.723445455263985195e+02 7.169350626194668621e+02 1.462911273406326991e-03 -8.906337809053589813e-04
2.627297831610488288e+02 3.520906727136786003e+02 6.087247780393881952e-02 2.135828447830184218e-01
1.018530324483425375e+03 2.464128084288492460e+02 -1.262472042554209362e-01 3.849724968099105804e-01
9.251040593523551934e+02 8.576095029986360032e+02 -3.516684865672632925e-03 -1.156128355461812085e-02
2.311846759975234136e+02 5.757215524139463696e+02 1.708306922745052303e-01 -2.488053852480255346e-01
2.256759054967826330e+02 2.902764815847712612e+02 -4.707878518250638300e-02 -2.333636519713551127e-01
1.693772646332312775e+02 5.071349142675236408e+02 -2.008488980033046878e-01 -3.954905191078726401e-01
1.229874511179335059e+03 2.955512494372977699e+02 -1.154377089711704392e-02 -2.653981824270001261e-02
1.398999238630428863e+02 3.900093488761357321e+02 -8.030205448497525472e-04 -1.592285746310176126e-03
1.049031953628305473e+03 2.364885841732893539e+02 1.245053382386542146e-01 2.387302602611830402e-02
2.741806570635437765e+02 5.840855374848662223e+02 -6.665601732507720444e-03 4.997233410830009999e-03
2.243339957166876104e+02 5.826177877254475561e+02 1.726702593820012288e-01 -2.326563379690931022e-01
1.171342139669365906e+03 2.275571986511494629e+02 1.300301613217484317e-02 1.008856853206119633e-02
1.081429581758757195e+03 3.082593981267370395e+02 8.534369901797005109e-03 -2.552051713176315198e-02
1.072152313527312799e+03 1.798941950968489891e+02 -1.734877790884071236e-01 -1.386125220418869541e-01
1.115526011997694695e+03 2.371588134373023991e+02 7.347598891576378154e-03 -1.415174371249908192e-02
1.103135256397559260e+03 3.484491569112644243e+02 2.793835709643653891e-03 3.770362038384258204e-04
1.061948349986437734e+03 2.289101911276825945e+02 -3.047077405346301227e-01 -1.729962498196808973e-01
2.564483140940698149e+02 3.479196627471140459e+02 6.588769959753566774e-02 2.081335563890225893e-01
1.211903319056279770e+03 2.546654663533675773e+02 5.771105174857222783e-03 2.750024979968432141e-03
1.184691684475596276e+03 3.894115145145217980e+02 3.575143151343888187e-04 2.172608128449106304e-03
2.675093449549486877e+02 3.882753454082346138e+02 5.393807927414332598e-02 2.537546889739386025e-01
2.695511784500948806e+02 4.784402174341653335e+02 1.669821978556669875e-02 -2.058090246467872420e-01
2.699540152311915904e+02 4.621274151473117513e+02 1.418053059140756160e-03 -2.960654598083127809e-01
1.024732945684682591e+03 2.197382022772547145e+02 8.780979622970605525e-02 6.508232254065833555e-02
1.174437350927554917e+03 2.222780715170183043e+02 3.999947748457764415e-04 -1.853298981577333401e-02
1.133962049040176225e+03 3.204975533078551848e+02 -1.597465781777476779e-02 2.685355061180867003e-02
1.177516306149214870e+03 3.454776161781551878e+02 9.844269968218466449e-03 -6.807575050871573184e-03
5.169634866854456732e+02 4.825423210799654612e+02 -1.479919532482654176e-02 -6.017786808161413453e-02
2.672506932133126725e+02 4.139136788284628210e+02 5.985634571499414552e-02 2.499836645273281754e-01
2.235261880368720426e+02 5.979136275509883944e+02 1.249280996350891348e-01 -2.095455570495581565e-01
1.076249258463679325e+03 2.347166382304340573e+02 6.701857580447712764e-04 1.151453652852352932e-02
1.025278534688065520e+03 2.473866074737963174e+02 -1.263410060091971080e-03 3.446273053976758177e-02
1.089320049010296088e+03 3.331315930065771909e+02 1.661291658286803696e-02 9.976505843450702606e-04
1.091418365849127895e+03 2.228657606972532506e+02 2.277364075238402091e-02 -4.447409219995499680e-02
2.186388767014372263e+02 5.959935443896706602e+02 1.695536507230858414e-01 -1.944895873216094806e-01
1.046049042948825900e+03 1.730680731205300162e+02 -1.370946417265114792e-02 4.426727610916320228e-03
1.204621120091946523e+03 3.241697708639708253e+02 1.650235481633674159e-02 -3.368460472675807119e-03
2.510360201889754137e+02 3.604001422019310894e+02 5.595609738238557090e-02 2.509990408159117892e-01
7.015800823496599605e+02 4.390331327466964808e+02 -9.229699753509611540e-03 -3.121705155412018637e-02
2.132461649175236857e+02 5.901748680918680066e+02 3.548457107889575941e-04 -5.052688975940039127e-04
2.295186421596309003e+02 7.471649176160549359e+02 -5.240088988017813781e-03 -1.487043246877892480e-02
2.395323131740146039e+02 6.353726401223023004e+02 -3.876938590874240507e-03 -5.352993184873871754e-03
1.194074106167856144e+03 1.883860501166581116e+02 -1.779115967782321506e-02 7.743638111720645492e-03
1.512485711099529055e+02 4.543804643369796850e+02 -4.539399803103840217e-04 -1.768254652547782005e-03
9.904685097018304987e+02 2.096910181363392098e+02 8.198484929515429764e-05 6.552965448159595377e-03
1.166284043325588300e+03 2.219731534435003084e+02 -5.468374127085463485e-03 1.151692934686905471e-02
2.332199826233736815e+02 7.034191539143228056e+02 -1.955748231482078506e-02 -1.635323144228095771e-03
1.129450427440731573e+03 3.162364055505797182e+02 -1.734820909745853762e-02 1.891356196266497439e-02
2.172095797490769939e+02 6.005840271707104421e+02 1.189580195080923580e-01 -2.019634986999243320e-01
2.194833667906602557e+02 7.410889406625645961e+02 1.162696308151590571e-03 -1.928280560022277131e-03
1.057499735925282948e+03 8.288602126744069665e+02 2.804266510284914374e-02 -1.628711366969141407e-03
2.113282540410049819e+02 5.939826124395906390e+02 1.763936606455842049e-01 -1.631509781368651046e-01
2.885199753492621539e+02 4.991726432194013796e+02 -1.229930153002860987e-02 2.001184684059506558e-01
9.968752565217157553e+02 2.338557072856352761e+02 1.071321111517969070e-02 -9.619023551168889158e-03
2.104870607990078213e+02 5.835784479978486843e+02 -3.480182804664347807e-03 2.932911916903970569e-04
2.168043193098044412e+02 5.224991241414834349e+02 6.174059631415654975e-02 -2.665613851507210239e-02
1.174643713644031550e+03 3.118229912763241032e+02 4.170576734941233155e-01 5.044166377964788561e-02
1.170027168526357400e+03 3.689237141505440718e+02 1.281961671751524062e-02 -1.082255588308086817e-02
5.035477859856578675e+02 4.515977524314544098e+02 -5.635736955260127641e-03 -6.233915857377935604e-03
1.110798803998513904e+03 1.857601250211947672e+02 7.152333064368576743e-02 -2.315264255531558069e-01
3.029670211016757548e+02 5.276683574671994847e+02 -2.401492980701696450e-02 -2.299983592920083059e-02
2.250353243637032392e+02 6.409819500507742305e+02 -1.673125707180692090e-02 5.713446086790689715e-02
1.205296109509724374e+03 2.787591098549704611e+02 3.444165571091607498e-03 2.584932310671459767e-03
2.143455608075214798e+02 6.301857307635866619e+02 9.353180680280653858e-03 1.099645463401961211e-02
2.103998763961762961e+02 6.099688970675755399e+02 1.293490839687217175e-01 -1.669302333991664056e-01
5.737946392844340835e+02 4.845327855311106191e+02 -1.260552730402403343e-02 -1.426397308448778710e-03
1.059345403125238136e+03 1.642462291516763173e+02 2.713419798782983755e-02 -6.779028106031641026e-04
1.131541901594238425e+03 2.386004091245385155e+02 1.069512222163509010e-02 -6.840390336691652218e-04
3.773785567986222418e+02 1.066635265275629308e+03 6.260338233396969820e-02 -1.829469651291597970e-02
1.266448492694311199e+03 3.394792874551768591e+02 -9.577803237851473250e-02 -5.686245872523541800e-02
3.190861618737512231e+02 5.364264416839722571e+02 5.720321297767351140e-03 -3.000828298351086547e-03
2.426659789070361342e+02 3.400099297067033604e+02 3.955562198266639184e-02 2.567025819875021209e-01
2.301866433706471753e+02 7.742659996033190737e+02 -8.862451362751859289e-04 -1.315633263171922356e-02
1.113221025699752545e+03 3.375854307519075519e+02 3.570181280194519025e-02 -1.779838757387875673e-03
1.091785560924159427e+03 2.985625576198742692e+02 5.094409808195747569e-03 6.367885273749438260e-03
1.247726728965570601e+03 3.526568738550606099e+02 -1.837345528847863785e-01 3.824236074506368738e-02
1.051876795923977852e+03 1.868699188271002640e+02 -1.596331880965309175e-02 2.587653958018995819e-03
2.400621815269873593e+02 7.331734141560681337e+02 -9.158936171655401165e-03 3.374631563397853442e-03
3.197832955858182800e+02 5.197646813891068405e+02 -2.654824028122270210e-02 6.525366316735146943e-02
1.170254536989607686e+03 3.199177718412331615e+02 1.259690361203496742e-02 -2.112727958591010397e-02
2.029058695029077910e+02 6.032360480291841895e+02 1.431686806551629165e-01 -1.615983046508551735e-01
2.497442137091732945e+02 3.360026557663744597e+02 6.801986978395135885e-02 2.425669780600485659e-01
1.024520791052064851e+03 2.513433822615581335e+02 3.828869212287431059e-03 -7.498212221302836926e-04
2.474405944248084381e+02 3.524272485000227562e+02 7.520314433005952093e-02 2.629131273273335179e-01
2.624412395723573468e+02 5.013151822432255926e+02 6.120426744080991605e-02 -2.050951447736882871e-01
3.026457165910542813e+02 4.752614364409914742e+02 6.772106992313091378e-02 1.813375145895782525e-01
1.176666117939350897e+03 2.139997259623461616e+02 -1.681982559198736890e-02 2.101600915983399889e-02
2.241710622991758157e+02 6.585388679248823109e+02 -9.145085462501801460e-04 3.314508661943175050e-04
1.090832364761682811e+03 1.955702289255012829e+02 -6.409401345799194127e-02 -2.487746573648123502e-02
2.402023019473214447e+02 6.924806233462230693e+02 -1.679728264243670688e-03 -4.856394969067986435e-03
2.315773329407942640e+02 6.214905821917556068e+02 -5.331193577269110681e-03 1.570685483802482826e-04
1.263223867179468471e+03 3.005308322539344204e+02 9.475344110431269118e-02 -3.035049463781350210e-02
1.122944843736549274e+03 1.710293551289931884e+02 -4.250002992466986318e-02 -5.009801336488622914e-02
1.046239574835707572e+03 2.977915395320210905e+02 -3.823011393064511352e-03 8.518689444135399413e-02
1.750057926771440009e+02 5.739156857682017971e+02 1.479209115415198983e-04 3.511629753392758388e-04
2.442644313490409615e+02 5.633542626115821577e+02 1.017700249512277222e-01 -2.016251613333735759e-01
2.877032563937526675e+02 6.359951430504783048e+02 -1.165059818143305073e-02 6.194630123458058461e-03
2.585703505331935048e+02 3.269456619260134858e+02 5.628999960439493716e-02 2.142417039245169685e-01
1.092488125809959911e+03 1.839101045412852784e+02 2.193427163646591294e-02 2.671426068602692633e-02
2.735796879067489158e+02 6.152648362866769958e+02 -3.097430756543638041e-03 9.203569973645261623e-03
9.956120090861456902e+02 2.276731875619093728e+02 -6.171829009046254401e-03 7.289211202668533299e-03
2.978488861438058848e+02 5.217955174404550007e+02 1.915110050324252966e-01 -1.810624364937488684e-01
5.664799777250518673e+02 4.253437626067385509e+02 -8.951797068627259310e-03 -8.418525793642023247e-03
1.205245873164707973e+03 2.549023863124520801e+02 2.595178414304148782e-03 -7.858045062983529117e-03
1.011374149772255237e+03 2.643251484012999981e+02 -8.418641534932937154e-02 1.678526025738547867e-01
1.031504502645857428e+03 2.081514693582658140e+02 3.920211364241611013e-02 4.763241167676941085e-02
1.113826604175961165e+03 2.988258130076972066e+02 2.888203714713127312e-01 2.936419877205356799e-01
1.023383917376910404e+03 2.067235029947194391e+02 5.552717216603176437e-02 1.164317020125411467e-01
3.688332599292582472e+02 5.180240012709905386e+02 -8.305845833288319220e-05 -6.087263494185271790e-04
1.031648973846582066e+03 2.772502723252023884e+02 -1.613555096148524756e-02 -2.186049586645151532e-02
2.286883721002598122e+02 7.313708938071075636e+02 2.036780379777855879e-02 -9.865440736652233630e-03
2.443454792922638035e+02 3.857186186632512772e+02 -3.549341932803415367e-02 -2.543181477025425741e-01
2.774740151473925494e+02 6.394058553535157898e+02 -1.704273606727532220e-03 1.996949269499568311e-04
1.054875823183131160e+03 3.234311013090481310e+02 -4.564224413820513852e-03 3.223547744997824933e-03
9.009366938884172669e+02 8.539981848166916052e+02 9.139618355580786998e-04 2.429636505375205174e-02
2.020987949094323710e+02 5.835610102188804831e+02 1.555440216196903591e-01 -2.088155346812342883e-01
2.868832425920184619e+02 4.343036767372290683e+02 3.416630517914157061e-02 2.135155167308687152e-01
1.182268040408528122e+03 1.829213409191877702e+02 5.912630620388323495e-03 -4.326756008014577028e-03
1.306054160274672313e+03 3.368728733986419002e+02 4.163749495789110244e-01 -3.363823688018310193e-02
1.967844753967819145e+02 6.084484711602266316e+02 9.347460873642564338e-02 -1.769550421209987179e-01
2.941434595789536388e+02 5.062031650144919581e+02 2.184559211616431823e-02 1.518372273885080712e-02
1.132522437949813821e+03 2.248626184166135431e+02 4.004960785836698782e-03 2.571211357511426609e-03
1.183833424328138562e+03 1.911292212262201531e+02 -2.081694849479084203e-02 1.232304327493013649e-02
2.425358962528640063e+02 3.298703376885090961e+02 6.012843352833174837e-02 2.427526343808917020e-01
2.791501416689406483e+02 4.994111062178496923e+02 -3.485568001194858795e-02 1.659055645940220036e-01
1.009458996444289710e+03 2.281378921498382510e+02 -1.608290553872843837e-02 -1.467736848491704932e-03
3.162222595449197797e+02 4.967561248140315797e+02 8.311865507413595394e-03 7.756429305177874739e-03
1.203791813918462140e+03 2.085457101958695034e+02 -4.870062304867628193e-03 1.054630876596394581e-02
1.010776670841183090e+03 1.812616870955131105e+02 1.230479692064841146e-01 1.344541930303187194e-01
2.767859404678882242e+02 6.757677428379371349e+02 -1.085093770452973854e-03 6.497356944169716507e-03
1.993380179668676249e+02 7.100300758435658963e+02 -2.775979109804556106e-03 -5.994659379465215598e-03
1.161168938980389612e+03 3.345725480573213417e+02 -3.360639693394858185e-02 8.561078014711166750e-02
1.136896225759246363e+03 3.729464661911008534e+02 1.595722980457842241e-03 1.006281874293959468e-02
6.142497901242941225e+02 3.882402776837183751e+02 4.528761569462863221e-04 -9.616040201110243003e-04
1.152300075080461738e+03 1.834461637366691491e+02 7.146990504850799820e-03 9.810511958359356341e-03
3.049782352690684206e+02 5.437933393566177074e+02 3.060432906061191088e-02 2.040883052357363517e-02
2.159903466152610179e+02 7.208709293476119910e+02 1.734194336202029641e-03 -1.482424483155867076e-03
5.160142083729540445e+02 4.758941592644648040e+02 -1.014201954123253313e-02 1.553358152660724899e-03
9.807327644261305295e+02 1.894014890151745760e+02 -2.431410248266387217e-03 3.569359859630148995e-03
2.676635323415641210e+02 7.209828365859884798e+02 2.471076428153060316e-03 -3.699274936067949615e-04
1.032435586116765990e+03 2.490331064873531375e+02 -3.802306412467935243e-02 1.540278567161335217e-02
1.932566211903429974e+02 6.367464344281600006e+02 3.727229361467833402e-02 -2.131198949578825552e-01
1.093922182730778786e+03 1.981499641940482377e+02 -2.056715310821926879e-01 2.584645880641405213e-01
1.205764387475274134e+03 3.617214275465695437e+02 1.678546762021970425e-03 -6.466922141954728476e-02
2.412844745498319412e+02 4.976567786490822982e+02 -5.820219108876066583e-02 7.642852143017350719e-02
1.147949792748495383e+03 1.977443691119131586e+02 -2.461921910763422566e-02 4.847274364492376586e-02
1.173544615558817441e+03 3.010006862380927828e+02 8.251586672820912516e-02 -7.594778379820575631e-02
1.148629978401211474e+03 2.079920685835480185e+02 3.854805258238724885e-02 4.146837672080869175e-02
1.036295953396102050e+03 2.124361194972623252e+02 -7.225711449746761994e-02 -1.047555158408457476e-01
2.471302130533459831e+02 7.589274230534809931e+02 -1.687261966520342722e-03 1.251625733078585165e-03
2.111234866317776948e+02 7.443971920275272396e+02 -7.665552084427019151e-03 6.018856001997117261e-03
3.789394873643146298e+02 1.072636868092977693e+03 6.733429607324561972e-02 -1.298126485307245226e-02
2.834045897591226435e+02 4.811196437698184241e+02 6.787280419949652012e-03 1.973539766385405680e-01
1.114304466189417099e+03 2.090975634636338327e+02 -6.537642962282213741e-03 1.666659493899728429e-03
2.493669907098658030e+02 5.416387828158865432e+02 1.136424770058419853e-01 -1.903180356380255733e-01
2.766712118219900276e+02 5.087398008109864236e+02 -2.138882093027287892e-02 1.822883606222860386e-01
1.031626992443967993e+03 1.628616248146541636e+02 1.557293393344786302e-02 1.186566744988958380e-02
2.511874748891095805e+02 3.198909480967345758e+02 5.431181786765718750e-02 2.423099587909512131e-01
1.139034310426251977e+03 1.431483395158310259e+02 -3.124474250272565932e-04 2.759870517817858675e-03
9.990392341568168604e+02 2.428103072607642332e+02 5.706637425184975417e-04 -1.108487790727710103e-03
1.030580813602106673e+03 3.040626597920129370e+02 -4.171078104865847541e-02 4.332253641321119619e-02
1.042725139230406285e+03 1.829386900858558249e+02 -1.387071766725291467e-03 -8.282519084658171438e-03
1.133650792617295338e+03 3.446936803443390431e+02 1.153600014127183389e-02 -7.553838500920355761e-03
2.197735422178927820e+02 6.985472895594260763e+02 2.698549618155437601e-03 -9.105531767042323796e-03
1.210063525018340215e+03 2.812511548215784956e+02 2.339793042768511730e-02 7.892282174917017099e-03
1.040837951163914340e+03 8.505850574730840208e+02 5.020767349173868403e-03 -6.730855383777074354e-03
2.563019329922248062e+02 3.153385394966679769e+02 4.884187006572014711e-02 1.802025125080429502e-01
5.087346593207059300e+02 4.565709769547370911e+02 1.598024710789455738e-02 2.126624849334422460e-02
1.095018653913987237e+03 1.572691092318910080e+02 -4.369993259701959037e-02 8.695035870522557775e-02
2.822079597086425906e+02 5.458688123278416242e+02 3.598635119826690005e-03 1.455859804858810561e-03
3.472677780000713028e+02 1.066998128784864321e+03 -3.485875510998562299e-02 -1.996168951622063203e-01
1.139362449198907598e+03 2.475189288003900572e+02 -7.684523440304636029e-03 1.856949791830672528e-03
1.068103369735930073e+03 1.929571409132193480e+02 -6.708669711253767431e-02 9.765365593275396328e-02
9.736441112839894458e+02 8.531036228997522812e+02 -4.323072511196826562e-02 -7.302842488349984076e-03
1.203707446450667021e+03 3.599069184550203886e+02 6.526914340386133322e-03 5.964450413925155049e-03
1.125682080642199935e+03 2.146641927728050518e+02 -1.843201902945093215e-02 4.526437748170911851e-02
1.205431071086415386e+03 2.655886699517517400e+02 6.065525026033895956e-03 -6.767413983459053678e-03
1.193136656647451900e+03 3.746172912289472947e+02 -3.356539127791242222e-02 4.734758671847288242e-02
1.153220430857124711e+03 2.296091005142128552e+02 -1.584733687697717193e-03 -3.486437690549501478e-03
1.946924583716107122e+02 5.961897498937572664e+02 1.613343344984433658e-01 -3.329477275442300210e-01
6.737121031451113140e+02 4.964605271126113735e+02 -1.703164499109235345e-03 1.524533227719397470e-02
2.103705885646837999e+02 7.032138929289011458e+02 -2.346517042241259149e-02 -4.037336424543769287e-02
3.430357588283002315e+02 1.069014706876882201e+03 -2.619979184358199598e-02 -1.972369472772684540e-01
1.160602866468515003e+03 3.459547642487894450e+02 7.079661464101741526e-03 -3.279867098330673577e-03
2.135954425846228730e+02 7.555591348347336407e+02 1.145288054634039862e-03 -7.768772548276933580e-03
1.000858152393073510e+03 1.735114654569109405e+02 9.760144589502641257e-03 -1.056622662274019908e-01
1.218436494580440467e+03 3.049510283955863201e+02 2.443591749998960394e-01 -8.451900835776014753e-02
1.018166788437905694e+02 4.090644289581762791e+02 -1.993795615668550458e-01 -2.795093274535050409e-01
1.023267013016031001e+03 2.914805710238873075e+02 5.434712709032255397e-04 1.173684003156335448e-02
1.163541620257821023e+03 1.985319487332885160e+02 -1.637337076536004091e-03 6.206866326040750940e-03
1.919085764443525193e+02 5.856332842810037391e+02 1.898524485244873321e-03 5.402815121488622162e-03
1.051262711333593415e+03 1.576337053064565339e+02 6.131831723562097131e-02 4.078065520851544695e-03
1.106161968750241385e+03 3.476179708488168671e+02 2.540559118662965698e-03 2.696117618105326515e-03
1.136724740842419351e+03 2.242340532163636055e+02 -1.955735161614524653e-02 2.168643975616365085e-02
3.677238580216804849e+02 1.082145168755040231e+03 3.648537204770218034e-01 -1.746655354963562168e-01
1.099549581733813739e+03 1.863465140091094838e+02 1.998260449361641614e-02 7.362396288084230300e-02
1.074945022981725742e+03 2.002210975454329969e+02 5.444151077973167357e-02 -1.613517092313560275e-01
1.149330945348025580e+03 2.197849308812514550e+02 1.562553180550808329e-01 5.393672319225159724e-03
4.635290299319622704e+02 3.926684965227141220e+02 2.795004261146783906e-04 -5.238381011561767456e-04
3.054416803019581721e+02 5.120618928018158158e+02 -1.573969687935160289e-02 -4.349101733325621416e-02
2.049095283229710844e+02 5.793069919365025271e+02 1.720565842681998636e-01 -2.308232959431106290e-01
1.438606126445025097e+02 3.932406136452742089e+02 2.318192677688163568e-03 5.713692019099599756e-03
1.071403405205725903e+03 1.706564314516718923e+02 -1.885113307916486125e-02 1.006789716746533253e-02
1.012361469958634757e+03 8.658587279977189155e+02 -2.999943296048972804e-03 3.180857363044296057e-03
2.818961318020763542e+02 6.020830256693446927e+02 1.480699656921464526e-03 -2.353965140669330922e-02
1.139035740938935078e+03 3.426921400204616930e+02 -3.572153014460181320e-04 -1.210802111705788775e-02
9.746374393325611152e+01 3.915306347579825683e+02 -3.103948421405707814e-01 -2.047028240193961013e-01
1.174481134347735178e+03 3.381663926841714556e+02 6.565051692058488340e-03 -1.593442450451441547e-02
2.925041670658412727e+02 6.163515308089328073e+02 3.233528098710923560e-02 2.382725597254819333e-02
1.044672560912476229e+03 2.249495947209354654e+02 -3.149969253968490368e-02 8.354368969188522009e-02
1.042608582957913086e+03 2.511251382207366873e+02 5.506055197397787503e-03 4.448753911543577334e-03
1.034460128729264170e+03 2.541196121838254101e+02 -7.515040340609125714e-03 7.164945707026419870e-03
1.138791065606633310e+03 2.099319326363481366e+02 5.184435382604740683e-02 1.117832129717315492e-01
1.020309271332794879e+03 8.682876836105114080e+02 1.380421246716479660e-03 2.432025614706446320e-02
2.840346367820073397e+02 5.399879503343590841e+02 -3.947590618600648957e-03 1.292206186742352568e-02
1.864482127509788540e+02 6.142771463855428919e+02 9.443740823432016096e-02 -3.172666154334504718e-01
1.315728440571672024e+02 3.937064788743981012e+02 6.937684179547713020e-03 2.296217257315283367e-03
1.110770916449838978e+03 2.218376160782786428e+02 3.366136956635660399e-02 -1.122508281792645446e-01
1.930588879926380059e+02 6.546108547485179088e+02 7.728250067554996716e-02 -1.704948653454849694e-01
1.191470123939679752e+03 1.843109578515937699e+02 1.386361247455620248e-02 -4.869281942083687580e-03
1.196077682256210664e+03 3.578736413042528284e+02 5.655353435166277781e-02 -5.044769893980755038e-02
2.497557919904431003e+02 6.810217153898080369e+02 -1.160505318923674460e-04 -1.543542924532675421e-03
1.156522120019240447e+03 2.224742243295647484e+02 5.936786005556971219e-04 2.562179572824993881e-02
1.248125405012522833e+03 3.212630522815840095e+02 2.512872734640306804e-01 9.470107011657823148e-02
7.876602044017072330e+02 3.942789905869294671e+02 -1.993196729400362622e-04 5.792522228712231915e-03
2.103422802085993055e+02 6.444469224747896305e+02 9.136902292018565927e-04 6.989159818961453337e-03
1.133005127774682478e+03 3.570595778216732015e+02 2.535684418099435830e-02 -2.052635954210870611e-02
2.973631852296758780e+02 4.793616232218066102e+02 6.353111386764372093e-02 2.262805214571572965e-01
1.124625080532504626e+03 2.057964936471413466e+02 -1.838845764646893435e-02 1.878475911001224394e-02
1.252772803753197195e+03 3.035061549275102379e+02 3.590210115210842184e-02 -6.854775533123254327e-02
1.145881383468903778e+03 3.331510989329262316e+02 -9.377302691578421820e-04 2.975758716886422670e-02
1.117305317627957265e+03 2.236078683813294390e+02 -8.748690247065281367e-03 1.911713217744852311e-02
1.894686790727762116e+02 5.954252657724393885e+02 1.731502378876146053e-01 -3.417742591515910422e-01
1.046961339746665772e+03 1.990819041693748090e+02 1.236133014887030868e-02 -3.748058250013652781e-02
2.554124917323719899e+02 6.704423765314869570e+02 -1.596248539145269209e-03 3.471564197853401531e-03
1.606740892440522259e+02 5.202661518878511515e+02 1.873769745287739430e-01 2.600874673356312061e-01
1.192485563053384794e+03 3.951732066511323751e+02 2.309146122872499096e-02 -6.078232375675048094e-02
1.003138166095936867e+03 1.905199733163594260e+02 -1.519082082496737811e-02 -1.242279491305786909e-01
1.093607707112240860e+03 2.329098207058425771e+02 7.963924793048918899e-03 1.236755911942942349e-01
1.102108819457826485e+03 2.355406206557061921e+02 -2.109255800207946330e-03 -5.001103505049202345e-04
1.217711089199241542e+03 2.910607155372063062e+02 -1.333131152591454649e-02 -7.321343907797936423e-02
3.393763925260038263e+02 1.076560023468736063e+03 2.813147282691468853e-01 1.432007537315197615e-02
1.022572097650444562e+03 2.162521389887885448e+02 7.553399230804543063e-02 1.023383268456077161e-01
4.923315073476916837e+02 4.295171106635359024e+02 1.590873558046276533e-03 -1.419972664946220729e-03
1.161682616325934532e+03 2.237769953667030336e+02 -2.668244666959539851e-02 5.149643177264232041e-02
1.188913556690418091e+03 2.154837578481555056e+02 -5.051411245114670323e-02 1.079096671150868263e-02
2.048361369024731005e+02 6.149509994305909686e+02 9.049744773319182145e-02 -1.502316198042704387e-01
1.141232595853286284e+03 1.877234737889054372e+02 5.795422543232317536e-02 3.618575666607914271e-02
1.071817242932611180e+03 3.167967650598233149e+02 -2.760873699282290553e-03 -5.928145360089393315e-03
2.428532464406384008e+02 7.481888184453886197e+02 5.025943229526319556e-04 -8.865436927307387104e-04
1.164626372346840981e+03 1.518423652073819312e+02 -5.016661421377230368e-03 -4.676138566671970281e-02
2.675733101690583453e+02 5.927265526150201822e+02 -1.216974451261680287e-02 3.549347699448133966e-03
1.207823371292274715e+03 2.372610617002029869e+02 4.232540685514978897e-03 -4.513242321144095466e-03
3.435986287161035193e+02 1.082078481526552878e+03 3.312341755212378502e-01 1.003595450293518279e-02
1.073951795451196176e+03 2.238369710610683398e+02 -2.101935157460609396e-02 -6.778217530727622016e-03
1.150217340929934153e+03 3.945020753707026984e+02 5.570375348323817512e-04 8.356652880556392562e-03
8.254359167799922261e+02 3.309043354299620887e+02 -9.051518813367108408e-04 -5.397378639173666670e-04
1.134252528257062067e+03 2.179990395365016411e+02 4.202148277740781063e-02 8.046855249770500096e-02
2.159868483125302419e+02 7.291391310105321963e+02 2.872637817693906876e-03 1.890827702350563215e-03
1.016944421320282686e+03 1.859622541639112967e+02 9.996683785671327260e-02 1.610391352389090036e-01
1.076675544226282000e+03 1.934758561989002601e+02 4.238209697380199148e-02 -2.833878507162857288e-02
2.509549320226402358e+02 2.995073319638979115e+02 8.471629432409455082e-03 1.555553249616105360e-01
1.077267205689488719e+03 2.161488016729615538e+02 1.237444709707711567e-02 -5.283691655018921823e-02
2.904195699121876260e+02 6.291897710233157568e+02 -5.258671227801998103e-03 -4.485783866839891665e-03
4.081354066836034349e+02 1.087780863989032696e+03 -1.847667698534867856e-02 1.782256110999032306e-02
9.960229774475627664e+02 2.169687811296176392e+02 -1.049274431651073432e-02 -1.150052103937889737e-02
1.185128951160219685e+03 2.359935415611469125e+02 -1.291452956099844833e-02 6.067347052557458403e-02
1.115261550996215647e+03 3.056238435953960675e+02 3.130585692721676166e-02 6.614527207828284350e-02
3.317531480960784052e+02 1.085184937614699038e+03 2.028850057408741747e-01 -3.994005254586227571e-02
2.366148566993863085e+02 3.056353003382801035e+02 3.662708969138420839e-02 2.058079284801132003e-01
1.025994868396878474e+03 1.924277139714602640e+02 1.318467395470690195e-01 1.364901344911881031e-01
1.119447220166106490e+03 3.443604517793463629e+02 2.471339688932516765e-02 1.247571883320277783e-02
2.653342650952038184e+02 6.539383132769227132e+02 6.636253517562017493e-03 6.524225950146147340e-03
1.050861340573580947e+03 1.725839443424818285e+02 -4.696340353762601394e-02 3.916972835518961471e-02
1.134751683462112396e+03 2.023659990133594988e+02 1.277002534067967487e-01 1.457198211358635143e-01
1.262480881174760725e+03 3.892149533878101693e+02 9.319924451251031597e-03 7.601157615816889548e-03
5.707408155127910732e+02 3.813794815459085612e+02 6.342319245622191071e-02 -2.354615457325459280e-02
2.139333361508799669e+02 7.400981349669428937e+02 3.880694275552189210e-03 -7.264332010874698792e-04
1.163283628698994363e+02 4.065126929334838906e+02 -2.220313889213681169e-01 -3.472657526555488761e-01
1.191688238685844681e+03 3.559885788162751510e+02 4.545676106146487663e-03 -1.390790369141804836e-03
1.008247965072589523e+03 9.275066876547265338e+02 5.822992289406259949e-04 -4.028476876002336552e-04
2.814715146271157096e+02 4.928136225519476170e+02 1.198465748474993216e-02 2.440155493970654899e-01
1.043386771892282468e+03 2.114457163109995008e+02 -2.381641458254414329e-03 -1.082214752134463484e-02
1.123652125766604740e+03 3.350183707881856776e+02 2.923863949525064287e-02 1.717610430372928931e-02
1.241087041005525862e+03 3.348823389730367808e+02 1.473886792258420446e-02 -1.795100279502167759e-02
1.794839545460347665e+02 5.697317440294738162e+02 6.010413956868841147e-03 -7.213595171531123236e-03
3.337811336153062030e+02 1.093621319201823553e+03 2.164919273408810740e-01 -4.024184557814979718e-02
1.206373699932654745e+03 2.283159938274228864e+02 -5.870701128409862475e-03 8.147777682413120948e-03
1.192426833921608477e+03 2.471242636635137728e+02 4.030967700838973544e-02 3.405937216806376178e-02
1.119697649196047678e+03 3.005708170426505603e+02 -4.981317821908481935e-02 1.596349865918987934e-02
1.098039832258459114e+02 4.094620530370605707e+02 -2.422253133546846404e-01 -3.951926736308269961e-01
1.115245114017798869e+03 2.178105232060907213e+02 2.300068451244318204e-02 -1.456527720914772006e-01
1.098269710680411208e+03 2.124339419738654158e+02 8.869028338190919347e-02 -1.520708311779440658e-01
1.159443089910338813e+03 3.611054186694725558e+02 5.134617131939894080e-02 9.529251569500293145e-03
2.609727406598724428e+02 6.196884005178644657e+02 9.521709688617472451e-04 -4.487463644428456473e-03
1.168188320843659994e+03 1.982983038351218852e+02 -2.782386103927415866e-02 3.730103158875273245e-02
1.351288555140180279e+03 2.613355545751211935e+02 1.994245549808294337e-03 -4.090166932803821279e-03
2.641283801428775178e+02 3.427600447064250488e+02 6.177886513685573733e-02 2.170915492390714518e-01
1.204202780600232700e+03 2.426683207287717892e+02 5.092842694757266676e-03 -4.152721873737164060e-03
1.147471613363150027e+03 3.469893098257529687e+02 9.798424278880970423e-03 -1.313195261124773180e-02
1.113890729446090290e+03 1.674175186027686379e+02 2.936374822905273851e-01 1.622787427802393212e-01
1.094955512053895518e+03 2.406404537588429662e+02 -2.370460351578837152e-02 4.146293119550155670e-01
1.188204111293650612e+03 3.498619242951334058e+02 -2.321766024709101192e-02 9.433613327295138629e-02
1.145577522396127506e+03 3.694541747758293013e+02 -1.885268805643818338e-02 3.680689367246354343e-02
2.555604498291654636e+02 6.020940553101285104e+02 -1.426351907752045241e-02 -1.734562711214190575e-02
1.073167384407630834e+03 2.604082429892913524e+02 4.379107627666398717e-01 2.822629238617621866e-04
1.068361606423411104e+03 1.551443646251110522e+02 -1.676272938828819378e-02 1.925858973850702940e-02
1.038894848666409189e+03 2.349067390593217226e+02 3.225429885310404643e-02 1.664671932084316880e-02
1.046801665830272668e+03 2.589551212902956081e+02 9.464051589553858224e-02 -3.465567171460233187e-01
2.639023479041220526e+02 6.879439962011591660e+02 5.723447407893202284e-03 5.847452210503976608e-03
8.414283613697084263e+01 3.566103895555786494e+02 3.833911387766722988e-03 4.992895004004286284e-03
1.000876269797950727e+03 2.096297969700460158e+02 -3.670393375925787988e-02 6.102074000515652491e-02
1.176571744084850479e+03 1.610023838862780110e+02 1.452023095346654802e-01 -1.796034168316624491e-01
2.238241738055635324e+02 7.090426288641781412e+02 -2.373647015097394251e-03 5.230425580007492907e-03
1.019378287236833444e+03 8.610743808104169830e+02 -3.869274859048183520e-03 6.163387476448178859e-03
2.900383536726089346e+02 4.522724186391839112e+02 4.415918871484957042e-02 2.981848453468542437e-01
1.152969871064609151e+03 3.619386951342694374e+02 8.275958387716855769e-02 -8.733216065929706728e-02
1.129782752310951764e+03 1.821001222445133578e+02 7.386692863870107650e-02 -9.975039230305071669e-02
1.165041539067355870e+03 3.160382715963434066e+02 1.961095271106016724e-01 2.607228778756781051e-01
2.803546686823821119e+02 6.920278871496781221e+02 -1.745208064477310472e-03 -3.553322201307091040e-03
2.468975133734349754e+02 5.100234684278548798e+02 1.527493686303896536e-01 -2.137358325519954361e-01
6.516633726253661507e+02 4.766476515298660956e+02 2.485943828163434972e-03 4.368466251734612338e-02
1.136769431631469388e+03 1.541557267894666836e+02 3.594318118238556958e-02 -4.969772665832750819e-03
1.250751241857592504e+03 3.313615662815767564e+02 -1.002686337993586585e-01 -1.047003748954076219e-01
1.069394088508727691e+03 3.115439219099753814e+02 -2.742892633724812804e-02 -4.330755440951312984e-02
1.996275599078171581e+02 6.716188098207479698e+02 -1.133235855177223833e-01 4.621613137083332989e-01
1.304787546388935652e+03 3.545588234113790804e+02 -1.718730522067107858e-01 1.244202873031781571e-02
2.356059386694409454e+02 7.117330579202316585e+02 2.194036493421606254e-02 3.144082140481714582e-02
2.491070701742908682e+02 5.189470909798924367e+02 1.503340360657310637e-01 -1.927888880626856538e-01
2.292920472484624952e+02 6.831323975594141302e+02 -2.074060173778114261e-03 -1.871755091377851803e-03
2.432202201625108557e+02 3.000838790700135519e+02 7.138365344816695324e-02 2.202786804215897121e-01
2.629823162799627880e+02 5.426840938998625461e+02 -2.125276628600866833e-03 3.118638339047725139e-01
2.873010647294267983e+02 4.467228266428970187e+02 -2.742265908242712616e-03 1.733935745408629048e-01
1.855347208236160270e+02 6.663925162783598353e+02 1.888510715030965181e-02 -1.657709575910026323e-01
1.254808945589663836e+03 3.060794251839971025e+02 -2.616299741789185340e-01 -3.844893517694269319e-02
2.485054058931301313e+02 6.377134667333899642e+02 5.716557976616817296e-04 -2.679162071712602993e-03
3.637109848497011626e+02 1.079253529709461645e+03 2.546920181349327517e-01 -1.878346050802014722e-01
1.100077960984089714e+03 1.486090445514511202e+02 -4.946124081348815538e-02 5.103511451679310085e-03
1.206004530541464419e+03 4.243586920222872436e+02 -7.334610053130125387e-03 4.224211587957039243e-03
2.062319856182769797e+02 6.980330737449625076e+02 2.398255535030231755e-02 2.270954835569227726e-02
1.104903323416924195e+03 2.077750791084810373e+02 1.061096176596027646e-01 -3.157969062254748494e-01
1.216451108439674272e+03 2.246024453700272829e+02 1.074504097789485968e-02 -7.525463167677871879e-02
1.269216191367197553e+03 2.576231125582027630e+02 1.403822093327995457e-01 -2.860745388536935496e-01
9.856568871030281116e+02 2.104492903501348735e+02 9.077666326331338548e-03 -5.780032107871695135e-02
1.139694119284562703e+03 2.413306675012378264e+02 -2.738358594298760315e-02 -4.834188521860690625e-03
1.214763244684244910e+03 3.202330523386607979e+02 1.722552739788569820e-01 -6.786553497561022275e-02
2.412552320614463781e+02 5.291082298561417474e+02 -6.878098998182428925e-02 -1.464578818763390411e-01
2.570460637112257132e+02 7.141154196539234817e+02 4.618173269696720950e-04 1.519743043603539664e-02
2.463295005802214064e+02 2.950128035952060372e+02 4.315077321856506526e-02 1.745992819930663187e-01
1.039019437864554448e+03 1.727796339827278302e+02 -1.473293998241714635e-02 -9.953768918184854528e-03
1.242808570437451635e+03 3.093737246154160516e+02 -5.149915929192525749e-02 2.188612837976871284e-01
1.069020273926662867e+03 2.717218909926830861e+02 2.984097524020243308e-01 3.392817859816306680e-01
1.197361190511886434e+03 2.214069559762968709e+02 1.990502920160739167e-02 -2.915420187265588617e-02
1.272000109882243123e+03 3.310214896255186545e+02 3.565685199117392679e-01 4.702521166980114936e-02
9.215937766148198307e+02 8.632347112170981518e+02 -2.800773805407324926e-03 1.930736220611164056e-03
8.192119214169121051e+02 3.319854859056470673e+02 7.506738378436706230e-03 2.560574517662422833e-02
1.137487685874030831e+03 1.894984552096536845e+02 -3.185826475585271100e-02 1.363762469066477079e-01
1.169505729148974524e+03 3.480946795609380047e+02 -5.853769653545744418e-03 -9.980611555407234436e-02
1.035593940301604789e+03 2.012595527597065654e+02 7.136310902075300444e-02 -1.850777474349618937e-02
1.119308385473978433e+03 2.138690198979738284e+02 -1.732690917671269324e-03 3.174553682137164993e-03
1.182735241798338393e+03 2.857681480911477934e+02 -5.048621045378695049e-01 -2.231949550280026839e-01
1.232972914962167351e+03 3.500531331019588492e+02 -8.734604170847758142e-02 -1.359356747467148005e-02
1.176016570953840755e+03 3.828187393899148674e+02 -1.271525901231273376e-02 -8.416721704301315457e-03
2.608466562405474178e+02 4.008264498146515393e+02 5.818609215726871370e-02 2.333064278517223145e-01
9.826011358084126641e+02 1.767741708676992118e+02 3.458262098109798899e-02 -5.768163131436582214e-02
1.094307673199280998e+03 2.171551331009430896e+02 -4.240244666400084378e-02 2.206928969163270138e-01
1.293954788322548666e+03 3.097418540838804120e+02 2.619405331108469737e-01 1.863012507936767093e-01
2.480250100747583986e+02 3.611279230968896741e+02 6.944785485889971854e-02 1.924655752204068593e-01
1.127256846037876130e+03 2.207567466815330306e+02 -6.749286887388321332e-02 2.630655647189437119e-01
1.258603659682702300e+03 3.338408782866038678e+02 1.066270030351350873e-01 -1.342924227956711070e-01
2.504265000957364578e+02 7.105787111825810598e+02 -3.484624587565232114e-03 7.270877284196158169e-04
1.054729775140707943e+03 1.683628503446793445e+02 -1.008227627823998773e-02 3.178490539830480799e-02
1.029410422708653414e+03 2.315423767708995229e+02 -9.981779519335987061e-03 2.007175553527940082e-02
1.097634222486297631e+03 3.024834791175640021e+02 1.233063181454383539e-01 2.330922436168876288e-01
1.275965441653034532e+03 3.124804578527696890e+02 3.645312850153459294e-05 1.205351298998813547e-02
1.236331208841422040e+03 3.511915635423224558e+02 -1.623512518892766820e-02 -7.847745693723950922e-02
1.197979736370088631e+03 3.663950643767803967e+02 -3.272039074326471564e-02 6.539016527094609899e-02
2.778691140238220783e+02 5.783884044343476489e+02 1.415573720738834140e-01 9.191995804351194010e-02
1.237776393387654707e+03 3.230108110776483272e+02 2.858655816439456543e-01 -3.843959363490329073e-02
1.121054802599226832e+03 1.762130522506290617e+02 3.689903257607814440e-03 -7.851091389959681879e-03
9.933555359132550393e+02 2.010006484760529020e+02 -4.697021277413190171e-02 -7.858799147378192629e-02
1.233426919285514259e+03 2.994509843425517488e+02 -1.173755474778014757e-02 4.727219134071939527e-02
3.061889912269051592e+02 5.278836413281966315e+02 -9.943818029091744740e-03 -2.758267777589177780e-02
1.066587223531037807e+03 1.936171153810701924e+02 1.960335536376799775e-02 -3.071880855033711985e-02
1.182540629377499499e+03 2.210849376741913375e+02 -4.019296219616048937e-02 -1.820724237312217886e-01
1.939414810437152994e+02 3.193124718284313417e+02 -3.596168067890711455e-04 4.474444738572661527e-03
2.702172130197179740e+02 4.727552425108532930e+02 1.623381088097732294e-01 -1.880135611777425109e-01
1.294132491730637639e+03 3.550498696085599590e+02 4.717025920463616823e-02 -1.205939494962616904e-01
1.912153583166988540e+02 6.201030003701245050e+02 1.013609426613371056e-01 -2.772701136593492821e-01
1.091192264472148736e+03 2.274872606697658739e+02 1.730690914877228703e-01 -1.694677472544025565e-01
1.160483452736772279e+03 3.212892415108480577e+02 2.362119757015837818e-01 -5.625471870630526228e-01
2.347667264405529295e+02 7.104214448220481017e+02 -2.345395048352985363e-03 -3.973597588381178568e-03
2.469259540591131667e+02 7.191963216306171489e+02 5.838472378892826768e-03 1.461909657799693660e-02
1.342380043445317312e+02 3.993938799354336879e+02 -1.422523537944952142e-02 -3.370668236833624515e-02
1.067446804420769922e+03 3.426396620115770588e+02 -1.190191563181140499e-01 2.773328112473030446e-02
1.154665143287481669e+03 2.137193545859740595e+02 4.338428144428864430e-02 -1.067275520455268634e-03
1.155558678873440613e+03 2.361438428251509833e+02 -7.468639279872709216e-03 1.906814413091786550e-02
2.628828668677836049e+02 6.837040373289449917e+02 -8.191579201175832117e-03 -2.675577658541127696e-02
1.017780589405072192e+03 1.767319622766292753e+02 1.794261454094112085e-01 2.253613992601015137e-01
1.164524705638411433e+03 3.517384091273203808e+02 1.456241262530966142e-04 -8.840554933140083727e-02
3.231772603236615851e+02 5.163649928918271144e+02 5.219318474947049619e-02 1.118267939400736759e-02
1.040667483186623258e+03 2.778859801648242183e+02 -1.776384483580683085e-03 -6.969564223669768828e-04
1.143643275485181448e+03 3.186500422183770524e+02 2.192316128224893468e-01 2.144448810634448088e-01
1.237729149643590745e+03 4.010531346544448752e+02 5.154779789603233450e-03 2.639709168794692959e-02
2.036783617111703961e+02 7.089181188319845432e+02 1.163572578542471092e-02 -1.063054980603362308e-02
9.661105088828734324e+02 8.529950165390854409e+02 4.458933636650054392e-04 -2.282933885512845786e-03
1.094419127901371439e+03 2.066652464143416807e+02 4.381770247096028470e-02 -2.807850009102062089e-02
1.099293109492763278e+03 2.202921008964043494e+02 8.353426365333275789e-05 3.771844848842740433e-02
1.045643628106450478e+03 2.390822490370582045e+02 -2.355751996141076596e-02 2.701773762988776348e-02
1.220030981658855808e+03 2.787515681104784449e+02 4.969965376331360839e-03 -4.811168914554544984e-02
1.214133511912831409e+03 3.080580473804484427e+02 2.352576229252773266e-01 8.494937336423256935e-02
1.250177897592298450e+03 3.253172438764436265e+02 3.274652491765292495e-02 -2.830555409529205702e-01
2.715844887286046969e+02 4.831583597877533407e+02 -2.591334862384948173e-02 -1.145786906295630375e-01
4.870085416118807871e+02 4.756204242670388567e+02 -1.885084870297131995e-02 6.624543475351986170e-03
1.025031974998788883e+03 1.997452879796528293e+02 1.480122610171617607e-02 6.625865032905646490e-02
1.044457559026005583e+03 2.312491550101192672e+02 -8.954783968067117628e-02 3.643245552603172621e-01
2.378882579852996457e+02 2.934036195325974177e+02 2.837404497453661564e-02 2.394359233075618876e-01
9.859095109555140652e+02 1.945099789114219959e+02 4.167182375092011448e-02 -6.607764831177150022e-02
1.161186910714792702e+03 2.020131576675354097e+02 2.157163464468112718e-02 -3.176169753749462366e-02
1.289089098722034123e+03 2.494191332987933833e+02 -1.164247400640192609e-01 -1.206013848230114149e-01
1.173843858830141244e+03 2.823783575270642245e+02 -4.427634625831160520e-01 -1.638931239656045702e-01
1.250051859041115904e+03 3.169210293544570050e+02 -2.928751801498720164e-01 -5.254831330620390872e-02
1.241596274739985347e+03 3.571876791718058257e+02 -6.200471418268307250e-02 1.699286793652817207e-01
3.025017171458028429e+02 5.350512137792227350e+02 -9.036668867045705503e-03 -1.917797009671744560e-02
3.449491054913571020e+02 1.098537960853814639e+03 -4.014288357976169945e-03 -6.475635726186509955e-02
2.592005045638348406e+02 3.673130034748123762e+02 6.512902318613250641e-02 2.073637612748304992e-01
2.932344978575663959e+02 4.943839204337784849e+02 -4.867499517639903295e-02 1.482627475688278462e-01
3.005827707839019354e+02 4.889606727801452735e+02 4.155017561548615332e-03 1.951881558839964337e-01
9.982346535161018437e+02 2.193625146552995773e+02 9.917532090944883305e-03 -2.002710423504996395e-01
1.020368585367780497e+03 2.218930810104985767e+02 -9.275365536673593758e-02 -6.845868195349537333e-02
7.142251262654547190e+02 9.814180054466845604e+02 -9.658409755515524886e-02 6.257639682242274737e-02
2.893549223356624225e+02 5.130616639134057095e+02 1.805278695474675510e-02 2.650530955868425353e-01
1.001534896527970545e+03 1.673533576192103283e+02 2.077887455301442587e-01 1.245953128179909108e-01
1.051783908428204313e+03 1.620561953483584716e+02 2.375556299865088095e-01 -1.612008592841789323e-01
1.099693165667601079e+03 2.014650183366214549e+02 -2.185307334846382094e-02 1.164521187052163925e-01
1.197102826822866518e+03 2.054793215394942649e+02 2.193199624031826056e-02 -8.819602986986928295e-02
1.184046424048986182e+03 2.266950817284749746e+02 -2.518698017322801817e-03 8.749798593828787829e-03
1.172806927831494022e+03 3.568414496451233617e+02 -3.514632459439326340e-02 3.872524047046176088e-02
2.429837902852462150e+02 5.397814801993741867e+02 3.187050007931525528e-03 -2.435602909787222548e-01
2.443826363749121811e+02 3.118214194168585891e+02 -3.293501144201246150e-02 1.885944798912145004e-01
1.150021733525451737e+03 1.451896310731732456e+02 6.561656128122408428e-03 4.247213324245034151e-03
1.139680078856232740e+03 1.675580559453675846e+02 -1.255710246164198907e-02 1.057942025364147498e-01
1.103690532761184159e+03 1.764181334346778272e+02 4.255473370904998553e-01 7.255350406955371999e-03
1.290230039670162569e+03 2.318223227517940472e+02 -1.661597234297272907e-01 -2.202584236316758592e-01
1.252486615100816380e+03 2.774761066795994111e+02 -8.574278616924857488e-02 9.250257359043283223e-02
9.979036334533557238e+02 1.850355414135247543e+02 -5.254619170949581530e-02 -3.301462315628000965e-02
1.038506583869270344e+03 2.646666497435408587e+02 -2.034980605188252412e-02 6.318210907302201917e-02
1.107944842081936031e+03 2.961613617379029506e+02 3.526946326216204852e-01 -3.488361574910001650e-01
1.220180152368933705e+03 3.717151526853475048e+02 -2.448189989748073003e-02 -3.322740642321519999e-03
1.190213426443462822e+03 3.946794789294914949e+02 -3.118142798086864786e-02 2.387620149741920272e-02
2.122148370196624398e+02 7.154774143211392357e+02 1.741837940285151376e-03 4.497557396172879862e-02
3.818508957883432231e+02 1.069079024928414356e+03 4.832372411280516644e-02 -4.267472344770339987e-02
4.660681486643550215e+02 1.100402018585446967e+03 1.054035373533110942e-01 -1.653003832286970010e-02
5.234746580176100679e+02 1.100841201750579103e+03 1.902664965979852241e-01 3.489406476688827752e-03
1.118884759788319570e+03 1.572763440785873854e+02 4.065491431204463768e-01 -9.080328712446240902e-02
1.212301792256037970e+03 3.140110291700053722e+02 2.208342989034160209e-01 2.929198168201310043e-02
2.723692856826249340e+02 6.222105688714665348e+02 8.105632216927460137e-03 8.641536038264044720e-03
2.287428319788411955e+02 7.365777234663614763e+02 -9.461265648362389771e-03 -4.588868247139241130e-02
9.690040933136388048e+02 8.564807298515966067e+02 -5.744546009555051742e-03 1.125700138362238471e-02
1.153336553878345057e+03 2.977463642210942112e+02 3.758793623450173982e-01 -2.196354851028477773e-01
1.263652766777109719e+03 3.014047881937053717e+02 -4.644052857809453927e-02 -6.602992087267775534e-02
1.117758904329037705e+03 2.199548119483977473e+02 -1.359464116227137864e-01 2.625062526549190589e-01
1.111155449277708840e+03 2.381737311206703680e+02 4.305219213814290291e-02 -6.155389310426839095e-02
1.261308589382698301e+03 2.006581123578226027e+02 -3.117336419983565352e-03 -7.316301962930538139e-03
1.267415940368440033e+03 3.196482196488451564e+02 2.129216169270806147e-01 4.266697204819645817e-02
2.454368076495864557e+02 5.372907901523442433e+02 -5.268333300609985559e-02 -2.003032630572691430e-01
1.055967261043519784e+03 1.563878323015061937e+02 6.411906198870080675e-02 4.563867628596559450e-02
1.039813488102754263e+03 2.251922822746935822e+02 -7.540178433062767749e-02 1.008898117869587024e-01
1.015806562679428453e+03 2.454483473893692747e+02 1.164498101151423270e-01 -5.167223549680221018e-01
1.224505198565484989e+03 2.161679121464716218e+02 -4.060431400167392908e-03 3.230234916590764890e-03
1.207306611322922663e+03 3.709266565775365621e+02 9.775664268943273782e-03 5.224550978694205705e-01
3.526397866352567121e+02 1.099558208235668872e+03 -5.943229769526207212e-02 -4.259069873463280226e-02
2.837507487043178003e+02 4.892420559260121422e+02 6.574729788703528345e-03 1.129239001199431880e-01
5.085085868564427756e+02 5.026940865608970626e+02 -3.067704218230357105e-01 3.438480580381751417e-01
1.192658989369462233e+03 2.142365379720540943e+02 -3.063420371530479677e-02 1.216618929806465715e-01
1.291111540703148876e+03 2.239422380621247441e+02 1.389690475013429238e-01 1.566344270817591200e-01
1.206912496392580806e+03 3.194387400004349047e+02 1.485826984072363410e-01 1.526627226915955038e-01
2.839201286488463438e+02 6.397757171613537821e+02 -1.595162135551866185e-03 -1.494862939042915055e-03
2.383086706686941909e+02 6.769060413900025424e+02 6.988618914897931980e-03 -1.539195411811016857e-02
2.074569703959010667e+02 7.049272113611860959e+02 -8.916856097820093086e-03 1.800930127518024157e-02
3.096521772474659429e+02 4.878419741900714826e+02 -8.060076966389147224e-02 -2.411841893272821946e-01
4.942383661487128848e+02 4.714431041381633918e+02 -3.188167921371132165e-03 -1.231270857834601828e-01
9.802982982613154945e+02 1.761342985352343931e+02 3.611793232771561002e-02 4.663727055560969170e-02
1.088851888439320419e+03 1.640251150186609550e+02 8.051378227507939578e-02 -9.330831463074389098e-02
1.168802061665283190e+03 1.786668323938804974e+02 2.380871088741969357e-02 -1.212800384377828722e-01
1.149325993531007043e+03 2.270549981028278239e+02 -1.422852871563691224e-01 3.289666172569553626e-01
2.404715474468953857e+02 3.187047899802922757e+02 5.394710842119505162e-02 2.553589038259739818e-01
2.506289976522412530e+02 5.026963398655963147e+02 -4.431508226990546473e-02 -9.678404444504293269e-02
1.065397477344338768e+03 2.364996262626328303e+02 8.122987932352367102e-02 -2.844975419655055848e-01
1.234933449740191008e+03 3.113509433742727310e+02 -5.408674731885790982e-02 3.040711309084700737e-03
1.246439422435041706e+03 3.071604883746518340e+02 2.240575005074434689e-01 -1.507167659432929741e-01
1.113613927238013048e+03 3.452626753128355404e+02 -2.183374264377057061e-01 2.852775222997997462e-01
1.151948198046737843e+03 4.195491910011468235e+02 -1.899254189621994368e-02 3.101769381975019377e-02
6.730730730952881231e+02 1.026835350575854818e+03 -2.773889413759131339e-01 1.082536856418604004e-01
2.314829884341452839e+02 2.915024872762812720e+02 4.785573032018319850e-02 -1.889200237992127995e-02
1.089295613647402433e+03 2.156560811024573354e+02 4.983041158769765389e-01 -8.958116064356005381e-01
1.086919380740577481e+03 2.317075332630698483e+02 2.871337516512539878e-02 -4.246032252572717880e-02
1.187432342967889099e+03 2.299207022591157852e+02 -1.517935888343515671e-01 3.606941020108536122e-01
1.148652024852163095e+03 2.379745914953700776e+02 -8.457565365830532755e-03 -9.021575332024411864e-03
1.989280608751610373e+02 6.050765771837349121e+02 1.526039537296668414e-01 -2.926604999192363721e-01
2.162381781823464166e+02 6.194095120088080648e+02 -2.086725334062400350e-01 3.259540142728667433e-02
2.200468132729867818e+02 6.253045714160324451e+02 -1.842656074442814429e-01 1.910965310847103638e-01
2.345300296797912836e+02 3.253675358722251190e+02 -5.656258310313384136e-02 -2.869068293408807979e-01
2.548060306101506569e+02 4.981431081220871420e+02 -5.411863069355149491e-03 1.509152600679694242e-02
5.014089680247213323e+02 4.690278558898928054e+02 9.359810733120152784e-03 -1.948136321629232934e-02
9.972634679319565976e+02 1.737318449850207003e+02 6.017015125387713270e-02 1.396781019872150864e-02
1.142729406655849971e+03 1.958231645085089951e+02 -1.991454723042807018e-02 1.335246602768133369e-03
1.071383080987902076e+03 2.120866901271989775e+02 -5.232143271285037700e-02 1.319918159731392759e-01
1.146136212842928899e+03 3.533049525355158380e+02 1.212674506252499514e-02 -7.083405778047335843e-02
2.765043087180270618e+02 5.685910957078774572e+02 1.411973555807272997e-02 2.038878163744227076e-02
5.195018003987394195e+02 5.303923575606933127e+02 3.913233825728314186e-02 1.098182470963138258e-01
8.768357376828089400e+01 3.590736749256728899e+02 2.412435267172460037e-03 3.542004733961334750e-02
1.634387141957118672e+02 5.177756061194297672e+02 3.583675096870090893e-01 2.115505408935026421e-01
1.067515733281203438e+03 2.280933005689137190e+02 3.082352601677484927e-02 1.919496766015811318e-01
1.153323803960029409e+03 2.045088792521382004e+02 2.823935857918513648e-03 3.955701888624692936e-02
1.204314414383970643e+03 3.661005769078194589e+02 -3.467120801348452797e-01 2.374005265270492659e-01
1.143687155080121329e+03 3.767954467980455888e+02 -1.717159710839647954e-02 -2.173525453470877625e-02
1.757683587005818708e+02 6.441670118277127131e+02 1.129917515333052867e-02 -2.109077823975553656e-01
3.030815506854034993e+02 4.757781379483591877e+02 1.981405591531597565e-01 1.130451992984831122e-01
1.008507203148076314e+03 2.507827474832939743e+02 -1.941104361849283963e-02 6.223777475489668948e-02
1.156471861279502718e+03 1.750319264204829039e+02 7.037066990287713097e-02 -3.988649492894182774e-02
1.244164131866926937e+03 3.017586483633218677e+02 -8.226826117906967106e-02 2.421194645340506157e-01
1.228856513740459832e+03 3.210973750064123919e+02 3.016303910168517399e-01 -1.744650979100356436e-01
2.844374386883205830e+02 5.400821267524044060e+02 1.978038930315051402e-02 5.880698944977211934e-02
2.091484782184743949e+02 7.366113531729520219e+02 -1.570839110781889827e-02 -3.169800837713410147e-02
2.908245971152645097e+02 4.703269761263026112e+02 -4.703485735302592730e-02 3.209401353592937767e-01
5.179294981282520212e+02 4.867225321877189685e+02 -6.026081007178163418e-03 9.435966039858101340e-02
5.166457767093681923e+02 4.896343550224231649e+02 -5.213181406935518680e-02 1.311268949136064066e-01
5.183546848762499621e+02 4.887992038186056334e+02 1.862532502147473679e-02 -3.155999197787195953e-03
9.884367468883307311e+02 2.405705080932975761e+02 -1.316118132714336753e-01 9.198311863356423146e-02
1.146002679656675127e+03 3.614105949687615293e+02 -2.115001050481168932e-02 3.684046961663511865e-02
1.290802670757383112e+03 3.570793175846176837e+02 -2.133658076457436437e-01 1.998476047538702005e-01
3.074653288597581877e+02 6.215454945476740249e+02 2.712448247237659871e-01 2.962762679262027632e-01
2.106980116689454405e+02 7.314169221568274679e+02 -3.133814894106023985e-03 4.491305555453095621e-02
1.010589845452089889e+03 2.329120731737511676e+02 5.061993749435108464e-02 3.019347604292382248e-01
1.051750963803869809e+03 2.435127418899706981e+02 -2.777479862743348349e-02 -5.465643066148118123e-02
1.036785359153247555e+03 2.791427386145648484e+02 -2.606148828976984078e-02 1.580036356140036846e-01
1.943685648973507512e+02 6.371138275358966894e+02 5.318227611338480904e-02 -3.843718834878018242e-02
1.050858398214250656e+03 8.352206013957387540e+02 -8.257111695509895821e-02 -6.866081361855928822e-02
3.798370119970662131e+02 1.075046707101914308e+03 7.721484262202693571e-02 3.222008014919689606e-02
2.668903622291854845e+02 4.136182575751388981e+02 -7.398964515618899895e-02 -1.209262306746836657e-01
2.966566133410061070e+02 5.268265988379306464e+02 -1.739882431027695020e-02 -2.988693647893114758e-02
1.164867179433138972e+03 2.610628918068918551e+02 -2.635962630040467047e-02 1.811336305007671399e-02
1.305407312345929995e+03 3.535794403586905332e+02 -2.867537800352693012e-01 2.016004318591058109e-02
2.243441369375419470e+02 6.345008905380051374e+02 8.473487908972288096e-03 2.649315926237818530e-01
2.639439050976376961e+02 3.778825519854679555e+02 0.000000000000000000e+00 0.000000000000000000e+00
3.078535700712692460e+02 5.217147100770805537e+02 0.000000000000000000e+00 0.000000000000000000e+00
7.909691516554564714e+02 3.882256911118311677e+02 0.000000000000000000e+00 0.000000000000000000e+00
1.010482997489849708e+03 1.817284492877650166e+02 0.000000000000000000e+00 0.000000000000000000e+00
1.181400039597119985e+03 1.834799776100928170e+02 0.000000000000000000e+00 0.000000000000000000e+00
1.121523342819794152e+03 2.703881373441893174e+02 0.000000000000000000e+00 0.000000000000000000e+00
1.124987628445996734e+03 2.744655335376972971e+02 0.000000000000000000e+00 0.000000000000000000e+00
1.159078657068000439e+03 3.315963726695449623e+02 0.000000000000000000e+00 0.000000000000000000e+00
1.286423160054383061e+03 3.267146111375882356e+02 0.000000000000000000e+00 0.000000000000000000e+00
1.225445524090381014e+03 3.438301542635674650e+02 0.000000000000000000e+00 0.000000000000000000e+00
1.298605525205849517e+03 3.479479378626682546e+02 0.000000000000000000e+00 0.000000000000000000e+00
1.877814179214594787e+02 5.895119436738979175e+02 0.000000000000000000e+00 0.000000000000000000e+00
2.436309019387208821e+02 6.349379428128479503e+02 0.000000000000000000e+00 0.000000000000000000e+00
2.873811776078042612e+02 6.503401442567954973e+02 0.000000000000000000e+00 0.000000000000000000e+00
1.177763081448020785e+03 4.300198577875906949e+02 0.000000000000000000e+00 0.000000000000000000e+00
2.296733974311064514e+02 7.477990836598308988e+02 0.000000000000000000e+00 0.000000000000000000e+00
5.059419638623804758e+02 8.253987372038156991e+02 0.000000000000000000e+00 0.000000000000000000e+00
