1.332367178444911531e+02 3.827346900465281578e+02 2.861733642384145754e-04 4.714092729316932823e-03
2.528834072956150294e+02 4.663685740710026266e+02 -1.884989484349380157e-02 4.014701207970935092e-05
3.102815867535757093e+02 4.753337243897186113e+02 1.011638232788212438e-02 -5.315834880991137865e-03
5.645812379932098111e+02 3.787158416281774294e+02 -9.641279553673908365e-04 -1.617544619189783053e-03
3.206024778657773595e+02 8.854033852756956549e+02 2.034145021133456077e-01 4.200317668176507535e-01
7.053141274091624382e+02 4.197109846663313419e+02 3.227677661818621150e-03 2.982611863910114569e-02
6.343303782705593221e+02 8.220040136599812968e+02 -4.245994949454566405e-04 -3.633412420899415616e-04
9.124511594555560805e+02 8.059164568806105535e+02 5.278029263686987230e-04 -3.398592895053405716e-05
4.599694628474019851e+02 9.415801467702234504e+02 2.308581119871515850e-04 1.401631333777967963e-04
9.051691078759637321e+02 9.224921446318209064e+02 1.525527339067188652e-03 -1.189688615821492268e-03
9.005978505291940337e+02 9.263040097924636029e+02 7.641977672321472251e-03 -3.029894249404813198e-03
7.073262304857641993e+02 9.938757605126070303e+02 -6.997226348433665220e-03 2.812292977662624732e-02
7.151238487870966765e+02 1.011435891610229646e+03 2.681842602799919826e-04 9.067198233095600168e-04
7.049693211064444540e+02 1.023720320111970864e+03 5.106337119755018040e-04 -2.712303570895006183e-04
4.816188353097137451e+02 1.099060956051847370e+03 -7.270401150302823693e-04 -5.012063539148170748e-04
7.044498763330338988e+02 1.036532607889771953e+03 -2.467846163631518160e-04 1.622722989497002400e-03
7.518598693766725773e+02 1.067514998686300260e+03 -2.337440644360318448e-04 3.498638690673195272e-04
7.455793050227372305e+02 1.071487247820252378e+03 -7.402361590657795557e-04 5.634434412491143469e-04
1.311623959207895211e+02 3.251007589216036422e+02 -1.065256970491645916e-04 4.458203553892894867e-04
8.997583662870562193e+02 1.102138515143583618e+03 -1.306391931548925734e-04 -2.334055945318528453e-04
2.450134068275435197e+02 4.994884489304827753e+02 8.284496421410521630e-03 -5.597080805384871578e-03
2.419322615089983231e+02 7.559424299053454206e+02 1.048167095070980624e-03 9.524012416038500628e-04
1.899878260093925348e+02 5.831049695863969191e+02 9.059532941822084212e-03 -5.892247631467092267e-02
1.173483655370700944e+03 2.403169424012081663e+02 -8.137992327793554595e-03 6.229535113203497378e-03
6.384065926291114010e+02 3.760327924076723320e+02 1.672623567111767781e-02 -6.432427459521864246e-03
3.549316574956288264e+02 1.086677394036403030e+03 7.049165210387253744e-02 3.921172092069976634e-01
1.260300998408353053e+03 1.960648303612129837e+02 9.113578576507100088e-04 -4.889925488190793174e-04
1.239829812269761078e+03 3.794364871917846358e+02 1.960566178943079062e-03 2.742642745274544332e-03
2.869172629431029691e+02 9.673012382432549430e+02 1.241555510618918556e-01 4.547906226447682165e-01
1.178207385250683046e+03 2.323692535238110963e+02 -9.918263896028886584e-03 3.279607074141281144e-03
2.941887364307185635e+02 9.113936475459056510e+02 1.354794285747261962e-01 4.135392194467117921e-01
3.006887998120748762e+02 9.130538519551048466e+02 1.232201606258278292e-01 4.305385770133967616e-01
7.154398105268550125e+02 8.816857849656079225e+02 -8.840538764942639828e-04 -3.795125787117438823e-03
2.951940304365095926e+02 9.506175951748651869e+02 9.133345220610207538e-02 4.840452091326180595e-01
3.001251096978421060e+02 9.250255070627091527e+02 1.395219537031053836e-01 4.120586308431146705e-01
3.637056415484727268e+02 9.788341583535529935e+02 2.116981666547400331e-01 5.282040241365409949e-01
3.232735454892491589e+02 1.063107584448634270e+03 8.788158741479172587e-02 4.490258951187741654e-01
2.656847895807220539e+02 6.870383026315547568e+02 1.740935953621081502e-03 -3.562253028189168048e-03
2.364957791172415966e+02 7.189374149513211023e+02 7.997118921336172394e-04 -1.646548285196844938e-03
1.482306780942770672e+02 5.298026250159301753e+02 4.699449785008899538e-03 2.797404059174143746e-03
3.781386658660608191e+02 1.070512756069157149e+03 1.762181026052499211e-01 3.964390155168228680e-01
2.489850021623270777e+02 7.174096095169611544e+02 -1.530052862014289004e-03 6.731778530971352717e-03
2.442412305419420306e+02 4.871801953134624341e+02 5.983558428853246467e-04 4.478654868701074238e-02
2.664580624565701896e+02 8.940891746860741023e+02 1.188249419996851020e-01 3.771658155535015378e-01
2.512450419325641633e+02 7.479820804343594318e+02 5.706816598280785752e-05 2.089874875850955202e-02
7.266082479906240223e+02 3.682390986363636785e+02 4.960070536622678827e-01 -4.698421176597037952e-01
1.431822387062075563e+02 3.924529168887384003e+02 2.143249334897300278e-03 1.108718625421081100e-03
2.474903845903253625e+02 7.306842414379943875e+02 -2.928253893192713821e-03 -8.265019667610791487e-03
5.721020655772656482e+02 3.790151962341781200e+02 -3.651712893596964753e-03 -8.185156205452738878e-03
9.322196189647000892e+02 8.440157728837529021e+02 4.336594489172561871e-03 -3.826718173813067458e-03
5.760804175952080186e+02 4.321419282164199558e+02 1.909914171365287164e-03 -3.297352591495932017e-03
1.006255085237930189e+03 8.121919186557315697e+02 -4.887319966110001239e-03 -8.018796144617479360e-03
5.019675940571494834e+02 4.346816717146772930e+02 -7.299291122693163858e-04 -3.225054485144854266e-02
2.436550452771362814e+02 7.422927259803922198e+02 -6.846837597666393521e-03 -1.324809048195571548e-02
3.584186651648794282e+02 9.929716863761155992e+02 2.031357189026366805e-01 4.928612478620222337e-01
9.803847932581551277e+02 8.272405634239527217e+02 1.818834586333200600e-03 -4.312082896859411457e-03
5.756590627243799645e+02 4.113797357876039769e+02 2.638824007129926107e-03 3.688303061439324963e-03
3.053138538181300987e+02 6.566594871693520190e+02 -7.925052653226513644e-02 6.626777336403546007e-03
3.570127197796618361e+02 1.029521485907320539e+03 7.679742656314306540e-03 4.467293507582427159e-01
1.009712115786162713e+03 8.156460760623778015e+02 -3.145830471679922358e-02 -2.607817750259699280e-02
9.407399684984569603e+02 8.350541490146771366e+02 -5.616854698508510699e-03 -1.042752245275145942e-02
1.004148439514042252e+03 8.361975232184496463e+02 2.279599277654138171e-03 -2.953854798844608200e-03
2.328050190978895273e+02 7.243647327609468221e+02 2.495314301710615471e-03 5.740437195452902271e-03
4.833666761568888433e+02 4.385901581667204709e+02 -1.364137046473027975e-03 -7.398898672668470728e-04
1.019142978196288823e+03 8.075890437376021964e+02 3.367657572453882069e-03 1.385359251274410203e-03
9.585239369781255618e+02 8.314371961519033221e+02 1.235238888070718140e-03 4.803990901815259791e-03
1.198928789254209278e+03 2.530615118482365347e+02 1.595597758459196477e-02 2.074742947635235812e-02
5.492236366502597775e+02 4.428895251307369563e+02 2.919900714015182929e-03 4.642092640312516991e-03
2.280930014819292921e+02 5.199973003832188851e+02 9.766605400520600444e-03 -4.821168683536661281e-02
2.750770195924829977e+02 6.819553637063204405e+02 2.595191965306387506e-03 1.018044737592579529e-03
5.817133461612971814e+02 4.172328952062173357e+02 5.496472942964639175e-03 -6.630582857550876980e-03
1.032995364195768616e+03 8.594469750179810035e+02 1.107568091237055201e-03 6.951306749648652160e-03
8.066858491147330597e+02 8.896874892441919656e+02 -3.740623618776120485e-01 2.209816191279339315e-01
3.320550899361996926e+02 1.091036111892357212e+03 9.536821354952235152e-02 3.630310010593289505e-01
9.574741643034645904e+02 8.461026628458599816e+02 -7.827907298417246043e-03 -1.386093140924215400e-02
7.480264717654874858e+02 9.535652566523563110e+02 -3.576001786141790647e-03 -5.012502919228582418e-03
2.667100867918534277e+02 6.646668396198012942e+02 -1.083982318164539681e-02 1.824147728570713403e-02
8.247145272448842661e+02 1.102197657639206000e+03 1.250247197909215558e-04 4.694848264242153089e-05
2.424832546839181191e+02 5.040550483715764472e+02 -3.132068653353216152e-03 -2.262985306177903860e-02
7.474681198684669425e+02 9.597600608088063154e+02 -2.334356554888922936e-02 6.356501681723037041e-03
5.663565757602405029e+02 4.711079782967902361e+02 4.857951575214689791e-04 1.195917643471854953e-02
5.671863944552794692e+02 4.742368617370131005e+02 -3.510114765044863340e-03 -1.926991225839782065e-03
1.204956492818801053e+03 2.308515795594304052e+02 -2.290115544642188673e-03 4.202083369707148262e-03
9.133307283400158667e+02 8.459295207437663748e+02 2.492840850524235749e-02 1.955364779121845236e-04
2.234721707771135755e+02 3.188132620328381677e+02 -7.608200808438242424e-02 -2.715846450414585167e-01
7.719889127887836366e+02 9.600701443126454251e+02 1.026928587042684731e-03 -1.856426114807501393e-03
7.751403641986821640e+02 9.429093966957148041e+02 -1.148449497955736278e-03 7.972914491759157049e-03
7.721329634390161800e+02 9.487727551463005966e+02 -6.806759079046231266e-03 -4.114425813735813112e-04
9.847530571399695418e+02 8.665116843812179468e+02 5.156709983805172516e-03 -1.326353544393644264e-03
8.008733477000678249e+02 9.513281594674216421e+02 -2.053443562531491288e-03 -1.838864720061882466e-03
2.277999645690489388e+02 6.309654397276265172e+02 -4.294574700982099758e-02 1.089087440823851699e-01
6.193935485094376645e+02 9.359100355665249253e+02 3.160356132497380921e-05 2.110910119447250777e-04
5.726777205695556177e+02 4.903531312085766558e+02 -2.487977865566993324e-02 -7.604516770828526626e-04
7.837924512009443561e+02 9.362124479456601875e+02 -7.761489330985991975e-03 -3.677670297147730104e-03
9.748794700172862804e+02 8.851412871482292530e+02 1.969646436221113024e-04 -1.363854440481614301e-04
7.539082393981939276e+02 5.309036168738242623e+02 -7.007341132791252867e-04 2.588609500183131204e-04
7.851391176679052251e+02 9.428375261512751422e+02 -9.212412982181755750e-03 8.407755916542861835e-03
7.967879903875489163e+02 3.829336461019943840e+02 5.641578094982248152e-03 1.182328284293776522e-03
2.339007086404891709e+02 6.984028438460030657e+02 -2.263046226177168468e-02 2.098457014177922825e-02
3.067872843147901563e+02 5.651800560992236342e+02 -6.704893761703976766e-03 -2.112581043176720019e-02
8.040713121853261782e+02 4.174697489532945838e+02 3.015460174667466010e-03 1.609645089528461727e-03
3.255402865214915096e+02 1.094484128903259489e+03 8.473154205047747634e-02 3.738446339527381479e-01
1.940494462795203106e+02 3.194938101047043801e+02 -1.460657489985243323e-03 1.511192950512494412e-03
5.923271751704406825e+02 4.042506792688232053e+02 1.293868247145864856e-03 7.758948750777243213e-03
1.034450364533460743e+03 8.355620882471124560e+02 9.453339259429826853e-04 2.537109000162546691e-03
9.937054573078238491e+02 8.222924136462843308e+02 -2.157329419021314972e-03 4.614788224361885717e-03
2.277647061332945100e+02 7.274876525879803921e+02 1.562930270463627107e-03 1.077075307749973850e-02
1.276991187649163521e+03 3.734650672429415295e+02 -1.731532107397010939e-02 1.394344054968749136e-02
2.345809211678298425e+02 6.426748661625952082e+02 -2.381107835481454521e-02 8.916985490891014832e-02
2.235325370821565798e+02 7.643600903438057230e+02 -9.080039371900486267e-02 -8.572891010245067833e-03
7.330745414855560966e+02 9.799966681925184275e+02 -1.382941645399321387e-03 -4.096098407416374348e-03
3.204864948708150223e+02 5.453271515147080208e+02 9.630628875242457088e-03 3.738054543417786233e-03
7.697643200803501031e+02 3.978357372175614159e+02 -3.367263198170614581e-03 -8.258641464213624947e-04
9.867587350956940782e+02 8.312301260431672745e+02 -1.200248714159744476e-02 -6.212513256836209655e-03
1.049879285608096779e+03 8.565818592550015182e+02 6.103426041955563493e-03 1.179734820963480246e-05
8.273997058845845913e+02 4.018393164199885632e+02 1.198253537956976120e-04 -1.606655533361624633e-03
1.018199849314305425e+03 8.306224991688209229e+02 1.588121065669658577e-03 -4.471462793891969358e-03
1.185246257407531857e+03 2.501542058255910490e+02 -7.000266633230969177e-03 1.133243218398553159e-02
9.469541923616742451e+02 8.371237992780312425e+02 3.750479392270691329e-03 2.240056638865467725e-03
4.657853790659096944e+02 4.540428721337040656e+02 5.512970513293431914e-03 4.851671555665197991e-03
1.106623084798359059e+03 2.284216985537171354e+02 1.350223679217622125e-02 5.279819418010638782e-02
2.683119070307612333e+02 3.007732032853516557e+02 1.520107094442624104e-05 2.883571950246620243e-03
9.553004988503873847e+02 8.224835554086624825e+02 2.580221532596597631e-03 4.737992320471702892e-03
8.211879228600146234e+02 9.341749305632642972e+02 -7.120256684416826319e-03 -1.153298746027019844e-02
8.214669680571504387e+02 9.444537810067747614e+02 -1.193742531475972153e-02 5.221410304691086711e-03
5.484280243689345298e+02 4.312926003205078587e+02 -1.735297362573095040e-02 3.739880616488353536e-03
8.090773721832875935e+02 9.050584497443581995e+02 -4.047796497589541409e-01 1.589227142750979094e-01
9.144207514439556235e+02 8.672992367355074066e+02 1.022965274034565303e-01 -5.524897807512870601e-02
2.891521199354625082e+02 8.784532014589160553e+02 2.306686295162623246e-01 3.811226618335283312e-01
1.069266309720715071e+03 2.002354516986453632e+02 1.309751797683668742e-02 2.138431968799214475e-02
7.541261311536291032e+02 9.725793263379036944e+02 1.925674136966542974e-03 3.107901715010133123e-05
1.030469321485398723e+03 8.254960837893518146e+02 -1.544627833175915219e-03 2.628805698856859219e-03
3.313336109561134890e+02 9.245786046833987939e+02 1.681087929198682163e-01 5.109954286639997179e-01
1.021466712067888921e+03 8.144058162306642998e+02 -8.206302068337622407e-03 -2.323094646212126285e-03
3.658227045027363147e+02 1.070191411626723493e+03 2.084895008246588632e-01 3.989117872172796009e-01
1.056064114853158799e+03 2.220438528259647626e+02 -1.020790250907672447e-01 5.914146256490444842e-02
9.551741341803739260e+02 8.785899762002626403e+02 -1.546890243985960152e-02 -3.756536683785820230e-02
8.184839260282428768e+02 3.798943267431425284e+02 -1.148342623170296728e-03 4.905660995516450092e-05
9.717305374531086954e+02 8.893046860994644476e+02 7.158318081623616823e-04 -2.737175301780832206e-03
9.044158748081704289e+02 8.398825481972155558e+02 -1.361654457226373592e-02 -2.516784323166454049e-02
2.424915648772498002e+02 3.612569629461686418e+02 -5.835445952458269414e-02 -2.792391237682619876e-01
5.796208471109307538e+02 4.680936822702411746e+02 -3.721308555791348269e-03 -8.344312214725198990e-03
8.022887563641305633e+02 9.265054467186445208e+02 2.214527859360705328e-02 6.673306799602824434e-03
9.619873583975683005e+02 8.488531060681303870e+02 -1.227158775078342028e-02 4.005534646686407380e-03
1.944769779479604779e+02 5.887498442527838733e+02 3.798874039499549726e-03 -2.056903641469169652e-02
2.319737606133645897e+02 6.900787142422914258e+02 1.958204284004421824e-03 5.864760499113038511e-02
4.929929943818390825e+02 4.483508889040086274e+02 -7.430210069018547414e-03 1.339412059690961486e-03
8.354704170395372103e+02 4.117840688588249236e+02 -2.374469835163467175e-03 4.035574555925927577e-04
9.695470319626883793e+02 8.751114605871266576e+02 -1.014441080724394657e-02 -8.628490818418778005e-03
2.744377243337638674e+02 9.201382970664897130e+02 8.987540216215036959e-02 3.980132844817276250e-01
7.959163244864395210e+02 8.879006557678569607e+02 6.401932139585869708e-02 5.779825790473566705e-02
9.681862676086308284e+02 8.247651708692746979e+02 -2.114617994526171111e-03 1.010482815475748607e-03
2.053561760872814261e+02 5.133146203174034099e+02 -2.318412902033206366e-02 -6.183799616277642353e-02
7.961076296968545876e+02 8.813219104351213673e+02 4.802919067078439269e-03 6.413354381324422142e-03
1.191487896594265521e+03 2.097205417165907306e+02 -8.031840275828355108e-03 -3.181725892018097239e-03
8.112012303262954447e+02 4.067335992030088505e+02 -3.393415312122651829e-03 6.393145889626114346e-03
7.677158982135106271e+02 3.860972865484040994e+02 3.541095100649952095e-03 2.803147216891127644e-03
2.249952391690876823e+02 6.859230667754720798e+02 -4.372386405013023794e-03 -4.335717125941570757e-03
5.572663483349166427e+02 4.187076823279244309e+02 -1.018359263279271926e-02 4.243123449384148677e-02
3.108496501236558629e+02 1.051911474692478123e+03 8.609861874999739928e-02 4.503212284485027528e-01
9.495130403075861523e+02 8.564444195643540070e+02 1.179626755095708607e-01 -4.986605900680977921e-02
6.033010408219322471e+02 3.858287742727659975e+02 -8.667560030473153015e-03 -6.420896946373418589e-03
3.370200545552419840e+02 5.470782933247409119e+02 -1.559864851707862959e-02 -3.269131900234436422e-02
1.121677641865556780e+03 1.699721048681639672e+02 -9.086755147005208533e-02 -2.520750688308671592e-02
7.248558184031506926e+02 9.473749760500693355e+02 -2.114769260533581191e-02 5.444177709908010546e-03
5.112385244251162817e+02 4.393852971984218243e+02 5.880109677070439762e-04 8.913956305312438749e-04
9.956592540123824620e+02 8.747742489228883187e+02 -5.248011880672664477e-03 1.120297815071303812e-02
2.575405853748913501e+02 5.763801044179141400e+02 -4.255519180396889756e-02 3.335484194772737609e-01
4.804232019735009089e+02 4.693488533877963960e+02 -6.615181549918951230e-04 -1.411196953187646846e-02
8.746510582550337176e+02 8.739954888021791248e+02 -7.486295643923988885e-02 6.563440521649500925e-02
8.016490421472440175e+02 9.409298451298175223e+02 -6.018757064113387095e-02 2.463280947823378447e-02
5.357318182677045115e+02 4.149804907119280983e+02 -5.036681345970491939e-04 -9.218551199798622267e-03
5.209147276622102254e+02 4.428647700257213273e+02 -1.912972656896272383e-03 3.185495695804953144e-03
3.265933856290384369e+02 5.361439458151218105e+02 1.921412551052868647e-03 -2.780801198563458924e-03
2.862055611166757672e+02 9.053932988619646949e+02 1.411040341622988303e-01 3.780309417038191788e-01
2.681758175046904853e+02 5.421515572793034607e+02 -6.837063675410637309e-02 3.575431027458795263e-01
7.464598159983598862e+02 3.968795079728392921e+02 -1.149563857177664716e-03 8.387831911614729991e-04
2.274731608818259190e+02 3.394445393974047533e+02 -1.182818940882456593e-01 -2.924034707784925469e-01
8.064468708797005547e+01 3.230428801546452746e+02 -3.892651013621916973e-03 -1.288000863286411536e-02
3.241765453584357601e+02 1.005056535419244483e+03 1.334288710401040634e-01 4.363809330786503904e-01
9.732483183649436569e+02 8.638774210087551637e+02 -2.940186136167724854e-02 -9.389074041007349283e-03
3.164828866436084240e+02 5.183267874725269166e+02 -1.942739250927442637e-02 -7.827329381164887037e-03
5.356520201926009577e+02 4.265604834697609817e+02 2.332231116668589434e-03 -5.696541500539508557e-03
9.983478850641013196e+02 2.479600525407613816e+02 -6.120366111315321024e-03 -2.287013291546634124e-03
8.508224710102999779e+02 9.314637451506516754e+02 1.128171973615541999e-03 -9.626069067208656727e-04
2.932000267839982257e+02 8.929062907937330920e+02 1.843578140833893597e-01 4.268519952173113197e-01
6.286556718453884969e+02 3.843506503001964347e+02 1.675268658472516686e-02 -1.686366011260095540e-02
8.161535467188915618e+02 3.634815218573514812e+02 -2.800541061589845778e-03 -1.770156965427182802e-03
5.454462436678171571e+02 4.242194311900746584e+02 -5.257191408704199424e-03 -7.190745812306881604e-03
8.577153208650764782e+02 1.101632673488897353e+03 7.542200623226950722e-04 -3.681933483176630731e-04
9.302611011763484612e+02 8.355887408835353654e+02 1.669456362777162845e-03 3.580237469044155948e-03
1.157208151294883237e+03 2.366087755527836407e+02 1.046492686573446441e-02 2.110199351241760085e-02
6.025849123473902864e+02 4.245251181565316756e+02 -2.824618737250346109e-02 5.217336316422691023e-02
3.167381782214272903e+02 9.337846069464321772e+02 1.536009714319465924e-01 4.849401257920745167e-01
3.581005476250725792e+02 1.011257748996810506e+03 1.999590733189782754e-01 5.349123870362865185e-01
3.199731630316627502e+02 1.076171657433681730e+03 1.295647755405466839e-01 3.975237049061330352e-01
5.085650433466205982e+02 5.071586971824040120e+02 -1.248807668848329888e-02 6.755283112971654548e-03
5.462367406862766757e+02 4.050409627265727295e+02 1.729954883400282653e-02 -1.853029559014439734e-02
1.095922898060674925e+03 2.160860046232396314e+02 -5.495832314483489571e-03 1.254890139906541906e-02
2.378776072020616255e+02 7.394380189953800482e+02 6.591160460189793811e-03 2.197001385069156584e-02
2.305256654027493539e+02 6.397670018202210258e+02 -3.033427210943043413e-03 7.862249615749249132e-02
1.203692657899903224e+03 2.538119066144099918e+02 -4.053285626745906263e-03 2.078176525029726274e-02
5.480022100080514065e+02 4.749027600971916740e+02 1.356910395685023869e-02 -7.630059894879785524e-03
2.777587579944428171e+02 4.956478099085620102e+02 3.878220212242983189e-02 3.823996824145055040e-01
7.532037168272614736e+02 8.451314106569384421e+02 6.122599261131410440e-05 -4.964878538601732050e-04
9.770196963829487231e+02 8.455982004872159905e+02 -2.410137022757856493e-03 -2.366925497282485781e-03
5.543785944206761087e+02 4.788150779150994367e+02 3.975043365130659367e-03 1.048924457618025802e-02
5.390547634888246193e+02 4.966142665358925115e+02 -7.712227911733209040e-02 4.866619563135219859e-03
1.163325226931201996e+03 1.415106619645306125e+02 3.550741411203318237e-02 -8.713374732887376947e-03
3.214581264278051549e+02 5.298205239665713862e+02 5.190039289090290359e-03 -3.156340128757304507e-04
2.582495668954957182e+02 6.947444112964059286e+02 -4.650332935740368948e-03 -2.600728432514755415e-03
1.113929190615773223e+03 2.374591371751448321e+02 -1.100138421000693700e-01 -2.262971902554356679e-02
3.138965024200434186e+02 4.717588774134258642e+02 -2.979222905208185005e-03 1.026107770808221652e-02
2.195008177835661911e+02 2.962773123782157541e+02 -8.091968497311283204e-02 -2.992352944592422404e-01
8.879558645033746416e+02 8.757325331520158898e+02 -3.336753908225807523e-03 2.278510473446532583e-02
9.157677311231601607e+02 8.730787193446958554e+02 8.055071284411721710e-02 -5.655055757154171803e-02
1.145849629908438374e+03 2.091381795369178747e+02 2.959322467345058133e-02 7.324917498514838150e-03
3.718841685889639734e+02 9.645330284122445619e+02 -2.656741590666939303e-04 -1.262185310014105619e-03
1.234317112896055505e+03 5.054662981437699614e+02 2.422712241877303663e-01 3.850105123463650747e-01
7.926129429097517232e+02 3.938207709235905440e+02 -1.035345035594254556e-03 -9.979564131203735606e-04
2.927583687437665390e+02 4.792234729980209522e+02 4.047660443757138821e-02 3.854269296636482767e-01
1.057600103774665968e+03 1.758255757446054872e+02 -3.212072492130060289e-04 3.699610165203032121e-03
3.211795675529463665e+02 4.803997843775312049e+02 -2.774778741355635875e-02 -2.587398747214655903e-02
9.722312283685906777e+02 8.308179993469450437e+02 3.601645932353631473e-03 2.756130184578897604e-03
2.483691212225550089e+02 7.409104009217116982e+02 1.056425709731935100e-02 4.009472512168463058e-03
2.184914959715296447e+02 6.867502566351265614e+02 -1.746483595281060272e-02 1.228550643595711575e-02
3.098000315959483260e+02 9.859522311861836670e+02 1.376971468793838083e-01 4.525772916953482716e-01
2.331932232040824431e+02 3.510524014989293278e+02 -7.711430982677069945e-02 -2.962241012327527234e-01
2.248570834774353386e+02 3.085228669129136847e+02 -8.637764187248805903e-02 -2.601967444558619391e-01
5.875532591385424439e+02 3.998196729980892883e+02 6.230975438844361600e-03 2.984887801260648955e-04
1.129686009016883190e+03 1.472366548366721020e+02 5.590010381643599480e-02 -5.306059918661103214e-02
5.078816702720863532e+02 4.457202260025760552e+02 6.025868166747418153e-03 -7.452495491674140590e-03
2.730397850674830238e+02 4.542239257846078999e+02 1.240933532620598495e-01 3.714483559288966896e-01
6.084703802692866930e+02 3.665529834275515668e+02 -1.220401892682712250e-02 -2.442690536285584482e-02
2.749645103592218334e+02 6.700154121310522441e+02 9.070777735665065894e-04 2.075075338585421428e-03
3.498262670421770508e+02 9.884743146335873689e+02 2.145880972436782497e-01 5.155097711103205915e-01
3.401546696124559617e+02 1.013894322723171399e+03 1.067299067802326695e-01 4.707543606096414313e-01
6.007140745674230402e+02 3.638741799078174495e+02 -2.496212125564816614e-02 -5.387001579801375950e-02
6.118660862346272324e+02 4.252086347065304039e+02 3.478450949841888767e-02 1.693380846529747574e-02
3.275097044830395134e+02 5.189520646113905968e+02 4.214381993916044636e-04 -6.196922297325871062e-03
5.335029518169729954e+02 4.125138345219571647e+02 -2.012626957393606937e-04 -4.699830639316867134e-03
5.383674249868410016e+02 4.671369583680179858e+02 -1.044384614910635715e-02 4.016675076178388183e-03
2.997837382614792432e+02 6.135432895800701090e+02 -3.510638031949183530e-02 1.450944508236702915e-02
1.192915627901160633e+03 1.857622628533264617e+02 1.111103953240618128e-02 -3.876751478197060230e-02
4.752991210963927529e+02 4.652301662860380134e+02 -3.267227940352936816e-02 -2.890093007369776493e-02
2.220290647781789346e+02 7.529037558420551477e+02 2.598273855789787028e-03 -3.866364182990404685e-03
3.314381122885858986e+02 9.833544075848100192e+02 1.282575207337370848e-01 4.156194002305041990e-01
7.850936317681132550e+02 9.586829815672354016e+02 1.103849000416927753e-02 -1.274882133683230730e-02
2.664968162784654737e+02 4.418198822072541816e+02 9.362819287619994491e-02 3.916986881510051699e-01
1.033533442805376126e+03 2.384252561768202838e+02 -1.009343192798600186e-01 -2.528386652368949661e-01
1.210644373840277694e+03 2.458912613572332759e+02 1.736700731489780949e-03 -8.470911540906390230e-04
2.173099670690139362e+02 7.232907101277668289e+02 4.736609638794703897e-03 2.377104781235985734e-03
2.776731496885323054e+02 4.173942805725269523e+02 1.023640244282574691e-01 3.260078881816464991e-01
3.277527891045411934e+02 9.618095331442293627e+02 1.253544741973959542e-01 4.732043536952154072e-01
4.014949622925285553e+02 1.033125462922431780e+03 3.782156678406799477e-01 6.032771290818003118e-01
3.288221905530148206e+02 9.385287473891181662e+02 1.384019444948690614e-01 4.863403985633927840e-01
1.146652827818189508e+03 1.929446244177259189e+02 7.029527465813699416e-02 5.388144831463329704e-03
3.130404325673788435e+02 9.463338337718894309e+02 1.465333125804168801e-01 4.954538014714889860e-01
1.216739315243481769e+03 2.516813118977668751e+02 7.729131349597172587e-03 -8.216323458006879804e-04
5.115312191740304684e+02 4.813357326899292161e+02 -8.413569930857900392e-03 1.323481432118986043e-02
1.244818738907209763e+03 4.799065152968764778e+02 1.972369007913103156e-01 4.757798891292912558e-01
5.734658684534267650e+02 4.261785206642601338e+02 5.050509835757679110e-03 1.081362058712757304e-03
2.184783939369162056e+02 6.988358769149562022e+02 -3.443140961512609032e-03 1.133089725566389754e-02
1.038714265112498197e+03 2.473056407163750521e+02 -1.005587032479327014e-01 -2.542717445400544674e-01
3.363523196881734521e+02 1.002335434720180842e+03 2.472863170239364139e-01 5.342187463953104176e-01
1.233218928116739789e+03 2.551061945567497844e+02 -1.277950670593853977e-02 -1.278900598445788283e-03
1.114569420804438096e+03 3.535920331528024008e+02 -1.553864245132886290e-01 -3.558830400741049838e-01
4.150765723798210161e+02 1.089846135273024856e+03 3.616171065955094410e-01 3.088662204076428885e-01
1.016302521579011113e+03 2.745200292447559605e+02 -1.344760640597992239e-02 -5.862366162412710816e-03
1.203472824118320659e+03 3.514820543001530950e+02 1.874018779444285576e-01 -1.942879676455617211e-01
2.783865107529573493e+02 4.576734746476534497e+02 1.206816341592560904e-01 2.907939343446127589e-01
3.068876508937247536e+02 9.455303842862888359e+02 1.485597853637817822e-01 5.056246234252462779e-01
2.094768494161754688e+02 6.938426900393722008e+02 -1.910816381002063691e-01 2.069353781828261463e-01
5.481320469989600497e+02 4.093942575162342337e+02 4.817731553641964315e-03 7.705081414815815287e-03
2.986559528395588927e+02 8.884892465227259208e+02 1.979130407673183323e-01 4.279876137013143289e-01
2.602383154062612789e+02 4.065273867736243574e+02 5.964807426951920094e-02 3.181493728360599849e-01
3.161544108106044177e+02 9.016195008323245474e+02 1.835556541719763068e-01 4.562262249020508920e-01
1.127929230068133393e+03 2.465074969926513120e+02 -1.947052150350404853e-02 1.373347842752593168e-02
1.227108070417537192e+03 1.494245560991840875e+02 1.776434975064859929e-03 -4.653027641216684468e-03
1.056177161522170991e+03 2.734783326551029177e+02 -8.225795302938097853e-02 -2.822019218062134516e-01
2.466999016417293262e+02 5.129605428065034403e+02 -7.140244012154624113e-03 -1.666988467773666046e-03
1.023264253073303848e+03 2.797185623984906329e+02 2.206046773392132589e-04 -3.478113315058482466e-03
1.124408899580365642e+03 3.590060521176898192e+02 4.572479595886347163e-03 -1.860128712169373810e-01
9.966997667437577775e+02 8.237826975858172318e+02 -2.571814251212790545e-02 -4.355578690235846484e-03
3.137626812109554066e+02 5.556997460334033576e+02 3.974570085806601594e-02 4.360670377320842450e-02
2.288298765456843284e+02 7.026326026826844782e+02 -1.423380261424861274e-03 7.609147328270013735e-03
3.324026906616659858e+02 9.706443543012982218e+02 1.712475254734028007e-01 4.377973567204404004e-01
1.124614404349094457e+03 3.390171308850791547e+02 5.324703287641847915e-02 7.811276959841567669e-02
2.420737880269257971e+02 5.887137318178764644e+02 1.776904148669789518e-01 -3.227331361930836362e-01
1.046614362510985075e+03 1.792416617159064742e+02 -1.702295559478821801e-02 -3.953381950245863502e-03
1.046852139753587153e+03 2.524533018040512218e+02 -8.441457664066367300e-03 5.207032573755700222e-02
1.116151499386829300e+03 3.258590218913334411e+02 -1.770339772049598359e-01 -1.537892261142650985e-01
6.055217973559228994e+02 4.084853412674358424e+02 -2.090437710135705559e-03 -8.052269268798434168e-04
1.182284759674085535e+03 3.358737789968172365e+02 4.177509761675087252e-01 1.592778205375939005e-01
3.519735575172718427e+02 1.022183066730940595e+03 3.431926123515227633e-02 5.138768533866273636e-01
1.021761176364468724e+03 1.845602642247890799e+02 -2.585807574758287181e-02 -2.938514113539706166e-02
2.673467133074422577e+02 7.377071116184340553e+02 1.251709841258139260e-03 5.990366882581000911e-03
7.866092101328979425e+02 3.993548303166710411e+02 2.791011873803582455e-02 -3.134436292660072038e-02
1.113104251804347086e+03 3.435165127747322913e+02 1.643163912648907266e-01 2.998038968652979031e-01
2.653331014332226232e+02 4.586360266215085062e+02 1.206118368830035731e-02 -3.151147955469840167e-01
3.123656715818591465e+02 6.104703171822982313e+02 -1.759482813075197161e-02 -1.761732153889030567e-02
1.030202056218609187e+03 8.522467840211091925e+02 1.926636161844123146e-02 -1.705352718748050569e-02
1.140698760575401366e+03 2.182961839955077039e+02 2.295406198676672865e-02 3.103252464532489652e-02
5.962596335961965224e+02 4.172450712927613949e+02 -9.440754392437949311e-03 2.177019510266444205e-04
1.155684690571583360e+03 2.242347794137523920e+02 9.565030828246626421e-04 1.767551829860646712e-02
3.292197399548560952e+02 1.041068419592671034e+03 7.313097947045739400e-02 4.353440813429806933e-01
3.305741758545552216e+02 8.926830385246311153e+02 2.202108129031144779e-01 4.876492055532658521e-01
3.253019682575816205e+02 9.412605959544852112e+02 1.424096436050507342e-01 4.899327664892539347e-01
2.547844050123297563e+02 6.405516342836413060e+02 -8.398078297541968287e-03 9.013494967242796641e-02
2.351377179629305374e+02 3.599835902789440638e+02 -7.338883236639442975e-02 -3.137026799770067376e-01
2.735277705256394825e+02 6.527693891979536147e+02 -4.132344596119046781e-02 1.319383168232785564e-01
1.038176692089533390e+03 1.881387051921775821e+02 4.104014254238845050e-04 -8.469157690805025486e-05
1.248448416751856485e+03 3.173988652141087528e+02 2.661929284063082601e-01 1.544731868579105050e-01
1.209894880017942342e+03 2.196926277095836326e+02 -1.178785338478888570e-02 3.179961587803920020e-02
1.201165570421863549e+03 2.034809161240455069e+02 1.109081261629533792e-02 9.947096816977373662e-03
2.496863860384843861e+02 4.806953790160605422e+02 6.474256676166631648e-03 1.545767063779330316e-03
2.388999111703733718e+02 7.098709449241898710e+02 1.515709797066991469e-03 1.597184758150721647e-03
2.763416932977135616e+02 5.131495184057843062e+02 8.038863297100972555e-03 3.537442131998937422e-01
5.909250900286137949e+02 4.478687130415627280e+02 -1.602866348939484611e-02 6.847176063821158384e-03
2.374663875004077909e+02 6.919735132679784329e+02 -2.632916627754923033e-03 3.680807164675462678e-02
3.506739937007483832e+02 1.075686923977240440e+03 2.384863361420513639e-01 3.112460147329235149e-01
2.823404221104921135e+02 9.187611830526278709e+02 1.133510606639520496e-01 4.053330539383800390e-01
3.667476673552154125e+02 9.955644359150956006e+02 1.989742363955913085e-01 5.378650448174354670e-01
1.118564467402830360e+03 1.648489178759151628e+02 -3.589070448260647112e-03 3.474153307337528047e-03
2.665030032954183525e+02 6.283198211382053842e+02 -3.363739259907898987e-02 1.460209869876090971e-01
2.644293437093867283e+02 6.435989563893270997e+02 -1.250562042281613308e-02 1.181003628120883553e-01
9.756055555227962941e+02 1.757019046005812584e+02 2.857576467341900982e-03 -3.094231903984049833e-02
2.792642435585232192e+02 9.060478959155555003e+02 1.364022646785082449e-01 3.878433719833150883e-01
3.952380540441996004e+02 1.034082200542009332e+03 3.691577492074017974e-01 6.223989997218241088e-01
1.075742277414938826e+03 1.855437949538176383e+02 -1.086932851117891559e-04 4.337962092795868974e-03
1.207631603650227362e+03 2.111801001163068179e+02 1.299674967016795860e-03 3.438013731468318387e-03
3.578399251362836253e+02 9.815565092893745032e+02 2.101398635261921555e-01 5.265587292412311493e-01
1.002858257189198866e+03 8.756179526466255538e+02 3.274210095514267557e-03 1.456331417070131414e-03
2.650685505770679242e+02 7.144279454715408519e+02 -2.827439297225237472e-02 -7.551196479146773943e-03
1.198282772510512814e+03 2.293338602386248510e+02 2.976688707022812162e-03 -9.071667571019772971e-04
1.238925132274531961e+03 3.367329906902786547e+02 4.704536894621987320e-01 6.177719309969875727e-02
5.007274370983793688e+02 4.572611857473030454e+02 4.093975577968131710e-04 -2.242181992206701904e-02
5.919249981879426059e+02 4.773600186695462639e+02 2.527419980039424113e-03 -1.435107488615889638e-03
1.169538956748440796e+03 2.846374226587620342e+02 7.180379972585206882e-01 1.447661377809661698e-01
1.147750061850127850e+03 2.598577028825684465e+02 -3.435136437543757082e-01 -1.347540096424849898e-01
2.635975558425467398e+02 7.261273940874776827e+02 -1.477229319913710582e-03 1.380854634376056829e-03
2.689940668649713871e+02 4.753244218569724922e+02 8.051377372603699123e-02 -2.875850596461675401e-01
2.858018070733966738e+02 4.828730965346060202e+02 5.257481685427112944e-02 4.030689059303748656e-01
1.268075997484256277e+03 3.925742215920482749e+02 1.446707634631640843e-03 -1.415022603131916093e-02
9.434487210600993876e+02 8.561636249787177348e+02 8.407573091564907175e-02 -4.410940916740500178e-02
2.529298351728148759e+02 6.865391199847142616e+02 -4.256939397866083344e-03 -5.462021784069293062e-03
2.626803551584204683e+02 7.075843085671048129e+02 2.909233078716314067e-03 5.720216075353686425e-05
3.984468417955340556e+02 1.076261336084439563e+03 1.203626191596719464e-01 3.695651702050826715e-01
9.316244109068652506e+02 9.080049175258941432e+02 -8.245521519799271781e-03 6.053400323488552365e-03
1.018945999541668584e+03 1.673097815307190501e+02 3.244407265828212761e-02 -6.366191888380488828e-02
3.017185625007870158e+02 9.902873742411134117e+02 1.163320677467051811e-01 4.376947809866369443e-01
3.718196718842721111e+02 1.056093294162138818e+03 2.343551924547568888e-01 3.728065890264218862e-01
1.146803160898948136e+03 3.114121005409805889e+02 -2.969043619738597622e-02 -3.168889883137263608e-01
1.835856209411025759e+02 5.891558052577114495e+02 -4.187269223789112649e-03 -7.068156054661714309e-03
1.199833355668590457e+03 3.665579161761955902e+02 7.503168364841672489e-02 -3.256290923819333827e-01
3.065619947173702826e+02 8.861203062930259193e+02 1.621505458390627152e-01 7.043987406087109937e-01
2.335821699889192473e+02 6.348815765139406722e+02 -7.322496948102616421e-02 1.094832583623478461e-01
1.240185829635927348e+03 2.762858959719437166e+02 8.054128066812091258e-03 -3.028081702102846870e-02
1.490652517259809713e+02 5.181793534906814784e+02 4.381661818500912249e-03 7.812373264866914920e-03
2.801309466503287808e+02 6.434883387138866055e+02 -9.692240061656096084e-02 7.071679200593807002e-02
1.023950634506923393e+03 2.346406166102421196e+02 -2.613463743766670025e-02 -8.450396309006809326e-02
1.008306288360355552e+03 9.275272969959833063e+02 9.139694588953931921e-05 -9.648966954613354650e-05
1.163117914467396986e+03 3.403102856954549225e+02 -1.800006232540746764e-01 -3.665598340224217599e-01
3.102278823901102669e+02 1.024141702791867601e+03 6.297283827915362009e-02 3.820657686218271731e-01
9.499829279030059297e+02 8.976231488046053073e+02 -2.424569038022793971e-02 1.116812632973492384e-02
2.334978554165031142e+02 6.753349948429570304e+02 -1.036716915146991547e-01 7.728770900407518074e-02
2.512667346235234049e+02 6.697318673008621772e+02 6.584646730177025169e-03 -1.321886165845347072e-02
1.225258759349223055e+03 3.377353226784873641e+02 3.430164598783579377e-01 -1.101890151577559762e-01
2.735018920985360182e+02 6.196129125403904254e+02 -1.216823437264811028e-02 1.802654607058718494e-01
1.221446831362576177e+03 3.518637209094323453e+02 3.070284059793306763e-01 -8.843197612639533411e-02
1.029115386183538931e+03 2.123233038908663275e+02 -1.207896596798752470e-01 -4.737911994035701180e-02
3.181982746077538309e+02 1.008657176707756321e+03 9.999623753968943374e-02 4.279770295765078503e-01
3.230017212079010847e+02 5.169619188405455361e+02 8.492195698949834767e-03 -7.818705505372343378e-03
1.298907638318721411e+03 3.030161541385464261e+02 -2.089068360009609712e-03 -2.941612546570774450e-03
1.072299052729572395e+03 2.246054719616823263e+02 -4.516465404515539308e-05 -4.346847489046012925e-03
3.243623972126733861e+02 9.248213036872994053e+02 1.728588219589700103e-01 4.962368769999753182e-01
1.032002949729754391e+03 2.036633820117295954e+02 -1.419472609107418626e-01 1.835707118509628810e-02
2.572546958205581404e+02 6.725622388714918998e+02 9.904724662340746218e-04 -1.117272613434426229e-02
1.013599542372085352e+03 8.530032413163510228e+02 -7.904444526331537435e-03 -7.263630947309678704e-03
1.392574301770469276e+02 3.911439848892512714e+02 -1.150044557690444932e-02 -3.967490655531608762e-03
9.359364105938996090e+02 9.027827771017252871e+02 -1.086819159427655475e-03 1.569760353479095899e-02
1.168969927356973585e+03 2.161447120405434532e+02 -7.149174303279746956e-02 5.635409487540989776e-02
2.448760964824798236e+02 6.115382864433991017e+02 -2.632719661864365429e-02 2.643460468147030840e-01
2.611527309738613098e+02 3.957379759166001918e+02 6.704969940816898899e-02 2.882720414505239304e-01
9.181889248185973429e+02 1.102616018559959457e+03 -1.348194267406917452e-04 -1.372021999085887658e-04
1.192105931716128453e+03 2.257280031381579306e+02 4.686580922458404713e-02 -5.455872817107531442e-02
1.261086856315298519e+03 3.538799929971100937e+02 3.727570520172438506e-01 -1.152539277733695827e-01
1.140868111565976278e+03 3.326026431211951149e+02 -1.520301314503852974e-01 -1.510473914824974340e-01
3.824956297464697741e+02 1.064698877459195046e+03 1.318404524499136032e-01 3.577415244446618403e-01
2.363601085763603464e+02 5.861487484347796908e+02 1.907372231861472756e-01 -3.229884839173373101e-01
1.173661837258937112e+03 1.921215572030531007e+02 -2.124361261363753167e-02 3.644579795329432048e-02
1.288742095719550207e+03 2.956626687819328936e+02 3.783087026130317176e-03 -4.581158878507420040e-02
1.027974547503222084e+03 2.473386107650207464e+02 -2.373470596425889326e-02 4.926765364471651261e-03
2.613964601758412982e+02 4.658149154575799002e+02 1.440525938179484759e-02 -2.685396898842399849e-01
3.642419383963094219e+02 1.033935279130165100e+03 -1.092318387114373478e-02 4.654272585201122414e-01
5.180325088140714342e+02 4.643149525934816779e+02 6.069221246574184759e-04 -1.206005511430208003e-02
2.667275155881587239e+02 5.185534166180545981e+02 1.720923494063140435e-01 -3.093506232786748522e-01
2.528926125423998315e+02 6.137466768373606101e+02 -4.027515902253701874e-02 2.837202508416258873e-01
1.148556038737443714e+03 2.221243605815781450e+02 4.290310662708458900e-02 9.430108137271226917e-03
4.388620009724411943e+02 1.087033646246368335e+03 -1.461930875635654090e-02 -3.713889873059691288e-02
2.681594982807708334e+02 4.975621805003863187e+02 1.355614596049371512e-01 -2.871661522153259871e-01
5.246578658847598717e+02 4.649104345342473152e+02 3.526831951024624046e-02 -4.626842698150758493e-02
2.674545861188182130e+02 6.794715916462218956e+02 -1.286462238706946766e-02 -1.107644101401628230e-02
7.441911854315368373e+02 3.945528694558888674e+02 3.125519331363891184e-04 -7.462445825755668546e-04
1.191731652682616868e+03 3.434839685849822786e+02 4.675527672792632594e-01 1.263679214881975044e-01
3.993518611264449873e+02 1.058088198385288479e+03 1.966489345797610144e-01 4.055099406700539699e-01
1.113972803999976350e+03 1.687804847309719207e+02 1.733121585908466503e-02 -5.620839143963202774e-04
8.093943804654367113e+02 8.979703198234259389e+02 -4.001602279556967789e-01 2.109313779640408226e-01
5.148409884046330944e+02 4.816222943946637542e+02 3.302503367612333405e-03 1.791444916861366712e-02
3.375718542298615716e+02 9.534678700078973179e+02 1.455548777481849854e-01 5.209518469292079290e-01
2.375229614898655370e+02 6.288879290805524533e+02 -5.525041763392764954e-02 1.861204175956644724e-01
3.266214699090731983e+02 5.519584766736157917e+02 -1.233743638391784350e-03 -9.466841032252490754e-03
2.697508308526087717e+02 6.910877434526547631e+02 9.314282123772509719e-04 1.634972395651298994e-03
2.136027269247402671e+02 7.093570422636965986e+02 -9.768870432259517053e-03 -2.631762626286010542e-02
2.680256662300744779e+02 5.277465427826703035e+02 2.498142223245522209e-01 -2.809840666250249530e-01
2.259147267339925520e+02 7.435971381769661548e+02 -1.106348189497879464e-03 3.917090137432265029e-03
1.223531377176372416e+03 3.969670766147144150e+02 7.403374566428562150e-04 -1.684380562671709217e-03
2.646075795581348871e+02 3.508681155015981972e+02 4.196065465639166325e-02 1.935227455350081727e-01
1.136913973622226649e+03 3.066297565133925787e+02 2.840115133912406442e-01 1.380806426913372131e-01
2.315359327504079090e+02 7.369875684820817696e+02 1.124922413626872238e-02 2.193538663846084091e-03
4.077061560882402205e+02 1.079065255952826192e+03 1.356925220435020452e-01 3.600913672259868914e-01
2.359186207445426646e+02 3.424642055267064507e+02 -8.743676111020680375e-02 -2.903761715672412702e-01
3.450609885585619168e+02 1.054421100382456643e+03 1.014411111609244548e-01 4.827903455264204724e-01
3.066116815332173360e+02 6.471250514736514106e+02 -4.344258488295436871e-02 5.479324995998116621e-02
1.013458370754787325e+03 2.376469935677775993e+02 -1.830398997538278463e-02 9.840180944015437456e-03
1.206171571828531569e+03 3.829410269878224540e+02 2.568832210489168863e-02 4.269431821706850400e-02
2.264099840233506882e+02 7.496549258973582255e+02 3.421101515003626293e-03 -1.058830070258854998e-02
4.676627194734095951e+02 4.564715325268936681e+02 -1.853791834343277226e-03 -1.544465349857181494e-03
3.924220538913983773e+02 1.060025879650633669e+03 1.870614021018766893e-01 3.883945077528812573e-01
1.082558159367262988e+03 2.019144812545992806e+02 6.461533351071777065e-02 5.686692229721532210e-02
2.756156772430705360e+02 9.495381198632722999e+02 1.313997609705711000e-01 4.552758531904405048e-01
1.033918930690058914e+03 1.725540428662148713e+02 3.612069407232987653e-03 -2.040534871684349452e-02
1.284677146892326846e+03 3.341985696145180214e+02 5.611881947039738527e-01 -3.693197640156691691e-02
1.196762475032957354e+03 3.811982958883063475e+02 2.854510188906418319e-02 5.639244235354028134e-02
2.566586209510330718e+02 3.601674267055129235e+02 5.093823254593175115e-02 1.749791857343951096e-01
2.875779287392434185e+02 9.351769134351583261e+02 1.558931631092551062e-01 4.121845271398670851e-01
1.696854140246160512e+02 5.143941468000572286e+02 -1.925786396890994678e-01 -4.447392273299576315e-01
1.104167432161246779e+03 2.740831185550874238e+02 2.589559070066494439e-01 3.349557231993132711e-01
9.234087720325278497e+02 8.925120078862807986e+02 1.416488950271156157e-02 1.995132672988401620e-02
1.068861358800167636e+03 3.448870545447171025e+02 -1.616662352789199342e-01 -1.812782738426328699e-01
2.661846531569557897e+02 5.250590850061249739e+02 2.529496321916535617e-01 -2.453438223030933729e-01
2.448820296993908130e+02 6.276785258924440996e+02 -7.603847273290258169e-02 1.780316113218671781e-01
3.467340636398620290e+02 9.725798573703050351e+02 1.987331925161640311e-01 5.168483986244710726e-01
3.219501351386740566e+02 9.866613870721045032e+02 1.927007949085970673e-01 5.061630709877423806e-01
9.601371836402290683e+01 3.641488144351893652e+02 2.551616167989740648e-03 -1.490197221251532466e-03
2.293860317776365605e+02 5.359246311957105036e+02 2.254621758669941300e-01 3.639937442381432214e-02
2.323023998577161819e+02 5.423347198458471894e+02 2.756723391175547322e-01 3.954708920225179225e-02
3.644625286507414330e+02 1.012267654834729683e+03 2.049544445901067824e-01 5.100487112166840475e-01
3.459113104712933477e+02 9.987726705291345297e+02 1.828967055650721762e-01 3.836863722428848211e-01
2.799912190619074295e+02 6.063656639806046087e+02 3.486510983674012687e-02 4.459301876561233557e-01
2.207905726942388753e+02 7.140509883612993463e+02 3.151013441127604314e-03 3.031728299145758539e-03
1.058366781476945789e+03 2.468760734816215177e+02 2.659558799627151915e-01 1.789042000685152900e-01
1.042713906952176330e+03 2.116587214348953978e+02 -2.782138132667371158e-02 4.298904288545309371e-01
3.165944781207029450e+02 1.020824013127859303e+03 7.922841094209008561e-02 3.921274517548667959e-01
2.778261290069465304e+02 4.691534692256305448e+02 1.118215921670066559e-01 3.329614950425871522e-01
2.618269560001592140e+02 6.637574240871859956e+02 -7.367543237071548859e-03 8.002229774284963862e-03
1.637469127624453904e+02 5.185647722434167690e+02 -2.155207902406600373e-01 -4.347986287080747303e-01
2.622066553867037442e+02 6.918083560102735419e+02 -7.668912192148375287e-03 4.807484139995280882e-03
2.760327054931016164e+02 8.910360879819778575e+02 1.583833095006200176e-01 3.620514213504980039e-01
2.554577555287013411e+02 4.959014669409930320e+02 -4.227862462668966273e-03 -1.378334883471248572e-03
5.487097909886999787e+02 4.831071708906493996e+02 1.643107820332081331e-03 -6.369984032353881703e-04
4.333817456259563414e+02 1.089890501993526868e+03 -1.376652673603262315e-02 -3.358008096645312412e-02
1.514851346873323621e+02 4.550473194028143666e+02 -3.049908450133396315e-03 2.781780870656469853e-03
2.512545721936334360e+02 5.489777354017628568e+02 2.774701078636890861e-01 -3.517644503623555963e-01
2.794766073831596600e+02 4.369121768069687732e+02 7.842640850456480961e-02 3.057503504765397562e-01
2.597239401526186953e+02 7.342081299953794087e+02 3.698188915367077965e-03 -1.257229694461370513e-02
2.869193656715138445e+02 5.554586459217314314e+02 -5.688355577531678531e-02 4.080140044314581327e-01
1.279761186594476612e+03 2.682965729736568505e+02 -8.519630054745066378e-03 1.224843685458602699e-01
2.646562989349438908e+02 5.762874652892975291e+02 -9.390106457665398088e-02 3.689735301010046986e-01
8.103027981135631990e+02 4.023780371204085782e+02 2.284438714912197330e-03 2.661518748935253528e-03
2.973250093247501127e+02 9.659455278994796572e+02 1.327070931628815953e-01 4.680707290332237203e-01
2.404149461497071911e+02 7.227238664032622637e+02 -3.172210555211821357e-03 6.219753963341870424e-03
2.809746440964340195e+02 9.368656486077027239e+02 1.725733078727035574e-01 4.903570083801532253e-01
1.138603479815347328e+03 2.462450827841214505e+02 2.180895022266298930e-02 3.472104880406343824e-02
2.514935309547109910e+02 3.449355001486418928e+02 4.288505218828403409e-02 2.112956381925235605e-01
1.118187239014292572e+03 3.393185769639893010e+02 5.654607507496602764e-02 -4.989343912956539090e-02
1.000583083695638834e+03 2.225798867895112494e+02 -2.125650923115398119e-03 3.574011338208455540e-02
1.247781786069785085e+03 2.865149126828115982e+02 -5.227602143588570317e-03 6.054369093522771889e-02
3.552200550269199653e+02 1.074182997011682801e+03 2.164230420530589838e-01 3.146367807374095826e-01
2.467165563145343015e+02 5.445833528385734326e+02 3.011800683561884351e-01 -3.704720052328366875e-01
1.017521625847601513e+03 2.626816301638397704e+02 3.775698609729261079e-03 -3.259789761174114540e-03
3.090452655323172735e+02 1.009556276820995095e+03 1.045770968343949919e-01 4.419700060774425787e-01
5.514170637198832310e+02 5.007032307881309521e+02 -3.348801547155411465e-03 3.061379904008304769e-03
2.997100086099726468e+02 1.022014089995493350e+03 6.695556879991286514e-02 4.546550159258321289e-01
2.419648850861762526e+02 6.821617831170967747e+02 -4.241010363910668012e-03 3.390189270401894328e-02
2.421299660324201568e+02 6.994285123965845514e+02 1.493781529609294152e-03 2.125411749143427814e-02
2.789497300341233199e+02 5.336071573408569293e+02 1.619302171437451282e-02 3.747622226151263725e-01
1.038157534943946075e+03 1.991830480581387803e+02 -1.632158584626078757e-03 1.757335633774999122e-03
2.760919909849059195e+02 6.967569793782214447e+02 7.386881824067411187e-03 1.587158060479031477e-02
1.171735492600678981e+03 1.839739246265360748e+02 1.304370265141656035e-02 -3.416026013659764077e-02
1.109754700404725781e+03 3.548886596211839901e+02 -1.461636457807947709e-01 -3.619682426487744742e-01
2.477580935558230806e+02 5.962057655957214592e+02 -1.274926739331817271e-01 2.750665046348515497e-01
1.150869972281294622e+03 3.632623893783153335e+02 4.461600239518801088e-03 3.943577191331868077e-03
2.884041802796771776e+02 9.521975508765193581e+02 8.660774795190165354e-02 4.775352817117191062e-01
2.428489667888526071e+02 5.153321449859222412e+02 6.577577017808712567e-02 -1.121526720713869607e-02
2.449738441846930925e+02 5.600456277968820586e+02 2.806034582007331801e-01 -4.236920550508874728e-01
2.302376398371389428e+02 3.190567316053859486e+02 -6.939817851806290294e-02 -2.733377171267226124e-01
2.860097258238332074e+02 5.249759166257133529e+02 4.655615493388745758e-03 3.841583018443685549e-01
2.437957873549734700e+02 6.457969114925392660e+02 2.528179048498255810e-01 -2.572782113468945475e-01
3.083345658506431164e+02 8.285109823990255791e+02 -6.865350868664288342e-01 -1.120159946229489334e+00
1.080343555062013138e+03 1.556165485619763444e+02 -6.755713755977705778e-03 -1.609947028683645157e-02
1.204680953084064640e+03 2.071599793956151245e+02 -7.331291126317887770e-03 3.634204433178599147e-02
2.703929994734312459e+02 4.404120920359421234e+02 6.976563176494092466e-02 4.375751232449108796e-01
1.126901322758265678e+03 1.942445424443649529e+02 2.581112915892084247e-01 -1.442143573824568592e-01
1.153118140980325734e+03 1.991156487174512222e+02 -1.451116865681986255e-05 5.213740707565175415e-03
1.247099909373011997e+03 3.542363064031587783e+02 4.746471923927126912e-01 1.234420155079659354e-01
9.929505799758559306e+02 2.284252979467991622e+02 -2.397306043623401856e-02 1.341583271368426977e-01
1.119241834992962140e+03 1.751077614917926724e+02 -1.268923576374321027e-03 1.419896569525507836e-03
2.742750777825420414e+02 5.072364506402919346e+02 2.196629926228443538e-02 3.506575940989067330e-01
1.029145815976431550e+03 2.663793681385105288e+02 7.020308296108454874e-03 -6.992892710335996305e-03
1.179621607248277996e+03 2.235894192813106258e+02 3.281605685421511154e-02 4.370987486062137550e-02
2.520702486223575249e+02 5.179892960461697839e+02 1.816574182846661389e-01 -1.791217606728491007e-01
2.501463879862642443e+02 6.442680787262698914e+02 1.232162952185780584e-02 1.245012615384997745e-01
1.159340387779917364e+03 3.399703914346891338e+02 -1.670056789983544454e-01 -3.255206586819465175e-01
2.060786132985350605e+02 5.469301470657915161e+02 1.777391848135753960e-01 3.244456060110431084e-01
1.165038757211619895e+03 1.882528171723266439e+02 1.314630594362536757e-02 1.067452987955881845e-02
1.022916651969029431e+03 1.726721925273162412e+02 -5.756319646950667362e-02 1.885383441668864180e-02
1.223210806804179128e+03 2.599791385487559978e+02 7.689050731633050159e-04 -1.093704176768164719e-02
2.392505583484433487e+02 6.500721596844626902e+02 2.602885411838404828e-01 -2.409071392291957381e-01
8.816460803344095893e+02 1.100610307505195351e+03 3.908322946305662834e-04 4.421997543728805544e-05
6.042758229509380499e+02 3.991673891266719920e+02 3.543241411673286965e-03 4.410718959137072820e-03
2.512070341458078531e+02 3.586511735023097458e+02 2.398667021492344523e-02 1.472240516659445442e-01
2.441828225317146916e+02 7.182855584416516876e+02 -6.184495849391896151e-03 -1.464425458134608476e-03
3.466619502297538133e+02 9.554830632613320631e+02 1.825819593236898686e-01 5.259063797551202235e-01
2.806629034682113115e+02 4.916602775864599266e+02 2.809717960357687935e-02 3.951979849404468337e-01
8.649738978065141737e+02 1.102265979041194441e+03 5.635574210724497062e-04 -7.688629679507519256e-04
1.122836468301877858e+03 1.818823423532048480e+02 2.234123242468006587e-01 -1.154123326604670485e-01
4.829339652477456752e+02 4.479013264284632214e+02 -3.531982604348885089e-03 5.046885233634884095e-03
1.236138331287403389e+03 1.318038467959219417e+02 -5.052879742192594413e-03 -3.247836802142364809e-02
1.162170739616292622e+03 3.725197551634961428e+02 -7.549566345433319711e-03 4.654935248759732233e-03
2.503632370926428052e+02 5.333316660299261684e+02 2.689505064376149779e-01 -8.704263202985608461e-02
3.906352238621182096e+02 1.084302526263378923e+03 1.248023775605735936e-01 4.179109823941786206e-01
1.199088386157436616e+03 5.586476727385388585e+02 2.877019924504038983e-01 4.908304408175580558e-01
2.896315985334315997e+02 5.692914491298415669e+02 3.474928582423922330e-02 4.159333461679483035e-01
2.129377587713577782e+02 7.561034693535143560e+02 9.393468139994875371e-03 1.252131839881298787e-02
1.107358273319196542e+03 1.941296553829179174e+02 2.423695774614766374e-01 9.633046297005369574e-02
7.235713179163254836e+02 9.694062924317755687e+02 -7.004874540400285628e-03 1.611424212153631658e-02
2.551764930259942616e+02 4.106521058714565129e+02 4.914556580967265748e-02 3.243455873227356068e-01
2.692516663719414396e+02 9.077325592840485342e+02 1.382296264598253666e-01 3.572488337900218136e-01
2.631817838680979094e+02 3.691832967862085866e+02 7.261078228464269702e-02 2.478470887265685485e-01
2.480914774178020537e+02 3.304722980468329752e+02 3.803313354583651856e-02 2.007307848032083564e-01
2.097598514956270037e+02 5.577146025580436799e+02 2.400528723165238909e-01 3.235710632869104320e-01
2.600968944447812987e+02 9.022493786799118425e+02 1.167637275675638825e-01 3.720049711875295650e-01
2.527334347957643104e+02 3.266559767735962510e+02 5.741721227756294704e-02 1.872056731400241203e-01
5.135334704228627061e+02 4.922816897364392048e+02 -3.560160849724749998e-02 2.583355659704175689e-02
1.543132532003908750e+02 5.073074144104482457e+02 -2.164454841242789418e-01 -4.021931052379875138e-01
2.201691684133007527e+02 5.925607521624426681e+02 2.020667544854775066e-01 -4.899955705534196349e-01
2.040420587226161615e+02 5.728772976542840070e+02 -7.887770319617102427e-03 -4.892018274124494970e-01
2.420466751994921424e+02 3.245046710102852785e+02 6.229473652184303045e-02 1.835214040776247668e-01
2.451051799759467542e+02 7.618257299640459905e+02 3.556624448694913239e-03 -6.977467841631487594e-04
1.009387868496171222e+03 2.305661339329995201e+02 -7.552731593695044543e-03 1.285139511014114083e-02
2.647875245062965064e+02 4.282671270925447971e+02 9.434165029956648185e-02 3.687689507179362502e-01
2.566575645916711892e+02 3.174637791329482752e+02 7.042772641749912854e-02 2.183099487051825549e-01
1.142574071179637485e+03 3.656687476128884668e+02 -1.548030151259511752e-02 4.451366580897769126e-02
5.607363430485805793e+02 4.945906344262820653e+02 1.037394681911972018e-02 -5.054920464266332049e-03
1.161960297524741691e+03 2.094530396237856280e+02 -2.969244224500741311e-02 1.184741687504189261e-01
1.190893174401390752e+03 5.296621889367788754e+02 2.214372110033921981e-01 4.944010850433344095e-01
1.098176293601309908e+03 3.297208483588427157e+02 -1.361266324238611172e-02 -1.272409577827985083e-01
1.172267895736718856e+03 2.534802842950236936e+02 6.935552650619152514e-03 4.330438061258812081e-03
2.607348571463284088e+02 6.533728847997313096e+02 -5.431103842339789212e-02 1.070161304247631562e-01
3.158500080068889702e+02 4.937213246663671953e+02 1.908631654767970198e-01 1.994150226699952233e-01
1.148501343686338032e+03 1.807032050028859658e+02 4.316850010157098627e-02 -1.099856349700156950e-02
5.302549908781712702e+02 4.274868658691351015e+02 4.801460741616958398e-03 2.973734217719781886e-03
1.157688350185350600e+03 3.694291490121748893e+02 -7.622802866906946105e-03 9.231695407198786674e-03
4.252249488308878540e+02 1.091837209883705555e+03 3.772975635083374857e-01 3.721357785205345881e-01
1.231584492294161777e+02 4.089492017018714023e+02 2.224047199330285718e-01 2.540125558658583027e-01
2.023675557245396703e+02 5.836712606227112019e+02 7.881904003059475583e-02 -4.519724641934576015e-01
2.723878911941053502e+02 4.067844094152358707e+02 9.449610444962482092e-02 3.210988348413360560e-01
1.037548424371438841e+03 2.282138657416012393e+02 2.629533034513069634e-01 3.249682662115360721e-01
1.025161706585403863e+03 2.606074077001309774e+02 5.403576567716461727e-03 -6.369064140589518128e-03
3.474981366638483564e+02 1.033930154924013095e+03 6.021423415339228341e-02 5.544514379995079123e-01
1.266064382894141772e+03 2.600758432011737113e+02 -1.163721802595093710e-02 2.024348884462331532e-03
6.554440538825506337e+02 1.086091749729977437e+03 1.634573865264275436e-03 1.395446416209680275e-02
2.985288302363022694e+02 4.273665020022961016e+02 7.156423483242615492e-03 -1.703111051223445485e-02
5.615301178484249931e+02 3.945453366844701009e+02 9.851642680780852562e-03 3.062498556939806035e-02
1.011544142130651153e+03 1.751476520224593969e+02 3.979708306019234809e-02 -6.412042792443670321e-03
2.095426613705956527e+02 7.262250715312637794e+02 -3.486793154675947581e-03 6.136119496645868303e-03
1.261283250562997864e+03 2.010111317941112929e+02 7.551333907517486206e-04 2.093231554305034303e-04
2.970779408595091127e+02 9.936381520818750914e+02 8.949014907711098921e-02 4.113265028726321160e-01
2.520201620147211372e+02 3.754917796701301427e+02 5.033136169824230233e-02 2.196928877524931822e-01
1.128284599869343083e+03 2.116618735331502990e+02 -8.191530406137158271e-02 3.290488788789193431e-02
2.172859982538352881e+02 7.656337094401152399e+02 3.704995255437869631e-03 -1.863676620662250288e-02
1.172370013416520351e+03 2.257874092690205430e+02 -2.800588068017568263e-03 9.394358448367308781e-03
1.186828454848656293e+03 2.813946719624718185e+02 -3.661233115014335127e-01 -3.882122798666692298e-01
5.386078884911668183e+02 4.884852448007344492e+02 -6.368042043675359309e-02 7.693754369947129919e-03
1.141924910280405584e+03 1.999460294535595040e+02 2.010652208764891150e-03 1.311468779641390692e-02
2.377995091383870090e+02 7.627014984254936962e+02 4.093111010232655840e-03 2.234997773061899937e-02
1.108595425139855934e+03 1.742843108265123533e+02 -2.480245380859580004e-02 2.142423700301205325e-01
1.102144241073186095e+03 2.411750401400701946e+02 -9.166675747872540803e-02 4.198480218980418788e-02
1.181314954215822809e+03 2.117914874145650117e+02 -1.651159312516956371e-02 1.821491654636353194e-02
1.190531844848834453e+03 3.159777680768162327e+02 4.460771188428045431e-01 2.747083994307820132e-01
3.634033784358333605e+02 1.076362414764527557e+03 1.979964378141352843e-01 3.499587236340513385e-01
3.040483622211624493e+02 8.680303918840078268e+02 4.840671617587315456e-01 4.200329459733296855e-01
9.297621737667438993e+02 8.979962340789082873e+02 1.314567978185735182e-02 1.038526219633357540e-02
2.446792558392888850e+02 3.149436868715490618e+02 7.242098410153578747e-02 2.000875112756723417e-01
1.069287261212369913e+03 1.807293677866470034e+02 -4.682550895721544759e-02 4.533836044670087190e-02
4.211484716353936619e+02 1.098459123171836609e+03 6.635470483173424965e-03 -2.266552728157632951e-03
2.729501386373835317e+02 5.155384016574638508e+02 1.320096158689756764e-02 3.410000464672423015e-01
1.193879190438831529e+03 3.423494014099975402e+02 1.787797949776532835e-01 -2.240080893347582980e-01
2.792668955190342785e+02 6.591376149631715862e+02 -1.827325496678118902e-02 5.573481887721538561e-03
1.164920351736023804e+03 3.121377168553126467e+02 3.390576637274048677e-01 2.431328751349711992e-01
2.582110554527079671e+02 3.218872749401616602e+02 6.694106370888178170e-02 2.051061444219759167e-01
1.088528586212504251e+03 1.624125220635602602e+02 3.148989842703477093e-02 2.321549911452664913e-02
1.260366905871218705e+03 2.993890540721652656e+02 -1.362193410078037757e-02 -5.347846719430300773e-03
1.102930778720334729e+03 3.033948029249835940e+02 -2.948226203715880733e-01 -6.501880184779540439e-02
1.089457381675501892e+03 2.741499852172021860e+02 3.050594079124228086e-01 2.815864915485930542e-01
1.173319495552532771e+03 2.338709787117824987e+02 6.720033753578205302e-03 3.699989043861359045e-02
1.010188886696980148e+03 2.026969824063157546e+02 1.081939670867453490e-01 2.972343912893954387e-01
1.116972175112012565e+03 2.092218194968739908e+02 7.735454226698187247e-03 -9.916542931145697418e-03
1.119049515512120706e+03 2.289945160783726124e+02 4.460659938857782641e-02 9.283091288226850979e-02
1.197681579488128818e+03 3.270952504200733983e+02 4.449948623639128908e-01 9.569872950057720096e-02
3.190777547731375421e+02 9.635205252054648781e+02 1.304801227109232964e-01 4.817491882447101914e-01
8.273145860124913042e+01 3.452461326905275882e+02 -2.339351396051229243e-02 -5.034567856514716305e-02
4.835348935276857674e+02 4.499523709638054925e+02 -1.304493293456021434e-02 3.592251636981227264e-02
1.098066666342623421e+03 1.834542060551553959e+02 2.854163745055842902e-02 2.813716276471012745e-01
2.505377018694812818e+02 3.130541570968758833e+02 4.731468609499371591e-02 1.751770352171505840e-01
2.835285243404296693e+02 4.207892226880098292e+02 9.648001191032398727e-02 3.952262426251225702e-01
2.420700494329426817e+02 6.217618332178531091e+02 -1.234917483729089382e-01 2.530676066934763879e-01
2.056302970331318249e+02 7.228588308445653183e+02 -7.832141861474992833e-03 9.137015457905489635e-03
1.163275391419927928e+03 2.336380906294932061e+02 7.275764732579017083e-03 4.141493451681350912e-02
1.020151052577708015e+03 8.062512074824492174e+02 5.826359764454320730e-03 3.545488155864269476e-04
6.534383856392503276e+02 1.081278487843195080e+03 8.488633727395581904e-03 1.008607665728662381e-02
6.141321509425675913e+02 4.179621538634714284e+02 2.008847428702449645e-02 -2.507396196737979865e-01
1.045415977733809996e+03 2.246860338363676419e+02 -8.309537581113761798e-03 6.009839176980753296e-04
1.941066797178444574e+02 6.239468646992299909e+02 1.459359157863802658e-01 -2.559428518459276325e-01
1.063626171526722374e+03 1.833961970276750151e+02 1.119909286824910706e-03 -6.368349557353757476e-03
1.193770624474272608e+03 3.064508172875372907e+02 5.157055798556057225e-01 3.077326171877507455e-01
1.044564424004847979e+03 8.517317140635749411e+02 -7.284130764656036178e-03 -5.121977606929456342e-04
3.761088785096271181e+02 1.051928531297428890e+03 2.417501354030957839e-01 3.741621589871047537e-01
4.935841743791341401e+02 4.545713407631599807e+02 -4.477563903168233503e-04 5.985776101766478868e-03
1.162894557298605832e+03 2.573093487083882565e+02 1.105119909795287785e-02 -8.032658498238857969e-03
7.219674120770123693e+01 3.163289421143770141e+02 3.167960994675505203e-03 -6.870088143032397664e-04
5.835243531632420400e+02 3.921784063492881955e+02 -1.433044578318841411e-02 -1.468176027941749985e-02
2.545810452479940125e+02 3.062447446923080747e+02 5.468666985614033943e-02 1.933355004794533316e-01
5.205359120401552673e+02 4.257198643574099606e+02 -4.652259245239572308e-03 3.139952455991238539e-02
2.124684518825145574e+02 6.215333617567932833e+02 2.334128445182602207e-01 -5.388459859803408358e-01
3.747300548379836869e+02 1.041416539944104898e+03 2.097763321862202157e-01 4.051989664155938864e-01
5.957182261051614205e+02 4.830733848611977237e+02 9.670360226221978023e-03 5.263630716423548135e-03
2.838231669469831786e+02 6.815561204534441231e+02 1.593314689107793933e-02 3.945953876065781685e-02
3.185899465413240819e+02 5.673541122243696009e+02 -2.729823419957541977e-03 -2.027439296539071747e-03
2.567051921466484146e+02 5.070348647940818978e+02 1.370642654947112071e-01 -2.088330293421827022e-01
2.706893914461828672e+02 4.288136794343663496e+02 1.038968178656003577e-01 3.778640690888330211e-01
5.061929240029344896e+02 4.925741986766896048e+02 1.046317828638620995e-03 1.584951599989038729e-02
9.306822948418235910e+02 1.901573912525865069e+02 7.697153078889092115e-02 1.355920717042007617e-01
1.138804842506411433e+03 3.211550441304126480e+02 1.965826636243995784e-01 7.760324330881150645e-02
2.453438505787938197e+02 7.100406160045995421e+02 -2.567533744611398463e-03 1.157167092567914016e-03
1.121550008805713560e+03 2.374225360402549825e+02 -3.463209888836629724e-02 1.285619499331990545e-01
1.145220711077174656e+03 2.512402522589188152e+02 -2.348485279758008928e-02 5.918458669610445616e-02
1.168272487159119692e+03 2.064518309233136222e+02 -1.689557945897687818e-02 3.896283469652581100e-03
1.179163726241365794e+03 2.605409848738182745e+02 -1.446270066325683161e-02 1.294416420186863571e-02
1.127111424261564025e+03 1.769359412851495392e+02 -1.286934159949123524e-01 6.240888043125267237e-02
1.109861148201775222e+03 2.832043128538665542e+02 1.526471090008931220e-01 2.307681212939672877e-01
1.240662066063423254e+03 3.156414011944888216e+02 2.687729886836594528e-01 5.771646895899192053e-02
2.694869040712776496e+02 6.441475972624002679e+02 -3.296151092928776422e-02 1.276001566425246925e-01
1.079359790653111986e+03 3.050416472524387359e+02 2.069624761383960232e-01 2.992017408450580174e-01
1.187335413033044688e+03 1.776308285961504225e+02 -2.392924727457247051e-03 -8.565514130128452919e-03
2.613649192851548264e+02 3.771693221301006247e+02 6.049496734309863649e-02 2.651054965689733645e-01
1.065212443841529193e+03 1.962514514503253338e+02 7.179899512204694460e-03 -2.016109878228592930e-02
1.004013284014929127e+03 2.448863949206971995e+02 -4.259941344905371352e-03 2.530219892858524486e-02
1.973969930592443234e+02 7.109781462683976088e+02 4.409663167562823290e-03 4.261921184834704945e-03
1.142458590866580010e+02 4.090199857369760252e+02 1.851218190574948630e-01 2.886159731733702327e-01
1.216175609838947594e+03 3.591448094204068866e+02 3.196802684884760271e-01 -1.006485275445713617e-01
1.070606508401609062e+03 2.971122122879390304e+02 -2.473275569134819052e-01 -1.672418992780248248e-01
2.913991447098896401e+02 5.244886600511287043e+02 -8.553098651460637469e-03 4.231761969661292921e-01
1.176866912593216966e+03 2.982113115509441741e+02 5.974676418706607040e-01 2.104961901483384801e-01
1.143191652936428000e+03 3.576404465528372043e+02 -4.836651227346375898e-02 -1.842942650246161967e-02
2.504020228360526232e+02 3.042429246640854785e+02 6.237233959095962732e-02 1.753224171772046758e-01
2.204532109670401496e+02 5.296207317306135565e+02 -1.788491652816607824e-01 5.526695196635703078e-02
1.008280654780444706e+03 2.235365300834484970e+02 -3.633020893347646985e-03 5.209558357325679012e-02
1.128877921481554267e+03 2.304241482448810814e+02 8.705672955322067350e-03 1.654093014905189118e-01
1.038566013792964668e+03 2.786884490766269096e+02 6.577078302795295005e-03 -2.093247252677138404e-02
1.272697854923747173e+03 2.979894273684388963e+02 3.959694044167210401e-03 -5.861650863057042866e-03
2.776440456643679795e+02 5.711106483424604221e+02 -1.484752336774969664e-02 4.356004766430234820e-01
1.012891523391376154e+03 1.638168965090419249e+02 3.885314866826820868e-02 -2.491267229114517076e-02
1.261791150121434384e+03 3.609189896654462473e+02 3.786241506946997348e-01 -1.481805202505764862e-01
3.604333244682931081e+02 1.085628111587690000e+03 8.364219086303392725e-02 3.867358074711176319e-01
1.048704743262852844e+03 2.814354694122840783e+02 -3.025014504875788227e-02 2.105226520335605755e-01
2.975929657418774923e+02 8.798726518051430503e+02 1.846066936764779454e-01 4.256248381628657818e-01
1.098957889586297370e+03 1.726356168958875514e+02 5.529783282818084844e-02 2.606636529647073930e-01
2.655808656922982323e+02 4.734836211089718176e+02 6.444014060347907913e-02 -3.156989056778871650e-01
1.120891069563120254e+03 3.114602364103733407e+02 1.854289548372274610e-01 2.382169878530837337e-01
1.066182194121989824e+03 2.842345201650491049e+02 -6.255908774026661123e-02 3.690091883116711907e-02
1.133475308369412232e+03 3.245764303100007737e+02 -1.806906872930112429e-01 -6.509449162985736503e-02
1.013430756174438898e+03 2.602676863289108837e+02 -5.120491023932373029e-03 -7.730902135986015200e-04
1.148038792722582912e+03 2.247991216571847133e+02 -7.848876516551925656e-03 6.612333926604381518e-03
1.272013882797981978e+03 3.119879952612165539e+02 1.181263066812306972e-01 -1.839621367270502239e-01
2.477747001325791416e+02 7.244642494898721452e+02 -9.014594090668130190e-05 3.105972677981687097e-03
1.122810595859870318e+03 2.670308324173743699e+02 2.204826339143830388e-02 3.883202517050364233e-01
1.229928680555963865e+03 4.860356574574813635e+02 1.958132880464082959e-01 6.669424916270533243e-01
2.573431913488047940e+02 3.747061251851782231e+02 7.470730819407797596e-02 2.253853329462295052e-01
7.861713821995596163e+02 4.085876252136640119e+02 -2.885850226041952651e-03 -3.259158770284642341e-03
2.425663593115613708e+02 6.860629079625500708e+02 -3.841563241737943994e-03 -2.386484065139882118e-03
1.081452361044488953e+03 2.224534906699050509e+02 1.851451289998225463e-04 -1.083768406378637084e-01
1.092340873628121017e+03 3.376473276716720875e+02 -8.952643378880922875e-03 1.025926956279369084e-01
1.270154847229860252e+03 2.977127806403439649e+02 2.469358167202906698e-02 -1.396104445112812328e-02
5.081939679912879342e+02 4.539132173271332817e+02 -1.996830123636947688e-02 1.948661089777167441e-02
1.212921249090655920e+03 2.248669912680611560e+02 6.413893968179962268e-02 -6.218197318177286909e-02
1.153071890214109089e+03 2.524417224686798420e+02 1.655429389368470380e-02 -1.741989969936132490e-02
7.437473676225694135e+02 9.635877311537915375e+02 3.510478143479572009e-03 -4.691401523616196834e-03
1.854586612811334874e+02 6.208887176542522184e+02 1.472859530084932589e-01 -2.534615290848806213e-01
1.055244696987313517e+02 4.038042854365063477e+02 1.691986446500417796e-01 2.442262355855109590e-01
2.051395748036905502e+02 6.351244747861716178e+02 2.628510352014923890e-01 -5.489780504833091657e-01
1.122775968201749265e+03 2.044199521483588171e+02 -3.153651531085194248e-02 -6.890954302447636903e-02
2.308292306948128214e+02 7.752703656986176384e+02 2.515751166398435754e-02 -4.442294416034465315e-02
3.135102884085737287e+02 1.066220927694144166e+03 6.945755875860515349e-02 3.875957704125312375e-01
2.590708336819951114e+02 3.527533898957087786e+02 3.206911397824550869e-02 2.100683464518881549e-01
1.170517342166163871e+03 1.485931294313137414e+02 -2.074822788095183682e-02 3.112908852222490835e-02
5.275230700956844885e+02 4.608178454961677630e+02 1.867041262763614743e-03 5.685337776957213873e-02
1.091934046619237961e+03 1.996366698806388058e+02 4.962359352669901830e-02 7.986839017583394207e-02
1.991860575657611321e+02 5.164355258134446558e+02 -8.388064854029819717e-02 -1.907425589740636279e-02
2.093545995540881677e+02 5.219785670395514217e+02 1.427303515445738817e-03 -4.646625778374188082e-02
2.229172983455259498e+02 7.219228106772837918e+02 9.703075108131837059e-03 6.427029035466416814e-04
2.462479280237357102e+02 3.005824181493613310e+02 7.209785230074194917e-02 1.764087000977757058e-01
1.083156807141018362e+03 1.751075221650133358e+02 2.309521891457702036e-01 3.076773277596828171e-01
1.140462597528082370e+03 2.231554666256337498e+02 5.338395297001071425e-03 1.419606225147121946e-02
2.017521718587586861e+02 7.198648867005464353e+02 -5.408920214941839721e-03 3.067049642321024658e-02
1.148637985654221666e+03 3.659714933566490913e+02 5.875031387293962702e-03 -9.795540939837157901e-03
1.068265594172858300e+03 1.804750766896268885e+02 2.489589612685435827e-01 3.355765701944755652e-01
1.015053219612516045e+03 2.003550008772571971e+02 1.131851918168001597e-01 2.989132153749474163e-01
1.027761368861011533e+03 1.821916686115023936e+02 -1.742465850014950773e-02 -1.170789065064193613e-01
3.321252210252994814e+02 1.063105648325978109e+03 1.066188184839810954e-01 4.584920723940021370e-01
1.955976512102220966e+02 6.411407053375045280e+02 2.403027131291403939e-01 -2.672109622946670648e-01
1.101540511952014413e+03 2.081126800888041828e+02 -1.507918525584710321e-03 1.522008332511859451e-03
1.019429472078766935e+03 8.669524683556518312e+02 -2.059891041030298756e-02 -2.409920905807456677e-03
2.681187084967940564e+02 9.348841221591929980e+02 1.252465450298725358e-01 4.190838050690555150e-01
1.130043882099879795e+02 4.289682636435260861e+02 1.659328410095127493e-01 2.634509206531489012e-01
1.085308279174469590e+03 1.865106099947023779e+02 3.715722305313979429e-02 5.808627786442926294e-02
9.987621989163880016e+02 1.826207116245544739e+02 1.134167047414173790e-01 2.798344087573887418e-01
1.095030876542930173e+03 1.974946308461021545e+02 1.022718178239646475e-01 -4.370247109927832829e-02
1.015310089546869335e+03 2.420016318807932123e+02 1.074711426240392356e-02 1.575399309745666859e-02
2.554839615092309657e+02 6.043523870781549476e+02 -1.125860065888307643e-01 2.839863417100057519e-01
3.369579537354660488e+02 9.831821584686136930e+02 1.804284258129228158e-01 4.132592096269663284e-01
1.034003483956440277e+03 2.732251292302097454e+02 1.696589858778172616e-02 -2.381665954951465158e-01
2.927858052586076383e+02 9.264433347741186253e+02 1.403586161277603217e-01 4.396331559781390674e-01
4.920297269059901737e+02 4.741668986405713326e+02 1.530647127043873075e-02 2.864340640755074288e-02
2.992150682529146479e+02 6.546323693882839052e+02 -4.509416345244403324e-02 2.717538014621065021e-02
3.689363058932024728e+02 5.181281443367674910e+02 6.170544555146279886e-04 -1.051601552491882637e-03
1.176123248984377824e+03 1.929367632198941749e+02 5.530678685317980126e-03 -2.043104572892697271e-03
2.314588231349385126e+02 7.124679862891308630e+02 1.080125629716919373e-04 -8.895215474652458766e-04
1.631147264138645312e+02 5.077299574137489913e+02 -2.312592402719423346e-01 -4.266357234970143963e-01
1.205095248883601016e+03 2.433861506129332497e+02 -1.592271568667989572e-03 1.533877682608910005e-02
1.192778014812324500e+03 2.533705338712557023e+02 6.997555323522918445e-03 3.591439770825912304e-03
1.065676173195948195e+03 2.167485550646480021e+02 9.050751831949810366e-03 8.543469833232413338e-03
1.181860600736654305e+03 1.880646577455412398e+02 -6.880739236225151718e-03 1.313179107431494685e-02
2.668521220180330147e+02 6.970314722382449872e+02 -2.628679163482924332e-03 4.636649171418737343e-03
1.079855099282468245e+03 2.412130718140446106e+02 1.928559505030854812e-02 3.474495976087718652e-01
2.444353847056987092e+02 5.319630639331576276e+02 2.724518565516308513e-02 4.688113895565493294e-02
2.719074834993404011e+02 5.469895859296128720e+02 -4.933614696912138470e-02 4.196631739596491384e-01
3.055744875982098847e+02 5.268789516259474794e+02 9.904246351074888488e-02 2.582944845767323749e-01
5.403739870654067090e+02 4.232390429745573783e+02 -5.256653655499980010e-02 -6.732243766157567678e-03
1.101130301153131541e+03 2.256061884104099988e+02 6.342624904085961135e-02 3.493801743186320669e-02
1.048922900493530278e+03 2.625487885641557000e+02 7.393674175918846236e-02 -5.574148032399251634e-02
1.134561910671228361e+03 3.451893404657847100e+02 -9.607532988278127961e-02 -1.989134144464826115e-01
3.101706466412582586e+02 9.064974004493860775e+02 1.677058509779299766e-01 4.490761574094779829e-01
2.395355702928090693e+02 3.475913574684200853e+02 -6.540027160287018027e-02 -2.828634846744364495e-01
5.944936325615340138e+02 4.579962890141772505e+02 1.677284937971334350e-02 -2.115325569951883450e-02
1.127329545359190888e+03 1.449039124086597781e+02 1.478669430693632658e-01 -4.828629903812826224e-02
1.057391058961675981e+03 2.055038506432442489e+02 -9.818536329539011287e-02 2.348902713902817907e-01
1.105814528208879210e+03 1.551696617434149914e+02 -2.759683282989035605e-02 1.672274497371900315e-01
1.074622092033014042e+03 2.164679276646562869e+02 1.428925957729960949e-01 -9.524324420628911547e-02
1.139776961099931441e+03 2.096884026998959882e+02 5.175892941471436914e-02 2.250286247284888699e-02
1.253923347527966826e+03 2.754422757696357280e+02 2.348959113303007024e-02 -4.173889051811534301e-02
2.337752984009848092e+02 2.944162148884008730e+02 1.364680307494836597e-02 9.450113903632086088e-02
1.208222950302856134e+03 3.728834390718728287e+02 3.542971064745188414e-01 -5.253643454606390234e-02
1.228751262296922050e+03 5.102505917925233234e+02 1.999991822609809011e-01 2.597282530313168580e-01
5.495166133048076063e+02 4.119101662531742818e+02 2.127780033250863817e-02 1.449279975136909260e-02
1.078901875555434344e+03 2.042654638084030978e+02 1.615850042916046336e-01 -1.582435863413499677e-01
1.164968423322986609e+03 3.065530215790086572e+02 3.524494099846625095e-01 1.886858249356855310e-01
1.900168025976427089e+02 6.392557341816958569e+02 2.467502693190049001e-01 -2.925143335480531737e-01
3.519662762095154562e+02 1.052988402862286648e+03 7.601738219886300385e-02 4.329008268954339655e-01
1.080658325245323567e+03 1.939834468094150282e+02 1.035794073447959818e-02 7.054815891814004980e-02
2.491907795597506663e+02 6.912523469324660255e+02 -1.739743719028976829e-02 -1.949430549018910455e-02
2.284835194784768078e+02 3.034051212729828535e+02 4.130837993632970745e-02 -3.328393317998082357e-02
1.092010886529486243e+03 2.057346035947809924e+02 1.167803996218531731e-01 -1.816989588705957281e-01
1.893714720217476781e+02 6.525773098340099523e+02 1.488706431294878618e-01 -3.234489920343119329e-01
5.174867933658679249e+02 4.916014203327539462e+02 5.588122579599608813e-03 -5.131815508938395408e-03
1.092848932527013176e+03 3.157171825359748141e+02 -2.811481908133931507e-01 -3.145243684712772381e-01
5.497335283961050436e+02 4.618561319265108409e+02 -5.868022965093882930e-03 -1.437301647309743857e-02
1.075855525472851468e+03 1.789523983588748592e+02 2.786441191424749442e-01 -3.328482961758188474e-01
1.033417209345229367e+03 2.247806451611434113e+02 2.747877818443755227e-01 2.629597288512015574e-01
1.127293482200399467e+03 3.421298677523836318e+02 -7.417435996357261670e-04 5.160939911813070685e-02
2.322830491804136557e+02 3.337830391771734639e+02 -5.346849750578726301e-02 -2.849543783018367304e-01
3.136799226891071157e+02 5.045966458490212858e+02 2.798204370821671394e-01 1.331896298528051914e-01
1.097128650621760698e+03 2.476532926655369522e+02 -6.339808113309464621e-04 -3.062376673848158856e-02
1.248215674138628628e+03 3.018193600489215100e+02 -3.303253283852535666e-02 2.756226658250343978e-02
2.569088305471013882e+02 7.435816625378060962e+02 -1.044015636299328899e-02 -8.765906912867108686e-03
3.167637499780697112e+02 9.944053448227107310e+02 1.167244108194194913e-01 4.037249330583942419e-01
1.098351382480613211e+03 2.798404283585136909e+02 4.077959895962010028e-01 2.743658454630477084e-01
1.102731344106494134e+03 3.460604652956710083e+02 9.076353131843007543e-03 -2.248213575945356979e-01
2.715200338761428043e+02 3.954895045390509267e+02 7.359717411658325825e-02 1.105872161124322739e-01
8.241268414030241729e+02 3.975541348591539190e+02 -1.042717216373111565e-02 2.470739216415507658e-02
1.038790785484134403e+03 1.755383596200073271e+02 -3.354657521327140263e-02 9.938714209864595028e-02
1.104823184419925838e+03 3.350476118106127501e+02 4.894815177535624673e-02 -2.727781687914806463e-01
2.704696802794740051e+02 6.179586882679014934e+02 3.508202694252617743e-02 5.633656888293493703e-02
1.142200583923691056e+03 1.891447824440155614e+02 9.992172650921322952e-02 -3.049244200441907776e-02
1.129099866231997567e+03 2.174746314591140504e+02 -8.791519661938057562e-02 1.984331205134574061e-01
5.237277720975499733e+02 4.891845474858093894e+02 -7.250519875763400401e-02 1.978432796055845655e-02
1.177055142964646393e+03 1.708196433037597899e+02 1.768157454000369722e-01 -9.165958215796032871e-02
1.175235722637450181e+03 2.199605445410528262e+02 2.167601513033332733e-02 -3.253857398386717642e-02
9.284296524822873380e+02 8.923082144793676207e+02 1.476780185928094208e-02 -2.306197845319470086e-02
3.135643078323476516e+02 1.035488565390826125e+03 -8.436986560742200381e-02 4.870508451306217457e-01
5.767500439613214667e+02 4.749707398104121125e+02 1.967704991750117427e-02 8.856401702252850172e-02
1.056311232455914251e+03 2.923509581148239249e+02 -1.713131452998715998e-01 -1.872637595918534015e-01
9.615124472175269830e+02 8.727461073904061095e+02 6.377300039941126604e-03 -1.740980018829465376e-02
2.814625830009755418e+02 4.346899561011946389e+02 -1.730368563967617484e-04 8.236091009950307143e-03
5.104006324118238354e+02 4.677041001300008816e+02 1.895784570790097490e-02 -3.700373087779649725e-03
1.294461289874821887e+03 3.383935458938095735e+02 1.504563488069007686e-02 -1.330361014811043061e-02
1.947509147738426805e+02 6.641795189458679260e+02 2.823552207097162481e-01 -3.678892568944623354e-01
2.412748092347840725e+02 3.327053936314178486e+02 5.089941976939638124e-02 1.643923276825987045e-01
1.088551706495181861e+03 2.523567680742003176e+02 -1.077921821326910390e-01 3.568783925769949406e-01
1.124674801948983941e+03 2.414794737729293956e+02 -5.355622814828109313e-02 2.969471685234825742e-02
1.191577158977754834e+03 2.309610750848041505e+02 1.969889147453329770e-03 -3.699701540333943939e-02
5.094024016918482403e+02 4.798974085460118886e+02 -3.510316857581448347e-02 6.138880151924709996e-03
1.135059753647252819e+03 3.288282857563919492e+02 -4.508915985756938027e-02 -5.321569669884653742e-01
1.026121671898223667e+03 8.598645419324388968e+02 5.400936496439059237e-02 -2.377520805589483643e-02
1.025391988936610005e+03 8.709659543684498431e+02 -5.931515082216544171e-04 1.247620199005576623e-03
9.531425087081350966e+02 8.923643855712070945e+02 2.060479865990087478e-01 -1.773469271965070343e-02
2.632567048453426537e+02 3.617256956803738603e+02 5.562052846463529793e-02 1.980032589673233756e-01
1.092701878889156205e+03 2.403787604978564616e+02 -1.889985046112652167e-01 4.749537340846868849e-01
1.152372497199804684e+03 1.442297396990091727e+02 -1.120841201935880715e-01 1.443417500152952837e-01
1.223744363580918616e+03 5.257888379784426434e+02 3.391283178305165014e-01 2.831187766938479955e-01
1.176241692068309845e+02 4.306500975872301069e+02 2.455923928998568484e-01 2.551119771245924928e-01
1.137361461246795216e+03 1.982097750413846029e+02 1.292205714054809329e-01 -6.955922695113646304e-02
3.477408560608171797e+02 1.057415667259865586e+03 2.384939592710111356e-02 9.817916134617322987e-02
1.137598040001284062e+03 2.647031428752726470e+02 -2.632409718381313879e-01 -1.476312542623441082e-01
1.145068958178266257e+03 3.252689992402333701e+02 4.915711436588025840e-02 -3.920089559729126316e-01
1.200209877624819683e+03 3.609508101601543331e+02 1.329535465692970259e-03 -6.187081349635036726e-02
2.539699171852070094e+02 7.591829399518835544e+02 1.085552323785020645e-01 -5.091344149117957990e-02
1.866814542759885285e+02 6.571836851652718678e+02 1.683833178997306279e-01 -4.184975346374386618e-01
1.209324196194716706e+03 5.412682371017567675e+02 3.274870052590491132e-01 2.481390763814251554e-01
3.376090080265213373e+02 1.039731597986469069e+03 2.175776972053000691e-02 3.778494866748758341e-01
5.029791548673315447e+02 4.397704439321994414e+02 2.455535441470641303e-02 2.634120115150450150e-02
1.113469642845636599e+03 1.499277196070256366e+02 -7.934401555927132754e-02 1.833643941560160751e-01
1.105584691591299361e+03 1.816856192251006803e+02 3.290012571232103084e-02 1.241392339534026779e-01
1.351178612808710795e+03 2.613023211681247631e+02 -2.171737444610777950e-05 2.506415063195440319e-03
1.126495011566551739e+03 3.602373910455287387e+02 -3.343777575485981646e-02 -8.096302607421411446e-02
1.157366988941454792e+03 3.940153979064212990e+02 1.440734156771530071e-02 -4.234578239924719108e-03
2.019099339829756161e+02 7.285315710303019614e+02 -4.857988532441358405e-04 -7.475711154884463229e-03
2.716504021492421543e+02 4.035975178814812239e+02 7.928450178498409884e-02 4.184538614027427661e-01
2.836587456672965004e+02 5.357173784800519343e+02 2.374897704607871127e-02 3.360525856913030851e-01
5.584498972211504224e+02 4.268642350516598185e+02 -6.721055867641015542e-03 1.858432869957095113e-01
1.044967038049115445e+03 1.648670588973063786e+02 -8.976366125395171536e-02 5.747720401943597068e-02
1.104066083754182955e+03 1.747538341706814720e+02 -7.285263833935831657e-02 2.082749763982434388e-01
1.239357777943218025e+03 3.654864544928251462e+02 3.625019550254364731e-01 2.614829488526905776e-01
1.195599505342452858e+03 3.899968101648449306e+02 5.464314201056326425e-02 -6.049455497753022243e-02
1.200105687421922539e+03 5.234976074540238642e+02 1.355163721700591850e-01 4.807753255919868240e-01
9.994816114817039079e+02 8.330104252471338668e+02 1.969130216578336787e-03 -5.759869633933269867e-02
3.798202525651058750e+02 1.041824675352870827e+03 1.526165699474766047e-01 3.503142127326968613e-01
9.941245873417565235e+02 2.178669279046524423e+02 -2.595199816621353572e-01 1.117432928923698249e-01
1.087932961890405750e+03 4.437220157605592590e+02 5.699414939718259188e-01 2.542047154364040495e-01
9.643041427380715049e+02 8.664909268367299546e+02 -2.036706756517300300e-03 6.751672191176978990e-03
8.913392239241267134e+02 9.329392031338610423e+02 1.312445549826536922e-03 5.022778299668235417e-04
1.096562315742680084e+03 2.321188664145653888e+02 -1.409506343450289134e-01 3.070924852147626782e-01
1.159278253475232304e+03 2.324109807226616624e+02 -1.850394989182859579e-02 3.096773178637874865e-02
2.714492304967794780e+02 6.130457333518519363e+02 -1.318342137182185181e-01 1.489460034566548186e-01
3.045352324091970786e+02 1.033180648228569225e+03 1.499882223075701439e-02 1.728684936939885175e-01
2.858225546993185731e+02 4.239003407245305084e+02 9.521221240382110595e-02 3.043547574616420337e-01
5.455046411927493182e+02 4.140300551406616023e+02 -3.802113079479185146e-03 -1.449001442451755273e-01
1.088903081723606419e+03 2.243513768129982964e+02 -1.098568960768189773e-01 1.738017106886981245e-01
1.112589324985754956e+03 2.344056090496057152e+02 8.599690941772869524e-02 -1.474723046468951471e-01
1.814876360350914410e+02 6.472091138985900898e+02 1.933291331621810050e-01 -2.954059817175400116e-01
5.577578616118701120e+02 4.122687685769861901e+02 -1.753839716651049707e-02 -5.248134929899114093e-02
1.061594599547559255e+03 1.589759929975449495e+02 2.742611300720530498e-01 1.996719016060950480e-01
1.062224678241655738e+03 1.944395436372286952e+02 4.517821331407705955e-03 1.215627024827530961e-01
1.174166531543870178e+03 2.834658091106198867e+02 -2.563347687427924154e-02 5.153636267448607339e-02
1.261852284247907619e+03 3.314139833649306865e+02 1.860430958937639781e-02 1.633674151098318816e-01
2.693825049919599905e+02 6.235379676958510800e+02 -1.371290604998876006e-02 1.750140445388599988e-02
2.156648906371704868e+02 7.221412099400824900e+02 7.701878649877850862e-03 1.290258774121689871e-02
2.497577246711216787e+02 2.879889353868730950e+02 -2.706766331023653313e-02 4.271417491080054668e-02
2.397969153692612849e+02 3.190475399060103427e+02 5.641328458730921619e-02 9.052072957258454344e-02
7.952427147560530329e+02 3.819146017156322159e+02 -2.410906280093005200e-02 1.696132886647373078e-02
1.162384420284332009e+03 2.509246130183291825e+02 2.814465642999868303e-02 2.671022534525825665e-02
1.216869889204322590e+03 2.662929569764807525e+02 6.122031095401325729e-05 1.156969030259848673e-02
1.263572705362286115e+03 3.379621796031408962e+02 5.384217719996580165e-01 -7.333810129456624742e-03
1.299939425558710354e+03 3.475743410592069154e+02 3.981033214466499492e-01 1.421488001693660408e-02
1.294040440935130846e+03 3.590732569879604625e+02 5.110531235570627828e-01 -1.547593596866597421e-01
5.245067505485782249e+02 4.591163791548577819e+02 -8.025092340550088466e-02 1.631710396250767303e-01
1.041546978755696045e+03 2.173016189473771931e+02 1.473043270958385165e-02 -6.535691349712990927e-03
1.089441611231120305e+03 2.133214640511858136e+02 -2.188958638843701010e-01 -1.117846441083933939e-01
1.191679434551726899e+03 1.770122684642402930e+02 -8.050381425316288642e-02 -2.494048851863439609e-03
1.137695016732827298e+03 2.253344510131761638e+02 6.733177222962183350e-02 -6.014265267379670377e-02
2.033667522206236526e+02 7.078598709733589658e+02 -8.286060167065301130e-02 6.935586368515345157e-02
2.747126024872374614e+02 9.557483274269924323e+02 1.507550685228693510e-01 4.872365929797837225e-01
3.192398083463543799e+02 4.755610737578971907e+02 -9.812492526344840371e-02 -2.451501761797127699e-01
1.013510714730612108e+03 2.528862897334532818e+02 -8.399477459614293484e-02 -9.716937600015664034e-02
1.131447767322942809e+03 2.386683429843302235e+02 1.055782123540211642e-01 -1.962357066569779887e-02
1.134111942720815478e+03 2.407918385488028150e+02 -7.012589536228309994e-02 3.245260965928764736e-03
2.215221573287336128e+02 7.691340557793018888e+02 -7.407257586085809486e-05 4.898159105399221055e-04
1.001517071066811866e+02 4.059969879861564550e+02 2.577913849658537010e-02 2.642259810163035891e-02
1.117208197996846366e+03 4.551502880336252019e+02 7.527150377332938458e-01 1.368001651678290298e-01
1.198069226550983103e+03 5.219554237165366430e+02 1.667340598187203315e-01 4.725956089395871307e-01
1.001623648224467502e+03 8.483168741069820271e+02 1.355332880971868090e-02 -9.965146737295883794e-02
3.470159897349992661e+02 1.013345824001413121e+03 -2.368514851761054866e-03 4.172598991478285724e-01
1.116597160494533910e+03 1.821208447782227893e+02 8.653505766575947389e-02 1.612276380372595075e-01
1.022828447651322335e+03 2.464216862029237802e+02 -4.794556085604339407e-02 -1.265950320411858565e-01
1.022487538945566030e+03 2.572718190602305413e+02 4.565862543016079717e-02 -4.663997657864736579e-02
1.224039907574260951e+03 3.445841323273676835e+02 3.050354994496641270e-01 9.910257166091714087e-02
2.347667033498302942e+02 5.504907459165345927e+02 2.497058945051089940e-01 5.007362498076872726e-03
5.100855692533668275e+02 4.563736468494851124e+02 -7.474861509630652094e-03 -4.731360080009020669e-02
1.015470593477043508e+03 1.750861620107133660e+02 2.843295096534840735e-02 -3.385794523499659897e-02
1.058770988902644831e+03 3.000830711861796658e+02 4.741494467964457726e-03 -1.549456658775719975e-01
3.499288980424032047e+02 1.061899949602032848e+03 -4.092158325251678969e-02 -1.691313920783462169e-02
2.589803240351418481e+02 3.174381465326323450e+02 9.273604645115730849e-02 2.514736608326715861e-01
2.501478344247360610e+02 5.319916241905294783e+02 2.502896327362252316e-01 -1.330420119257847908e-02
5.284661436137621422e+02 4.414523587240295228e+02 -5.209576327884365109e-04 -3.251366981630677416e-02
5.075909776754040763e+02 4.664526946991569503e+02 -2.730132127210667392e-02 1.106904414009270794e-03
1.039795028587481056e+03 1.654837613711268318e+02 1.098712766202176866e-01 4.106442623372650313e-01
1.008633458235049829e+03 2.455703744193561704e+02 -3.078729460223299241e-02 8.818662376733175934e-02
1.082787804605909287e+03 3.399021928991961090e+02 2.005953703924619191e-02 -3.109283441429769486e-03
1.236699825464300602e+03 1.352025499633222125e+02 -5.693475716262499930e-02 6.393474450814035093e-02
1.158585125321038731e+03 2.420889776058482425e+02 -4.852937517133878997e-02 5.417174717473988849e-02
1.185398218778472710e+03 2.896566141245309609e+02 -2.922552051763060432e-01 -7.269957418321113529e-01
2.892846946686339038e+02 6.658349132857659924e+02 -6.970219215785081190e-02 -2.691586131108827246e-02
8.356875192212974071e+02 1.091397756079399642e+03 -4.218335692392181056e-03 3.012008464545281195e-03
2.688515751317997911e+02 7.093063257868844858e+02 -5.244067462137990895e-03 3.052165734686695941e-03
1.099748187038068181e+03 2.243167609607281179e+02 1.904024315338877574e-02 -7.988556527820694919e-02
1.092866661367544793e+03 3.226456421924473830e+02 -1.851987917640498249e-01 -3.540614357809835910e-01
9.776941240008569594e+02 8.530546986620089456e+02 -5.795538516685560040e-03 2.572731996492115536e-02
3.280466144399950963e+02 1.045134953434218005e+03 2.265044044382117858e-02 3.774926411366423817e-01
1.147673023111645762e+03 2.110237875590467524e+02 3.607269655702793898e-02 -2.969150497573735947e-03
1.137184759696431911e+03 2.177146194177476843e+02 3.481383182563035916e-02 -6.052072116791151757e-02
2.117430293785427864e+02 5.679956066841443771e+02 2.059853211757136648e-01 2.328163072784406040e-01
1.126594526458228984e+03 1.709122211151526187e+02 6.007407148341111641e-02 -3.041606654446086799e-01
1.157416867423829899e+03 2.286339291292513280e+02 -1.638440075635116955e-02 7.510777657374692606e-02
4.083889176130537635e+02 1.079128984600716421e+03 1.024045309569438789e-01 3.331916205344051529e-01
1.122959671983140197e+03 2.177770054850978170e+02 -7.281337891974241916e-02 8.485719890048908087e-02
2.011963454206178312e+02 7.019041933989785775e+02 -3.998874258420907074e-02 -5.713455479546307274e-03
1.193940184137255983e+03 5.305797380001969259e+02 9.751072084209984336e-02 5.283814925821843644e-01
8.458580222366559553e+01 3.497632488374932791e+02 -9.017554369941649037e-03 -6.641712370417281186e-02
2.776204116735540310e+02 4.030626583937159353e+02 3.996927974058053085e-02 2.174157056195213100e-01
5.363863879247152227e+02 4.161715212982358594e+02 1.067822945699390368e-02 -5.569373464999216594e-02
5.901706891629914935e+02 4.596970760336225226e+02 3.824256814368709456e-04 4.218980707552191095e-02
1.046587738842367798e+03 2.017021744630376361e+02 -2.153035557371367828e-02 5.592610845281455884e-02
1.134118671240817775e+03 2.114940838792033162e+02 -1.148946423888446561e-01 3.339888043003213514e-01
1.155497718562262662e+03 1.928863455663402249e+02 -6.596551216857733657e-02 1.680150432850837094e-01
1.139347039711863545e+03 2.999838230545255442e+02 1.411587870660696298e-01 1.286175955454496034e-01
1.174968979026476291e+03 3.000901222859866380e+02 -8.530884266314842090e-01 7.711103750385064348e-01
1.111873857805483567e+03 3.374025342956550162e+02 -1.997782876635483262e-01 7.694406552487861872e-02
2.794457111202553392e+02 6.437369031185959329e+02 -1.372163193315486807e-01 6.956624998399547899e-02
3.113885764971329877e+02 5.498321390526006098e+02 -5.320564204463380797e-02 3.248770594907455372e-02
3.359616732738572864e+02 1.029503808798874616e+03 1.634489188650150096e-02 1.167831498692066886e-02
2.784247918924583018e+02 4.470498175687990283e+02 1.071451974476929081e-01 3.609084508338042951e-01
1.121798030892777660e+03 1.999070549881359682e+02 -1.893576842905986268e-02 -8.821849552496985325e-03
1.124201218451053137e+03 2.086350503940142289e+02 -2.624289982520622289e-03 4.595386253268429755e-02
1.116177112670178758e+03 2.389615250939403097e+02 6.400447302212342038e-03 5.717870921269678774e-01
1.174584918391614110e+03 2.100765207105092429e+02 -3.495820573778019025e-02 1.830691379864646251e-02
1.120768371447351683e+03 2.734231557893810418e+02 4.704688591388617169e-01 -6.807492109102497579e-01
2.412653291625518932e+02 6.929501298877261206e+02 1.966575827441374713e-02 2.216347582509570202e-02
2.720991615739972644e+02 9.480438136199699102e+02 -1.570511148813125146e-03 -5.454124785813974086e-02
3.017647967777768940e+02 9.948584948338360618e+02 1.806299645465969661e-03 2.689968835300931005e-01
2.440389753962471104e+02 3.068789915296854929e+02 -2.883942425588278177e-03 4.575993590797603622e-02
2.670039453783691670e+02 4.691637026112007902e+02 1.079617758977822889e-01 3.058708060912825391e-02
2.538650414889921194e+02 5.310129750180822157e+02 3.661949935644770449e-02 -1.528067775549288854e-01
1.105982869684916750e+03 2.165341690697102877e+02 7.198967007525425288e-03 1.381390628255019237e-01
1.200807072993076190e+03 2.126593089758768258e+02 -5.037710026984617423e-02 4.321271317907834225e-02
1.190342248243937547e+03 2.235373690990994646e+02 -9.328245987300458342e-02 6.883733878190885502e-02
1.122915195190420263e+03 3.317138106585063042e+02 -6.231600725413954933e-02 5.319202383244222426e-02
1.312762718887056735e+03 3.560871291165238404e+02 2.135564220324492057e-01 -5.401130737817348981e-01
1.998281177840067073e+02 7.009972898924418132e+02 -3.220721522420907229e-02 1.969268353731573884e-01
1.028920638213120810e+03 8.674146074833637385e+02 1.581186653339348991e-01 -1.405866207835136661e-01
3.087718175750504770e+02 1.036416420068776915e+03 -9.589781894538873530e-02 3.173726426382472710e-01
2.412466055063797228e+02 2.882254980814006444e+02 -8.296338686648141447e-02 -3.278781043965750541e-02
2.691594059434839892e+02 5.254957519892872142e+02 4.584836699783068070e-01 4.544383575199617553e-01
5.211035077691025208e+02 4.427411866491651722e+02 -9.304305208445384778e-03 2.875466545512495031e-02
4.935505324414594952e+02 4.547338643429652052e+02 1.068071697307004797e-02 -7.692666050598973015e-02
5.175607324034417616e+02 4.683688065534969951e+02 -6.195381806236355260e-02 -1.878182683577165335e-01
1.089860484709467073e+03 1.957533402811835401e+02 6.017115600081979210e-02 -6.244750010161226328e-02
1.046748909210322154e+03 2.775517892781660407e+02 6.251390358659136837e-02 -1.990632918922017325e-01
1.127388652454917064e+03 3.260367337083896473e+02 -8.313957758730339265e-02 -6.001155376622193671e-01
2.872508556185175621e+02 5.553959494846063762e+02 3.195102562807505819e-02 6.442716908850343316e-02
3.088845885849894444e+02 1.009326803198229641e+03 -5.449195760058955784e-02 1.114736194264764890e-01
3.103862903083027618e+02 1.051964933132057695e+03 -5.330267726947113260e-03 1.746596059060721018e-01
1.022388060964666039e+02 4.143847708077561265e+02 0.000000000000000000e+00 0.000000000000000000e+00
1.210147891678175540e+02 4.250807600600458613e+02 0.000000000000000000e+00 0.000000000000000000e+00
2.794691626886160520e+02 4.411174134554969442e+02 0.000000000000000000e+00 0.000000000000000000e+00
3.208334959437770522e+02 5.174924211724260203e+02 0.000000000000000000e+00 0.000000000000000000e+00
5.942175273344034849e+02 4.774788510419188583e+02 0.000000000000000000e+00 0.000000000000000000e+00
1.081339042119043825e+03 2.268599435903755932e+02 0.000000000000000000e+00 0.000000000000000000e+00
1.028354531122825165e+03 2.678154985454286248e+02 0.000000000000000000e+00 0.000000000000000000e+00
1.132163205912256672e+03 2.544339131246066756e+02 0.000000000000000000e+00 0.000000000000000000e+00
1.190642373546579620e+03 2.503183996739036559e+02 0.000000000000000000e+00 0.000000000000000000e+00
1.141643925299934608e+03 3.421068965605444987e+02 0.000000000000000000e+00 0.000000000000000000e+00
1.104892667056566324e+03 3.515173245056726614e+02 0.000000000000000000e+00 0.000000000000000000e+00
2.692627388252190599e+02 6.238064093227484364e+02 0.000000000000000000e+00 0.000000000000000000e+00
2.922067713857842932e+02 9.264750788294244330e+02 0.000000000000000000e+00 0.000000000000000000e+00
1.027894968136522266e+03 8.678597070953649109e+02 0.000000000000000000e+00 0.000000000000000000e+00
9.264706738525264882e+02 9.052773943983419258e+02 0.000000000000000000e+00 0.000000000000000000e+00
3.072740487375471048e+02 9.465110922329766936e+02 0.000000000000000000e+00 0.000000000000000000e+00
3.578262678070714742e+02 9.890096772752668812e+02 0.000000000000000000e+00 0.000000000000000000e+00
7.054489221466209301e+02 9.931964386931467743e+02 0.000000000000000000e+00 0.000000000000000000e+00
