1.332813438948436158e+02 3.822477840367122326e+02 6.747035340434775390e-04 -5.649932784703565886e-03
2.531772597569334948e+02 4.662017295465462894e+02 -5.187666704220493183e-03 -2.422562100447170179e-03
3.095780340870180112e+02 4.758058653777549694e+02 -8.226048182646397700e-03 3.483822335145098006e-03
5.645210348660185673e+02 3.788647155117917578e+02 -6.132384322485774522e-05 2.275788230643809983e-03
3.278175807908338015e+02 9.079106700261149854e+02 1.824457440671853614e-01 4.550296072555673477e-01
7.044729442162275745e+02 4.175535516406171723e+02 -7.131092747701163470e-03 3.024029041663053668e-04
6.343772763816810993e+02 8.219738156539364127e+02 6.655169753570373261e-04 -4.853683276575010311e-04
9.124050648138659199e+02 8.060030180199753431e+02 -2.149167751213099109e-04 3.436622067535815986e-04
4.599750511354826017e+02 9.416073155352398771e+02 4.786421581925288894e-04 5.080833578903825795e-04
9.051926434154269145e+02 9.224823486146435698e+02 1.292801892964460077e-03 -7.954799815299320705e-04
9.005743720520980560e+02 9.262777834630985581e+02 3.508489856265909791e-03 -2.962678277422038306e-03
7.073528185763818783e+02 9.929522786946984070e+02 -1.583394860464036602e-02 2.837472854272200112e-02
7.150494228061428430e+02 1.011438360202998069e+03 -4.242009613684479680e-04 1.654058710571034330e-04
7.049969206628962866e+02 1.023698306727188765e+03 5.027436401619660199e-04 -4.031095143586348325e-05
4.816279362853428552e+02 1.099120396558302446e+03 -3.652330964471973062e-04 4.438012080781575841e-04
7.043987283166870839e+02 1.036483415166333316e+03 -7.795532221960024778e-04 1.491539149509041437e-04
7.518500378985187353e+02 1.067476963858838644e+03 3.816271377362150628e-04 -6.519087116322396609e-04
7.456017165822530615e+02 1.071498562715732987e+03 -3.181676303447963027e-05 5.753166225720561695e-04
1.311880902583557713e+02 3.251697651577663919e+02 -1.708091749418259777e-03 -5.302601994979921907e-03
8.998029212863327757e+02 1.102113008807019696e+03 2.612234045027615162e-04 -7.065955264153833638e-04
2.456194859534450643e+02 4.991108678540942378e+02 1.451028972223557256e-02 -3.608048660702601121e-03
2.418959521543711730e+02 7.564935378576468565e+02 2.824312885149599280e-03 1.268767274027280539e-02
1.900408865893646748e+02 5.834126031045782383e+02 2.501494837996077851e-03 -4.388065254702742252e-02
1.175082304932050420e+03 2.395695054914992568e+02 3.603735652229198005e-03 2.834633847010700758e-03
6.378756680001167751e+02 3.752535630429481444e+02 -8.712107795661110099e-03 -3.970541958416547688e-03
1.260408507794342995e+03 1.959835624268242213e+02 1.620845523125308903e-05 3.013590921220062058e-03
1.239645567635410771e+03 3.797503527565813783e+02 -3.300281937250060509e-03 4.952147394260914340e-03
2.918280386131573891e+02 9.842653939211965053e+02 1.176474757530228954e-01 4.485745767947140750e-01
1.178151000307541835e+03 2.318837226506889806e+02 -8.063999562432174265e-03 -4.769672257836110618e-04
2.988290899448180653e+02 9.287304598130555178e+02 1.278809576174933238e-01 4.337071085019409411e-01
3.083774603254524322e+02 9.320891585719683690e+02 1.420389132399470788e-01 4.473714225879573680e-01
7.157438133553665693e+02 8.816555799671648401e+02 -6.154633827335520037e-04 -1.970804085838626617e-03
3.002481565424938026e+02 9.671540830581931232e+02 1.064937622874292250e-01 4.578859800824983117e-01
3.056142331489602952e+02 9.444425772453579384e+02 1.443601879676640332e-01 4.473331926488204879e-01
3.744760758899712414e+02 9.995709245586518819e+02 2.406935844913132561e-01 5.073268593942538152e-01
3.290203196995843768e+02 1.079629540215050611e+03 1.121216841257453578e-01 4.245912367284632727e-01
2.660847459008597866e+02 6.875111914232064692e+02 4.106030019772338377e-03 1.228019143615828113e-03
2.365260230989369745e+02 7.191640290263248971e+02 -9.051105081504777147e-03 -4.722354126876312196e-03
1.476142173888886759e+02 5.293323971414635025e+02 -1.234395242633045927e-03 -2.205863005361372823e-04
3.874306839590836375e+02 1.080667550704129326e+03 1.876421284188452832e-01 3.421552109557929322e-01
2.491351163293043953e+02 7.167805327886902660e+02 3.042482895030598246e-03 -1.684322252468644981e-03
2.423182413549043872e+02 4.875805663901253411e+02 2.260354749520308675e-03 3.595503075803432869e-02
2.753848723936364991e+02 9.112628216389500722e+02 1.720134392278959146e-01 4.081418707525017453e-01
2.509444597001602801e+02 7.469980284039295384e+02 -1.118177041033445104e-02 6.982131131694991645e-03
7.479753215079347228e+02 3.548647669344818496e+02 5.060760602549576603e-01 -3.927384786112413373e-01
1.435559294420397123e+02 3.928175991334179571e+02 6.871038869417584252e-03 7.006647337935547996e-03
5.721144891656771279e+02 3.788271222037117809e+02 1.177189516515637045e-03 -1.264598024784892825e-02
9.321227232677651955e+02 8.434300754163289184e+02 -8.793117977951047434e-04 -5.927857200528913054e-04
5.750597043222553566e+02 4.327184443076527032e+02 -5.069404929912760954e-03 1.678499955126466813e-03
1.006612070105540056e+03 8.127875577146377282e+02 -3.557385529109181963e-04 1.068980340912077838e-03
5.018636960407596348e+02 4.345169399187934118e+02 1.613314187418854765e-04 -4.612479053641868609e-02
2.430889783174154104e+02 7.426858451720187304e+02 -1.101481146576199256e-02 -1.464380600271617851e-02
3.635413417534118139e+02 1.011936274809275801e+03 1.810545901529664603e-01 4.877647341338176568e-01
9.805287121471023966e+02 8.280276155270280469e+02 -1.008104112728877132e-03 2.903953238048848345e-03
5.754935304100064286e+02 4.114374849979752184e+02 3.187894055363448345e-03 -2.091871829279254302e-02
3.059167608789862243e+02 6.560509125042847245e+02 -1.858146727958811389e-02 -9.030664235472676826e-03
3.530749614598921653e+02 1.044861185170812632e+03 -6.119133539668566990e-02 4.219316370881327494e-01
1.009250116836510642e+03 8.156691438431921597e+02 -1.790615773745459979e-02 -6.345610918283500247e-03
9.415914742291978428e+02 8.360600650450959392e+02 -4.444188168664854610e-03 4.591597258290181123e-03
1.003882404974079350e+03 8.364228671198510483e+02 2.931646817825308768e-03 -4.214539988461949230e-03
2.323345106340608766e+02 7.244170585753860223e+02 -3.314412757265303502e-03 4.042449411518547579e-03
4.837064219407739643e+02 4.373771013673709263e+02 1.171552391563429607e-02 1.350622290040559602e-03
1.019398552067026117e+03 8.077960714078578803e+02 2.424734578029853153e-03 -1.656969888130117841e-04
9.596609215017875840e+02 8.332922110434878959e+02 1.750493586320821596e-02 2.327837927740766116e-02
1.198092793277876808e+03 2.516641955301269320e+02 4.188730483553743805e-03 3.354763338218207970e-03
5.488003737650351468e+02 4.428049894190174882e+02 -4.189369949732182734e-03 -9.299114221384529450e-03
2.280115391742077406e+02 5.199745589065864806e+02 1.822845956430210442e-03 -1.013586682320170157e-02
2.746717753009813237e+02 6.804976734056095893e+02 -2.540315311016524188e-03 -1.167311894435010648e-02
5.813602307835733427e+02 4.169113131071185876e+02 2.845334839707452153e-03 -1.362001309652248124e-02
1.033147812216871898e+03 8.594411154206154606e+02 1.287881994405306848e-03 3.362842485033313428e-03
7.913532383351715680e+02 8.958054654965995951e+02 -3.833092281464531292e-01 1.864476749687035972e-01
9.572586926264385738e+02 8.454350464586390217e+02 -7.142123382198064217e-03 -1.076757622159351356e-02
7.485736797404623530e+02 9.542087455114460681e+02 2.040402212762526101e-03 5.049898248465537788e-03
2.667157832580963372e+02 6.646607999848373538e+02 6.741274132201568276e-04 6.492841671044993941e-03
8.247719332175487352e+02 1.102230509195707555e+03 8.954949079123811695e-04 1.494571275331806331e-04
2.426355941989071709e+02 5.034960828885996307e+02 8.988706997011113378e-03 -2.305835959070592217e-02
7.486440512248581172e+02 9.587377615988890511e+02 -6.575442570531795337e-03 -4.755696691366139046e-03
5.662611749312973188e+02 4.699810169013033487e+02 -7.331033685504014918e-04 6.741841633994893413e-04
5.671878823815993655e+02 4.737362947561505848e+02 -1.944056862090058190e-03 -4.781190715079045722e-03
1.204832676433660026e+03 2.315370399761204112e+02 2.098887774088712636e-03 6.340578246204469498e-03
9.120966785882081922e+02 8.448183088400909355e+02 -1.262557736364363671e-02 -1.832026317216030667e-02
2.220068325954765953e+02 3.073430574486237674e+02 -4.735607246671362514e-02 -2.578855824668008223e-01
7.721024192430974153e+02 9.607305911797435556e+02 6.273141479788713407e-03 6.685944508416973540e-03
7.753889779457642817e+02 9.430643259186114165e+02 5.496302125974093788e-03 1.272273924931677409e-02
7.724735023607790936e+02 9.482918369094985565e+02 7.870463862766630125e-03 -8.860358033632676975e-03
9.845931217821992050e+02 8.666864417450910878e+02 4.120845170845233185e-04 2.472823474213688144e-03
8.005257498340258735e+02 9.516239842018924264e+02 -4.219915424283895641e-03 -2.909335696601671618e-03
2.236057657577052282e+02 6.327422260583263096e+02 -6.097352931673405418e-02 5.761517965364230248e-02
6.193855815296337823e+02 9.359362406747819705e+02 -7.708219140572464896e-05 3.381272588071489128e-04
5.725319671941533670e+02 4.906356278047367141e+02 4.710097633195269549e-03 1.166787579022931674e-03
7.845358123372596992e+02 9.365066115690148081e+02 1.057670903375229447e-02 6.086628237717872474e-03
9.747549299992788292e+02 8.848959135099249806e+02 -3.189497282223198059e-04 -3.976398830832970042e-03
7.539942968442093161e+02 5.310431180281136676e+02 -9.720640009201887526e-04 -6.698494500443924081e-04
7.871053295365882150e+02 9.433564312749296050e+02 3.815171260642651746e-02 7.166412556753445039e-03
7.962117991639869388e+02 3.823465714369490343e+02 -5.684885803122039123e-03 -9.063579487788317110e-03
2.340952567440638745e+02 6.988861462916818255e+02 -3.102661232596103796e-02 7.914575769631266569e-04
3.052087726196172071e+02 5.638885619262904356e+02 -1.980113750841885206e-02 -1.777356585867748140e-02
8.062792512915242469e+02 4.177618378445624217e+02 2.147654584329716787e-02 4.946151283569192626e-03
1.941405374007018168e+02 3.194677889412500349e+02 -8.599070395388421764e-04 -2.151688864046826834e-03
5.933200422823499594e+02 4.043053265765502147e+02 9.793657537044857253e-03 9.857834783072729271e-03
1.034739260879417770e+03 8.356849030294226850e+02 3.466187897597907373e-03 2.090075078011086572e-03
9.937091895279986602e+02 8.221202192628758212e+02 -2.126680636167455562e-04 1.340744050810484343e-03
2.278679102539977350e+02 7.267994767281111308e+02 1.701000737051347076e-03 -4.691267295678662810e-03
1.278702369987790689e+03 3.718674836620321571e+02 4.911166709137946076e-03 2.119017088451001680e-03
2.354535117312921386e+02 6.426301900107094980e+02 -2.894844382348702220e-04 3.685673821204509676e-02
2.226909160619393049e+02 7.639163642056321351e+02 -1.752746084809225779e-02 -4.719031865604820727e-03
7.331335461387076293e+02 9.803144843703357765e+02 -1.667275800964534635e-02 -4.202427025933106255e-03
3.201766074806407119e+02 5.456705382488619307e+02 -1.266782466085386366e-03 -2.055430106977810742e-03
7.697611077926384269e+02 3.977208156606172338e+02 -5.159102554652199649e-03 2.744086538409826886e-03
9.871951479934493818e+02 8.314727408082176225e+02 4.039047347570957729e-03 7.872095973114862089e-03
1.049792482574343467e+03 8.568738023422383776e+02 1.180465822183731153e-03 3.401248142311730704e-04
8.271304822125821374e+02 4.012255093770391454e+02 -6.673181115506804460e-04 -2.804249276819221603e-03
1.017874290488080078e+03 8.306707608222786803e+02 -4.943625460309884062e-03 -2.431395934890908002e-03
1.185595890400633380e+03 2.498258733768460047e+02 -8.980356592991762784e-04 1.944725292079823665e-03
9.463951622548401019e+02 8.369496108951104816e+02 -6.849252149375541568e-03 6.837192821581758971e-04
4.649645802649120014e+02 4.532502027207058859e+02 -5.733762528202735777e-03 -1.827772491926207528e-03
2.683916766793886950e+02 3.011307149475654228e+02 8.674747449875590787e-04 6.249202744257754093e-03
9.553088249699976586e+02 8.226557465182943361e+02 6.893817779860225876e-04 8.905259719341248464e-03
8.196337600184137955e+02 9.360944660130331840e+02 -2.392902644495991174e-02 8.436910584683880027e-03
8.207975066370358945e+02 9.459464504597497125e+02 -1.725917353265609550e-02 2.015971710370357065e-02
5.483472900035395696e+02 4.306589955859307679e+02 -1.065125705883479025e-02 -5.134191541858939417e-03
7.947734847263772053e+02 9.138175287855245870e+02 -3.713327555460783636e-01 1.949810938778540892e-01
9.227971274205286818e+02 8.630847935561849908e+02 1.605084534549547082e-01 -6.813910358942794343e-02
2.921319281542098452e+02 8.988153333297044583e+02 1.834115206206621829e-01 4.454532705956905092e-01
1.074646261754400257e+03 2.018038710159368350e+02 6.745497995972649097e-02 3.719472454014209617e-02
7.540082756311120420e+02 9.721063157102605601e+02 -8.946802097318257846e-03 1.360117226820961242e-02
1.030564755905860466e+03 8.254206046978858922e+02 1.527846794846086107e-03 2.900678196688699900e-03
3.387712010470056612e+02 9.432880221492803230e+02 1.734816163131782663e-01 4.978280707109830061e-01
1.021370858625734968e+03 8.147458320965280336e+02 -1.620929848589112944e-03 1.731576196915388154e-03
3.755263713027957806e+02 1.082153604968346599e+03 1.786570102004585714e-01 3.637494423788792952e-01
1.055848453507626118e+03 2.229650410556137956e+02 -8.161480683711848372e-02 5.045323908727834816e-02
9.551556296059180795e+02 8.788668309126561553e+02 -6.277506882317520666e-03 -1.989543368366335913e-02
8.184377776029225515e+02 3.800359818479473120e+02 -1.727395990501868735e-03 3.930940702369046559e-03
9.718546053045112103e+02 8.888177981163996719e+02 -1.586529318108722891e-03 -4.222638324392283780e-03
9.041350743124122573e+02 8.404313471104213704e+02 -1.560911422157207872e-02 -1.480319155681366142e-02
2.387749006977600459e+02 3.490718210695147832e+02 -6.655179014400867954e-02 -3.133952417684467417e-01
5.789669014033938765e+02 4.685705445078871776e+02 -6.261307267638162311e-03 1.858417342665833003e-03
8.023127481532638967e+02 9.259254060133790745e+02 -1.507431597966243843e-03 3.445326511327363121e-03
9.619262162290164042e+02 8.489655187341385272e+02 -3.973282025329732091e-03 6.107599697976625296e-03
1.916286223717830808e+02 5.884598012355128276e+02 -2.298969311263335952e-02 -2.047984749034221369e-02
2.312626867568609725e+02 6.898494483468564340e+02 -1.700042092056240975e-02 1.444954248091395894e-02
4.930175494655534862e+02 4.485234788018621543e+02 5.518672025437124269e-04 -3.763109980691905013e-03
8.352051459678159517e+02 4.114465042789958034e+02 -4.271094744969541369e-03 -2.797547480688333376e-03
9.710498948001917370e+02 8.765076817219455734e+02 8.853716354916413289e-03 1.118140246472031953e-02
2.793605776346608991e+02 9.388148225907530104e+02 1.050877986029202654e-01 4.400047717157417049e-01
8.044946659814369241e+02 8.871413633621799590e+02 1.246792971820909895e-01 1.710892190096436130e-02
9.681450507240419938e+02 8.247204247825050061e+02 -1.900149075140689092e-03 6.458591819189156251e-04
2.057724776284382244e+02 5.138192294873280161e+02 -3.209317777526677750e-03 -1.042459421637656827e-02
7.956384200197539940e+02 8.812978569680698229e+02 2.215487451776920746e-02 -4.465038094984734112e-04
1.192262414566744383e+03 2.097506047294713483e+02 -3.465877645123670216e-04 -4.048005235666429433e-03
8.112525485538006933e+02 4.064458373703179745e+02 -1.793598188383515365e-03 -2.184267123761901054e-03
7.677481181817061042e+02 3.857621617129514107e+02 1.642967783531690219e-03 2.488067233975295358e-03
2.252269364775476674e+02 6.862764643210090298e+02 -3.418467315390723532e-04 -1.719593405150500118e-03
5.593031083120621361e+02 4.176475105814520816e+02 1.247570198510028656e-02 3.005645308401300522e-02
3.172306370428858031e+02 1.065738296003946516e+03 1.108584888598475870e-01 3.926591872833085084e-01
9.493777775919111264e+02 8.560319154995304416e+02 3.644477590606778200e-02 -4.164424491140569090e-02
6.038544369212427227e+02 3.836936913991103779e+02 -3.393105490049898223e-03 -2.976947807683538380e-02
3.382911992178590594e+02 5.517067563555232255e+02 8.482405753533506579e-03 5.428059616377091390e-02
1.121289524269742287e+03 1.742282330611153043e+02 -6.404296587003621699e-02 1.797152555455837353e-02
7.223293538655134398e+02 9.486585455036047279e+02 -4.494319796505112652e-02 1.668407433419361041e-02
5.112543606268388885e+02 4.392829717811477508e+02 4.086429818671874037e-04 -2.207487716380383727e-04
9.961587793586420503e+02 8.736373010915372106e+02 -8.118218098998833832e-04 -2.868814639216430134e-03
4.802653287832722526e+02 4.694811564195895812e+02 -1.516693712424417801e-03 -1.274844197801615862e-02
8.776574300525946910e+02 8.755042855240726567e+02 -2.154069790996985048e-02 5.901146924900173285e-02
7.988846982705422306e+02 9.412407243712500531e+02 -8.297312789956871881e-02 2.902040648850045396e-02
5.363101292810955556e+02 4.165102533155043147e+02 1.332398200006109333e-02 -1.756307965251272711e-03
5.210168193176652949e+02 4.432826824347208117e+02 -1.526578255730909111e-03 -4.243929410518371484e-03
3.263489666407605796e+02 5.355200820739956953e+02 -1.469445889105516854e-03 -3.366739020874423495e-04
2.926342063152757191e+02 9.211062856674304840e+02 1.556018109560726170e-01 3.837724072163972155e-01
2.624719101868288931e+02 5.589285744069329667e+02 -1.149016775624623204e-01 3.933567222048805490e-01
7.464361387974838635e+02 3.969781194354175682e+02 -6.842688269849117860e-04 4.420641563663904941e-03
2.252397284913534747e+02 3.279655301802640111e+02 -1.030721274675311938e-01 -2.909954181343217816e-01
8.059306077436205840e+01 3.236298847871933617e+02 -8.744081791677005971e-03 -8.212413412305221219e-03
3.298405452472776460e+02 1.020867865934993006e+03 1.343952046056045013e-01 4.103948119989104248e-01
9.736134755158909684e+02 8.637325296057114201e+02 -1.156831721131523077e-02 1.030529054062501691e-02
3.169474799199671793e+02 5.176079456815841695e+02 -8.057818416743051104e-03 -5.239636360558938381e-03
5.356479465531455162e+02 4.268345824605394796e+02 1.452142497058584066e-02 -1.317098903617007488e-02
9.961313600022964465e+02 2.480119187858887244e+02 -2.152746471156858840e-02 4.623176759352954322e-03
8.507068389689402466e+02 9.314668095440455318e+02 -2.859711054675740088e-04 -5.755203855928226917e-04
2.998213632880593309e+02 9.113573264460320615e+02 1.740818422999386716e-01 4.366165710214262030e-01
6.286631133528212558e+02 3.839867537932977939e+02 -4.132287082886097404e-03 -1.670146763795419013e-03
8.161747818590334873e+02 3.633959303887434658e+02 3.635687830099792149e-04 3.584536867465138495e-03
8.576357168273558500e+02 1.101702338982161336e+03 1.118966289841229786e-04 3.024925360189780065e-05
9.306145391453202365e+02 8.356756453816617523e+02 6.283427719947690289e-03 2.532092071794185290e-03
1.155591869791766158e+03 2.352398391384928402e+02 -3.916010754102161075e-03 -2.369311482504097427e-02
5.967571857218227933e+02 4.308285319212000104e+02 -8.778963299857428515e-02 1.287027213406912174e-01
3.212121461525439372e+02 9.564002213277462943e+02 1.143819392736176166e-01 5.129750093993293847e-01
3.644532194315111155e+02 1.033089882238805785e+03 1.822009951536637251e-01 5.462695666417988205e-01
3.217672796727065361e+02 1.091099526613334319e+03 9.437991298377350347e-02 3.596515736128007013e-01
5.092668975761607726e+02 5.071115508762845252e+02 2.092125555260835375e-03 4.181401627198455019e-03
5.468355814109962694e+02 4.056144430980074844e+02 1.363085723111980008e-02 -1.041630488991881234e-04
1.096341658985480080e+03 2.141270687642856672e+02 1.246633135053235768e-03 -1.209144652469094049e-02
2.386391130575499062e+02 7.403965507140336513e+02 5.184037001404902083e-03 1.664902054821960561e-02
2.301648405550846519e+02 6.409048747346854498e+02 1.219016536590307627e-02 2.140463893279655541e-02
1.203584305409704257e+03 2.540538113866562355e+02 -5.294558122861669179e-03 1.287696327922968620e-02
5.481657721395730505e+02 4.742952806333613012e+02 1.245926032426817980e-02 -1.496757553636902417e-02
2.751828822417477909e+02 5.093697143819268263e+02 -2.354656145827772277e-03 3.641066705494777622e-01
7.531679487034963358e+02 8.452188307907271110e+02 -1.037985514617188032e-04 4.203120359730152535e-04
9.769552786604289167e+02 8.457176342028243425e+02 -8.012627242119424367e-04 2.891116370373275016e-03
5.512622429763930541e+02 4.815069034081302561e+02 -2.940879676358497050e-02 3.248238956096165947e-02
1.164381043464579079e+03 1.398942258210885257e+02 1.120486969194184855e-02 -1.876491673690334344e-02
3.213639560030165967e+02 5.293094147148196953e+02 2.359564335856050195e-03 -9.167362858918993301e-03
2.587231946923576515e+02 6.955353358864218762e+02 1.566570212001370003e-03 9.850889910942239869e-03
1.113942287835999650e+03 2.380316600392162343e+02 -1.085329440724024652e-01 -2.006107822592860176e-02
3.139973796846886103e+02 4.713191683447035984e+02 -2.111834214485277129e-03 1.057228713766348790e-02
8.866758594955102808e+02 8.760799334846788042e+02 -1.141181585308792198e-02 7.160996719293696855e-03
9.230918553974921679e+02 8.709894155097418889e+02 1.368624130456494448e-01 -6.297668627895731952e-02
1.145327543341194996e+03 2.098804952332400262e+02 7.752495612701768533e-03 -5.431594061582189527e-03
3.718936471446555743e+02 9.644365220217841852e+02 1.554344753227530570e-04 -1.833389366266142137e-03
7.929167409031645093e+02 3.933041366828095988e+02 3.325554946143549021e-03 -3.299194948886222285e-03
2.913936020963129181e+02 4.933658547244388046e+02 5.188344491211909805e-03 3.802204473014241248e-01
1.057110169060006456e+03 1.776298618093761661e+02 -3.233621234851015262e-03 1.880580014863432806e-02
3.210866377276044545e+02 4.806437328475584536e+02 -1.468522116622375355e-02 2.139260589275679067e-02
9.717496563053185810e+02 8.312034734833723633e+02 -4.828987526765883163e-04 3.444715910257283280e-03
2.482394834968033877e+02 7.409990972909555467e+02 4.692349997587499759e-03 2.521826181675963351e-03
2.214458457655527752e+02 6.884112115249680528e+02 1.858087044279706224e-02 3.238629141650346821e-02
3.147554771785441972e+02 1.003342272124950227e+03 1.201290143743833222e-01 4.323820841192265729e-01
2.289734613215056527e+02 3.392893365166279978e+02 -8.368631298055495549e-02 -2.896294039814742982e-01
2.196344697111719597e+02 2.956865999105195897e+02 -1.155739479012884707e-01 -2.679158061701767402e-01
5.874097770666298857e+02 3.995625018627541749e+02 -1.692499067994413951e-04 -1.034358162343940678e-04
1.139653951610419199e+03 1.422253274467715300e+02 1.369847177390988435e-01 -8.495278880384928011e-02
5.077833902989528951e+02 4.460430335982223369e+02 6.887936873043388336e-03 9.960999557916797725e-03
2.768098794126265716e+02 4.663865335738775002e+02 1.280629539731427124e-01 3.100350095329796329e-01
6.083260725564135782e+02 3.663841751466476353e+02 -3.476298368804065907e-03 -1.163015873809757593e-02
2.750290615572496336e+02 6.703100335124198637e+02 -2.217060024528820679e-03 2.632208855013033928e-03
3.576346920487488887e+02 1.008342322594247548e+03 2.224764865149810866e-01 5.098937540863658358e-01
3.419489277445181870e+02 1.031786786542458003e+03 7.272279907269674215e-02 4.555917388740492457e-01
6.005529222009600971e+02 3.654694503565036143e+02 -1.779784976178581252e-02 -2.449809195182540283e-02
6.112034089674708639e+02 4.279975377771309013e+02 3.019895556324645250e-02 1.925820919418336219e-02
3.276832894979092430e+02 5.189330781889132140e+02 1.609653919282920571e-03 -2.200546604072850607e-03
5.334030589305025387e+02 4.125189765382304472e+02 -2.783072575806106071e-03 -1.534318353173269936e-03
5.378960507176001329e+02 4.678271754658734380e+02 -1.991689173498325562e-03 1.553997481947828755e-03
2.988953007989670141e+02 6.139402610765713462e+02 -1.526664879596614961e-02 1.058626744801505030e-02
1.191811067733519394e+03 1.906333978327353407e+02 -8.843871574992932718e-04 1.195246682810633364e-02
4.755763510057566918e+02 4.659381320078491058e+02 -2.616472495451557106e-02 -2.077684036920336361e-02
2.220739320305777085e+02 7.529478089018327864e+02 5.057415936335300094e-03 2.016414536192674689e-03
3.368921341957424147e+02 1.002083912856839788e+03 1.270568474279427096e-01 4.357859545094652787e-01
7.840988097016386291e+02 9.594421230209526357e+02 -6.153423579492860694e-03 -2.240931544185901462e-03
2.716073166111629007e+02 4.548927234325173572e+02 1.196184050298245566e-01 3.589868576624625773e-01
1.023248798286641659e+03 2.237604738345973487e+02 -1.491053507231529240e-01 -3.217087241219451221e-01
1.210875776543134407e+03 2.455670132419006961e+02 2.904747764459628470e-03 -2.811441982838023233e-03
2.174234632984399411e+02 7.229393166428433233e+02 3.089867145145361923e-03 -1.889611948119483339e-03
2.803961857455353766e+02 4.307402622315581198e+02 9.100974020483509896e-02 3.321064204948108167e-01
3.308086640448827893e+02 9.786387230233781338e+02 1.024543362044315065e-01 4.297043184696299756e-01
4.130690372251784765e+02 1.059503521184331703e+03 3.181005328258311726e-01 6.463685767188843689e-01
3.346644531497927346e+02 9.575448131015473336e+02 1.483328719000580054e-01 4.804229194866904140e-01
1.150794641854688734e+03 1.966042159591835343e+02 1.166902136094314785e-01 4.946402682330693773e-02
3.169852713320481143e+02 9.683150143698153443e+02 1.170192711730255603e-01 5.161386975318403847e-01
1.216286735472992177e+03 2.523486049380596228e+02 -6.727915784191138351e-03 2.783656681267169739e-02
5.108882744845756179e+02 4.800486490705990263e+02 -1.407848751913175211e-02 -3.621598240450715073e-03
5.730915890309413498e+02 4.263453319878610159e+02 4.838299040037070779e-03 4.487972444103502032e-03
2.196304494730449903e+02 6.991667047281691794e+02 -2.164429971824998074e-04 1.570474240628021156e-02
1.032014883600745407e+03 2.348101558272902309e+02 -1.094248883578750470e-01 -2.670390489649960286e-01
3.484426245051653837e+02 1.020687486371371051e+03 2.740029059210132290e-01 5.062366742336705805e-01
1.233067684989519648e+03 2.547618500527811420e+02 -5.546812965056431392e-03 -9.393393248381927754e-03
1.113839631757973393e+03 3.417747269232818894e+02 -8.977030471235386555e-02 -3.279395728442537905e-01
4.298987595422609047e+02 1.098439525602919048e+03 3.805450932077281134e-01 2.380783333251652034e-01
1.016538721222695813e+03 2.746012906895082892e+02 -2.428245665643348483e-03 -2.656964144206189031e-03
1.217011248162921220e+03 3.496871968580846328e+02 2.761367151559999122e-01 -1.318528895225143105e-01
2.820848764676992459e+02 4.741251764895301335e+02 9.698200067859909235e-02 3.264415388974372112e-01
3.102484573733186721e+02 9.665554965599213801e+02 1.322998686194860052e-01 5.164833506538277774e-01
2.072488328106885263e+02 6.982894020681022766e+02 -1.311191526719198419e-01 1.915133558243021783e-01
5.486626258855100104e+02 4.095914296188787489e+02 1.076379362268766078e-02 7.147317223128912302e-03
3.036078464239653272e+02 9.073907895103189958e+02 1.591569754947875781e-01 4.492493578169995394e-01
2.657317443662036567e+02 4.215920370715732020e+02 8.180056618288299164e-02 3.512207387660208346e-01
3.220391935497813165e+02 9.202323901829753368e+02 1.445388919905240821e-01 4.678794556051976139e-01
1.127537876559258848e+03 2.469116081701893393e+02 -7.531591324037111403e-04 6.971357385636041404e-03
1.227295187719722207e+03 1.493348641711869789e+02 -5.324764078099773453e-04 1.855418222304490309e-03
1.056554421226324621e+03 2.636590853655643514e+02 -9.392208922071683744e-03 -2.921345614198115892e-01
2.466049635609846007e+02 5.130495676322661893e+02 -1.037529283934697510e-02 -4.555085871367403963e-03
1.023401399163173778e+03 2.794542563338274590e+02 3.822215954287592858e-03 -2.822354833726156264e-03
1.129036281005662886e+03 3.502202007902653804e+02 3.392215315332326037e-02 -1.671050472071369253e-01
9.968715498056967590e+02 8.234637706841148201e+02 4.295170388861989548e-03 -1.993090550350229678e-03
3.133374972128899003e+02 5.540984821939945277e+02 -2.043292600821569301e-04 -6.510741416675928581e-03
2.294018754616432432e+02 7.019081941066879153e+02 -6.191581653810079031e-04 1.868280219428420904e-03
3.371439775709969240e+02 9.901367526840674600e+02 1.300831505886237416e-01 4.446885009373667264e-01
2.482034429860606508e+02 5.790458161552325009e+02 1.734454512470788856e-01 -2.853924681600840119e-01
1.044445681470711179e+03 1.762792340418117476e+02 -4.094983604268506716e-02 -1.229639517606050461e-02
1.050210361044071306e+03 2.500412785390117847e+02 5.130411370840076007e-02 9.031069788004414400e-03
1.108262266747593458e+03 3.179021675129085338e+02 -2.016501991238441316e-01 -1.747148107855630572e-01
6.057357886240093876e+02 4.087632379459238905e+02 9.906080689348743286e-04 5.202229966236660182e-03
1.202527673023004354e+03 3.304229263307041151e+02 4.667885455703571496e-01 7.749743779191030357e-02
1.021452252312458768e+03 1.843836717482357699e+02 -2.341590539246865901e-02 -2.861883264836954932e-02
2.671113713787375445e+02 7.380180074405385540e+02 -2.295465536102111927e-03 5.299290720182118705e-03
7.864740583642460479e+02 3.998249114488607461e+02 1.799942091269605277e-02 -8.820557164544834058e-03
2.625556434347575419e+02 4.477343288647562076e+02 -7.361216269456767082e-03 -3.030007805707544133e-01
3.096536213830394217e+02 6.113704653163617877e+02 -1.947407135158566241e-02 4.131692962875316115e-03
1.031096964692653046e+03 8.530011075357143682e+02 3.152852539110291563e-02 -1.215703570161428757e-02
1.139727908949508901e+03 2.217195618179416101e+02 1.618933243312402695e-02 -7.784930645914413770e-03
5.963265961806747555e+02 4.179305490192144816e+02 -4.075387624696547723e-03 -2.340189625188864551e-03
1.155614487989967074e+03 2.238979858186281149e+02 -1.877018244743853336e-05 1.141034349847227722e-02
3.337140774098892848e+02 1.056457385951498964e+03 9.632622419773233247e-02 4.140813736866905126e-01
3.360647503237768774e+02 9.162680981820902844e+02 1.741429280028380100e-01 5.324709593899329407e-01
3.310891602130480464e+02 9.610332241992549598e+02 1.433322853308174882e-01 4.770369286434580913e-01
2.549569864206809768e+02 6.406989096687682377e+02 -1.430349814624255582e-02 1.753297410899260292e-02
2.320430359312053668e+02 3.483755437855861032e+02 -8.942973885661580080e-02 -3.080136331065557176e-01
2.729106687797933546e+02 6.515280526074230920e+02 -2.283835615867922317e-02 6.008433624184714161e-02
1.037840016569640966e+03 1.888228490057476279e+02 3.972937268685253903e-03 -2.577052780050661032e-03
1.255997177713432620e+03 3.144174615664127828e+02 1.999764073104622897e-01 2.175843897633526411e-02
1.210816432691953196e+03 2.175553108163695413e+02 2.480605785120421243e-03 5.062766390412574459e-03
1.197669134965726244e+03 2.017712040830010380e+02 -2.775027922653088008e-02 -7.176528805663990977e-03
2.488807735060681807e+02 4.811337586101661259e+02 -1.571916492286454031e-03 3.633366698410315978e-03
2.387116313648677703e+02 7.116342322268860698e+02 -7.263757760118451931e-04 1.565621522452417466e-02
2.763753361511253956e+02 5.255904150579196994e+02 -6.402698788474931249e-03 3.324789432339320117e-01
5.907250686133336330e+02 4.472920289457279068e+02 -6.261318996551624300e-03 2.113757902372193315e-04
2.373195924431338995e+02 6.937026228144195557e+02 2.949845453202041851e-03 4.794349005821418874e-02
3.639989154466043146e+02 1.089091028355262779e+03 2.622785974068507220e-01 2.911143876084283377e-01
2.848634219426034520e+02 9.361427825792527528e+02 9.857585450612868505e-02 4.153090336741658284e-01
3.723987011225447645e+02 1.015951652788126808e+03 1.719498862398092520e-01 5.143384219988877959e-01
1.118924493520681153e+03 1.647525706143612467e+02 -6.488524865134612241e-03 5.271216773598669941e-03
2.673581151700108194e+02 6.305600058803075854e+02 -4.254017870256449063e-03 9.375376921804497166e-02
2.628857103615899860e+02 6.462862756893598544e+02 -1.042570476831353524e-02 9.471424537525875709e-02
2.852420582648243226e+02 9.228682845359340945e+02 1.499589913068259395e-01 4.102319251326972949e-01
1.077000561286750326e+03 1.857967860447747910e+02 1.012640983534909833e-02 8.156937691773920654e-03
1.207123277982700984e+03 2.113882199890022378e+02 -1.152660670352293609e-02 2.779392076614230038e-03
3.678309404427587879e+02 1.000689490848573314e+03 2.256234565161400196e-01 4.826756739883056868e-01
1.003003051675311895e+03 8.754244522749048656e+02 7.702170433412677646e-03 -8.828028089253914289e-04
2.655322349400115627e+02 7.142903843829963080e+02 3.751934150386659894e-03 1.671635233307851862e-03
1.255840835962451820e+03 3.380741527915454867e+02 4.520675307260599851e-01 4.206622647038807394e-02
5.011732883638260887e+02 4.605206116403951455e+02 6.615558649461900607e-03 3.994599987003546321e-02
5.917325090726446888e+02 4.775786334731068337e+02 3.559715456236013241e-04 8.263595774218458756e-03
1.191729807595605280e+03 3.000119073285816853e+02 6.243152051920806134e-01 2.526774713478708301e-01
1.137718435967892674e+03 2.543270331961697366e+02 -2.943622901010609083e-01 -1.399649699284816751e-01
2.635830190148207635e+02 7.262043063615409437e+02 -2.448935435261386569e-03 4.774412431625068599e-03
2.685177661444952264e+02 4.627399265758762112e+02 3.782147555016263790e-02 -3.134821689080167229e-01
2.854720186988720343e+02 4.992393305673484178e+02 1.799422920987975294e-02 4.088031338841926488e-01
1.268341183246079027e+03 3.922863299318669306e+02 7.443169433255468308e-03 -3.655716821207092605e-03
9.438967809392240724e+02 8.556008370142353670e+02 2.750733134381573575e-02 -1.866549130334146239e-02
2.530181004184823905e+02 6.863397544456959167e+02 -1.147611272998174704e-02 -1.241548971869755116e-02
2.629188097830231641e+02 7.078535878515662034e+02 3.791262681368220196e-03 3.433198850973552627e-03
4.014559915031223341e+02 1.093628542295230773e+03 9.133705530308251774e-02 3.877097750198932880e-01
9.318581349483424674e+02 9.082607241689429429e+02 -4.889659210587947447e-03 6.208832462348119925e-03
1.016797956759652152e+03 1.623193959246547990e+02 -1.344865486094427506e-02 -1.163598762100900158e-02
3.040204654188639779e+02 1.007257782048791228e+03 9.255624380268998030e-02 4.411776921747613822e-01
3.785414690170729273e+02 1.071068474103158451e+03 1.936695359908223446e-01 3.498390131900249722e-01
1.140820589398741049e+03 2.963727585537252480e+02 -5.988908277041752465e-02 -3.970088715685885505e-01
1.842970670386158929e+02 5.894594057797626192e+02 8.017481641667019779e-03 -7.929684928402560336e-04
1.216586593991943573e+03 3.640110138908702311e+02 2.657684857434348680e-01 -2.322258993026919405e-01
3.138331319437293132e+02 9.062567263071571233e+02 1.552230044135290976e-01 5.407923580489593096e-01
2.328627890384642569e+02 6.364283817701272028e+02 -5.085009407247129826e-02 4.013743728911763758e-02
1.240779843405004385e+03 2.772490891533050217e+02 -6.624609695093271189e-04 5.054958694254220106e-03
1.488937603078281313e+02 5.175782798492195980e+02 5.253273456459775503e-03 -3.066338145391221248e-03
2.800093953881117272e+02 6.454793192282771770e+02 -1.620363292094921179e-02 5.715290265151123927e-02
1.011762751963591768e+03 2.240884845772529559e+02 -1.506284536376493732e-01 -1.699668187074209469e-01
1.008347420448327853e+03 9.275241581248258171e+02 1.013528204771544126e-04 -5.214199677989244590e-05
1.154642283918857174e+03 3.309656456306314567e+02 -2.140917535728044385e-01 -3.400391300979743181e-01
3.167782511150399500e+02 1.042106345956739233e+03 1.062134290592711694e-01 4.048231931604791001e-01
9.482334748962292679e+02 8.978030619281905729e+02 -1.110160357815952008e-02 2.381389213823159514e-03
2.347147985063618307e+02 6.770514653784966868e+02 -3.531845583589948018e-02 5.406672367259245798e-02
2.516046289544347019e+02 6.708354376947120272e+02 9.483531056346101952e-04 1.107407875976362116e-03
2.747678123573281823e+02 6.207133923794826842e+02 2.086427018261726839e-03 1.061493419038702091e-01
1.236838341149077678e+03 3.497312546658153565e+02 3.651092018102788939e-01 -5.516580107612051309e-02
1.019147481573759364e+03 2.090055977366401976e+02 -2.149473751047212833e-01 -9.003399586857586956e-02
3.253697534874140729e+02 1.025128425680280316e+03 1.376860514947133851e-01 4.176651251506324214e-01
1.299654631673129188e+03 3.028719800644962561e+02 4.881624927425982571e-03 -2.688831638977825546e-03
1.069939766582183438e+03 2.251692361212949436e+02 -1.426907951751970119e-02 1.681993626584980459e-02
3.336141361057075869e+02 9.425512765065462872e+02 1.941630816624952127e-01 4.788951845238666460e-01
1.016437290742334653e+03 1.883079061206629206e+02 -2.964123369635653926e-01 -1.316018669934055640e-01
2.568333731550803805e+02 6.727759651235704723e+02 -2.667760721322738875e-03 -3.429263224470470092e-03
1.013305241771932970e+03 8.526973160318361806e+02 -1.313366095897967357e-02 -9.749512497754237242e-03
1.393939293123662821e+02 3.891763308463920907e+02 1.070362829603700543e-02 -4.991385518407003008e-02
1.170357105451293364e+03 2.154834527612753448e+02 -4.579830220880710262e-02 3.917917537231006830e-02
2.478778256532846171e+02 6.195079439800497312e+02 2.719787916104612208e-02 2.182210001917047615e-01
2.639922634700022286e+02 4.093704855980260504e+02 7.485012862054075955e-02 3.204177286785268031e-01
9.181830052887762577e+02 1.102606118023610406e+03 1.051172779373493868e-03 -2.072729012970829911e-04
1.274965938906732390e+03 3.555202957444909657e+02 3.594429424146670105e-01 -3.890084749937756242e-02
1.136168535469826111e+03 3.243762383660871365e+02 -1.235893824317003259e-01 -1.800856948775797772e-01
3.892773310234580890e+02 1.075405801471044470e+03 1.503499778164305856e-01 3.039098735747270963e-01
2.436950361899097857e+02 5.744589124303495282e+02 1.944247643996730446e-01 -2.936543362816652625e-01
1.175851057981665235e+03 1.892491674996768722e+02 2.647273767760821832e-03 1.507323073993104695e-03
1.288213443683631112e+03 2.958476432865494417e+02 -5.111516465378804046e-03 6.261513831891917133e-03
1.029665778582040502e+03 2.457943805320079207e+02 5.183712663951479775e-03 -6.161490645233766092e-03
2.592386798872226450e+02 4.539850046724161530e+02 -6.870620964465647129e-03 -2.831156434951271894e-01
3.581259798387945921e+02 1.051848846589497953e+03 -9.523324035130725784e-02 4.607944325275616371e-01
2.706639779425759684e+02 5.047342170824442746e+02 1.260300228699699487e-01 -2.876414988078284107e-01
2.529566809169230908e+02 6.180408573339269651e+02 1.289639713970087108e-02 2.148604982065515090e-01
1.148656820445781932e+03 2.256199385151297179e+02 1.539550587326270030e-02 4.985503854024330578e-02
4.372248451438892403e+02 1.085983433167248677e+03 -2.925877518148219114e-02 -4.354370551627562841e-02
2.717252161330126796e+02 4.863333787062422289e+02 8.701924858340782942e-02 -2.999524229664613517e-01
5.258732554716146979e+02 4.663706941220942213e+02 3.919614084456457537e-02 -3.100062196755806743e-02
2.675620003765917545e+02 6.793614505575760631e+02 -7.597281311676185728e-03 -7.227539799756224626e-03
7.441762159287887926e+02 3.950151766312512791e+02 -9.160712335469185308e-04 5.702145090816713134e-03
1.208473949838549970e+03 3.409223902169338203e+02 4.660348722505470720e-01 3.968598463012652788e-02
4.063235235501797433e+02 1.072083130432326698e+03 1.670968744716466170e-01 3.752931531721154790e-01
1.113009410492738198e+03 1.711919407368298494e+02 -1.861612796825725183e-02 1.342066891304269892e-02
7.927162386835318557e+02 9.059936368432379368e+02 -3.975199534960393577e-01 2.083370793514298935e-01
5.147111628321632679e+02 4.821476715878679329e+02 -7.758462592794848839e-04 1.212301940217056992e-02
3.462006005860358187e+02 9.743100508715215256e+02 1.884254530040321285e-01 5.314664269860409629e-01
2.385578213076788927e+02 6.301331522978537123e+02 -8.237056796373438960e-03 1.063209128152808741e-01
3.267741807920310180e+02 5.522618594220989507e+02 9.089478849097020570e-04 2.498303644095826808e-04
2.698079830568089506e+02 6.912171986122350518e+02 2.435752977972508327e-03 8.285055729199691668e-04
2.144110495372591174e+02 7.100068817763923334e+02 4.934200481942930573e-03 -1.880604488480394632e-02
2.686727701542857858e+02 5.207378260841958308e+02 1.382731711523707274e-01 -2.343614738601900171e-01
2.265031008860114525e+02 7.435060529937020419e+02 5.400513271697468358e-03 2.536564840918817919e-03
1.223724049974660829e+03 3.969661517078073416e+02 1.528195599276652595e-03 1.825140186982403788e-04
2.669729423052308448e+02 3.631482661356996573e+02 4.328034470615808177e-02 2.449611950146193817e-01
2.309918108223324111e+02 7.367819636461262007e+02 9.867575237808073538e-04 -2.012765383385455454e-03
4.095954098251251594e+02 1.093835061979981219e+03 9.270382313700405164e-02 3.727765436434706814e-01
2.325096568325286626e+02 3.312463338831953479e+02 -9.712472983031571194e-02 -2.871131852719773225e-01
3.466556280414407070e+02 1.070189446215598764e+03 6.082547792297335332e-02 4.195005136035289683e-01
3.086371472650480996e+02 6.453702273086100831e+02 -2.342308913193621826e-03 1.532008307556607940e-02
1.206638882204766105e+03 3.818503712625318371e+02 -6.844485195023760141e-03 -1.509963150594686478e-02
2.268946469427837940e+02 7.497755798774179539e+02 -2.037000180423817128e-03 -1.177424881136022658e-02
4.674355972623176285e+02 4.559591987378418025e+02 -4.810909473974334105e-03 -6.991679012938080938e-03
3.997389038837456496e+02 1.074896497546621276e+03 1.687442005815856239e-01 3.840558429435037002e-01
1.084422244781766494e+03 2.034798018608384496e+02 7.868236099559430818e-02 5.337413823885339692e-02
2.810434188754767320e+02 9.681683405639635112e+02 1.241715959401735875e-01 4.628803136734568890e-01
1.034395509350095836e+03 1.724013345688528318e+02 -1.302167720086574651e-02 2.275260954751342352e-02
1.195589482066371829e+03 3.821553009594190939e+02 7.957313670732840292e-04 -6.511049472964719129e-03
2.561799971075451481e+02 3.725932921568900724e+02 2.314253419434398815e-02 2.568463432549599745e-01
2.978555821967432848e+02 9.535944399791123942e+02 1.856004365815615287e-01 4.356336348217409449e-01
1.578343364740734103e+02 4.960907099086129506e+02 -2.076624837182377836e-01 -4.688495998363317874e-01
1.110413208596431105e+03 2.836441844980699329e+02 2.300055289357138821e-01 2.819767017392056374e-01
9.225674369102382570e+02 8.917820611674110296e+02 1.532392122102451196e-02 1.624190847023513143e-02
2.703206890748709839e+02 5.141979240695329736e+02 1.832223990813025560e-01 -2.393330541195353156e-01
2.438938108267765585e+02 6.273543017029621751e+02 -4.028476004130887578e-02 7.172965394639135850e-02
3.567960498378049579e+02 9.919181474211179648e+02 2.281493720457875851e-01 4.863896402104057604e-01
3.327710434154246286e+02 1.005596361307489360e+03 2.157144502814260512e-01 4.971502458503727628e-01
9.584119260389918793e+01 3.641271634242635855e+02 2.904562805469476238e-04 1.244633060847794882e-04
2.387839406971362450e+02 5.373496895209555078e+02 2.237438005375617101e-01 -4.750138708207505417e-02
3.534846111246797022e+02 1.013902434510354851e+03 1.916592132442355156e-01 3.811156589247128856e-01
2.758094870060615449e+02 6.125198329195034148e+02 -3.982092500955231040e-02 3.401932838383037172e-01
1.073496666566395106e+03 2.475627104650716603e+02 3.116353847202088523e-01 1.106648459941956542e-01
1.040741061271128274e+03 2.169940808047953453e+02 -3.852760936528698554e-02 3.515179915451949189e-01
3.207918048240237567e+02 1.039805598429050633e+03 1.049377269304519328e-01 4.238709834440142488e-01
2.794790158595983485e+02 4.840410843997765369e+02 9.282048249812506480e-02 3.461809781941067032e-01
2.606303542442117305e+02 6.655418113020427882e+02 -6.585221738294642045e-03 1.654971363360561998e-02
1.535622368439434524e+02 5.012657365109892567e+02 -1.931905676530759342e-01 -4.637933860368385064e-01
2.623991507540754924e+02 6.920283669533392867e+02 -1.870247159394518213e-03 3.015134029238193073e-03
2.804942223722248968e+02 9.087407987883552778e+02 1.501453104456259846e-01 3.914456824563414261e-01
2.554594313622540085e+02 4.954478161429566967e+02 -2.243161957987258558e-03 -5.609460059716720425e-03
4.338543921194950030e+02 1.089217251731061879e+03 -3.642703455413273238e-03 -3.028776366265293826e-02
1.519777888713559832e+02 4.552005135664239788e+02 3.607323638841017366e-03 5.316568191000833887e-03
2.612672136128153397e+02 5.362362612745271235e+02 2.781934219232699013e-01 -3.142299664264843750e-01
2.827343855561954342e+02 4.459470748563139750e+02 9.566855366138875272e-02 2.762717732465787557e-01
2.587117963822269076e+02 7.357342183314507338e+02 -2.011677834425967468e-02 6.270610748374835439e-03
2.850344265104150168e+02 5.704370814173842064e+02 -9.087447881254737125e-02 3.645677803785434268e-01
1.278592710938329901e+03 2.684857640423917928e+02 6.104118954435942129e-03 9.739570235799509604e-03
2.630796431418962698e+02 5.891595350036564014e+02 -7.820458386334558365e-02 3.150771217715576111e-01
8.100350965810525850e+02 4.017073770194255644e+02 -9.532063461775389535e-04 -6.440644315551879474e-03
3.012637984959209234e+02 9.830755334044098390e+02 1.261784848257856695e-01 4.566541165235015187e-01
2.403420186138362737e+02 7.229496739926520377e+02 -7.859510340673444423e-04 1.431743653212590867e-03
2.875029779201268525e+02 9.571012011858006190e+02 1.726036434263655550e-01 5.095203553090247306e-01
1.138902785480923740e+03 2.462506733649875912e+02 2.005542595144007428e-02 4.795654820037413557e-02
2.541031838348147005e+02 3.515301709337842340e+02 4.550832570583569076e-02 1.945441422845785584e-01
1.122120447098966224e+03 3.390897829254450926e+02 1.210919869363396573e-01 3.758696929430067890e-02
1.000761319261242875e+03 2.220025005858491625e+02 2.612212200974096347e-03 3.139880162653091574e-04
1.247091218863109361e+03 2.874522455929625266e+02 1.236225086629046685e-03 6.817504557300433504e-03
3.688346836884485924e+02 1.087711771378393451e+03 2.600528207013247384e-01 3.050695387727892505e-01
2.564102951218250155e+02 5.328501744385334860e+02 2.993333381542194194e-01 -3.183701732570090037e-01
1.017987515853635045e+03 2.626706315674637153e+02 4.812659942089258548e-03 2.145136221722533307e-03
3.113152360540810264e+02 1.026697427276089911e+03 7.410390523237835037e-02 4.185721436912690496e-01
5.514931428093257182e+02 5.002106105403582887e+02 -3.062719294062520416e-04 -3.281767531349248559e-03
2.428871272637417746e+02 6.859706446164033196e+02 -4.611980550399800288e-03 5.339966885355582060e-02
2.422288262721233139e+02 6.996515514054246978e+02 -1.423271837457868502e-04 7.529494620536689165e-03
2.765354358828968202e+02 5.490861409664657913e+02 -1.419270240175101588e-02 3.651670811381593218e-01
1.038928138271079888e+03 1.979212983706460705e+02 5.949716867109042413e-03 -9.140025574430917302e-03
2.764826286778755957e+02 6.978671358492240415e+02 1.637875026381715310e-02 2.687979840008287297e-02
1.169995324328048582e+03 1.874366159051444356e+02 -1.530016131832915953e-02 2.923241100258800254e-02
1.107218115731772741e+03 3.450804224256956445e+02 -1.028333439061732274e-01 -3.181785420304956147e-01
2.422513446596333040e+02 6.014336306600893067e+02 -1.213580854709659512e-01 2.125597327499798572e-01
1.148732313366479730e+03 3.673092143795528841e+02 -1.821822992076812392e-02 4.659632697688054909e-02
2.934424781142840288e+02 9.698585392100936815e+02 9.556252775067011762e-02 4.676180108510373246e-01
2.421954095334952228e+02 5.152511472331701725e+02 2.072148042054271309e-03 1.137840933518639332e-02
2.514084355643745425e+02 5.483080570543454542e+02 2.111838355010221824e-01 -3.454534697803416932e-01
2.283796107240407878e+02 3.077696100597029840e+02 -4.662236453617595727e-02 -2.607063266047143779e-01
2.857969018275391022e+02 5.399846572076959319e+02 5.908203203169718788e-03 3.756302128930496531e-01
2.501572654931074737e+02 6.314513252540122039e+02 2.164778533633895385e-01 -3.036957166313916101e-01
2.763169061916791520e+02 8.053157346173366022e+02 -7.832881057385201462e-01 -8.610805119791483664e-01
1.081878695813884178e+03 1.570417656358251008e+02 6.662286550197064894e-03 1.534936455504328813e-02
1.206263447388087570e+03 2.047076785725074330e+02 1.038636634003784961e-02 1.461602280071553316e-02
2.752457070994303763e+02 4.517592403144232662e+02 1.012105364714005751e-01 3.845665873316339578e-01
1.135383014861506581e+03 1.874986612272556386e+02 2.856990877044379706e-01 -1.490787361382116261e-01
1.261805658184342292e+03 3.533831545848059932e+02 4.371427821515230794e-01 5.523490102598372503e-02
9.932978747840887763e+02 2.281115491134919750e+02 -4.972663137377281856e-03 4.551110020815518631e-02
1.115150794154896403e+03 1.695770416336393396e+02 -4.090937166605645992e-02 -4.521676341042420860e-02
1.028401777799427464e+03 2.672246688631816482e+02 -8.605976928623535263e-03 1.792623322516662815e-02
1.171552390066867019e+03 2.253796006350922596e+02 -7.564242685076252859e-02 1.519841054839008929e-02
2.565902320822017373e+02 5.059282750703550846e+02 1.299895270866353869e-01 -2.348787981440720318e-01
2.498834502700718758e+02 6.472282076121317687e+02 -5.859674445252330277e-03 7.514167759491484355e-02
1.150495166886296147e+03 3.309621782435493742e+02 -2.012449422828751222e-01 -3.011299927211563143e-01
2.182323837273511629e+02 5.606899493835728663e+02 2.648205302913592685e-01 3.089957636564369947e-01
1.223118526791709428e+03 2.600961708643405359e+02 1.177837556058038138e-02 -1.045050292979641735e-02
2.469701312865908562e+02 6.426804960125273283e+02 2.567003989450742374e-01 -1.840857182413043469e-01
8.816848213951872140e+02 1.100558090655199976e+03 4.272244836561140476e-04 -8.731560577182402756e-04
6.042111173953582011e+02 3.987735096685310054e+02 7.893680824711530437e-05 -3.933677394275712455e-04
2.504212692160620861e+02 3.680287222508329705e+02 2.613160430839241155e-02 2.296046008805526784e-01
2.441414458205837548e+02 7.185091666214309498e+02 2.819763074731525092e-03 5.764785632161892846e-03
3.538273825854682855e+02 9.767797768130992608e+02 1.943420004346015362e-01 5.304076909707619025e-01
2.814805957941717907e+02 5.065967054344022245e+02 7.571283087518978876e-03 3.792212772220706629e-01
8.650422730605713468e+02 1.102251202527434998e+03 -4.825913466416156274e-04 -5.894383351608999865e-05
1.127208757540157421e+03 1.797711340724505646e+02 1.497004804546347712e-01 -1.454130433841593351e-01
4.840793197400345207e+02 4.491391466521689608e+02 5.009724218535499714e-03 -8.573813064896454103e-03
1.163895942322689052e+03 3.719704615465847723e+02 1.450441204681485706e-02 -8.090220912305481340e-04
2.542737401115503530e+02 5.217924035124950706e+02 1.667540498845278552e-01 -1.829965821472047394e-01
2.890980942208357760e+02 5.848833591829510397e+02 1.443254693245055696e-02 4.073100047631401655e-01
2.131146264283366349e+02 7.559330106182136433e+02 1.122744135012163254e-02 5.227035117337157019e-03
1.115224795039128139e+03 2.024957464961352684e+02 2.783080777045404131e-01 2.366835684038284815e-01
7.241752190714151993e+02 9.684174335733920316e+02 2.436672793485083598e-03 -2.600205035330891389e-03
2.612393498638342066e+02 4.280177283556217844e+02 7.576091123218527124e-02 3.783471155929716279e-01
2.751313297314505348e+02 9.250214458213847593e+02 1.456975393094065152e-01 3.822483729301324185e-01
2.655249560163432534e+02 3.838488451058816509e+02 7.169060726267383055e-02 3.037906556701970850e-01
2.496565742708989717e+02 3.392257008527362814e+02 2.732879017564175672e-02 2.108900418023339773e-01
2.190989254480182922e+02 5.742759082984025554e+02 2.437730580309090678e-01 3.509655734054120124e-01
2.661335816776831393e+02 9.232959555001540366e+02 1.367239544893069092e-01 4.258738527041410760e-01
2.544578320581650814e+02 3.354382376609100334e+02 4.615677002913549931e-02 1.889549836988387854e-01
5.131615252082975758e+02 4.938872550277710616e+02 -3.304420319364673869e-02 2.410852815658209164e-02
2.284200902090925922e+02 5.733156944517415923e+02 1.826382038140534902e-01 -4.874287658248235844e-01
1.977222973560077151e+02 5.556784783557257015e+02 -1.080241314569212185e-01 -4.582117259668936349e-01
2.409591395103008722e+02 3.284558973637520012e+02 2.458303674566876540e-02 1.631179534657778984e-01
2.452516207152800405e+02 7.626589237692667211e+02 6.940560564455361056e-03 8.531454843375628830e-03
2.700852875687154437e+02 4.426118641948532968e+02 1.238649333613010411e-01 3.759603928062892897e-01
1.143190560839897671e+03 3.647461569292351555e+02 1.100861964266304028e-03 2.091094444198357723e-03
5.600550458315320839e+02 4.956888194519262925e+02 -6.780397783457077499e-03 1.015826461421473134e-02
1.161036645498862981e+03 2.112096214938800358e+02 -1.754511559171969756e-02 7.934475078491484701e-02
1.200233599105606345e+03 5.485663460400131726e+02 2.469835836175139632e-01 4.697007105088825685e-01
1.097868773043489909e+03 3.305575372798077183e+02 2.580592141142384194e-02 -3.322537165240590368e-02
1.172446195670797351e+03 2.534792182662405082e+02 7.152486621614773978e-03 3.105100767347530096e-03
2.602420214125892812e+02 6.531884907228887869e+02 -3.061753348978446185e-02 6.857903978232228470e-02
3.216287268175813097e+02 4.968078745060170718e+02 1.904330291375861683e-01 1.063901172851937221e-01
5.307606966914280520e+02 4.281545612737239708e+02 9.826356745550962613e-03 4.421044708959867217e-03
1.160171676703961111e+03 3.704859330182154054e+02 2.107441425623574408e-02 2.199601835810586353e-02
1.310695092686830208e+02 4.198405305187442877e+02 2.036592612295115845e-01 2.657832960824303981e-01
1.908968487779665395e+02 5.698486421026632343e+02 -1.146653276679096001e-01 -4.243903456264048746e-01
2.742644019797689907e+02 4.205231679356108430e+02 7.465371920476693290e-02 3.413952278002996832e-01
1.050363440481402904e+03 2.385043169949826449e+02 3.000135831090876004e-01 2.923416969879498173e-01
1.025732678387953456e+03 2.599265324242922475e+02 6.877955107864469793e-03 -1.116383202566560186e-02
3.452119027596912133e+02 1.054362648245285072e+03 -5.763948501021669973e-03 5.304490374460407720e-01
1.267181472992107729e+03 2.597418710165028415e+02 6.229626387509894225e-03 -5.837021102556515760e-03
6.555304315705770932e+02 1.086190146204206030e+03 2.778762608160138727e-03 1.789309503277592556e-02
5.607439711388105934e+02 3.943363818496376894e+02 -8.062744669274198505e-04 1.496509589807574515e-02
1.009333966429955353e+03 1.748122241661458247e+02 -1.604279146499495599e-03 -1.126025868256480718e-03
1.261545164122884444e+03 2.005317039960074226e+02 1.721121660049974899e-03 -1.243854637587757297e-03
2.986898112906708320e+02 1.010174709191032093e+03 7.147203403434163049e-02 3.964439075140138713e-01
2.537396860270692969e+02 3.887062586940579649e+02 4.735433248503941039e-02 2.924611205380716061e-01
1.128682035493902731e+03 2.108664203778412229e+02 -7.126022432109070659e-02 1.447215239931051028e-02
2.172106102306681521e+02 7.653474947439915468e+02 -1.076626807855349775e-02 -5.472639645672238394e-03
1.164359783504180314e+03 2.671675528255952941e+02 -4.726430522400305034e-01 -4.211210580370464696e-01
2.382765940239211488e+02 7.630280825970395426e+02 2.683614826301634719e-03 3.290735533492932918e-03
1.111106031213819506e+03 1.774641451599408413e+02 -1.952372048737905166e-02 1.776423558578502093e-01
1.101725722097165999e+03 2.397259682515765178e+02 -7.483430555705108955e-02 5.444262764958333889e-02
1.181190189384992891e+03 2.119144221581705665e+02 -1.463531505820887292e-02 1.945398504657777985e-02
1.213336941271980095e+03 3.199926916304158908e+02 5.177326268927968655e-01 2.083015890040509632e-01
3.192603805033932645e+02 8.903820053654538924e+02 4.163661822596064765e-01 5.249690402706191916e-01
9.315034870271273348e+02 8.989501430352501075e+02 1.986382555429543756e-02 -2.478555855154043947e-04
2.464491478322889577e+02 3.227801629966521659e+02 4.526505582991616899e-02 2.045479651432431933e-01
2.736404305946629734e+02 5.235381077607910356e+02 4.323623149449497445e-03 2.844643901821728438e-01
2.791815913502937292e+02 6.598602832632032005e+02 -2.101941483438381567e-02 1.550840052354852602e-03
2.599832737634482100e+02 3.315739867427996046e+02 5.844550047691181305e-02 2.103437500458130160e-01
1.091690338715222424e+03 1.625641670780610184e+02 6.501354499579686808e-02 1.952546529448012311e-02
1.257640648191855462e+03 2.999902849334117150e+02 -2.772074567886391103e-02 -1.326202048544766234e-02
1.104037598213773890e+03 3.037230999605568513e+02 -1.306264207251721376e-01 -7.229959073660018054e-02
1.110693789778591281e+03 2.695282848907967832e+02 3.634641605955345467e-01 1.686146167378430316e-01
1.171437116529649529e+03 2.337434256903389098e+02 -2.938475541253919229e-02 5.947116555896537907e-04
1.117620905236025465e+03 2.058689855797313442e+02 1.287299962983876056e-02 -4.613101647033536479e-02
1.117367671038570279e+03 2.325488947833322868e+02 1.625260569306480329e-02 5.905232113534222838e-02
1.215777235389418820e+03 3.304008463196973935e+02 4.520869584774473982e-01 7.344035397507002461e-02
3.224292584342167629e+02 9.834852683592015410e+02 1.126100412949038454e-01 4.730266380102776669e-01
1.104286262496658765e+03 1.938680313559645754e+02 9.916672682657638738e-02 2.581804368872651079e-01
2.521110648839340627e+02 3.196810128004149760e+02 4.903351175864253259e-02 1.659930899137548044e-01
2.874321464890799120e+02 4.355378773939536927e+02 9.973381767820746480e-02 3.512084283281384778e-01
2.330455985853639049e+02 6.240442962759467491e+02 -1.688008710613579655e-01 1.357752084410580873e-01
2.071425968084284364e+02 7.233643420247791482e+02 1.041652557871786816e-02 1.020034649113677958e-02
1.161422539719200358e+03 2.313418278404229511e+02 5.458092988352056772e-03 3.323493636252247696e-02
1.020015196390922483e+03 8.063896867803897521e+02 -1.518136915907720823e-04 8.846432483675142249e-04
6.535038015524205548e+02 1.081576913554251178e+03 1.150347974341551886e-02 1.240657819271021207e-02
6.144747660919025520e+02 4.213100627496735910e+02 -1.826957508969691280e-02 1.780396016268901219e-02
1.045080869898032688e+03 2.259422874986713623e+02 -9.979451534306489971e-03 1.213799355313136159e-02
2.032483386505971055e+02 6.127342200888804200e+02 1.863736503676668432e-01 -2.614997786446282002e-01
1.066107446926223020e+03 1.835431611856901384e+02 2.852348718568347222e-02 -6.698558196520684564e-03
1.216094475698069346e+03 3.129638728864371728e+02 5.286849440076636375e-01 2.219732016520467310e-01
1.043927305058807406e+03 8.513972668415661929e+02 -3.214430095921319390e-03 -6.947687861621615335e-03
3.815030743378025022e+02 1.065649739749671880e+03 1.940715351539997746e-01 3.449474902848051472e-01
4.936638622147551700e+02 4.545416309128357284e+02 4.300623599913994295e-03 8.390953781685365348e-03
1.162334347568381418e+03 2.570682376611957238e+02 -9.373974327760638270e-03 -3.227816745425228593e-03
7.199197687311691141e+01 3.166248478765381833e+02 -4.775735361190831287e-03 1.717934996564859994e-04
5.835370796792097963e+02 3.924358988275626530e+02 1.327046619930101826e-02 1.731883794384362469e-04
5.202256413791855039e+02 4.253654609063595444e+02 -4.336662840064311325e-03 3.080931536135942794e-03
2.146657479132071842e+02 6.000962546529019619e+02 1.387360801761644280e-01 -5.451987460437915933e-01
5.957863751463770541e+02 4.829517187210094562e+02 7.452393450960537007e-03 -1.815387742265845046e-03
2.830790877810879920e+02 6.818800497744090308e+02 -6.157933095027606427e-03 -1.420851239667136282e-03
3.185429911554139721e+02 5.671293533532214042e+02 -6.135524846249969244e-03 -6.423927929629394580e-03
2.611369058422180842e+02 4.961562373079212875e+02 1.073662561379668812e-01 -2.587755331039974793e-01
2.750220797018786811e+02 4.438535169246987948e+02 1.206295278836685414e-01 3.746932418622813121e-01
5.061558799409547191e+02 4.925214025461459642e+02 -1.556534348889675179e-02 1.538721754090179028e-03
9.303119033817617947e+02 1.904763593365195788e+02 2.624169117144213147e-03 4.028322721789876631e-02
1.150264888487401322e+03 3.216614103035220751e+02 2.246722297333784701e-01 3.593503737402280879e-02
2.457947820937777408e+02 7.101438878998612836e+02 5.370330359954046152e-03 1.478695906425315154e-03
1.117459469875528612e+03 2.496344744494865608e+02 -5.879230978933778357e-02 1.878009542407679255e-01
1.145729997119819473e+03 2.487829320648788496e+02 -2.052978907763059954e-02 3.773910113457364102e-02
1.170042872910894857e+03 2.047712847267949030e+02 -9.398987772227532927e-03 -5.909595384104934616e-03
1.179329556518154277e+03 2.604615148029738521e+02 -1.143178643884978224e-03 -2.613100002656440317e-03
1.249133511617993918e+03 3.162591575488554554e+02 2.260565052990391455e-01 1.191587105773299436e-03
2.672478556631925812e+02 6.448926666182835561e+02 -4.393000843802581656e-02 7.167104255591824624e-02
1.186376618065443154e+03 1.813688600775960538e+02 -1.077989924387885885e-02 3.074794458884055198e-02
2.636700507663251756e+02 3.914226630197333066e+02 6.534916234132744084e-02 3.222477611445473400e-01
1.066473258471743748e+03 1.955577045932452052e+02 1.482901746492031395e-02 -3.739979728499853370e-03
1.005670751490894645e+03 2.435732158302281505e+02 1.199062500026373823e-02 -1.468766916765659562e-02
1.971903397118448709e+02 7.105893081147867179e+02 -2.072082968287205509e-04 -2.698404865377101742e-03
1.220700898618685670e+02 4.200685263848690738e+02 1.974978626695564621e-01 2.978329368659047849e-01
1.231656915909321242e+03 3.562242262752428701e+02 3.661380044758412722e-01 -5.453594935014755007e-02
1.066546511693836464e+03 2.870149793289015747e+02 -1.991678695066598781e-01 -1.979165048236939117e-01
2.921360102415535493e+02 5.403246981495416321e+02 6.926202513782435443e-04 4.046405010084355713e-01
1.145434941403443872e+03 3.552112520278808461e+02 2.343138520105450887e-02 -2.900511760486779167e-02
2.529564619875390292e+02 3.106711992106461366e+02 6.290929051522450854e-02 1.983098953033858025e-01
2.175129180541985647e+02 5.304314987906155920e+02 -1.650859874707970854e-01 3.156768396768999674e-02
1.007334558199915818e+03 2.243790550996847060e+02 -1.356039832861068509e-02 1.757283622693039948e-02
1.129720318511577716e+03 2.292261471176740031e+02 3.307268341682354645e-02 3.711871057900583554e-02
1.038342254377936570e+03 2.777425533065303966e+02 1.637682790287456466e-03 -3.903729504216554846e-02
1.274977708755981212e+03 2.924807072747254892e+02 1.979205119761161952e-02 -4.805914641522831404e-02
2.775052492405196745e+02 5.867623831956567528e+02 -1.985627239265556898e-02 4.043636497805423446e-01
1.007749074689397844e+03 1.673655736679135657e+02 -3.415545934378071830e-02 3.012752093154783331e-02
1.277792221936789247e+03 3.608461427954115379e+02 3.908119652664621135e-01 -9.087766450698557541e-02
1.049325821148804607e+03 2.822391878012149959e+02 -2.191816657872019264e-02 1.319114284331174836e-01
3.007124241189787313e+02 8.999915792067021130e+02 1.139490361296708193e-01 4.696650398742835408e-01
1.101258601394313473e+03 1.816224024167674997e+02 3.363498380951911171e-02 2.890311924519130549e-01
2.655437991098173711e+02 4.623519827139222684e+02 3.422632066741639750e-02 -2.957506990559155002e-01
1.120194844039831423e+03 3.179351398361022802e+02 7.949922526638759923e-02 1.915386583461129999e-01
1.063018332595894435e+03 2.782023214470298740e+02 -7.969653373701439392e-02 -1.167926858130188955e-01
1.125086355630797925e+03 3.177706392809087106e+02 -1.848768920117346282e-01 -8.552867836058204720e-02
1.013869366712739293e+03 2.605690502461221172e+02 2.335992629221184547e-03 -3.476848682789232536e-03
2.475486055306944593e+02 7.244566654205383429e+02 -1.335253541446608039e-03 -1.191148052952269035e-03
2.595397670468621527e+02 3.865476636082514688e+02 7.029403645326944006e-02 2.555414118015237879e-01
7.863211880731915926e+02 4.078754175315852422e+02 5.064443151775659818e-03 -6.955544395159539775e-03
5.092616446230286442e+02 4.517378607658581018e+02 -2.907602319069020787e-03 -6.217518389326185009e-03
1.214375140601828207e+03 2.234710972519773122e+02 1.854725635326524499e-02 -1.985888437443458082e-02
1.152134448758695044e+03 2.537030677901167905e+02 -5.774956816169085584e-04 5.071409716117670184e-03
7.430389604073207011e+02 9.639623102790775420e+02 -6.288236467795096929e-03 5.481013543625620939e-03
1.944093108233896317e+02 6.093436786724373633e+02 1.823517200687430340e-01 -2.776698129879715538e-01
1.138471506392654362e+02 4.139709633631766224e+02 1.866388439579975134e-01 2.551298793938767129e-01
2.123784153933845005e+02 6.125455781231119090e+02 2.439596013886156378e-01 -5.616315936248000851e-01
2.302825074241092409e+02 7.757000429746520922e+02 -3.536051892417268680e-03 -1.304832240555355190e-02
3.165453861278460863e+02 1.080448922311256410e+03 7.673920467584988137e-02 3.628329297348230065e-01
2.610119584278622256e+02 3.638386010514677196e+02 4.194626828617888104e-02 2.270479053150921411e-01
1.171031312953916995e+03 1.485781878546746100e+02 7.897344150257982857e-04 4.555442048967680430e-03
1.094357745511508256e+03 2.022929701216902458e+02 8.334078607007955330e-02 3.634217332812607337e-02
1.976988969471983921e+02 5.172359398533910735e+02 -5.355768727714958766e-02 -1.357657964296106294e-02
2.095087178176727036e+02 5.218144358054473742e+02 3.864982007401056210e-03 -2.895518504881733346e-02
2.235434536610206635e+02 7.221981357644614263e+02 1.104335020886678363e-02 2.891576966130787220e-03
2.480711701670294644e+02 3.097264517367473786e+02 6.405166919337250409e-02 2.066650337461680420e-01
1.091206359886901964e+03 1.795248021197880917e+02 2.174307483676960195e-01 2.252775152951936033e-01
2.014211044338973124e+02 7.192502980749397921e+02 -1.962858622545296181e-03 1.847830057245164123e-02
3.358666730576850341e+02 1.078404678018483537e+03 1.033013550110757073e-01 4.298424364070670967e-01
2.033712673390712951e+02 6.296784496993675475e+02 2.203394702746959422e-01 -2.819689114045151879e-01
1.020058582996469113e+03 8.667067104064719842e+02 -7.987545869801885440e-03 -3.353741849282684470e-03
2.748145698718596464e+02 9.541743311116143786e+02 1.450652310473193318e-01 4.403103137207851625e-01
1.089822413384748415e+03 1.869595394433531510e+02 6.712505913918281886e-02 3.988108140657095624e-02
1.004796251423171952e+03 1.940390273259727110e+02 1.280437411201508502e-01 2.807059228081631996e-01
1.015155215282020663e+03 2.480302227018298709e+02 5.531490915578921724e-03 6.634394994098120890e-02
2.504211098497103194e+02 6.096672144669583986e+02 -1.165988908452278566e-01 2.246984049687333340e-01
3.453826779808040328e+02 9.984417436423125309e+02 1.906251046932341819e-01 3.995380472329955190e-01
1.033993426805117451e+03 2.735409473101724984e+02 1.014715507457286496e-02 -1.407162796558533158e-01
2.981468645738833629e+02 9.449888329390993249e+02 1.378508405848426210e-01 4.491398087093780300e-01
4.925852787989620083e+02 4.749993716277123212e+02 1.473940169198158408e-02 2.551077371594033180e-02
2.992535892697623012e+02 6.541749833103013998e+02 -2.667128790298988958e-02 1.173136730790133760e-02
3.690299855811263683e+02 5.181497084375831719e+02 1.313998997972308340e-03 -4.088928361751540210e-04
1.172926874129949965e+03 1.972570894335228218e+02 -2.899055365650603927e-02 4.242205094775734764e-02
2.315665161310716940e+02 7.124205862997167742e+02 1.152179165136476896e-03 -1.008906673884225934e-03
1.499274658630740191e+02 4.912262182512096729e+02 -2.714315968016649538e-01 -4.209041951567975004e-01
1.206331232041130988e+03 2.404232108123536591e+02 1.166970823007376298e-02 -2.115602800680023432e-02
1.192486825078654192e+03 2.537705846635912508e+02 1.110009482170088487e-03 6.234668652295108186e-03
1.066774247547430832e+03 2.172612597180153386e+02 1.671787972991485918e-02 1.032436420862866376e-02
1.183148095929151395e+03 1.867379795221596055e+02 9.397643700713350853e-03 -6.159353366874971598e-03
1.087992069188426058e+03 2.439187627871375810e+02 9.764246849653696048e-02 2.283826515315600936e-01
2.440543166895445779e+02 5.316753723576476887e+02 1.142932068354314198e-02 2.362375042085776769e-02
2.659193297347167686e+02 5.630317547071674653e+02 -9.250504896760286533e-02 4.116593225528601963e-01
3.068173906439820371e+02 5.295587380387739813e+02 6.980810335313809845e-02 1.760149902730464289e-01
5.385880279922582758e+02 4.262500499270166188e+02 -4.916113452218733720e-02 2.853976379411709077e-02
1.099452080902083026e+03 2.259572670675688357e+02 1.810076288297897407e-02 2.368595248438265174e-02
1.048919568279191708e+03 2.656864787281119789e+02 4.210016235374643145e-02 1.971953836394360702e-03
1.128931007996622611e+03 3.380132281661865363e+02 -1.152999479397113780e-01 -1.905217555404489505e-01
3.170205919458846324e+02 9.250912729622409643e+02 1.692296280264157238e-01 4.558592350059916254e-01
2.355771082698189218e+02 3.345995358521670937e+02 -7.999213202542822254e-02 -3.010948132535183341e-01
5.949813699459988356e+02 4.581267878908821558e+02 1.478179948054256058e-02 -1.053772195293558797e-02
1.127480256199004089e+03 1.453851575558936418e+02 8.521512912413141405e-02 -2.206133046466093178e-02
1.059647044738329896e+03 2.039467242710706216e+02 -3.097449037724315721e-02 1.158387797839241923e-01
1.105232866452298595e+03 1.619828582605697136e+02 -2.185824429565959987e-02 1.685911698214441201e-01
1.078003748194296350e+03 2.054325893479880847e+02 1.172437202824737207e-01 -1.746455359471312807e-01
1.137478680723877460e+03 2.139266513247542889e+02 3.751923341719253045e-03 5.918565506564388984e-02
1.251301575342454953e+03 2.787756814071814802e+02 -1.564618722777295565e-02 1.323870572661395122e-02
2.354559284932387584e+02 3.029220703287903120e+02 2.625522495557075162e-02 1.470101376911720215e-01
1.223446406845338515e+03 3.704368163055763148e+02 3.659812429578702675e-01 -5.637160548444120761e-02
5.500752523472327766e+02 4.128731248093855584e+02 1.799158717660779422e-02 1.879894094413889910e-02
1.180837496513041515e+03 3.135643952969534780e+02 3.725755098786216468e-01 1.825942422142923516e-01
1.981926781517136078e+02 6.289054577070803589e+02 2.274987327429901507e-01 -2.771700509650232847e-01
3.538166140159170823e+02 1.068460172120491734e+03 6.249059263576193374e-02 4.119432835134763105e-01
1.092658116507900786e+03 1.929784620570233926e+02 1.450727504228288278e-01 2.604919253305589683e-02
2.494352702836938533e+02 6.902064099294398147e+02 -6.462690544303980461e-03 -2.258924483226638913e-02
2.255916783723296533e+02 2.935200275709627817e+02 -1.215251775308609158e-02 -1.339161258249318698e-01
1.978159879972519946e+02 6.408496499960409665e+02 1.781611166627208309e-01 -3.092101703472120433e-01
5.172880585066814092e+02 4.928996061800114035e+02 5.612206466174658129e-04 1.276649958171628338e-02
5.487127133362860150e+02 4.591765664514050513e+02 -1.533903671467548926e-02 -3.973018293312023663e-02
1.078622136618360628e+03 1.779746879869607881e+02 1.776904610678985974e-01 -1.842191217767985834e-01
1.046910724131082361e+03 2.337853684201582212e+02 3.049324024718209625e-01 2.447227903568250096e-01
3.243090046409259344e+02 5.038008093479921286e+02 2.729456135276809303e-01 5.851375552181294071e-02
1.096864284116694762e+03 2.473531624606181651e+02 -3.548703648071173822e-03 -1.934546838945138542e-02
1.250314077156232770e+03 3.002859276191631466e+02 8.671178516903370673e-03 -4.583136991380719512e-03
2.577002812394504190e+02 7.466891163530890481e+02 4.304440550040398300e-03 3.340592347490894259e-02
1.108871638824618458e+03 2.966277955344269230e+02 3.354011990981661251e-01 3.470250124304392614e-01
2.746566266293903027e+02 4.078411795204048644e+02 7.606776114971361413e-02 2.122306306875174908e-01
1.099136354798659113e+03 3.228086747821076301e+02 -5.033438968283823062e-02 -2.900224581011675573e-01
2.665998558427741045e+02 6.239652672334294721e+02 -3.339986285488872469e-02 1.050783378467087109e-01
1.141806652859176893e+03 2.010096061843900941e+02 4.214804065549359463e-02 1.416723135291506064e-01
5.230927155732348410e+02 4.892664919528859286e+02 -4.230317974443096457e-02 1.032527927594780251e-02
1.183791730652864544e+03 1.656370477618478674e+02 1.723351836962592754e-01 -1.118757455658737909e-01
3.069252042125422690e+02 1.050149306223573603e+03 -1.278939855475353660e-01 4.227669388309232001e-01
1.055622270305194661e+03 2.838640204811043191e+02 -8.802174447182735395e-02 -2.007284521600354310e-01
2.810244155910567088e+02 4.376355678744436659e+02 -6.080515427122276662e-03 4.407401063804639724e-02
1.293591502383088255e+03 3.389359704005924527e+02 -5.113445762614515257e-03 1.416511943770342764e-03
2.046391406952224372e+02 6.499667150174408334e+02 2.630951808876766385e-01 -3.610020466567719355e-01
2.444283371336145763e+02 3.415466352685400011e+02 6.642096293682205055e-02 1.958582794856293108e-01
1.124675852219970238e+03 2.424401696953055136e+02 -2.378818096887079514e-02 2.654065085626753154e-02
1.025116104889110147e+03 8.710785361919131446e+02 -4.144672454291959372e-03 2.130395065246119043e-03
9.530580519908679662e+02 8.924753698146186025e+02 8.877508263805831967e-02 -6.180158181657236828e-03
1.092866147428963586e+03 2.426288504219116646e+02 -7.705345063651174164e-02 2.322282349639293031e-01
1.151720231616838191e+03 1.453860749412414464e+02 -5.574442571157292581e-02 7.643976827441972821e-02
3.501372001717489297e+02 1.072516210555334283e+03 4.570346068236937759e-02 2.674727498555939387e-01
1.126595699273977516e+03 2.617387881890933841e+02 -2.705133080501512244e-01 -1.023867083498133101e-01
1.944344150774425088e+02 6.445330417177108302e+02 1.842837567351174322e-01 -3.546028793571807114e-01
3.387927000630972429e+02 1.053138613606769923e+03 2.665435171669727765e-02 3.511781765702792768e-01
5.028228185806771648e+02 4.393617404653024323e+02 6.483124839426470873e-03 3.129272374406261419e-03
1.110842632198446609e+03 1.533290418438508880e+02 -7.066544452465446657e-02 1.209317984510098615e-01
1.108947255773276993e+03 1.852434856052570922e+02 6.538519164065104139e-02 1.017947422394392676e-01
1.132352499427628118e+03 3.530116159720565747e+02 8.076855585261275006e-02 -1.442527725901442681e-01
1.156262044691975689e+03 3.949494233226978963e+02 -1.227897449875637800e-02 1.327984312314807631e-02
2.824130257810501803e+02 5.522991698069972699e+02 -1.166519985859013758e-02 3.866927130992581230e-01
1.044034082724048403e+03 1.650696683038497952e+02 -4.689928826861256700e-02 2.366303056404851432e-02
1.254421427389299197e+03 3.633044659096167948e+02 3.715918138167866869e-01 5.759090792823936406e-02
1.208588669562644100e+03 5.420751145855764435e+02 1.849087472332719695e-01 4.702349079770369311e-01
9.994789180290960076e+02 8.332357038415179886e+02 6.552808412390820304e-04 -1.680472137227738069e-02
3.839015306193744550e+02 1.055490430243228502e+03 1.199813321469849342e-01 3.447204446851129811e-01
9.935860642749033786e+02 2.194696274897167712e+02 -9.817119150422931595e-02 6.474276616072287271e-02
8.913376141529986398e+02 9.328703017090984986e+02 4.254358265292407151e-04 -9.566162349711539474e-04
2.716327246813282272e+02 6.201654526927991355e+02 -4.088650149692701213e-02 1.683106568346715848e-01
5.451555743222028241e+02 4.086148902823973117e+02 -7.140796933162688216e-03 -1.384452135410614571e-01
1.896424229518810023e+02 6.348822342305280699e+02 2.004752618113728735e-01 -3.040609037405979653e-01
5.592192628965898393e+02 4.124872533963809360e+02 1.975362302969893569e-02 -1.252033565494990557e-02
1.071080070612501231e+03 1.668121158944608453e+02 2.486581276937746832e-01 1.970727090659587233e-01
1.063390477068398923e+03 1.940452311169212578e+02 2.150206225359523049e-02 3.092786421348480211e-02
1.276311072764505752e+03 3.297202966969854856e+02 2.550632084346018957e-01 2.149873800054780820e-02
2.149741681258833523e+02 7.211842039318974003e+02 -9.518770613609192285e-03 -1.249585222143423380e-02
2.509747498042555094e+02 2.939454431569261033e+02 1.327850626069841319e-02 1.172394516409932946e-01
2.416391244141915990e+02 3.258731737368281642e+02 4.914447163008019148e-02 1.467453725184519053e-01
1.162023146413004270e+03 2.521819176877615973e+02 2.055882245302423535e-03 3.002418421582114458e-02
1.319659883471281091e+03 3.388218932234279919e+02 4.647055153888383638e-01 -1.493121907980877461e-01
5.230006464964725410e+02 4.603190966836669418e+02 -4.982355047488746386e-02 6.809739576447119969e-02
2.029396013522440114e+02 7.086390342449923310e+02 -3.130215169839445366e-02 3.372959090349679501e-02
1.134447400173983624e+03 2.400009719177148213e+02 -1.302601776847454526e-02 -1.349432211998295023e-02
2.214818409872175948e+02 7.693108573920667368e+02 -7.532260027987417762e-04 3.348160934962669116e-03
1.202647542847903196e+03 5.495270365778557107e+02 1.280109839700403207e-01 6.331102108606164736e-01
2.414369155803372564e+02 5.458533263788269778e+02 1.871016765862901776e-01 -8.627026085344557949e-02
1.015715739525291610e+03 1.765411103290751669e+02 1.127579730446698694e-02 2.016640337580464723e-02
1.057880478902060531e+03 3.029422013269403919e+02 -1.603100128786011727e-02 1.922657981211273182e-02
5.280335488607178149e+02 4.413228511259492848e+02 -8.594613470686275625e-03 -9.552116981561031492e-03
1.085563456603249506e+03 3.348204717823870169e+02 5.875111577984171163e-02 -1.003122202875454810e-01
1.236563143210912813e+03 1.313396461047472314e+02 -1.496008984660126238e-02 -6.195336605853798279e-02
2.690850641630098039e+02 7.094406849401407271e+02 3.620967131772658866e-03 3.297616212062166614e-03
9.778142283139106894e+02 8.531020527733601284e+02 1.386621763337959239e-03 5.691836551744352060e-03
1.136830907502711398e+03 2.186254617240698792e+02 -1.569615398238966009e-03 8.889094520393806334e-03
2.198888115400400523e+02 5.819637995282056409e+02 2.040346818938119922e-01 3.298067354643497429e-01
1.155099411284413691e+03 2.291787830306842295e+02 -5.174780733426950080e-02 2.277890079678999979e-02
4.109217247657452390e+02 1.094135713412086261e+03 6.914125254021452616e-02 3.689163862789505699e-01
1.123165034756082150e+03 2.174797539798967421e+02 -5.032989142967419886e-03 4.606341047866511877e-03
2.015010652076041993e+02 7.020201135991977708e+02 1.408420249589426021e-03 1.774771029172074119e-03
2.802930043362475203e+02 4.166228690304572524e+02 6.383197914214204516e-02 3.254953147741982966e-01
1.159032415182784462e+03 1.918481241691656862e+02 7.121931243730918182e-02 -4.403248461091556661e-03
1.102097157155926197e+03 3.406692704439843737e+02 -2.394576019527802635e-01 8.114347724341668122e-02
3.118154900923116770e+02 5.506086273282236334e+02 3.575230776789339870e-03 2.086504011929769808e-02
1.128929016053590658e+03 2.044638032378455250e+02 1.072113736956235991e-01 -9.062344786449924583e-02
1.112760915565180085e+03 2.493677976068167368e+02 -7.705898444976871930e-02 2.884868382132795284e-01
1.197120994856777770e+03 2.148095714966302410e+02 -8.923742876995252593e-02 5.302094558815465680e-02
2.434514968731769500e+02 2.939894979229999876e+02 4.854677602533962605e-02 1.356767671600006830e-01
4.935840192125738781e+02 4.545742144127485744e+02 1.305909644298166965e-03 -7.464363124490719717e-03
5.178090081916782310e+02 4.692316471087087280e+02 2.961146478851008328e-03 1.160009567848332805e-02
3.216890727194370925e+02 5.165021746081007450e+02 2.086772623561073889e-02 -2.415235522744573968e-02
5.941158990748770066e+02 4.798153860534138744e+02 -2.478738037231179372e-03 5.698865881695161506e-02
1.136368269342149460e+03 2.460817378740484287e+02 1.025625226803119211e-01 -2.037115914770304126e-01
1.189163242143438538e+03 2.523979937929758250e+02 -3.607637568636785225e-02 5.072180778224803094e-02
1.134930239621675128e+03 3.387195913850553097e+02 -1.637484311770605050e-01 -8.261719940217533698e-02
7.055662492360587521e+02 9.922057112311705396e+02 2.861636327751756158e-03 -2.416408443844474813e-02
1.110847510462962191e+03 2.352946555467211169e+02 1.256102087394879094e-02 2.354189127413903182e-01
1.036700682406813030e+03 2.976819021858250949e+02 2.983311306377345144e-03 -1.885120443418486502e-02
1.153190656808119229e+03 2.423013623484453376e+02 -1.901585562115428590e-02 3.301509219143454466e-02
1.153178911833502525e+03 2.091583721595486054e+02 5.131152150432591319e-02 8.717316471287170007e-03
1.146545965605041602e+03 2.819545635575598794e+02 4.816319164014879473e-01 3.861919039868043080e-01
3.081809969062749701e+02 6.180869264955255176e+02 -4.885894917206839300e-02 -1.615117071149213199e-02
2.627663836510651549e+02 3.498007392070593937e+02 2.868083499799623654e-02 2.050107845358043468e-01
2.494695520196346195e+02 3.726997358808444574e+02 -2.248128906019530859e-02 2.441844304139088317e-01
1.095063476655721161e+03 3.153731409082582786e+02 2.881628743302766527e-01 3.093623633656663041e-01
1.106241789993619705e+03 3.343697454355822742e+02 -1.185745284334117078e-01 -2.087066916872462041e-01
9.328996132059174897e+02 8.837507189188644361e+02 -4.138588156746436653e-02 -9.371509771543323764e-02
1.047995369820750284e+03 1.793130975260721982e+02 9.982745349509207500e-03 -1.647036417506726400e-02
1.032389350480102394e+03 1.888189605517931398e+02 -2.526897906052393006e-02 7.543724733549780903e-02
6.527168415371550054e+02 1.078840295149410849e+03 2.892566777109710410e-03 3.987778313662479327e-04
1.132745383482052830e+03 2.302382701037625168e+02 9.383987776794179211e-03 -2.840567185402736311e-02
2.905635690242294800e+02 4.684012998225798015e+02 6.147765631825450466e-02 2.867338560865667629e-01
5.003779258804233905e+02 4.569959884179901906e+02 -5.788660219650410433e-04 1.286283061859194166e-01
1.147751711974418413e+03 2.651887303305024943e+02 -7.077415869389369184e-04 2.918941353272787656e-02
1.199164049008606526e+03 3.093588449800402032e+02 5.329001277948398618e-01 2.761635211051092220e-01
2.229649997385353970e+02 7.475234828514225001e+02 -1.015962374907774385e-02 3.150578564334084904e-03
1.121959442627875205e+03 1.789969585292945169e+02 4.047687985044991915e-02 -2.584055721855796350e-01
1.026724838553407835e+03 2.418414729925869153e+02 4.743616893946476371e-02 -5.250341508752184860e-02
1.044081769932167703e+02 4.074006412895270728e+02 2.026364310286407067e-01 1.929998862584952624e-01
1.399187685566072048e+02 3.992707669654316192e+02 2.747379704673975909e-02 -8.989534834881851566e-03
8.112722464766989106e+02 3.711825037127213136e+02 1.283942625667061068e-03 -2.129186877664840730e-02
1.123628822628374110e+03 1.677263387724688073e+02 -1.093127642975491032e-01 1.831181429379362402e-01
2.386487589400200022e+02 3.084296937790189759e+02 1.022107587026575004e-01 1.806502788839985385e-01
3.039505268144569641e+02 5.250396915192883398e+02 -3.211535700975964858e-02 7.661370262715649915e-02
5.300589401289545322e+02 4.342732883631733785e+02 3.036725367397252739e-02 3.059151560377060264e-03
2.675265541874593964e+02 4.775251373331723244e+02 3.985385597150253867e-02 -3.189061445276721307e-01
5.004323158447242008e+02 4.514548752873827766e+02 -3.688665658427776103e-04 -1.935202735474435623e-02
5.181964705161263964e+02 4.778086188574254152e+02 9.123352248542276541e-03 -2.144049359828988088e-02
1.076512731523988805e+03 1.613759637936714739e+02 2.506396302687203259e-01 2.380904452453478370e-01
1.092991476238355744e+03 3.022068779386561914e+02 4.517778912448985190e-02 1.366772839966829967e-01
1.180977427344399757e+03 2.395229361910700163e+02 -3.363202143734064613e-03 5.471929124075172041e-02
1.121839747263216168e+03 1.985587410174431966e+02 -1.330400721478023620e-03 -6.641778549160430589e-02
1.069152740746750624e+03 2.542841195813856814e+02 3.165986453508290999e-01 9.390548427525118036e-02
2.542697884240438668e+02 5.894433660884767505e+02 -4.847509426354165707e-02 3.217918726336588819e-01
8.269311637720451813e+01 3.380706436637685783e+02 1.028558785605225394e-02 -5.218996734905496232e-02
2.855521555980060953e+02 4.538907937233900611e+02 6.106829716154647814e-02 2.818268537519474370e-01
1.245296446061208144e+03 2.849586565583765037e+02 -4.637399446241780715e-02 6.122059856083898050e-02
3.221904094604444140e+02 1.008288502296657839e+03 1.300997391727323482e-01 3.357702909882483988e-01
3.470208207063876102e+02 1.071495066299450855e+03 5.119446443230420835e-02 3.164966057693837653e-01
1.194190133253155409e+03 1.877989892999601125e+02 6.421227248858065936e-03 5.498369581784764981e-02
3.696013017570917896e+02 1.039206045606779526e+03 7.820029970565219035e-02 4.395276535139880925e-01
7.840023820470312330e+02 9.499351855653230814e+02 1.865881721590330333e-02 4.040962291425715530e-03
2.271252493891073527e+02 2.920547505973526086e+02 -6.067334731939529741e-02 -3.232566781381791543e-01
2.836713730565053879e+02 4.251027373468619430e+02 1.871417233441666494e-01 2.953293424072380158e-01
1.061866970278693316e+03 2.091485538989928443e+02 -2.623566309342966751e-01 9.449426870240529297e-04
1.097132520549302399e+03 2.921756441039732408e+02 7.912127873548040202e-02 3.672057130120952029e-01
1.140733073764450410e+03 3.110502163615448694e+02 -1.570959840499881466e-01 -2.935837656723900291e-01
2.547583654395265569e+02 7.104089187745795471e+02 -3.713825376291168823e-03 6.923011847428976566e-03
3.002786654466224832e+02 1.036353006524656848e+03 -9.877382223718116083e-02 3.194659533701467158e-01
7.844956315782977754e+02 9.550223284949756817e+02 -1.604964703754712535e-02 6.435715132949612616e-02
1.417899427566182169e+02 3.947462682488296082e+02 8.559493045671021094e-02 1.671008211064743676e-01
1.106018824755021114e+03 2.172334652604752421e+02 2.053411840775383468e-02 1.804369205234221049e-02
1.109818440960282715e+03 3.268350719814245053e+02 -1.043564125785265279e-01 -2.147907501753820725e-02
2.972490677089210180e+02 9.997203330828440357e+02 -1.477210911879234811e-01 6.164650652271099762e-01
3.323711237727096091e+02 1.055268361770786441e+03 5.960376305434196553e-02 9.836989808433248272e-02
1.314199756234319523e+02 3.885716025366858730e+02 -7.120743680621629060e-03 -6.232839352187403287e-02
1.106361057965739718e+02 4.220142081293066667e+02 1.845743035292789214e-01 2.792103964865380594e-01
1.646345505158967626e+02 4.690019903574047362e+02 1.244770194437389149e-01 9.474243798623709079e-02
1.134467856456149093e+03 2.195866208644873154e+02 7.655223503597664847e-02 3.480982324681382023e-01
1.124386159883857317e+03 2.299127085798937458e+02 -5.510079405766667854e-02 1.538980457352397968e-01
1.069303269871993507e+03 3.421737254091146383e+02 1.728280575292999444e-01 -2.256135219124454638e-01
1.209666532639346087e+03 3.473061762146980982e+02 4.376973361140807373e-01 8.836740108785620662e-02
2.599977888543140807e+02 7.165361580663841323e+02 1.314961803010256981e-02 2.507091081956029296e-02
4.656437026404711332e+02 4.535904008436979780e+02 -4.520136545306456533e-02 -8.231728058821374816e-02
1.053807395488904831e+03 2.100822232887187226e+02 -2.487503212619230838e-02 3.384528671825393076e-02
1.085489067271687190e+03 2.529418915695368639e+02 2.001004376485070735e-01 2.320935532134114909e-01
1.155884063259289178e+03 2.103274476020210386e+02 8.743529873627267635e-02 -2.132026560249372094e-01
1.202630717598545061e+03 3.502334734567918986e+02 3.720761600576224515e-01 2.494366844138085071e-02
1.216766878305467117e+03 3.802300535308800136e+02 3.444536506421059241e-01 -3.882283162276678468e-02
8.037365490311910889e+02 8.869895846022684509e+02 1.478183131483206125e-01 7.748167569348538009e-02
4.815840277779358871e+02 1.068029626032903252e+03 -6.438831584546278464e-03 -5.554380670434966479e-03
7.654949241761354983e+01 3.180479143143774081e+02 5.394858577566788655e-04 -3.088726599668234485e-02
2.467365592791208826e+02 3.380507622639682381e+02 7.244818201456687534e-02 1.441258593137544342e-01
1.050141466342068952e+03 2.138747878092056851e+02 2.527375062698554789e-02 -1.606383999098164386e-02
1.065650325251221830e+03 2.257359938162184960e+02 -1.351492051330392685e-01 2.129083160934059360e-01
1.891722019660753062e+02 6.693404501232869279e+02 1.858940089567975018e-01 -4.025183536027845399e-01
1.100607288553358103e+03 2.086225714455346463e+02 -1.146072724295916362e-02 -3.718105051779395376e-02
1.118466239602871838e+03 2.870348179088002212e+02 1.143464247930726096e-01 -1.060300973100885974e-01
3.641194166003264741e+02 1.099985032047948152e+03 1.229613607542761333e-01 3.239033061472077479e-01
1.063996725130694585e+03 1.688224148909700943e+02 4.711788072970247293e-02 2.929303957454294505e-01
1.032907971244159171e+03 1.970628539731559670e+02 4.148279270860738728e-03 -2.226023800019013080e-02
1.060549539444699349e+03 1.928665999004317939e+02 8.498851841196643220e-02 -3.450271174266691249e-02
1.185767318515339639e+03 1.723466354547358321e+02 9.691349822948240947e-03 -1.410928024603710050e-02
1.164968053321541447e+03 1.849350361616914711e+02 1.057381070141031297e-02 1.645717695593288191e-02
1.158270106405459273e+03 2.357877182116031065e+02 2.247625224865313492e-02 -1.017931621423512692e-02
1.189207732343215639e+03 2.300339366991420036e+02 4.053444813606641578e-02 4.298694886440845159e-02
1.123323167157551325e+03 2.657140980840578663e+02 -3.926613826479297131e-03 1.122721963804117207e-02
1.106167996455696539e+03 3.132358592736250671e+02 -7.363803189492929002e-02 2.201644211243794502e-01
7.072443302942622267e+02 4.242549910438962115e+02 -1.793892392222318222e-02 2.696794830619708705e-02
1.032242351476972772e+03 2.053783331960179055e+02 -3.977928318606416269e-02 8.697895394196208940e-02
1.159954387254352923e+03 2.032385501887251849e+02 1.247631639138546689e-02 -6.197462139224896305e-02
1.207427087622249928e+03 2.223854660347230094e+02 -8.134884435051503715e-03 2.683187521745544757e-02
3.291241085377640729e+02 5.276300320191235187e+02 3.147394124049185393e-02 5.062923472663527491e-02
7.693661158079287361e+02 9.564593316450504972e+02 -7.851969961045313084e-03 -4.323930570272693785e-03
1.025710754664865817e+03 2.097227804258477875e+02 3.407473227418373884e-01 1.017504368768015893e-01
1.181403645803542759e+03 2.044758232307617050e+02 -9.520625712790812059e-03 -1.439463402537626349e-02
1.235375061859237121e+03 2.831258449148735394e+02 1.602984231344635122e-02 -4.660801083748158935e-02
1.071385512305691691e+03 1.876347387275025085e+02 -2.489415919249365339e-01 2.361247798431682920e-01
1.028613185019168213e+03 2.018311910545220940e+02 -5.052611934851419101e-02 4.456390867071767237e-01
1.138566715277488356e+03 3.115327009395948039e+02 2.384544505826267577e-02 1.110929513146053094e-01
2.172894738776872146e+02 7.408905669653415771e+02 9.451305020536640566e-02 1.389344243107026589e-01
2.177461695885075983e+02 7.710834581569640704e+02 9.140445948657673764e-03 2.363620877762936598e-02
1.106165179194764505e+03 1.954731965264837754e+02 -3.810529704523665240e-01 -1.485486630215859805e-01
1.079114264923682867e+03 3.058572386022070191e+02 -2.048137480510376918e-01 -2.839045598346606747e-01
8.201260976548483086e+02 1.102221295436138462e+03 1.067663311617322386e-03 -8.524129872547255992e-05
7.218163984202391248e+02 4.319808998207597028e+02 -1.817192375538449409e-02 -2.134857372095666506e-02
1.020379434791325025e+03 1.629950270883915096e+02 1.332032154587636796e-02 -1.281852576229975116e-01
1.110672483145785918e+03 1.592498900926714498e+02 8.609777525551483290e-02 -9.453387533234074158e-02
1.014048761655279009e+03 2.058815014859034704e+02 -2.833674347064440435e-01 3.991031767226568827e-01
1.087294818862214470e+03 2.528724951191903472e+02 1.630093426583319530e-02 9.656853940669425651e-02
1.181185278093640363e+03 1.474361582604066996e+02 -4.766716706778121866e-04 7.075485172340023610e-02
3.638737087609985110e+02 1.073830133194953078e+03 2.391330108170185154e-01 1.663091180103227484e-01
1.073927734583932079e+03 2.206973067890451716e+02 -1.212216677843736545e-01 3.656094797657529205e-01
1.076919644046981375e+03 3.123975889575755218e+02 -2.506293129530893782e-01 -4.222402648867283892e-01
1.161288804163332088e+03 2.077428751111399947e+02 -2.337403204918783381e-02 -2.834455057013811341e-02
2.403510719290641759e+02 6.832234265243906748e+02 -1.148686045215857737e-01 -2.732753727124500806e-02
1.129621618160410662e+03 1.984128659217597317e+02 1.110993670065909128e-01 3.494919352155818892e-02
1.108353335502598384e+03 2.224398017596296881e+02 3.463941037002769147e-02 -2.394118198104507600e-01
1.284833346664853252e+03 3.353071890332753355e+02 5.007506293050709711e-01 -2.288441595336678236e-01
2.519295315655775767e+02 3.045441481370395991e+02 -4.548906130518541309e-04 3.547568605117008556e-01
5.014783703119740039e+02 4.663693288392018985e+02 -1.656937460439343590e-02 -7.811373155069784024e-02
1.048257014620394330e+03 2.551172706394083889e+02 -2.943916820643405902e-02 -1.372441590068357586e-01
2.474328205759732953e+02 6.096217027396018011e+02 -8.045199669201173742e-02 1.030897450797536030e-01
3.177082366704526066e+02 1.079774287966286465e+03 9.225134761795238114e-02 2.467066860339046930e-01
1.118013810627333442e+03 2.146197342695739962e+02 2.115078726330921199e-02 1.406962328805185791e-01
1.111533120388946827e+03 2.366775749362217027e+02 -3.490943584608885430e-02 -4.396589864229376587e-01
1.170243984814093437e+03 2.333664811593686466e+02 -2.121283151126363009e-03 -5.108642554355569132e-02
1.284492288020794376e+03 3.045705263576847415e+02 -2.059669431093880121e-02 -8.588259641030049352e-03
9.757766824923998001e+02 1.763607314751907609e+02 -2.961357259222755292e-02 4.974826007867250155e-02
1.117786022414358968e+03 2.595901585867150629e+02 -5.836065295602566039e-02 6.389848595818453658e-01
1.174069537074593427e+03 2.100030097329846797e+02 -4.451522718393009781e-02 -1.390825979466033535e-01
2.752167973490664963e+02 6.307734142047452224e+02 5.798352973597177377e-03 -1.332338013332901028e-02
3.700826431818918536e+02 1.035235402649276921e+03 9.724153752111013016e-02 4.560588134266448934e-01
3.494298545246166441e+02 1.076848402892355580e+03 -3.704708036130049259e-02 2.358582375644411033e-01
3.535234502159817112e+02 1.080324432625767940e+03 1.299622135159747213e-02 2.849300778804198520e-01
4.058987320279600226e+02 1.057893853016637877e+03 2.309391244290688039e-01 3.488992004726177432e-01
5.069105897832437222e+02 4.459167317837996620e+02 1.649554638084775246e-02 2.421691412905602192e-03
1.122825445740042596e+03 1.907833907201151362e+02 -3.777001022785952955e-02 5.147692519417338408e-01
1.001674527619790410e+03 2.427377066659306593e+02 3.557695637512855308e-02 7.472080794708801932e-02
1.123498784144286219e+03 2.605399883654820883e+02 -5.267791911728636478e-02 2.952542184660463323e-02
1.258574413043215145e+03 2.851104908458169120e+02 1.556073198484379284e-02 -1.127164604954108106e-02
1.143069390551989727e+03 3.045465679334021729e+02 1.409291692751063751e-01 -7.091384338139050669e-03
1.307910215732131974e+03 3.489178674842347050e+02 -3.605244824211695231e-02 8.011395408215093994e-02
9.689825729034588164e+01 3.966920111174263752e+02 1.156999429566241133e-01 1.815776630295545258e-01
1.013142997076812776e+03 1.845881768737355628e+02 6.197218081588289074e-02 -3.737351610657640433e-01
1.121208080843354310e+03 1.867927235084557367e+02 -6.247904458132324916e-03 1.717957729755426044e-02
1.099931698706713405e+03 2.259824746207084445e+02 5.288776823476837308e-02 3.739957643941806825e-02
1.082006787191400917e+03 2.978755152047278330e+02 -4.042122847395148572e-02 1.215970873534160945e-01
1.242277936891096260e+03 3.251669778598089238e+02 -6.457098543933170731e-03 -1.771679073549421377e-02
2.848174560451627144e+02 5.272684440437842568e+02 4.242219721317042058e-02 1.893725268946582219e-01
1.011233130937524720e+03 1.738291612246756301e+02 3.660551351281640109e-01 -1.769456492013446791e+00
1.008989459969894483e+03 2.372096081694489556e+02 1.770323262144302134e-02 1.149054663181914293e-01
1.127502791091022345e+03 2.312611378030685501e+02 3.174535138675764756e-01 -9.778806085588342967e-02
1.056883853580117147e+03 2.909060470116063470e+02 4.918787704468741140e-03 -2.537823268238383889e-01
1.104624481072559320e+03 2.947029453449831635e+02 -7.652659345598067375e-02 6.720655997960705008e-01
1.170084304520052456e+03 1.721234973399187140e+02 -3.149487686846441648e-02 5.824059823988392282e-02
1.228359744396161886e+03 2.492540024132386236e+02 7.691292431570673216e-02 -8.097272868458560424e-02
1.153727889087587982e+03 2.741991202349743730e+02 -1.689412132344614292e-02 2.495378910185763743e-02
1.272475050446265186e+03 2.979345806433790926e+02 7.549641940814240115e-01 -2.181033614503746776e-01
1.142883999895469060e+03 3.235442121720960245e+02 2.113406643724147216e-01 -5.133299845482497403e-02
1.277766961540221473e+03 3.230911397045655917e+02 4.175984863533699354e-01 -3.598056777895521918e-01
9.380271479331136106e+02 9.091420338255262550e+02 -1.033929284245402869e-01 6.693121194381035366e-01
3.021419629233728870e+02 1.035790383280825381e+03 -9.543071430655913900e-03 1.932079822583432360e-01
4.797053687190110054e+02 1.043865547991113544e+03 2.072425653580012295e-03 -2.444940087627855974e-03
4.068386504335100540e+02 1.071967011182216311e+03 9.137736258779227683e-02 3.557874743253250927e-01
2.741176249433696057e+02 5.275021477467846580e+02 -2.539204866438164385e-02 3.237826935227303693e-01
5.351486958023481293e+02 4.903325552124897513e+02 -2.709934223707932688e-02 -7.750260232834686562e-03
1.078165229334408195e+03 1.903733892852827125e+02 1.477333592154081998e-01 6.843527336696790531e-02
1.123054547857791476e+03 3.390259048128114046e+02 1.363746470150696555e-01 -2.349580342755833440e-01
1.306911218661704879e+03 3.286218839038001533e+02 1.128303199617069624e-01 -6.590146942568253507e-02
1.151035621111735054e+03 3.630305152882885977e+02 2.626623521847098464e-01 -4.414362689514443328e-01
1.285601940591424409e+03 3.473424785097647600e+02 9.488020253434115148e-01 -5.162981943143071240e-01
2.889649251335550275e+02 9.954697552838055117e+02 3.556208550782002931e-02 3.535983641127131705e-01
3.254686304520471367e+02 1.028676184192535175e+03 1.069582999396819362e-01 3.220267797184230285e-01
2.371146456839703944e+02 5.328491442227696098e+02 1.551332291613363168e-01 -8.511018241955525809e-02
5.167485077129946376e+02 4.339382383800000298e+02 -1.371052231769454011e-02 4.312393674678105526e-02
1.027934395917118991e+03 2.684975846217942035e+02 2.043230652748206921e-02 -1.454099410401283876e-01
1.173096551815859584e+03 2.404909509381116379e+02 -1.488853288299196720e-02 -4.016975517308196686e-02
1.152544688419636941e+03 2.528115784117554483e+02 -9.013338206204934977e-02 1.469003964771928850e-01
1.312581725372985147e+03 3.521797325943584269e+02 1.896646052862251963e-01 -1.657935162734247569e-02
2.974295057328644134e+02 6.091225573352497804e+02 -4.184712268440193839e-02 1.268359668578682431e-01
1.005479938102957135e+03 8.317069491303567474e+02 3.315272851335748783e-02 2.784520326844130977e-02
2.828594074768930682e+02 9.642346144843932052e+02 1.328351645462362285e-01 3.718074012599004163e-01
3.118843197580475817e+02 1.030125416177573243e+03 -6.837732702780385807e-02 1.124278041660318195e-01
3.294921159335528387e+02 1.058657022356937432e+03 -1.234430986139045672e-02 3.151509959479881218e-02
4.044945392662926338e+02 1.060966563350625847e+03 1.302728114367823764e-01 2.876435902325056304e-01
8.272222181855764234e+01 3.467730620733785258e+02 0.000000000000000000e+00 0.000000000000000000e+00
1.571589406793815726e+02 4.664578767732566575e+02 0.000000000000000000e+00 0.000000000000000000e+00
5.583338287330251433e+02 3.966588537670561436e+02 0.000000000000000000e+00 0.000000000000000000e+00
5.449081643506191313e+02 4.264092748923659997e+02 0.000000000000000000e+00 0.000000000000000000e+00
1.020939694655810513e+03 1.749682521882977824e+02 0.000000000000000000e+00 0.000000000000000000e+00
1.103502245217566724e+03 1.776168037055163325e+02 0.000000000000000000e+00 0.000000000000000000e+00
1.099032321033730341e+03 2.889437598742468367e+02 0.000000000000000000e+00 0.000000000000000000e+00
1.149394893707257097e+03 1.950900808031661597e+02 0.000000000000000000e+00 0.000000000000000000e+00
1.181794078677364041e+03 2.658010030512799631e+02 0.000000000000000000e+00 0.000000000000000000e+00
1.093550747530538274e+03 3.570157917835305739e+02 0.000000000000000000e+00 0.000000000000000000e+00
1.837938073751200534e+02 6.688925589088274819e+02 0.000000000000000000e+00 0.000000000000000000e+00
2.580302901518481349e+02 6.643468252253559285e+02 0.000000000000000000e+00 0.000000000000000000e+00
2.511870046512437114e+02 7.471394232323131064e+02 0.000000000000000000e+00 0.000000000000000000e+00
9.847007889086936530e+02 8.667328777996704048e+02 0.000000000000000000e+00 0.000000000000000000e+00
3.775228966523069971e+02 1.054480636985917045e+03 0.000000000000000000e+00 0.000000000000000000e+00
4.121569077199484923e+02 1.095862919043331658e+03 0.000000000000000000e+00 0.000000000000000000e+00
