1.331149030398707112e+02 3.820573675517088077e+02 -9.027461706317930004e-03 -1.185767613416394139e-02
2.530723195950606623e+02 4.664905140247043391e+02 -1.146804681730424682e-03 6.302491511320059336e-04
3.137429599528206836e+02 4.763323461276160629e+02 3.701085466458763074e-02 3.928279223550186841e-03
5.635757295050060520e+02 3.787045533252315295e+02 -8.725060912577799546e-03 -1.018036124382280458e-03
3.440778261341116036e+02 9.533024145501564135e+02 1.774976926641183284e-01 4.976453219470737266e-01
7.073374396725578208e+02 4.175354356350946432e+02 2.983546386284467028e-02 -9.491440403339743842e-03
6.343394192673661109e+02 8.219911653172773640e+02 -1.711945866553391904e-04 -1.857010342838734862e-05
9.124013863156015987e+02 8.059582900722372187e+02 -3.552913676280200234e-04 1.094168020705354278e-03
4.599482423665416491e+02 9.415945658552275290e+02 2.743045922721369418e-04 1.390050733102770534e-04
9.055152183966515622e+02 9.229321332282429466e+02 3.354805918438569755e-03 4.332474698342162096e-03
9.004164476150415339e+02 9.262183837386669438e+02 -1.684225053150110313e-03 -6.955767313017828524e-04
7.077035156237604951e+02 9.928514906639093169e+02 5.227194181455584177e-03 1.053469974426481798e-03
7.150612227696159380e+02 1.011438739305572653e+03 -3.206622873897298936e-04 3.192503914481739321e-04
7.048869099666385409e+02 1.023695844317082333e+03 -8.643256754029076359e-04 6.488041027366064440e-04
4.816711730207568394e+02 1.099098099021545750e+03 2.172916672733582217e-04 2.488334174169794070e-04
7.044536440169637217e+02 1.036474663182404583e+03 -1.508680255305494555e-04 -1.346001237726512151e-05
7.518493858466420079e+02 1.067467566402325019e+03 -3.127974616970754759e-05 -9.972069333591458782e-04
7.455796793372619504e+02 1.071424910047198637e+03 -3.513532110603834668e-04 -9.098876009176981540e-05
1.311709385672352539e+02 3.252236368381982743e+02 7.346898625699639542e-05 -2.404813808095583507e-03
8.997545765984771151e+02 1.102157929421693780e+03 1.831663146332977016e-04 -4.266427980509082609e-04
2.455962785689366115e+02 4.983931408114002579e+02 -1.757561427019923260e-03 -1.226159376201484477e-02
2.420994404819956287e+02 7.552876183832901233e+02 8.996445515561949302e-04 -1.329009220824846696e-02
1.906562568225129439e+02 5.857271699926275232e+02 7.190897149705011322e-03 2.364376804930633583e-02
1.172721667762916240e+03 2.407839240396466209e+02 5.604061166249636045e-03 -2.712435004953292136e-03
6.380349299743018037e+02 3.754496923207524333e+02 -6.902084458844082691e-04 3.662484622360366072e-03
1.260406626767468651e+03 1.960139002810299189e+02 7.407588234085292923e-04 9.600344170061618238e-04
1.240175440449844473e+03 3.794904378607297986e+02 7.764517085337105731e-03 -3.913193999056660891e-03
3.032485316052512303e+02 1.020235037115148430e+03 1.209012381488836357e-01 3.931494554336981695e-01
1.179036999353777674e+03 2.318157410225298634e+02 1.050266616846441854e-02 -1.040144446596912671e-03
3.155091851462447607e+02 9.693624530973181663e+02 1.837747744379408799e-01 4.449011525398294808e-01
3.280517335489122388e+02 9.771446120400395330e+02 2.115319338672392302e-01 4.900284159992490673e-01
7.155245449654166805e+02 8.818860749190096158e+02 -9.522316832515409545e-04 7.597627077809129608e-04
3.081712964116783837e+02 1.006404613335262638e+03 9.463958088985470474e-02 4.283660594645810615e-01
3.217937288738428947e+02 9.820426130224548160e+02 1.748165647284128377e-01 4.259215346687540982e-01
3.962359372574816803e+02 1.045539929542054551e+03 2.400726958963232127e-01 5.133360408980083278e-01
2.660683705920828857e+02 6.877307041631140692e+02 4.736263979795000988e-04 2.718089505948444087e-03
2.365753332542673775e+02 7.195936115871425045e+02 -8.534480253346000099e-04 1.273890892674547958e-03
4.072686001374603961e+02 1.087277483931301504e+03 2.186238828046582761e-01 8.785400361608201869e-02
2.488908515000879902e+02 7.170295068409653823e+02 -1.218258341366728779e-03 1.139897754190242985e-03
2.450217328853910885e+02 4.813518431849261106e+02 8.999751149272892936e-03 -7.497574731954356753e-02
2.502987091749973843e+02 7.477724300790025609e+02 -4.618957197210690410e-03 7.272162782701028540e-03
7.963909930944539610e+02 3.319887971178065413e+02 5.345596038353546131e-01 -2.427336335312554882e-01
1.433328249519402391e+02 3.925782681879496181e+02 8.569740161055623435e-04 -2.665097368854744443e-03
5.711992608229519419e+02 3.775591125284017266e+02 -8.748394891045287516e-03 -7.682429905883347669e-03
9.312864452875071493e+02 8.454013737174029757e+02 -7.803291413653265680e-03 2.069295118323932064e-02
5.716664194818912392e+02 4.367471726433785761e+02 -4.131663048303497315e-02 4.141810384890680374e-02
1.006433047191168498e+03 8.129921097571406108e+02 -2.146515686570520370e-03 4.386454016005898564e-03
5.017936322692851263e+02 4.347149343635094283e+02 -1.334413681591529316e-03 6.405867039025942618e-04
2.438625919360387115e+02 7.432711882384363662e+02 2.208699472845691587e-03 4.225856518413064269e-03
9.803768690526035243e+02 8.279597527560011940e+02 -1.578496099150110193e-03 6.467337163039611628e-04
5.761643846331867280e+02 4.114083155032842001e+02 5.511377803859116888e-03 3.010322122367872083e-03
3.059862624262303825e+02 6.557482416225307134e+02 -2.437839749428339937e-03 -2.983590202455900075e-03
3.402179489939189239e+02 1.066179341962084891e+03 -1.385343889019382269e-01 2.478624369329448240e-01
1.009516958894718300e+03 8.156142594802623762e+02 6.102402094003568644e-03 -2.491322353495600654e-03
9.409738975548740427e+02 8.355067094611133598e+02 -5.539708784217599671e-03 -2.123992968439653451e-03
1.003436424199086218e+03 8.371168377009099686e+02 -2.801390886069798653e-03 4.357652009505249939e-03
2.328482807990760648e+02 7.243588714395872330e+02 1.352283896974910060e-03 -4.787706220105236200e-03
4.836624483158492467e+02 4.375306620622611717e+02 -3.146684781737880444e-04 -3.228406426205315035e-03
1.019291489240161809e+03 8.075621197787140773e+02 -4.504951597007423518e-04 -1.965181771639787529e-03
9.609634647452188574e+02 8.339504707204453098e+02 2.078790372426247285e-02 1.572587209058820198e-02
1.198941466451380165e+03 2.525099106764990324e+02 1.000599229752365850e-02 9.883460726284749517e-03
5.490381696731342345e+02 4.423214002849441613e+02 1.662801349348993953e-03 7.312710272586709324e-04
2.278848994467501257e+02 5.200739586003711565e+02 -1.280258125717355627e-03 2.145167679516069622e-03
2.746933423870302704e+02 6.813140364981572930e+02 -2.237122893152693106e-03 2.251370092846970063e-03
5.815641891334576030e+02 4.176114037784390121e+02 1.805316607067985676e-03 5.181597305901468678e-03
1.034118362249911797e+03 8.596373592529919279e+02 1.013236038948385140e-02 -5.042325118843604941e-04
7.555675870660069222e+02 9.088801807167074003e+02 -3.917145015929627827e-01 1.318870479853461453e-01
9.558792219132060382e+02 8.451263911387336520e+02 -1.482521339164239761e-02 2.671634725947123908e-04
7.489067987448428312e+02 9.544176246180226144e+02 2.295917227145017388e-03 4.539637239242375055e-03
2.657789813576820848e+02 6.658964366383571587e+02 -6.691340790863219146e-03 1.486909197140759420e-02
8.247598135107111830e+02 1.102231111969310859e+03 2.253715920289215541e-04 -2.226198208892029575e-04
2.422447190234885284e+02 5.044923307529334693e+02 -2.064711968452767523e-03 1.113940736229830641e-02
7.491246486871663137e+02 9.586271914067042417e+02 6.937937478879251281e-03 -3.250826480717199183e-03
5.662044137747792547e+02 4.696324650696304275e+02 -1.444035982140887044e-03 -7.698261494572825048e-03
5.673795249320052108e+02 4.748403573097983781e+02 8.162644661535865733e-04 8.257430781621241320e-03
1.204963079072045730e+03 2.310314774849580033e+02 9.505872254625375535e-04 -3.404401218960914979e-03
9.119802201985860393e+02 8.455880633561758941e+02 -6.013374686044878608e-04 5.567056797778856779e-03
7.721671792295338719e+02 9.611769651425908023e+02 1.332375193345400896e-03 4.234988883589415470e-03
7.749323170033445649e+02 9.423943476583781376e+02 -5.099412309549068018e-03 -8.155685520143765924e-03
7.712017533565785925e+02 9.486924059988448334e+02 -1.647999637792409849e-02 3.164488697918143439e-03
9.847001792402140836e+02 8.665055595805044959e+02 1.549791193977821831e-04 -1.116994153405114626e-03
8.004803652662791364e+02 9.519050564173068096e+02 -1.386787207719511516e-03 3.534191959764228057e-03
2.125592038214448110e+02 6.594438712194622667e+02 -1.227410772083682988e-01 2.924515800185251146e-01
6.193891323942722238e+02 9.358716228425989812e+02 -5.332081014776211955e-05 2.951450873621466178e-04
5.729941159299397668e+02 4.906361913353609907e+02 5.454092599502518603e-03 2.644654972159222236e-03
7.843651828037427549e+02 9.368530923765916896e+02 2.204780894340719905e-03 4.553429516932954238e-03
9.746070369294759530e+02 8.848915907569714818e+02 -1.528834992934144594e-03 -3.648458554715772921e-04
7.542550708384242171e+02 5.314310423395897942e+02 2.693618053686435993e-03 4.007380865616168644e-03
7.868433410786724380e+02 9.450055635893509134e+02 -6.471564205774952595e-03 1.807949352673566060e-02
7.953893865119027851e+02 3.819012811220861181e+02 -9.208491804222174171e-03 -5.351655174716724028e-03
2.347696019249150936e+02 7.010792888339722140e+02 9.548828853570624428e-03 2.865287629298460259e-02
3.071650821723652598e+02 5.677089071924701784e+02 1.484880137796509326e-02 3.248109458666314370e-02
8.079856595565968291e+02 4.208351923690386798e+02 2.507946892345637793e-02 3.969429519800694861e-02
1.940070809730799795e+02 3.192713475693668101e+02 -7.643773832263255682e-04 -2.185844046394858162e-03
5.938387378958835825e+02 4.035986336413492950e+02 8.899072167818673079e-03 -5.678265807032988229e-03
1.034549451705444426e+03 8.356664615163382450e+02 -2.310307779997865501e-03 7.113602139202832540e-04
9.944238648065116877e+02 8.219721934859288694e+02 6.242853787474958102e-03 -1.262689386337142181e-03
2.271942641874406092e+02 7.270200264794211762e+02 -5.122137409604293756e-03 8.602388500094093615e-04
1.278217679872027475e+03 3.730210589415824529e+02 5.901386741112615289e-04 6.499964802882536065e-03
2.351120824778236909e+02 6.493539460013719236e+02 1.073993438733829471e-02 7.504604058312164261e-02
2.246537353367965864e+02 7.657742476146113404e+02 2.346913604618003357e-02 1.742064101371834303e-02
7.326857736867178801e+02 9.804870497839683594e+02 -3.721965024121147610e-03 1.484123701902267381e-03
3.212689795013519642e+02 5.452953361094926095e+02 9.817266326354677497e-03 -3.092786700382912403e-03
7.697611668359226087e+02 3.977720670638423144e+02 7.333061954523595674e-04 -2.608521913660382958e-03
9.871807144449912812e+02 8.312221095966842768e+02 -3.875816920008849403e-04 -2.989704060934341920e-03
1.049823413655918102e+03 8.564711438439810536e+02 2.690434542926433640e-03 -4.815532209494053154e-03
8.271634829372126205e+02 4.013954567110939706e+02 -6.332223666450402999e-04 4.472067259205187405e-03
1.017897443650064815e+03 8.310542885734639640e+02 -1.933376621749549303e-03 5.134340428621906455e-03
1.185620967238848152e+03 2.494995666366824310e+02 2.307320339360729045e-03 -6.942277413983928905e-03
9.470841550485021116e+02 8.371450439241591539e+02 6.281644358301662935e-03 1.154424080946138062e-03
4.651955795805433809e+02 4.535704818499465318e+02 -1.712413734700327572e-03 1.731393862091255495e-03
2.683159239282103954e+02 3.007336756636037194e+02 1.011720671785929209e-03 5.431483876892830021e-03
9.541417826688671084e+02 8.221660122486582623e+02 -1.111111151299223193e-02 -3.664155358621590860e-03
8.193817274298405664e+02 9.356323880552054106e+02 -2.811586696314199909e-03 -4.574466137533268750e-03
8.202232130601639710e+02 9.470389907366438820e+02 -9.190611077363625495e-03 2.206772181591869567e-02
5.481139630289724209e+02 4.307207866658760622e+02 -6.891632432854910518e-04 -8.429054965398620480e-03
7.649189510782557591e+02 9.327439858488909294e+02 -3.317693272339846677e-01 2.017635131780473323e-01
9.275185686040243809e+02 8.604772198678471113e+02 6.899768276857212723e-02 -2.510281464605560592e-02
3.130394513443982305e+02 9.404570528750173253e+02 2.194791047483393709e-01 4.573544318799147024e-01
1.077336153427394493e+03 2.029984939679364686e+02 3.823619306592155459e-02 1.908953111847248515e-02
7.537264756406594870e+02 9.720845970769688620e+02 -2.977308522199474325e-03 -7.094709010244054995e-04
1.030432153153305990e+03 8.255859858596936647e+02 -1.744355648682331108e-03 2.256776772060895952e-03
3.570427384440228025e+02 9.843306220865650857e+02 2.011397794337234091e-01 4.462692219222250678e-01
1.021823846995002214e+03 8.145102995549918887e+02 4.233237158779623935e-03 -1.392873252172810829e-03
1.057045855933871280e+03 2.241752163824490651e+02 1.070217764290511304e-02 1.405530027769692943e-02
9.555542593345045361e+02 8.786241923598556696e+02 4.196840075713558979e-03 -2.982826682817644494e-03
8.185281396554436242e+02 3.799097412344457894e+02 3.800079379365487093e-04 -1.069500274743494586e-03
9.719011374345132026e+02 8.886654396393064417e+02 -8.781778191808434436e-04 -2.565593814791658316e-03
9.051189471225777652e+02 8.412249566772509297e+02 9.467594307151071253e-03 9.440915827684479358e-03
2.334331876010294877e+02 3.215984674689448752e+02 -6.142490575168727679e-02 -2.924711301245009887e-01
5.788612926420802296e+02 4.678141137624295993e+02 -1.348384675561691871e-03 -8.688262397532696413e-03
7.945275273941754222e+02 9.224456224467770653e+02 -7.728637590146758551e-02 -3.741308465855086585e-02
9.621258922731834673e+02 8.486427616232230093e+02 3.284045955285931715e-03 -3.553931600903173331e-03
1.932547510318866273e+02 5.891798636939765856e+02 1.669060547596185051e-02 8.991001804573817494e-03
2.310016124870446390e+02 6.888655254995153427e+02 -4.190868222724025358e-03 -8.010722282791100934e-03
4.932064691513062371e+02 4.483493355563597902e+02 2.020513305561363795e-03 -2.063455893956568990e-03
8.331719407381687006e+02 4.112885251203361463e+02 -1.965801971646282537e-02 -3.163038037595839163e-03
9.703330176950100849e+02 8.767048007988412337e+02 -3.541941446495020483e-03 2.483040111608734134e-03
8.085764307975056226e+02 8.905085817908693571e+02 5.165038950622822395e-02 4.307369190296592848e-02
9.682463225004564720e+02 8.249311050151575273e+02 1.220413457712545436e-03 2.537598667105509138e-03
2.062722039501628046e+02 5.141695108548849475e+02 7.754687568945142426e-03 7.328488569900139422e-03
8.003468200065453857e+02 8.912103290473821744e+02 4.380721078479211245e-02 1.000817171842763725e-01
1.192823170078448129e+03 2.107809353648929118e+02 1.007265861021956407e-02 8.870834721504383333e-03
8.109394711553453590e+02 4.018875472505172297e+02 -6.001967875508538476e-03 -4.932203799219370133e-02
7.677782917276126682e+02 3.857798664407118281e+02 2.096080787353430774e-04 -3.078574920681770126e-03
2.254087963193637165e+02 6.861382439577324703e+02 2.045135511963280806e-03 -4.240408905699572829e-04
5.587175966366045259e+02 4.209011362558767360e+02 -3.509777246678129261e-03 2.201847876555649772e-02
3.268314351349791878e+02 1.098898276071143073e+03 1.013279171559336445e-01 3.694269073781731305e-01
9.484724946233155833e+02 8.558370160323569280e+02 -9.771074229993336260e-03 -1.964455908735922816e-03
3.432606641122406472e+02 5.477443557300066459e+02 4.977277629112193680e-02 -3.753208096887727940e-02
1.106308945253033016e+03 1.795308423343213633e+02 -1.480520196220354856e-01 5.972658276992871135e-02
7.206003493419167398e+02 9.494864047504639757e+02 -2.041963416121630667e-02 1.017579578664220066e-02
5.112367382399451685e+02 4.391530464192330214e+02 -7.984684034882136381e-04 -2.418988699151997535e-03
9.964608903789179521e+02 8.729537423839656185e+02 2.620180981521701754e-03 -8.271211922034792802e-03
4.803446987608437553e+02 4.697515435524165923e+02 4.235209968154020690e-04 2.374809220054209958e-03
8.771756006256844103e+02 8.734599814658197374e+02 -4.470866121609430414e-03 -4.431421986854468861e-04
7.991113881491297661e+02 9.413322541754131407e+02 8.441209200060879186e-03 8.853818381613330624e-03
5.357833464169549416e+02 4.156465801425451332e+02 2.263005425159616071e-03 6.249502212293320605e-03
5.217041970265039481e+02 4.420665558939116409e+02 7.687896568829120578e-03 -1.199180222988390984e-02
3.266952242674509534e+02 5.360225454272480192e+02 1.597103684189570992e-03 2.540374426770189366e-04
3.019295809293547563e+02 9.636818954345197881e+02 1.007603710967828192e-01 4.700014070457101401e-01
7.457211839676295995e+02 3.966631998012172176e+02 -7.491331152927709069e-03 -6.950944807742713560e-04
2.201508233140230004e+02 3.023652406447828866e+02 -5.663566076456186260e-02 -2.787139901613646664e-01
9.732128801829096574e+02 8.645420719858440179e+02 -2.267516760324238267e-03 5.913718264307613222e-03
5.355747522450196811e+02 4.272001501902301470e+02 -1.186614316990548292e-03 2.544645974467693063e-03
9.980916587686605226e+02 2.478757205330180966e+02 -3.156360189779103438e-03 9.901763292243449116e-03
8.507593704075819687e+02 9.314984706323410819e+02 -2.577331910983822428e-04 -9.887009562787918470e-05
3.157452884485797995e+02 9.531707839983652093e+02 1.744501916481126236e-01 4.599082953351331104e-01
6.301928228851195399e+02 3.843888751750570236e+02 1.443892434229446069e-02 3.457076823607541007e-03
8.161674120368113563e+02 3.631044515675234834e+02 1.613071236840035966e-04 -3.281340726599941450e-03
8.576233095026237834e+02 1.101735105004284605e+03 -8.407939963395655910e-04 3.441236757014236856e-04
9.293863996007448804e+02 8.389591237631461809e+02 -8.930420933942927880e-03 3.509161296036530236e-02
1.153393153519068846e+03 2.422851479738559703e+02 -2.176249096344753942e-02 6.912004541760242982e-02
5.994401871028444475e+02 4.331209930267543768e+02 1.304335835533321913e-02 4.121732646737231998e-02
3.352087163411619599e+02 9.984173930558927168e+02 1.567648330023664327e-01 4.831707175043231661e-01
3.637010923173429546e+02 1.086497152630853634e+03 9.927028511142318642e-04 5.789839147854525248e-01
5.091439919290679086e+02 5.070955261049134606e+02 -5.390832846141129734e-04 -3.714549863086248453e-04
5.451853919221000524e+02 4.066690191170579851e+02 -1.533837463758383826e-02 1.041719723278136667e-02
1.098559924232973117e+03 2.160001180690622959e+02 1.870022311044576210e-02 1.913608887504057374e-02
2.384819228215309579e+02 7.401213901136901541e+02 -1.743752633137999166e-03 -1.353520175681828010e-03
2.292069512580002311e+02 6.472199531661749461e+02 -9.167783271062199257e-03 6.907435412226237137e-02
1.203375447783672143e+03 2.543903522873436884e+02 -4.468753904604616696e-03 8.122066709097115061e-03
5.449840319763595744e+02 4.776167809323078473e+02 -3.054238158373740603e-02 2.463488567711818664e-02
2.722338701932093272e+02 5.373824940662112795e+02 -3.097542202555706586e-02 3.152682701788717679e-01
7.531792375391527230e+02 8.451335914089534072e+02 -1.598812389957937868e-04 -5.166552897784334325e-04
9.769429356749717499e+02 8.454959471243652160e+02 -6.555737551556519924e-05 -3.193414072457287020e-03
5.507636567180848033e+02 4.830227188416541253e+02 -1.657897759349061251e-02 2.026037801256437218e-02
1.164143852913009368e+03 1.403231341674936061e+02 -5.506298939688367448e-04 1.807335563478093153e-03
3.214120106737667015e+02 5.293421596150433288e+02 -6.480288147591942854e-04 -3.597120505511868134e-03
3.138124568101726481e+02 4.697208251203956593e+02 -7.919918678482806796e-04 -2.043083229619980373e-02
8.881943156477633465e+02 8.753321872130254633e+02 1.677321352529379320e-02 -8.424913996618264497e-03
9.339838117925825145e+02 8.677462258098133816e+02 1.283875487853310404e-01 -3.757496271148711570e-02
1.146198102269873516e+03 2.102383522269041691e+02 9.873948706129313455e-03 6.158770288611731345e-04
3.706365101801170567e+02 9.653916332305947208e+02 -1.401178613711370410e-02 9.677959336618141215e-03
2.914454510447546909e+02 5.299234389448441789e+02 -4.216672796842161133e-03 3.979219161630387358e-01
1.057513667808835407e+03 1.759891487268000105e+02 8.176598246413193868e-03 -2.780386076285583374e-02
3.207436544885148919e+02 4.800828455691409431e+02 -4.065693588396661687e-03 -3.846030490712951892e-03
9.713927400021800622e+02 8.314497901642132547e+02 -5.751407834781735104e-03 4.836559509270739118e-03
2.478873264720799341e+02 7.404012678728881838e+02 -3.756811285800515290e-03 -6.128178065524696530e-03
2.201764600160337579e+02 6.871472554381929285e+02 -1.166183156777073765e-02 -9.363440200985732181e-03
2.234485418445456162e+02 3.144684010459553178e+02 -6.038269338566237820e-02 -2.682150432828980247e-01
5.835055563573959034e+02 4.004150531994714015e+02 -3.836542009911916157e-02 8.134252594845859871e-03
5.066936238683098850e+02 4.442818558700198537e+02 -9.141097138679735168e-03 -1.639381469925075413e-02
2.884178951930276185e+02 5.013444199917773858e+02 1.206608351492422515e-01 3.845864697854327052e-01
6.075978226791235102e+02 3.648460555870771032e+02 -6.414058359208109697e-03 -1.571390323158201527e-02
2.764859770686237539e+02 6.720851403109695639e+02 1.402756027528422565e-02 1.753452310402839331e-02
3.799728999115247348e+02 1.046594966435902506e+03 2.414712924816187489e-01 4.237255787149044606e-01
3.471053915921691555e+02 1.057185710001230518e+03 6.065866171419238145e-02 2.969615866654208847e-01
6.008462630213226703e+02 3.669317975751430936e+02 6.771913585829102741e-04 1.601747347324374016e-02
6.120306825402803952e+02 4.283577698121203525e+02 7.821908092581104921e-03 6.062488326475400091e-03
3.307649810484767841e+02 5.225477421885510694e+02 3.261925497610498187e-02 3.226750936068970704e-02
5.335535182175559612e+02 4.125742304557870739e+02 9.037634056019867032e-05 6.453976691476115890e-04
2.993669827107552806e+02 6.140051570863352026e+02 3.698872920843917361e-03 -2.995625702824597156e-03
1.193082190282512329e+03 1.876128533810953343e+02 1.470019253788495441e-02 -2.939503057361079336e-02
4.766811103053660190e+02 4.649092032718634755e+02 1.163092101890105326e-02 -7.894453269843757642e-03
2.219473349086607357e+02 7.535059670998241472e+02 -2.884892563098626767e-03 6.982791720448890127e-03
3.518221870134278788e+02 1.043474602775606854e+03 1.599153779792251151e-01 4.602248993090104490e-01
7.838590231172815948e+02 9.598818395812246536e+02 -5.426424140005740512e-03 7.380521418054281427e-03
2.781544370892519282e+02 4.778594835081196379e+02 7.838808846542918984e-02 2.641805747627393730e-01
1.014834703155109423e+03 2.088697364274943027e+02 -1.192142770202999219e-01 -1.720391203292170601e-01
1.210806643631014140e+03 2.454823387943569912e+02 -4.773163052279846873e-04 -4.373273509583718434e-04
2.811040323622163442e+02 4.339075674031658423e+02 1.730723493414310435e-02 6.485353447839549423e-02
3.367892926630856323e+02 1.021287096481052004e+03 6.246745256094028004e-02 4.678449069310581243e-01
3.491091218676900780e+02 1.000798569390601756e+03 1.523691254084849345e-01 4.797729387634845910e-01
3.241120414701943560e+02 1.013304339571131095e+03 7.626724999128911553e-02 5.054211927179287356e-01
5.685882912782485619e+02 4.293344530427316954e+02 -4.843678810834942117e-02 3.425940237718354958e-02
2.175407112009349930e+02 7.002046388234492724e+02 -1.011227532048855453e-02 9.439892336946052731e-03
1.233120410784831620e+03 2.566347002952534240e+02 1.403605091379383921e-03 1.812257091699850595e-02
1.100440625293033008e+03 3.205199015523124331e+02 -1.208845660817267770e-01 -2.510518955185975232e-01
1.016436490890787127e+03 2.748977914942382768e+02 -8.027914904568034986e-04 4.432753306264316205e-03
1.243360884617290594e+03 3.524580414382689355e+02 2.973082667465563045e-01 2.806355343013966150e-02
2.798977047239192757e+02 5.094051340776642292e+02 -1.838617403344563334e-02 3.773314347230449228e-01
3.170250057563399650e+02 1.011275364025537897e+03 7.926558861736293649e-02 4.913617068188168568e-01
2.071978746155617728e+02 6.969798593246567862e+02 -2.685882401539850094e-03 -1.988606710780670833e-03
5.478090892472260975e+02 4.095838908734173742e+02 -9.151923645530100904e-03 2.626255012830937350e-03
3.213730409851161198e+02 9.500594450933034523e+02 1.885987088346328666e-01 4.683935830727239402e-01
2.768443175884311813e+02 4.503606926945067812e+02 1.175495501854066510e-01 3.176056759978374555e-01
3.358849323161306302e+02 9.626377310320023071e+02 1.540027316745589958e-01 4.673644706251864900e-01
1.227299402259357976e+03 1.494469346507418379e+02 -9.735379579087568864e-05 4.786485490696897006e-04
2.465845444627355789e+02 5.132559712908588381e+02 -2.568328789074244244e-03 -5.764565213124538557e-04
1.023523791876631435e+03 2.792482116041798008e+02 6.510471338265458492e-04 2.998555765538576945e-03
1.133348535940422153e+03 3.401468648803804058e+02 4.991741118138490196e-02 -1.055850819807605812e-01
9.999181700050720565e+02 8.255048213600135796e+02 2.937730643133935546e-02 2.058091364817147759e-02
3.127233182688005400e+02 5.537793154586373703e+02 -3.628365302055350933e-03 -8.711743150234895578e-04
2.290326648798295537e+02 7.021606183671199233e+02 -9.444787314526709859e-03 -9.950736969484400701e-03
3.527240667683716424e+02 1.032183024273435421e+03 1.608845438470314082e-01 4.685405084216433536e-01
2.612712837258321770e+02 5.718955735713190052e+02 1.535861550096922212e-01 -8.980125114363536609e-02
1.050263480138316709e+03 1.781210918907782457e+02 5.187605818317627543e-02 3.156505093217402969e-02
6.056506475220547827e+02 4.086825659057163307e+02 -1.139885874486386503e-03 -6.926519166755847967e-04
1.022318936878303134e+03 1.846667642182756595e+02 8.560753772817496568e-03 3.087879333529509537e-03
2.673793001286468325e+02 7.385748440512436446e+02 1.763680501787600512e-03 6.609910791830275918e-03
7.870395893188158425e+02 4.009792588538452947e+02 3.531136874509756100e-03 1.121327757254792813e-02
2.553787040025580097e+02 4.182958074616986437e+02 -6.467832707752455002e-02 -3.228594290529224753e-01
3.109808431830380755e+02 6.105347282592363172e+02 4.929302181383803799e-03 -7.002415242047642895e-03
1.029928425915492880e+03 8.535871300621731734e+02 -1.041985628559121031e-02 7.667716350730494762e-03
1.140084624672840619e+03 2.213182015027984448e+02 -9.632613147919028094e-04 1.248321851407062713e-02
5.976157608143242896e+02 4.171390314344592980e+02 1.341525794731580207e-02 -2.609737365153903528e-04
1.154962469921900947e+03 2.279347698604028096e+02 -4.927590558641932114e-03 3.621324266352090454e-02
3.358767379998055844e+02 1.082173576996271095e+03 3.570680336627510276e-02 2.888595941198407457e-01
3.480253975625333851e+02 9.657735280566050733e+02 1.401533731595524801e-01 5.583163614377462114e-01
3.446326840130822120e+02 1.003248064705487309e+03 1.460218484275194184e-01 4.721248719771843350e-01
2.544847093298781999e+02 6.419808794961246576e+02 -3.935144458569478192e-03 1.431080597202402140e-02
2.269720151777592605e+02 3.212453314307503547e+02 -5.739819757801366967e-02 -2.904921943784318783e-01
2.730909404536138254e+02 6.514060297981975509e+02 1.144927640507826258e-03 -2.991890415557355541e-03
1.037175508910057260e+03 1.898475767872304800e+02 -5.707605988978721109e-03 4.955113991341607467e-03
1.250937878760190870e+03 3.006334617668687201e+02 -3.326532476026471813e-02 -1.407488827435282586e-01
1.211835301228145454e+03 2.168469495719830036e+02 6.084282777181323522e-03 -2.801109408117459726e-04
1.198412855911281440e+03 2.013292086491896384e+02 9.560328279213976474e-03 -3.773843064511023075e-03
2.521886747068423631e+02 4.809357846014100915e+02 2.644134152127958562e-02 -2.367101543255233694e-03
2.698167073652783188e+02 5.563919173311265922e+02 -6.358188459974636886e-02 3.307409327704604052e-01
5.911463646090785460e+02 4.473797058138956118e+02 2.686866396806460405e-04 -9.409245473040466932e-04
2.376496803287203363e+02 6.939608315302846222e+02 3.412331586150516363e-03 -3.134859105953768151e-03
2.919524103807427764e+02 9.753883743784064109e+02 7.066496790217752233e-02 4.264353998950228819e-01
2.679805572974605070e+02 6.308419098838534183e+02 9.193080933947962111e-04 -2.963880104926370010e-04
2.620570211192994634e+02 6.442022470393075082e+02 -7.838476847204071257e-03 -9.359677945417614262e-03
2.963660191078410548e+02 9.613785992764165940e+02 1.243474736887776044e-01 4.296062914704533720e-01
1.080883872466804632e+03 1.893402596754302465e+02 4.264631052247561810e-02 4.344810873824163366e-02
1.207154873384452685e+03 2.113648126258527213e+02 1.763015153184175786e-03 -4.111051473471727218e-03
3.887533866360048478e+02 1.046804410749749422e+03 2.302789106326469104e-01 5.043305549609552463e-01
1.003004045902551070e+03 8.755548915935205514e+02 1.271674941349239425e-03 -2.857627779180217263e-04
2.663485600777215723e+02 7.150662458808914153e+02 9.226868478068278590e-03 6.361185056458579234e-03
1.289655712052617218e+03 3.330140466407411282e+02 3.744510918239812858e-01 -4.475522586253950080e-02
5.009670061702753969e+02 4.580652025819480855e+02 -2.249734460634715463e-03 -2.349422580813032360e-02
5.947684445553555861e+02 4.828031105688434081e+02 3.049477544065401155e-02 5.259469686347195694e-02
1.239214948559512777e+03 3.205657683632201156e+02 5.427779811732666992e-01 2.152488028278281840e-01
2.635884164486694772e+02 7.258292228609719814e+02 -7.162213633489387856e-04 -5.996088938549165581e-03
2.596571378645259642e+02 4.338301912003522034e+02 -9.260799338440815764e-02 -3.110945730198425019e-01
2.844640378824269646e+02 5.337206481388690236e+02 -1.272034247112305630e-02 3.763126496912347352e-01
1.268022702473558184e+03 3.936271980597820743e+02 -2.702990998908951382e-03 1.239362725783227544e-02
9.432008215782487923e+02 8.553717433468631270e+02 -6.481190550616837236e-03 -1.842939990201377526e-03
2.543190363926323130e+02 6.862476560242836285e+02 1.228320012328615318e-02 -2.152381859483140560e-03
9.324083432827869728e+02 9.068597643744039942e+02 8.097406193432970731e-03 -1.285271728742674521e-02
3.907099166148806262e+02 1.099586401678201582e+03 1.299491956163174866e-01 3.303526425999604443e-01
1.110113864285740647e+03 2.745224120580208478e+02 -3.019427664243973797e-01 -3.027897145179681004e-01
1.257440820265912862e+03 3.590083180814812636e+02 4.446095303911457575e-01 -4.519331109118677331e-02
3.308907714484822691e+02 9.491475841676407299e+02 1.841669954280128474e-01 4.627508259572003513e-01
2.214180053774346675e+02 6.580516568452864021e+02 -1.183913911555469489e-01 2.171153776187572937e-01
1.240349479080515721e+03 2.784157000332421035e+02 -8.767489293454177896e-04 1.074956701622885660e-02
1.492297046596310679e+02 5.195457776747989556e+02 -1.778926948178828323e-03 1.011920420972562025e-02
2.796777352077061209e+02 6.455112029608613966e+02 7.773878925094647062e-04 2.997234992587644118e-03
1.008287746870118440e+03 9.275150988361839381e+02 -9.050533716885687677e-04 2.337283397892942245e-05
1.134588620278868575e+03 3.172807638032144268e+02 -2.252079538704429562e-01 -1.528174289553798082e-01
3.158118247594659920e+02 1.081217150415789774e+03 1.601209066824941379e-02 4.290763557946752349e-01
9.528678344699538911e+02 8.971819729330737800e+02 2.540971319939500789e-02 5.148963902144876488e-03
2.330369654728062301e+02 6.766084846291950043e+02 -1.862542229380723460e-02 -4.334557022730223252e-03
2.515617919528060895e+02 6.719614559462346506e+02 -1.373981915834281272e-03 1.204880170033866688e-02
3.321976075169254727e+02 1.053204773493102721e+03 8.441030007472728747e-02 3.225845224155053370e-01
1.298871276902414820e+03 3.027607423877008728e+02 -4.935034787474187890e-03 -3.042140966148382687e-03
1.079688870849248360e+03 2.293052364473153943e+02 9.635066471052443349e-02 3.389972504835711553e-02
3.469362573823927960e+02 9.845493382354343339e+02 1.594572622151136376e-01 4.670148222716360986e-01
1.012500820942637233e+03 1.895370135585135358e+02 -6.711785587508034556e-02 -1.932483507135575318e-02
2.579998213892811236e+02 6.737713507033422502e+02 7.325972006886259831e-03 1.085663404674703895e-02
1.013276310825083442e+03 8.532205884489511618e+02 5.732614565343706499e-05 5.497975307912158875e-03
1.394422286500566770e+02 3.884765591336153534e+02 3.511462063924304135e-03 -1.171634128996575444e-02
1.157590335234765917e+03 2.349756864032432304e+02 -1.383356978565616624e-01 1.875386383023029957e-01
2.462306742952492584e+02 6.204420945945136054e+02 -1.097607241745388908e-02 2.132382101460689530e-02
2.729801583101447591e+02 4.405983903197886775e+02 9.649962018528131236e-02 3.452039565259964471e-01
9.182551782523197517e+02 1.102580373949543628e+03 3.714177932403736940e-04 -3.185607241754617974e-04
1.119329028967167687e+03 3.121281210553325423e+02 -1.889976989775079552e-01 -1.375288235916879986e-01
4.051373901613497992e+02 1.082718586047754343e+03 1.816671245327364792e-01 9.096230611904539132e-02
2.750411902567760762e+02 5.690678673282409363e+02 3.273713639333447611e-01 -8.126922887614604352e-02
1.285824539920495454e+03 2.983988294803253325e+02 -2.857342765447572208e-02 3.308406361646341193e-02
2.509264427171129626e+02 4.203340825957685638e+02 -8.940634402508811085e-02 -3.650972342362170941e-01
3.456163473337628602e+02 1.072149022294342558e+03 -1.462615491359524900e-01 2.404538599062377158e-01
2.728311000410967040e+02 4.772245778769184312e+02 2.686536453464299576e-02 -3.107648879880194337e-01
2.512545634146456734e+02 6.181788013926349095e+02 -1.623432889385079472e-02 7.256931904408918735e-03
1.152930669693702839e+03 2.214742897969391890e+02 3.820312453136817665e-02 -2.470307017584264658e-02
4.437637320245182195e+02 1.086024618158084650e+03 6.249082313776328779e-02 -1.630976793282147563e-03
2.675634285200014801e+02 4.589067983948403935e+02 -3.191701101539957258e-02 -3.034979524736114986e-01
5.250931714126132874e+02 4.663343634272326312e+02 -5.251866456407273953e-03 -1.487673499774822342e-03
2.676356871945476428e+02 6.792116955212557059e+02 5.902285119954384920e-04 1.443742882217817925e-03
1.239054245362821348e+03 3.425346287177858926e+02 3.391158053686967322e-01 1.534356827930945938e-02
7.587153936418468447e+02 9.182668906540268381e+02 -3.780143585101590764e-01 1.364223931335899476e-01
5.127054086551992214e+02 4.821366240014393725e+02 -1.891002033594777268e-02 5.933211071675428480e-03
3.653252069618011433e+02 1.017996972932884319e+03 2.208467213248626049e-01 4.856153759042025619e-01
3.263763587071932193e+02 5.522196884866488062e+02 -3.101555765643225666e-03 2.342729751724096591e-03
2.698676456117754014e+02 6.918606953599958160e+02 -1.156327352118908646e-03 5.144976306791484467e-03
2.762234294771431564e+02 4.937311102928929927e+02 8.177307957395225924e-02 -2.913267439678298709e-01
1.223755337345259022e+03 3.966262651797540570e+02 2.430889705402199152e-04 -2.845365442835422285e-03
2.730866187422990947e+02 3.926549514432093133e+02 6.013798234495524447e-02 3.251878455713027583e-01
2.313669655465445487e+02 7.371105517979141268e+02 5.999286423313114971e-03 4.722858028256692042e-03
2.270887702720454229e+02 3.048427792934650711e+02 -6.435159047914133790e-02 -2.718182766309748533e-01
3.087241062757186114e+02 6.450282864471356561e+02 1.789181169686857595e-03 -1.910881583078005057e-03
1.205502294660018606e+03 3.823767495648440331e+02 -4.052250496857091357e-03 -1.025242978875491508e-03
2.260119644284537515e+02 7.501009001494528547e+02 -8.659267541863000656e-03 2.909339706082049535e-03
1.033703082192827651e+03 1.731386472110671093e+02 -4.426989005065875768e-03 -5.338829406039481999e-04
1.196025630443609316e+03 3.827654742419024956e+02 1.625144533685634555e-03 -4.987151779075004593e-03
2.616497158395784481e+02 4.011286329188868081e+02 5.289257008447217218e-02 3.060514157933587054e-01
3.211024213097701363e+02 9.953496611324541163e+02 2.596053445808597648e-01 4.610087731751214557e-01
9.215626276633837506e+02 8.912741953524620158e+02 -1.242285731036802884e-02 -5.201015883182599775e-03
2.739048065084680843e+02 4.866666714797801205e+02 4.849588292072349455e-02 -3.042360280717365528e-01
2.406838435700543641e+02 6.362627689078071853e+02 -3.355557202303231790e-02 9.011664746809303073e-02
3.792887634600987212e+02 1.033591476349880850e+03 2.521263810899141977e-01 4.587172252258689409e-01
3.603823569249145180e+02 1.049793006168706825e+03 3.040091720550226473e-01 4.827475320969504824e-01
9.591583110281050040e+01 3.649685797206523148e+02 2.545551056130079814e-04 7.004158861736125945e-03
2.534257668121864810e+02 5.336527258404601071e+02 1.584700527960413996e-01 -5.035815079409053374e-02
3.692266575074432922e+02 1.048720089941552260e+03 1.660606399746057671e-01 3.792476838212511803e-01
2.727392123243630522e+02 6.138738518215184286e+02 -2.852645504529870840e-02 2.632109248280596614e-02
1.041211504153402984e+03 2.164145722813969712e+02 3.982023899182125792e-03 -3.494217723775897705e-03
3.230917092352238456e+02 1.080841025172349418e+03 2.693776976051727792e-02 4.541276441700934918e-01
2.735423646413309484e+02 5.201487815527066232e+02 -6.169944291023192473e-02 3.968107634736046663e-01
2.622124731580527737e+02 6.921263040942947100e+02 -2.609147448501769172e-03 1.158343532891887998e-03
2.935351132183845948e+02 9.484151912198375385e+02 1.302985391139333538e-01 4.253144640703191426e-01
2.540014753011974733e+02 4.972117594284150073e+02 -1.318707570098691904e-02 1.673345793814617205e-02
4.329601484241948697e+02 1.089265112067228074e+03 -6.345427131032348872e-03 -1.115175323304968668e-03
2.708053236431005075e+02 5.093099292868765247e+02 1.169070048237073889e-01 -3.009675140140689598e-01
2.787420984580344339e+02 5.980534929755168605e+02 -6.635392418911015278e-02 3.159274451250615456e-01
2.538613107695021540e+02 6.110255318225655401e+02 -1.006588454547156369e-01 2.437016443505890251e-01
3.116043810142458028e+02 1.022723343988553211e+03 1.099063593503513958e-01 4.260670226369475122e-01
2.417644666272209406e+02 7.229273312819898365e+02 1.327888777281386809e-02 -1.401853701738650908e-03
3.118047203492220092e+02 9.942592165674493572e+02 2.527572749032742649e-01 4.144857566604226440e-01
2.597404628007970473e+02 3.779523172107036544e+02 5.857570087618320376e-02 2.828998515013425585e-01
1.000035559533466312e+03 2.235315755792846915e+02 -6.888345053510258435e-03 1.865709935982257789e-02
1.246775843171915312e+03 2.885353577767588149e+02 -3.417032691540142827e-03 1.007351022543774219e-02
2.636369133312304598e+02 5.061403138374845412e+02 1.081183517416301615e-01 -2.876778178620268411e-01
1.017372654937094921e+03 2.630781030599063683e+02 -3.761155237985704895e-03 -2.358996725843549088e-05
3.216319459450575096e+02 1.067414744472195025e+03 9.610087575829863449e-02 4.383517766245217384e-01
5.519410457695418017e+02 5.000195540114262371e+02 4.381288653011063301e-03 5.245417708967561573e-05
2.430759661225452817e+02 6.869037526535270217e+02 4.397888700375381793e-03 1.379733612661496363e-02
2.420601582538671721e+02 6.994386814152958323e+02 -1.021872748620776539e-03 -3.330333936921558557e-03
2.719403345032179686e+02 5.845283518679724466e+02 -4.856108145183232055e-02 3.896928676124107871e-01
1.038514888720601220e+03 1.981247003636383113e+02 6.845294910457560503e-04 -2.147849024387459352e-03
2.752612736855714388e+02 6.951385482272251011e+02 -1.056523723409971346e-02 -2.238243086466611478e-02
1.181410854506189025e+03 1.788105211268719472e+02 1.036877532359256338e-01 -7.322375116556843755e-02
1.098958572838827649e+03 3.304293831533288994e+02 -8.644338108216639838e-02 -1.695321412509430137e-01
1.151716504467797449e+03 3.630866555482539866e+02 2.669612536307777381e-02 -3.888515486434050011e-02
3.030455024502230117e+02 1.007975030698316232e+03 1.118558824355317255e-01 4.209987120436002317e-01
2.420191109844044490e+02 5.153751722427199411e+02 1.775516668111898691e-03 6.148866542335411833e-04
2.578903416090485621e+02 5.183945527219465248e+02 8.835528746139278966e-02 -3.228899332232692543e-01
2.874077301832634816e+02 5.770321769507256704e+02 9.235418924248225275e-03 3.991234298202171460e-01
2.609917398701531965e+02 6.068989269002639730e+02 1.230495477316523728e-01 -2.802162772156704396e-01
2.245825662133270555e+02 7.853984222008687084e+02 -5.865088076734021882e-01 -2.437505456621035793e-01
1.087196675922244367e+03 1.624348348150437573e+02 6.071480260718117167e-02 5.185568769152049118e-02
1.205987373693774543e+03 2.053423077945348325e+02 1.274378785542962418e-02 -1.549990288294866674e-02
2.808035683651274894e+02 4.654695460049041458e+02 6.008224441556721251e-02 1.673109787520550840e-01
1.132630875119817802e+03 1.899999810727805425e+02 -1.451465419158426244e-02 2.745918902088634664e-02
1.029583919480317036e+03 2.661600399367812884e+02 3.327418288519973233e-02 -4.876573029343776039e-02
1.171201885452629767e+03 2.257705818246493834e+02 -2.799783649570734834e-02 7.413183833235317821e-03
2.642657530512274207e+02 4.865543913877368709e+02 6.890484137467960124e-02 -2.243110515529738724e-01
2.502709172465495158e+02 6.481468878043685891e+02 -1.655442858851013770e-03 2.014293332901597941e-02
1.157193910703880874e+03 3.260046146084005159e+02 3.404942600300138456e-02 -5.530550450977993193e-02
2.303252489306663051e+02 5.969354035932024090e+02 1.447507278665064456e-01 3.977006309191701283e-01
2.601463043813506033e+02 6.210755228848299794e+02 1.529269446071722938e-01 -2.357679159037755490e-01
6.038709552140711594e+02 3.985918048336437209e+02 -4.124052597527081213e-03 -1.833546788912097350e-04
2.542475756971633416e+02 3.983661291753967930e+02 3.903428625584252909e-02 3.339225931330573882e-01
2.439208015203940363e+02 7.184248028919520266e+02 -2.888496346719418746e-03 -2.214484047898946598e-03
3.709349622243556723e+02 1.018800944433931932e+03 1.884115792783844778e-01 4.705231814645149946e-01
2.764467674074261936e+02 5.359437086716670819e+02 -5.264576841386488237e-02 3.152409376839589439e-01
8.650237906934304419e+02 1.102275554274375963e+03 -2.609723306335635451e-04 4.732197850115529511e-05
1.132750203635117941e+03 1.853856767044915728e+02 6.438815331495049976e-02 4.681221823083200201e-02
4.836737496580138327e+02 4.439437934991569819e+02 -5.764192420987892564e-03 -4.971356592763453985e-02
2.657249978411439315e+02 4.996691229450262313e+02 1.311144371043969081e-01 -2.469176576005377988e-01
2.886179657368563767e+02 6.091655981531595216e+02 -1.504755208573032611e-02 2.813312360227678277e-01
2.128195188944641814e+02 7.559254141844513697e+02 -3.171951123369968432e-03 5.034873988148715887e-04
7.242762717488028557e+02 9.673913247743769261e+02 2.130708843703296718e-03 -1.363291331867822961e-02
2.711695867988229907e+02 4.554848708144597822e+02 1.131504237587425271e-01 3.253336165149467996e-01
2.831979844005354039e+02 9.686366941548373006e+02 9.255699227509409099e-02 4.800336914678776656e-01
2.747701309526766522e+02 4.134421911965285972e+02 9.464139305864344154e-02 3.240771558145891795e-01
2.547574949915410798e+02 3.604249701953578437e+02 5.259483727992898122e-02 2.326912364643684561e-01
2.235310873317167761e+02 5.980871106135795117e+02 5.824312781517632098e-02 2.881277150283713118e-01
2.611207560086765511e+02 3.588015476944353281e+02 7.427048110046279017e-02 2.518896432008703723e-01
2.409894269294713922e+02 5.342476625089806248e+02 1.437524109149393714e-01 -4.315767237823250890e-01
1.757811661150733187e+02 5.239972187455399535e+02 -2.349131162156674890e-01 -3.673828925761431496e-01
2.454219374393585440e+02 7.626072016623519403e+02 7.325370392674029245e-04 1.690228015298422468e-03
2.754823957149755529e+02 4.646669423467981801e+02 6.789994175189668912e-02 2.550165527180194847e-01
1.143344449723805610e+03 3.647629854363589743e+02 4.596584599064702163e-04 -2.576452506459510523e-03
5.585287953120480324e+02 4.963358073363473864e+02 -1.809329732164580498e-02 1.138535004532167244e-02
1.172195913243517225e+03 2.540391905394874641e+02 8.664219182613727005e-03 -4.272784896899663003e-03
2.609036223659876441e+02 6.537610229729199318e+02 5.070799712920197669e-03 7.625868918453442046e-04
3.259236561937046304e+02 4.972684134403777989e+02 4.825946711001182637e-02 8.099454368899085613e-03
1.159447172044644731e+03 3.708022479210825395e+02 8.884714010376921697e-03 1.031352625410129377e-02
2.809051050228154054e+02 4.457126810308228642e+02 7.192259735342808324e-02 2.742589014922268698e-01
1.024681087456026717e+03 2.617846015985767849e+02 -8.941808336538827062e-03 6.015833182588456451e-03
3.452293568139915578e+02 1.091871514618174842e+03 -8.491317935216435072e-04 4.172374146341918388e-01
1.265696743082357671e+03 2.602520102572592009e+02 -1.542522951025927271e-02 -6.027868880562324040e-03
6.555807444747742920e+02 1.086177181651913770e+03 1.056076053747247948e-03 3.013815979795596203e-04
5.601794326670940336e+02 3.950005969873600407e+02 -7.312943606243967054e-03 8.252968852896782129e-03
1.010625308052392143e+03 1.693193976277035233e+02 1.564880486733110851e-02 -6.188325917090375244e-02
1.130171417296846585e+03 2.090843059966368003e+02 1.445777908114644419e-02 -1.813745567712637952e-02
2.172151661081259704e+02 7.650089721761989949e+02 6.067528229038998688e-04 -5.697695616887168968e-03
1.127542396762537237e+03 2.624619966656706538e+02 -4.269858100956816505e-01 -7.197020005082439831e-02
2.390024032552654774e+02 7.620738313132187614e+02 1.172507318643417618e-02 -5.940387662762267040e-03
1.117619660309669825e+03 1.806746228079175864e+02 8.480544943806829494e-02 2.534197913850376460e-02
1.099577452053099023e+03 2.420542733862670275e+02 -2.270773304400277789e-02 2.204765958431960382e-02
1.181304977951488809e+03 2.119420153249931218e+02 -6.938949157432547929e-04 -1.926635913477103531e-03
1.238443975354750364e+03 3.039221300399827896e+02 3.090606458767686804e-01 -1.688961108305250536e-01
3.335928642130009507e+02 9.343995347394184137e+02 1.797749707538046360e-01 5.048427592694596511e-01
9.330488945367258111e+02 8.993157953815435803e+02 2.744782519013063554e-02 1.264572611347546810e-02
2.520557571042418772e+02 3.422390729782093786e+02 5.854886828368698060e-02 2.051777513724122037e-01
2.804028126128417284e+02 6.600141264779928179e+02 1.350073856600984834e-02 4.857327518827855503e-03
2.697887197236250927e+02 3.749796206881049443e+02 1.012690167699593080e-01 4.548892389916545653e-01
1.096328550504429813e+03 1.680084180481312615e+02 5.672124987958485076e-02 5.545988064927533101e-02
1.124277995714782037e+03 2.932879224101221780e+02 1.429993766304582248e-01 2.818632870315904149e-01
1.170723461005342415e+03 2.332283200030695980e+02 -1.530888505961832758e-03 -3.143094363676396646e-03
3.309640010195753916e+02 1.023686415160028560e+03 9.023383165225933034e-02 4.561323114771451692e-01
1.090278277209191629e+03 1.783298436395735962e+02 -1.225425235197735163e-01 -1.293701673479808467e-01
2.567794101047099389e+02 3.380743749385380852e+02 4.328255576669336191e-02 1.952166529527494532e-01
2.915771267331606964e+02 4.510386764026378614e+02 4.910405451796397841e-02 1.910158247139011611e-01
2.142610880032158605e+02 6.480963792750799257e+02 -2.172143390548339492e-01 2.326446197065558108e-01
2.067844392028811171e+02 7.250446762803585443e+02 8.020375732891609974e-03 1.718494130208081741e-02
1.019976417635385815e+03 8.063152657046953209e+02 -2.562896533904091998e-04 4.286954096432784331e-04
6.531351596804117889e+02 1.079201873141677424e+03 -3.790496668716063829e-03 -2.297092172347274183e-02
6.101864778611646898e+02 4.214845414847052325e+02 -4.056788108829492007e-02 -4.588863189394375066e-04
1.046106993655195083e+03 2.239864009609347022e+02 1.020098164889586198e-02 -1.663579113710905721e-02
2.063277475786362913e+02 5.827485588947153019e+02 4.870508595807804264e-02 -3.255761007897069459e-01
1.044554474802649338e+03 8.510908828449503289e+02 -2.288408206314301602e-03 -5.563546416992451796e-03
3.952894681615921399e+02 1.093973836298093147e+03 1.454349727958536842e-01 3.120853348140403272e-01
4.936383132079783991e+02 4.545233378119637564e+02 1.239737448833517965e-03 -7.448817295576956946e-04
1.160125542015261544e+03 2.543462678843304445e+02 -2.673841068638304827e-02 -2.706122880686148355e-02
7.252927397769275331e+01 3.166405863755266523e+02 5.312426921612641538e-03 3.457644698037616810e-04
5.823349812863282295e+02 3.913355244689035430e+02 -1.515234812907553102e-02 -1.408185918682258210e-02
5.196903390914939109e+02 4.234812582919175270e+02 -3.591931699527929969e-03 -1.508934914603559697e-02
2.028244888173055642e+02 5.592259434177989306e+02 -1.197347379273678847e-01 -4.587243984499512206e-01
2.825839140852353921e+02 6.808941448270470573e+02 -7.002840393544383472e-03 -1.023285741135479543e-02
3.187637798722154230e+02 5.670346439008518473e+02 -4.613513724653685874e-04 -5.099293839193570939e-03
2.635152635515484576e+02 4.729143798874235927e+02 2.778692582983194673e-02 -2.638067404193097376e-01
5.038942324929942060e+02 4.900987555984648907e+02 -2.129453360553124411e-02 -2.515784967331939972e-02
9.312183583086084582e+02 1.906751560212337608e+02 1.106992879681343959e-02 1.429955091904703580e-02
1.173347830251424739e+03 3.476593881878856678e+02 2.635477222580934198e-01 2.639624692877343692e-01
1.153001409393304129e+03 2.535715887257972270e+02 7.124483455930716302e-02 4.892852332588151082e-02
1.172112533023261676e+03 2.044368204543627030e+02 3.446703603159707863e-02 -1.583856231482909036e-02
1.179596055445001411e+03 2.593892207882161642e+02 -5.870804724659903565e-03 -1.594021801515106609e-03
2.676272136785911471e+02 6.453707723707673267e+02 8.631582815013697863e-04 5.054786002460787131e-03
2.721665948621779307e+02 4.209003158396188269e+02 8.863961413399212841e-02 3.279751627764737054e-01
1.055310897821357230e+03 1.858451949334002222e+02 -1.066449931315561345e-01 -9.267900985029420280e-02
1.005514768422495763e+03 2.473950212389948433e+02 1.888567706118289558e-02 1.654572360770643208e-02
1.061437954455838735e+03 2.653606072682641752e+02 -7.099697567800695996e-02 -2.355881117512993173e-01
2.937220271022285374e+02 5.754798727709977584e+02 2.112122402070382848e-02 3.877479686455901353e-01
1.145089188100519323e+03 3.548942859060356341e+02 3.543088928516694748e-03 -9.896596012881087381e-03
2.589978371009793250e+02 3.283729529993839265e+02 6.207290612419293085e-02 1.919238961034117341e-01
2.188447474213344890e+02 5.317102622901422819e+02 1.011718873542825740e-02 1.208468399219967022e-02
1.129519591106262396e+03 2.281719578186189210e+02 -1.348043150520731280e-02 7.194382696346589799e-03
1.038130807730756715e+03 2.780869601041209194e+02 -3.427328333069309865e-03 2.662863931778467873e-03
1.007044657799375727e+03 1.651222911437598384e+02 -3.281516732128877956e-02 3.263066911221085796e-03
1.314046929948152638e+03 3.538981798137458554e+02 4.019941605790858796e-01 -7.859741321445115614e-02
1.050117731210585816e+03 2.819039392221152980e+02 5.837522246700714047e-03 1.263547656481135793e-03
3.245737464379174071e+02 9.410709189187181209e+02 2.469401692772448254e-01 4.591722877687977600e-01
2.570988617669214022e+02 4.340804720852034961e+02 -8.297807979097950037e-02 -2.982276649124921963e-01
1.056806810715412439e+03 2.539705604528302842e+02 -5.636081926328449093e-02 -2.681533054206189370e-01
1.108570892654023055e+03 3.003873430030058103e+02 -1.847257398021453501e-01 -1.931598816454650203e-01
1.013916817311050295e+03 2.597469416201707304e+02 4.046246616097743873e-03 -1.357704538074891963e-02
2.472350818152189618e+02 7.241170624186845544e+02 -4.223536710442192879e-03 -1.257860426926301787e-03
2.665864328192235462e+02 4.178037223272318101e+02 7.712520021530874792e-02 3.541420053037674931e-01
7.861401400637835195e+02 4.088688911491609588e+02 -5.622633706275112324e-03 1.512307777014340604e-02
5.094392972049321884e+02 4.518717861120462658e+02 1.022209178325954489e-02 4.073048908022127226e-03
1.214819968791757447e+03 2.243537973222827588e+02 1.505377499369396806e-02 1.528074174492339340e-03
7.435506199165841963e+02 9.635708021199324094e+02 4.308818295757786167e-03 -3.182249016183302370e-03
2.015881358129177272e+02 5.840984494199432220e+02 9.076128058994596681e-02 -2.800206897318523458e-01
1.314527560329062510e+02 4.418334406938865868e+02 1.965601909319197038e-01 2.937856919604205364e-01
1.986293516543740338e+02 5.662478481857759789e+02 -1.093578497516273784e-01 -5.043763544397437126e-01
2.310384110177811863e+02 7.761123064882206108e+02 6.412528572565348237e-03 7.717283513264390320e-03
2.695357772986371856e+02 3.974046110323332641e+02 7.716607877375961100e-02 3.526886405184204709e-01
1.093790271797164678e+03 2.019354936446405304e+02 -2.729028742778879732e-03 4.955043509422727647e-04
1.964094468429354663e+02 5.147572254280968309e+02 -1.562783443740941094e-02 -2.500645152952974890e-02
2.230793719652477876e+02 7.216902604078742343e+02 -4.232880194441386232e-03 -2.734791052788939757e-04
2.527971475926682672e+02 3.282765728778505832e+02 5.377660397532942060e-02 2.041193230916437396e-01
1.104063476017582843e+03 1.902771977756977151e+02 1.499037064881018622e-01 1.075392976054550392e-01
2.170319126698199454e+02 6.021425311004992409e+02 1.585007454291723350e-01 -2.974355275017693812e-01
1.020553169581194766e+03 8.667592963778004105e+02 1.344343573954223658e-02 -2.298837330353407146e-03
1.084318978230056928e+03 2.047134787816977450e+02 -5.231351702561125999e-02 1.807631856347426402e-01
1.032975619004725786e+03 2.146054038608676251e+02 3.025895605699021051e-01 2.168909198955894790e-01
1.014396816706726895e+03 2.405933887587248705e+02 -3.168397385981716087e-03 -6.221187160594265214e-02
2.329750006247771239e+02 6.262990158063279296e+02 -1.824463423083746982e-01 1.787620643686944066e-01
3.606241683165986274e+02 1.034638121048467156e+03 1.723484130534427561e-01 3.920494525800643504e-01
1.033556245114425565e+03 2.731024020212737469e+02 -4.895508413582238573e-03 -3.520167553445092425e-04
3.143816145416877816e+02 9.817824388986629174e+02 1.654375002858310684e-01 4.111667756926883355e-01
4.925521242953581122e+02 4.745054975174155061e+02 -1.482323788516371572e-03 -9.373774649898539146e-03
2.995818607832674161e+02 6.534728816938970795e+02 4.435613079565563048e-03 -6.798344356793272446e-03
1.205617621526081848e+03 2.429593931708798209e+02 -7.168988222294483655e-04 2.234885299371865228e-03
1.193004623275485528e+03 2.515499731811219704e+02 3.535308840593985504e-03 -2.201520169456380738e-02
1.069526374325673714e+03 2.178832242751292085e+02 2.632039331159614914e-02 3.305587518244096096e-03
1.104881797613173376e+03 2.707350131866575680e+02 1.755563973460363691e-01 3.296965879177704561e-01
2.548552232795210557e+02 5.290540358783334796e+02 1.072136886885107915e-01 -2.758070826967306752e-02
2.496407240628172417e+02 5.929783853907932780e+02 -1.781095787340693237e-01 3.328396823861107801e-01
3.066072219766436433e+02 5.293017621348400326e+02 1.288828133080849184e-03 -2.569651908485488280e-03
5.400242531346938222e+02 4.246278983693491114e+02 1.672445147805054055e-03 -1.538938510525395507e-03
1.104976369450403354e+03 2.261127372761173149e+02 5.659442354144315207e-02 4.954989150563575417e-03
1.047645963729729601e+03 2.686556038160078970e+02 -1.748308270425740982e-02 4.057232172017551097e-02
3.315643798507937277e+02 9.675166661695614039e+02 1.708563538243703939e-01 4.666246874298567993e-01
5.932434097773078747e+02 4.573806600857250828e+02 -1.622358496243771556e-02 -1.409088237125215044e-03
1.125809954437673696e+03 1.497814522487186082e+02 -1.777930559650359524e-02 4.428151935409029710e-02
1.106036639350096948e+03 1.700302349693808424e+02 7.051194184997608590e-03 8.343510000759883638e-02
1.140218112364847457e+03 2.028877479410689659e+02 1.413407542029312784e-02 -7.560559790798966617e-02
2.415190313047745292e+02 3.222389608494002005e+02 6.905937939461412323e-02 2.185587697228808246e-01
1.213935600679195204e+03 3.291688201176159509e+02 3.711038364670565803e-01 1.582787951951850625e-01
2.136219755424923221e+02 6.006444084101749468e+02 1.797170717813848517e-01 -3.048036560353095115e-01
2.500770413184366987e+02 6.918587854346023960e+02 8.115608003693057862e-03 1.470647082604581608e-02
2.131193681456660727e+02 6.137100374220705135e+02 1.668202692083250449e-01 -2.947348326239003780e-01
5.140881062720129648e+02 4.939262939473836127e+02 -3.102096886332579920e-02 1.385204552473124316e-02
5.487723763566647222e+02 4.587129454270415181e+02 7.505817670722301181e-04 -6.058496607016031210e-03
3.261294598732861232e+02 5.035112077187543491e+02 3.887984544255484315e-02 -1.659111533358678670e-02
2.558705418449154649e+02 7.459427487293235117e+02 -1.607225393853986550e-02 6.621494367551565910e-03
1.069281658414086451e+03 2.937454899199716465e+02 -3.376936078376333583e-01 -2.972409886625678177e-01
2.662840555698694516e+02 6.232843643180477784e+02 9.414284664516533573e-04 1.428471341072472950e-02
1.183746177220762775e+03 1.659756202360610757e+02 2.594525619443710605e-03 -8.190871435829194525e-04
1.050817749140866908e+03 2.607235283805403583e+02 -4.853582402689642084e-02 -2.450297755435741076e-01
2.164054339928445927e+02 6.229801191342252196e+02 1.285447506497350290e-01 -3.047711792919606810e-01
2.505930282043283910e+02 3.631442574363537119e+02 7.334070136535542073e-02 2.510214764412256327e-01
9.510428441508267952e+02 8.941451021325634656e+02 -3.513129347418000870e-02 1.632849462647403826e-02
2.104914338090991919e+02 6.202722507841707511e+02 1.645570015474822623e-01 -2.736855722528128143e-01
3.422937395888181413e+02 1.080700405296160852e+03 3.523064826591205956e-02 2.993160898527881808e-01
5.026967112667480819e+02 4.393993708454534612e+02 -3.805352154690898672e-03 -4.064323446169906253e-04
1.112674446185277930e+03 1.612115153685503515e+02 1.628159299569026386e-02 7.863596951961281112e-02
1.120934573074675200e+03 1.923279745195600299e+02 1.331577115636534414e-01 7.664842930861796855e-02
1.137138139910536893e+03 3.401343089458891313e+02 5.748664983646602222e-02 -1.372709354410691918e-01
1.156016649228511596e+03 3.949258985465876322e+02 -9.645876834840669961e-03 -3.348012153111594186e-03
2.766904345136168786e+02 5.857723049200899368e+02 -6.115283338630881499e-02 3.811817315242786997e-01
1.043717175060457748e+03 1.650740803595492139e+02 -2.675467809591408185e-03 6.947251890923638457e-03
9.990605857399425531e+02 8.336751622723518267e+02 -3.682329184842652280e-03 5.101573794439054560e-04
8.913272979722477203e+02 9.329101094911158043e+02 1.699081316032653949e-04 -2.734569630878341926e-04
2.061297331678039200e+02 6.077527557365494886e+02 1.861168332233179012e-01 -2.965937212710300641e-01
5.588172389816409122e+02 4.143233193924924080e+02 -6.935687628251708745e-03 1.770788614650954662e-02
1.077668797178845807e+03 1.787122247331575409e+02 8.757332876276260891e-02 1.430431792705500749e-01
1.297577113301408644e+03 3.351956309815754480e+02 2.495601494965852818e-01 3.740988805923065735e-02
2.549670327181868288e+02 3.123083723920938723e+02 3.766517382404100528e-02 1.991422304247959241e-01
2.471903439699090086e+02 3.476834034590308988e+02 6.166056803885403004e-02 2.267920481420902523e-01
5.230591946306004729e+02 4.599607360295475473e+02 3.433088304113385020e-04 -2.650271453996475013e-03
2.042147444247476642e+02 7.091490264496313785e+02 8.524320186084385909e-03 1.096514436369714143e-02
1.017067940890408750e+03 1.760552128371004130e+02 2.259858799738419157e-03 -2.846108569119926070e-03
1.057413981089302979e+03 3.024100690070807786e+02 -9.446716737417350240e-03 1.398632665117900513e-02
1.155136149713435316e+03 2.233100056563909277e+02 -1.519872855871680882e-02 -4.674644998615326563e-02
2.015559123819774925e+02 7.018563550651656442e+02 7.934860913265014137e-04 -1.733087355101941806e-05
1.159887333863197910e+03 1.916978927162534774e+02 1.551819934740598234e-02 -3.723295008420068625e-03
2.466557952639896882e+02 3.134926021499460376e+02 3.942820780788890839e-02 2.270500436815830192e-01
5.174604829622438729e+02 4.651469442676416293e+02 -3.729868028932458324e-03 -4.637142701787833055e-02
3.222858791953800619e+02 5.164867629875716375e+02 4.427386822064615333e-03 -4.368601266882665875e-03
1.036436588431113250e+03 2.976336821196293840e+02 -1.062103903754321819e-03 7.878495308699090928e-04
1.154177742240450925e+03 2.107241043074269555e+02 1.837312045514444877e-03 2.229924570329613540e-02
1.192566254938811426e+03 3.069084985783851494e+02 5.172783730798407031e-01 2.815258541843968509e-01
3.096573298402922774e+02 6.192993807878511916e+02 3.870916024713398282e-03 9.562985251661059588e-03
2.546934120193677700e+02 4.069550093253170644e+02 4.920005885393907707e-02 3.649692274280780802e-01
1.031055283955744017e+03 1.978774469004755474e+02 -1.674760034087613772e-02 9.975645443856251404e-02
1.119646947691478772e+03 1.817380574783749125e+02 -2.036035165038621933e-02 1.414464131247113697e-02
1.221075845373862165e+02 4.330478079496620580e+02 1.913373672865654185e-01 2.730451367006442309e-01
1.390786256859208549e+02 3.986760732537968579e+02 -7.890224781755869610e-03 -1.187792166092605656e-02
1.123607958330150268e+03 1.650713557923438373e+02 -9.421544694924425742e-03 -9.935297125243023469e-03
5.331042907910056101e+02 4.294925576390025981e+02 3.801737105021348040e-02 -4.872230148984472292e-02
2.635457089410389813e+02 4.495035942739500001e+02 -3.494974315810850385e-02 -3.091592968669109598e-01
1.092683203041085108e+03 1.857035066567489707e+02 1.868724858579167980e-01 2.728762646969029593e-01
1.179366921100054014e+03 2.361605983649282337e+02 -1.925386968169543259e-02 -3.052315692692622595e-02
1.082923951953785490e+03 2.722862449582926843e+02 1.714006815642157011e-01 1.818948602686818461e-01
2.465795303024680720e+02 6.040806098348366504e+02 -8.550269622041765938e-02 1.726327055969047453e-01
2.915457392352296324e+02 4.788551118861388431e+02 6.458031845599436493e-02 2.721955765609165301e-01
1.160314301052512519e+03 3.192500147830317019e+02 1.637975227401583800e-01 8.379450428903999215e-02
2.543912213829410405e+02 7.101883550282536817e+02 -2.947096200188352184e-03 -1.967708453393432044e-04
7.846536131423401912e+02 9.552564911700937955e+02 -4.370992200939767731e-04 1.201305655971025670e-02
1.110458209621035166e+03 2.205448336971068954e+02 5.070309983760144107e-02 2.295683190811111107e-02
1.313710064284584007e+02 3.894514682626194713e+02 1.064647907294937260e-03 1.186508672996148227e-02
1.125790763921042526e+03 2.388315951109292712e+02 3.817776744519037722e-03 9.584142394952364918e-02
2.593529548335048958e+02 7.180205690071769595e+02 -5.697346836647135954e-03 1.146275221095484180e-02
1.054996075254940479e+03 2.085607501458246418e+02 6.320778582374547878e-03 -3.825137606209844197e-03
1.102007638655959681e+03 2.806247432121154475e+02 1.875729539085231046e-01 2.975565658922010304e-01
1.993103486969402525e+02 6.392548244535281583e+02 1.258042742784537538e-01 -3.361987361127934393e-01
1.149494000329542587e+03 3.003581722347399818e+02 3.111924183773554509e-01 1.278733906418749733e-01
1.075823385986980384e+03 1.879512001173820863e+02 1.219201324839483125e-01 2.213804751496441237e-01
7.121757141642822262e+02 4.194819011567199709e+02 4.776156834368003312e-02 -4.504973561617841432e-02
7.693599188604497385e+02 9.563673954406915527e+02 -7.029396669345755726e-04 -1.221808276186898664e-03
1.047682276613315935e+03 2.311445416468042708e+02 2.484108088410563742e-01 2.220339418817475485e-01
1.180951489319361372e+03 2.028004334604362384e+02 -3.649805420106738783e-03 -1.822728667568297711e-02
1.235039670371631018e+03 2.822931337613440519e+02 1.075550834155653175e-03 -1.549404866136120523e-02
1.064571359656468530e+03 2.042804100707005546e+02 -9.150451871581179175e-02 1.789369410323491949e-01
2.204498729623459212e+02 7.438030014991301186e+02 4.147068022752922745e-02 4.410966667713673434e-02
1.066183298489719391e+03 2.802094893848893093e+02 -1.466768247448118623e-01 -2.898466580610667420e-01
1.023955711610536582e+03 1.614373938651207538e+02 3.654338789303689800e-02 -3.346196832310234515e-02
1.061338505126033397e+03 2.871277112471101987e+02 -1.815649639943758553e-01 -2.961833725170231468e-01
1.046186320394859877e+03 2.580186409368694171e+02 -2.359239130699352857e-02 1.683002895353036613e-02
1.286507048651292962e+03 3.024216463089528020e+02 1.887741914297015600e-02 -2.262842985571612148e-02
9.763782371934044022e+02 1.724901152901097134e+02 4.064532916072259756e-03 -3.631317901577670038e-02
1.172453222787333516e+03 2.123624659210081518e+02 -1.987547296440641056e-02 1.428740208656957208e-02
3.717829263622579106e+02 1.089112254020890305e+03 2.454612312385389544e-02 5.883429182020608605e-01
1.125874704371126143e+02 4.183022542502052943e+02 1.712390827531563575e-01 2.370329626097546494e-01
1.011866879200030780e+03 2.328746446759752473e+02 3.136417192151137734e-02 -4.122703859788236919e-02
1.272151052831854031e+03 2.982766680741811456e+02 2.867935278632490273e-02 -5.641766117015380340e-03
1.300187059152670145e+03 3.271372380076945774e+02 2.562818250836398914e-01 2.773271906351890484e-02
2.657272266315378033e+02 5.587751511420919996e+02 -9.103843503037577223e-02 3.467134567298444381e-01
5.346492559487227254e+02 4.893618847272276184e+02 -6.244493336953138400e-03 -1.068732544043695526e-02
8.281750008201366597e+01 3.465044856598017304e+02 1.047013884132127820e-03 -2.951389160184564840e-03
5.456838476704733694e+02 4.243922574244247130e+02 8.523992525870749057e-03 -2.216502712023392038e-02
1.024928639678026229e+03 1.687695342075220992e+02 4.383456068368919017e-02 -6.811778000852398984e-02
3.785392995700308347e+02 1.083755577844022810e+03 1.116926283213008457e-02 3.217026467923710387e-01
1.372517276912661259e+02 3.910219816201372964e+02 2.686746993930455574e-03 1.044315788499644744e-02
1.171493728864988043e+03 1.852468733116579074e+02 4.256969254975098010e-02 -3.502232185213943055e-02
2.585785419068216129e+02 4.068548588254174092e+02 5.829793426696189967e-02 3.480715657807131880e-01
2.613247340122861146e+02 4.188882335348724837e+02 5.859251422482068122e-02 3.362342963248317051e-01
5.586079285914059938e+02 4.810654465319270798e+02 -5.309776091476434146e-02 -9.405625069553800576e-04
2.351600455112432257e+02 3.073021340881002175e+02 2.795441996069003912e-02 1.961236100111214964e-01
2.459025841832239507e+02 3.564852927544739600e+02 4.021971485484619052e-02 2.412363440013778615e-01
2.568181573343205173e+02 6.998867607503665340e+02 1.340327610603449585e-02 -6.432891622516397415e-03
1.747802892409822562e+02 5.069498221835823415e+02 1.793761820305172505e-01 3.333424533758376773e-01
1.802092350326493033e+02 6.081186827194294438e+02 1.015501388874974764e-01 -2.804354306835111776e-01
1.153945927362698058e+03 1.804942438283477202e+02 4.596414113927548006e-02 -2.979987410221637475e-02
1.157084047396604319e+03 1.976061813008939225e+02 1.100809490793942802e-02 -1.401474652232616996e-02
2.706117265748385421e+02 6.276157723124091490e+02 1.891114637351165497e-03 2.290335539654038410e-02
1.051937805081721081e+03 2.995682301734798330e+02 7.917687441065589943e-03 -9.332370922508170102e-03
2.634869916859290129e+02 3.395170685129503454e+02 5.597462323148907903e-02 2.048698376703927959e-01
2.649309528948537604e+02 3.505309039430531470e+02 5.020203434084950789e-02 1.982594352637181978e-01
1.163559256608711507e+02 4.395769823741143227e+02 1.617135092608598668e-01 2.751076437323427548e-01
1.124936229121467932e+03 2.099042854394381266e+02 2.342718416183556945e-02 4.341149553156643630e-03
1.179986814437079374e+03 2.247551835283820481e+02 5.164688475495123055e-03 6.610911501993939170e-03
1.155750959124696010e+03 3.386579083486913646e+02 3.429696897376288689e-01 -3.175568379207169972e-02
1.913009319287872074e+02 6.390212042088130602e+02 1.191177380075583575e-01 -3.054521292190188198e-01
2.514463556268201501e+02 2.998635060051509527e+02 4.315781930910309733e-02 1.569870963704940448e-01
5.057008275747111838e+02 4.650776689114273950e+02 -2.504380875220100708e-02 -1.529253392412938117e-02
1.154203978029248447e+03 1.458579548134060531e+02 2.521300568794708485e-02 7.573130563551339241e-03
2.887087491497657652e+02 6.659084842293383417e+02 1.064917996944252793e-02 -4.232487255411977213e-03
1.112723852767532208e+03 1.927843160787463432e+02 1.274108564093694440e-01 9.074296811051013600e-02
1.987173414657413275e+02 6.194744972248228123e+02 2.784218949354719252e-01 -3.848466809476579487e-01
2.287271173579370611e+02 3.098256689085739026e+02 -6.946629092022901797e-02 -2.852519260122635125e-01
1.117034209242945280e+03 1.688056026976057638e+02 1.660034236170144714e-02 1.477802154099094878e-02
1.083224862950024090e+03 1.687240194117637486e+02 1.381790789044669565e-01 2.165870476164525882e-01
2.661534544599734886e+02 4.257348147761180712e+02 9.232171027179447709e-02 3.320475389217752427e-01
1.044372237742736161e+03 2.357207264780604703e+02 2.829023809974842152e-01 2.409340469529737128e-01
1.266200258495985963e+03 2.035242851655333425e+02 4.321197383963711232e-03 -5.801231500288774393e-03
2.610084272140265398e+02 6.685590043320285076e+02 8.095266995549839015e-03 2.520662702854982104e-02
1.006707990649442081e+03 2.254151650095233208e+02 -1.120886480667170754e-03 6.100339753689201089e-03
1.084237999617795595e+03 2.968987570569529453e+02 5.728924250095317194e-02 1.043478996154322963e-01
3.162900930663470263e+02 5.193392899882092024e+02 -3.500627275601402022e-02 9.144111223425992890e-03
1.005186625261095969e+03 2.026175060212122503e+02 -1.759704215722534548e-01 -2.042017332883033220e-01
1.138455208095426997e+03 2.840693857240799503e+02 -2.276104920179645996e-02 4.474033364747215941e-02
2.391121745706641661e+02 7.101331937719268126e+02 5.160462428737863346e-04 -2.265067955219932094e-02
3.067832217792361007e+02 1.052430104148691498e+03 6.308219299729780905e-02 4.649100176910320736e-01
3.918849258157073336e+02 1.074277887486471172e+03 5.024909497726047780e-01 5.941645813745894955e-01
1.087324559004215189e+03 2.233399272136787488e+02 -7.916648079429616791e-02 9.423413560222629326e-02
2.881045519229442107e+02 9.797504846917030363e+02 9.341209054025353953e-02 4.454981848885716245e-01
1.149520249666400787e+03 2.078713452754536490e+02 -2.533542294204508584e-03 -8.144672830861079743e-04
1.902833378211092281e+02 6.520832724880922342e+02 7.532157497314082018e-02 -3.278483716863093145e-01
1.104971777189932027e+03 2.555374973276835817e+02 -2.488763491110609904e-01 -8.767249110178536309e-02
2.916479738142449492e+02 4.591203654389417466e+02 3.856575094603777176e-02 2.820169633670601139e-01
1.138865211750432309e+03 1.864959053741714570e+02 1.757102211735767083e-02 2.248305390462044129e-03
1.123640549096991663e+03 3.412840984255120702e+02 -4.512136540543268057e-03 7.749886692044868561e-03
1.283906546030677646e+03 3.424344129297685413e+02 1.578603294620706948e-02 -7.618205095175979713e-02
1.152007083497103849e+03 2.169721841609865010e+02 1.385188330708271021e-01 -5.942639020648501913e-02
1.164867323578561354e+03 2.412662936316933155e+02 5.756063568470849712e-02 5.024356973490973904e-02
1.267401245991841961e+03 3.454573178589928943e+02 3.274038429738876377e-01 -8.319117223534834571e-02
9.309317030959258545e+02 8.837461179572043193e+02 -1.478373047887709436e-02 -9.806624975520993742e-03
1.759606729701701795e+02 4.818384726214047760e+02 1.634614426555528466e-01 2.816766601040774920e-01
2.198547222365129699e+02 7.156708797435467204e+02 -1.444749185391086717e-02 3.229208387785127699e-02
1.076854492554630042e+03 2.609615756597331142e+02 2.807593831148658126e-01 2.333663204094489352e-01
3.238416109042368021e+02 1.040280639378335309e+03 1.118813929143147867e-01 4.112429119501166963e-01
9.940359881882227455e+02 1.758985568812576332e+02 8.197982686555949083e-02 1.329422321761631054e-01
3.365499604206456752e+02 1.049174842115123283e+03 4.306764447215432473e-02 2.885391549015139390e-01
1.269747484049067680e+03 2.559340049725205404e+02 -4.307569714858457827e-03 8.402914078479424391e-04
1.164677709166703607e+03 3.496479769779272146e+02 2.080818875641346211e-01 3.709098632692804376e-01
2.641047108732154243e+02 3.863501161282379144e+02 7.694112676285934371e-02 3.149801438611897764e-01
5.920427772271385720e+02 4.787457503594109767e+02 -1.485652714995921997e-02 8.811826566301305796e-04
2.472658959572251263e+02 7.305298158150275185e+02 -1.276079569128777801e-03 -1.701212219544648643e-02
2.417820759902383543e+02 3.029896945951351199e+02 5.339341655119572011e-02 1.920219307745245907e-01
9.942080803784981526e+02 2.190006393158747073e+02 1.240481786926003749e-02 -6.772395617309809020e-04
1.082756501835017389e+03 3.099749488761896146e+02 -2.971213375551307045e-01 -5.248367926075572787e-02
8.346619583523266783e+01 3.381690803341908804e+02 9.715665954884326189e-03 -3.809061968968706900e-04
1.096755630775284772e+03 2.477556392691388680e+02 -3.064973233270912919e-03 1.818619629149204747e-02
1.100849320471838610e+03 3.015604152675035721e+02 -5.710577166263419713e-02 -3.181325205397809996e-02
1.147287763034773207e+03 2.656226393806141459e+02 -1.433145488249871514e-02 3.186161127591243675e-02
4.679199620389088636e+02 4.565816240253507203e+02 1.003061165301294931e-02 -2.642296912264638104e-03
2.693948628985958180e+02 5.493741477031784370e+02 -7.535381939825769315e-02 3.092386039205766157e-01
1.076643686633497282e+03 1.654287244434496529e+02 2.096898981814929175e-01 2.052884401704558603e-01
1.691058468146459290e+02 4.851738168326264713e+02 1.838028206934007036e-01 2.726968767948764194e-01
1.089764179082529381e+03 1.965198726501582769e+02 -2.377003318498264323e-02 1.676495180241856231e-01
1.117918816693340204e+03 2.037294416808492485e+02 1.442540365559241179e-02 -1.964832761318152099e-01
1.170282237018490150e+03 1.720461298802596275e+02 5.908490198523805650e-03 -9.940606872918039336e-03
1.796067098497246661e+02 5.027795247553122522e+02 1.211140733507153344e-01 3.645099348425048791e-01
1.025998489916618155e+03 2.425898283984235491e+02 -3.794724389945258562e-03 -7.243964272207676844e-03
2.958803065103331278e+02 4.876623227972894483e+02 1.084325307464500954e-01 3.957642329661172353e-01
5.354332437389697361e+02 4.385861193024834961e+02 -1.046393927819680089e-02 -3.039222230053062815e-02
1.027421720915006745e+03 1.845137279553124756e+02 8.124424760984655380e-03 1.832963067805598589e-02
1.141385248520094137e+03 2.417981344871839724e+02 5.107238393075207855e-02 -9.137563344176080626e-02
1.038069208838358691e+03 1.733647842095414831e+02 1.175147559093640305e-02 -4.374433387411080787e-02
1.146580055250397891e+03 2.939564413077875429e+02 5.520424012575327888e-01 4.340457343606492907e-02
2.848294357892576159e+02 4.534552105733040435e+02 2.970386378201704189e-02 2.408644981759585912e-01
1.197640766900165090e+03 2.298802290190326403e+02 5.748163315105402418e-03 -3.576626610050967058e-04
1.130398241555662253e+03 3.192532048936884621e+02 -2.018433658934922492e-01 -9.626440806412336904e-02
1.076513518293947982e+03 3.085993582029661297e+02 -4.011649039021785712e-01 -2.614959808207352743e-01
1.279040606923262203e+03 3.551999908697587216e+02 -6.091077764800877786e-02 1.055434408888824838e-01
2.426246147255775440e+02 7.056929479442314914e+02 1.860892507381876155e-03 3.534490884921188351e-03
1.308823074965619298e+03 3.468482323958373854e+02 4.079725457869547989e-01 -1.298734359415258666e-01
8.115407440668265053e+02 4.060126028222862260e+02 1.507858121205820495e-02 5.799210480182120583e-03
9.958118061335683251e+02 1.821143263986829481e+02 1.180604518293752042e-01 2.028991855217667506e-01
1.163319798836123482e+03 3.763195525865786522e+02 -3.296625346245140448e-02 8.015179113696226099e-02
1.008133023732325881e+02 3.855917447784959791e+02 2.542899183410256003e-01 2.643904993267898740e-01
1.068590458730495584e+03 1.831366321009327294e+02 2.628430938216297363e-02 -2.270533410396862600e-02
1.117632098019822479e+03 2.540945849026598466e+02 -8.151493470144974274e-02 -9.697731395134707999e-02
1.201834506928302062e+03 2.255509903682381889e+02 3.859903640870978279e-03 1.684905265262894546e-04
1.264897397559703904e+03 3.197724213497392043e+02 5.265711970148300169e-01 2.895678870022281789e-02
1.165049225856835392e+03 1.841609447939985671e+02 -2.186173612093019261e-02 5.910796718653714421e-02
1.256802346899724398e+03 2.664675739578814841e+02 1.038607115238586870e-01 -3.048466732728749018e-01
1.235725656774425943e+03 1.325484263149194817e+02 -7.237204590698704913e-03 8.167959797693894256e-03
1.111023943087875750e+03 1.760254488520629934e+02 -6.881219597899530804e-02 8.665817381795407059e-02
1.177342396383999358e+03 2.478535848477611978e+02 2.024729656761792285e-02 -3.221475193771396878e-02
1.871706857358955745e+02 6.317740218897477007e+02 2.515419238106076927e-01 -4.655568383018447998e-01
2.254952229715679834e+02 7.421440183600481078e+02 2.478842083991707884e-02 1.357190836046129334e-02
7.727391114958788876e+01 3.180889848232942541e+02 1.598923066817930713e-02 1.007768782609038023e-02
1.249376164445159020e+03 3.343897197706349971e+02 1.532335919851751382e-01 1.275576959356470030e-01
1.844982771699627619e+02 6.500620273117745000e+02 7.891773281034648868e-02 -3.539549477955210577e-01
2.006903426310017835e+02 7.183167556356086152e+02 4.527638031455566425e-02 4.494259861284122942e-02
3.132009634670088758e+02 1.051448757885178793e+03 8.470566365965390143e-02 4.897321299614211254e-01
2.443181728440766562e+02 5.321174983789354656e+02 1.248239895804353601e-03 1.131365950249119123e-02
5.058665768431522451e+02 4.527960226290036871e+02 -2.668961715323504066e-03 2.208316233604011233e-02
1.147608947092253629e+03 1.417213679470555689e+02 2.270577996662986528e-02 -9.296579992548004157e-02
1.064242213344233733e+03 1.932381096874308355e+02 4.797585173135401893e-03 -1.912447450302957527e-02
2.850148930271529935e+02 4.858988540935140463e+02 3.528701418434820880e-02 3.055988306548884648e-01
1.014957931230054669e+03 2.523257471715335782e+02 -3.278100155783805389e-04 1.501207509814545676e-02
1.164924541541514145e+03 1.553681225249909232e+02 -6.384231616544235131e-04 -8.492307489313333235e-02
1.257299860343895944e+03 3.012330770482542448e+02 -5.866018614547859750e-02 7.418121009131873819e-03
1.069858255823258105e+03 2.011910456114413250e+02 -3.983599921979086300e-02 -1.904925379831703403e-01
1.168619655618643264e+03 2.167194548920861052e+02 -6.522992062864432783e-02 8.309817571205582731e-02
1.204131881987050974e+03 2.145989913876828155e+02 -8.217472355428460939e-03 9.077753459806509745e-03
1.173520132746365562e+03 2.439788409680341772e+02 -2.750624269122324377e-03 2.452319795586309359e-02
2.765220780717114053e+02 6.213921607030797531e+02 -1.326118534473640261e-02 1.815039101435169180e-02
1.062522857433359150e+03 2.123135778172115522e+02 3.270100105189211598e-02 3.332937540468559195e-02
1.168838100359740338e+03 1.880943573338100805e+02 1.151184033637670800e-01 -2.794706321968390417e-01
1.184675206060823257e+03 2.143327339429678204e+02 2.300795111033693274e-02 -2.015801728018029593e-02
1.149506059803711878e+03 3.640359094282637784e+02 1.915512311567368897e-02 -5.051439110961553070e-02
1.187358060268198415e+03 1.805052706101575950e+02 8.805979466728786065e-02 -7.818557727600984608e-02
1.151867982275093254e+03 2.367244178225240887e+02 2.193273376517701767e-01 -5.895838948300267113e-01
2.471503144401300460e+02 5.879902047896671320e+02 -2.492471069037763554e-01 2.907188888652890713e-01
2.274721579689407349e+02 6.183909854564068382e+02 -2.221049370839785486e-01 2.536309059546767442e-01
2.715587483858288351e+02 6.462292676281889499e+02 1.547743927035445492e-02 6.297338644656285365e-03
1.030816565221314022e+03 4.450812982646946239e+02 -1.053668472741264763e-03 3.057407278820770992e-03
1.256530881048061474e+03 3.139780593761799992e+02 -2.503766045920959374e-02 4.650635858461479866e-02
1.037404506963466929e+03 2.453375425693645582e+02 -3.501677719040705017e-01 -1.252701257538109958e-01
1.113498024862117518e+03 2.388514561239137777e+02 -1.413070677384392453e-02 5.689010782129771265e-02
1.088347767697632662e+03 2.681266622621417355e+02 2.534434266020635373e-01 -4.294702640078380818e-02
1.085036815576240997e+03 2.024368597223823087e+02 1.765729041326429688e-02 3.681781443540797782e-02
1.089677003667121198e+03 2.897580059627459264e+02 1.168622964752330518e-02 -1.252401856702890955e-02
1.072147652736687405e+03 3.185686974033574757e+02 -4.068449958376569309e-01 -2.016855845829366722e-01
1.174191930061553194e+03 1.882643690787370758e+02 -8.353418228507182575e-02 -9.781346962480950979e-02
3.101778450658661086e+02 5.425531435430337979e+02 -1.170349993919371327e-02 2.866713131849353904e-02
1.093574475701874917e+03 2.157980763207917789e+02 2.361538135413933717e-02 2.794175308521184009e-01
1.000103246493870415e+03 2.394363686164418539e+02 -4.587588293096207977e-03 3.827395095651105889e-02
2.891219401839643410e+02 4.613217909785612960e+02 1.809219269361392324e-02 6.376522327261908984e-02
5.204648251047469785e+02 4.340775804085025129e+02 3.944888240539512481e-03 -3.900613775789679716e-02
1.033980924024090655e+03 1.689098555981304060e+02 1.020788223648560200e-01 -6.786363156133461139e-02
1.138394141180184306e+03 1.988313027269412032e+02 -9.233073812042864870e-02 5.827513503127453726e-02
1.071767298652078125e+03 2.574817099611495905e+02 2.656301595853847175e-01 2.154897959307623123e-01
3.323360628677753539e+02 1.039058290902411954e+03 8.532791742212945951e-02 3.208686186133983820e-01
1.029801610598514799e+03 2.458518338455645562e+02 -1.216215870163464162e-03 -3.746730455245275704e-02
1.170049762212632231e+03 2.006658610436590209e+02 9.029461311328028372e-03 -7.862579916915680978e-02
1.160762943448483838e+03 2.085248204117885109e+02 -3.545816759388680656e-02 4.687700999191628942e-02
1.203671669988775193e+03 2.588119181921348400e+02 3.108904024447442863e-02 -1.780989927348123822e-02
1.250274745249665102e+03 2.773539663421846058e+02 9.536351003558869721e-02 -2.838563668060314349e-01
2.586601280765918887e+02 6.954607241454968971e+02 -2.315364291653711909e-02 1.803601902526244527e-02
5.604047102997283218e+02 3.918046404879350462e+02 3.207675835472979537e-03 4.381849164435762389e-02
5.020022279735580355e+02 4.732659783650594250e+02 7.574228372752920234e-03 -6.807255355753288883e-02
1.229694398436073925e+03 2.484647526491799283e+02 -5.845062060653948705e-03 -1.064800793909755246e-02
2.808961599939076450e+02 6.105319780498298314e+02 -1.844390091405950435e-02 5.673369426737777388e-02
1.708550615441668583e+02 5.333596321283466750e+02 -1.694383506419250285e-01 -3.493747278788640886e-01
4.666363752933737032e+02 4.552828900124595179e+02 2.430784498234234495e-02 7.008442512577198191e-02
4.850937272753025127e+02 4.469968390129681666e+02 3.413212870666051078e-03 4.536734823009661716e-02
4.839972413463051453e+02 4.493656397819684116e+02 -6.497978518816742433e-02 4.158763550370957879e-02
1.080507830612897124e+03 2.144094498334923173e+02 1.008756689840148713e-01 7.700088834198888510e-02
1.148289028165811033e+03 2.486682386933867974e+02 -2.610543070128793983e-02 2.767506416622907139e-02
1.134162300361371081e+03 2.927005516575778756e+02 1.626907522142270468e-01 1.888845943133571348e-01
1.274471271080488123e+03 3.348534896439472845e+02 3.330925929497295379e-01 -1.060925991367027976e-01
2.666238390350763439e+02 6.968033638626495758e+02 -2.012142685167970721e-02 -3.166475404554516815e-02
1.063044685262722879e+02 3.622500901156730606e+02 2.015587933378810634e-02 5.818074350601136480e-02
5.885613649922378272e+02 4.545928281363085830e+02 3.198121079192332850e-02 -2.673591534505419601e-02
1.059277900972871748e+03 2.042598174728742890e+02 -6.068421264546941529e-02 1.173760447699123688e-04
1.111337801577805067e+03 2.043326001450049318e+02 -4.783271013557168633e-02 -5.818235523841082391e-02
1.153879176229231689e+03 2.780988749533735245e+02 4.986780418577268503e-01 9.012776020061323556e-02
1.095764590249633329e+03 1.769661421279977560e+02 2.076224501707345516e-01 4.169747641666420035e-02
3.839814401666874346e+02 1.059496504546021924e+03 1.072932796492259977e-01 3.894747232872736165e-01
3.327440019810981084e+02 1.070363447143525036e+03 -6.060397858826299666e-02 3.725786345537351885e-01
5.231735221089729748e+02 4.898530573784747730e+02 7.265631049904186511e-03 -4.812343470843277043e-02
1.185895451295793237e+03 1.721186155477631701e+02 7.259682935859422884e-03 -5.996909916690324610e-02
1.094350850187749984e+03 3.568904234765441288e+02 2.732560066493129602e-02 -1.995106700123490742e-02
2.289989540959760745e+02 7.181980451558443974e+02 -6.734210717373419371e-03 1.236545419513074978e-02
1.103806829321375517e+03 2.163331419640435911e+02 1.018556014450415839e-02 4.447830730604142996e-02
1.159338741096004696e+03 2.157321409227389211e+02 2.628587486515243654e-02 1.363730845801469360e-01
1.151928470925425472e+03 3.678850014229043381e+02 4.832390724110315755e-02 2.562221728225842765e-02
9.614628504215130533e+02 8.729577964668612822e+02 1.131749709385504107e-02 -2.197312198509012923e-02
1.002484885563661010e+03 1.854063024393007595e+02 -2.196469704831116587e-02 -9.716820098449474585e-02
1.118207365561892630e+03 2.088863863842483966e+02 -1.437926717754436368e-01 6.603114009261368267e-02
1.960313943691200222e+02 6.947703215789149453e+02 2.083407326326920384e-01 -2.396186988802426754e-01
2.396738726387172846e+02 2.893738374386219334e+02 1.056944618510935185e-01 6.180642080789766624e-02
3.331410822416661972e+02 5.187170782894587546e+02 8.144363780729690699e-04 -1.921172338689378367e-01
1.253122778476417807e+03 2.857816774270696669e+02 3.682638803414495926e-02 -1.693935712913040986e-02
1.280477675631145075e+03 3.451457371017231708e+02 3.470146250892715556e-01 -1.821841237645723255e-01
2.892506665065513403e+02 4.441521597886625159e+02 1.651038833761089841e-01 2.307248855022489276e-01
1.170040568474894144e+03 2.166231568569336901e+02 1.264829244090443817e-02 1.139335548313827676e-02
1.126708526040323932e+03 3.419395614195327084e+02 -5.008860036850494579e-02 -1.390773421713577436e-02
7.986443170621392937e+02 8.909509742169547053e+02 5.079872950270620385e-02 3.173098030614645432e-02
1.066549025381680394e+03 1.569261511629656525e+02 1.951079528732512225e-01 1.349645546223034454e-01
1.020743359177189404e+03 1.631946827797385708e+02 4.240530823660894864e-03 -1.736374019436346672e-01
1.122519443533559070e+03 2.013266758694250882e+02 1.300118559011549935e-01 -4.627237224138608385e-01
1.015119234066776016e+03 2.739888546044932696e+02 -9.550743248863770296e-03 3.191144778703311827e-03
1.198340871370740615e+03 1.886285747275473739e+02 -2.862788811624411220e-02 8.042626886427009514e-02
1.151336462292239958e+03 2.759244362000937372e+02 -4.164772579165051253e-02 1.459314169071647682e-01
1.255295532797603755e+03 2.893961473667889095e+02 3.858420021541720396e-02 -3.240485099740471331e-02
2.037829039231442323e+02 7.185682098871368453e+02 -1.379576661148444912e-02 6.185460452990390254e-03
2.425190060785349999e+02 3.270770188240578591e+02 8.179488666947538900e-02 2.253220772314250553e-01
5.632646429881622225e+02 3.786280876780412541e+02 -2.291803549904140262e-03 9.324088290531070897e-03
1.086463436313367765e+03 1.814427992367963896e+02 1.291152219331858364e-01 5.798308439581489893e-02
1.074765049736093488e+03 1.924313218161926500e+02 -4.046910249540284360e-02 -1.923178678673783185e-02
1.046051129498019463e+03 2.038399019653562902e+02 -3.432172749326885958e-02 1.981965762833463318e-01
1.138710265799463514e+03 2.101787712949527247e+02 -2.843847448578647793e-03 -2.273214765908448953e-02
1.094307666324389174e+03 3.224879926714411909e+02 -1.671768473004438815e-01 -1.646993728940297219e-01
1.288949910542521593e+03 3.583687359995344650e+02 1.947176178968182680e-01 1.197756478564807915e-02
9.320285376236483899e+01 3.782198248040280646e+02 2.195315674072071954e-01 2.823141282003276131e-02
2.819232658822899680e+02 4.708000888772964458e+02 4.036622896833044066e-02 2.144280765327938321e-01
2.901308833018226210e+02 4.844186562020833549e+02 5.347974993784212344e-02 3.142024735813244707e-01
2.627989612392971708e+02 5.041413143667643908e+02 2.211694867262756492e-01 1.570207217150089707e-01
1.214981757498318302e+03 3.336870542130488957e+02 2.793580021291084403e-01 1.372288713595821719e-01
3.285446602676889256e+02 5.278009509612775219e+02 -9.647358546048550101e-03 -5.290311435808028352e-03
7.458494093034436219e+02 9.329092988876010395e+02 4.653695228322166089e-02 -1.097088747413346721e-01
1.518844503845505471e+02 4.549864444690310847e+02 2.875037797334130049e-02 -1.071071923664135284e-02
1.103201021324181738e+03 1.983172061690322607e+02 1.043970187016384499e-01 3.492069831802666752e-02
1.069635568459011665e+03 3.425360920843563690e+02 -2.119050350923089299e-01 4.981582644170828300e-01
1.157363887542139082e+03 2.461191395555262886e+02 -2.308968268174112493e-01 6.943512466649991444e-01
1.110257900922887757e+03 3.401482863004513320e+02 -4.561603788458797049e-02 3.864281523278009223e-01
5.161592151195224005e+02 4.280821930147735088e+02 -6.511166298826588650e-02 -2.010016231144441667e-02
1.111151064145820101e+03 1.692659060163755953e+02 -1.560026857689283258e-02 2.442504315209216847e-01
1.194926931565470795e+03 2.266555574360143623e+02 -5.225446858528610267e-02 1.165316468881327505e-01
3.095796529633401519e+02 6.630811980702958408e+02 2.441369229497543716e-02 -2.228118053999929293e-02
2.170966375694744954e+02 7.224495184325888886e+02 -1.054017816790064899e-02 -1.327610212002936288e-02
2.077122849220241676e+02 7.309951936569942745e+02 4.180839158266596439e-02 9.504044454451509097e-03
9.301319859108095898e+02 9.065913481671632326e+02 4.292051908694500401e-02 3.939556840071468946e-02
1.010608008977410577e+03 1.748089154854303615e+02 2.555842711275602142e-02 -4.212702766848153146e-02
1.048337563107128062e+03 1.912284062649757459e+02 -2.620959846836967699e-01 5.342837034647018868e-02
1.036830855356253096e+03 2.147997996128559350e+02 -2.442129294284143270e-01 1.916155412559490401e-01
1.184101686129236214e+03 1.893443910664760779e+02 1.737748710690709686e-01 -9.422768705997697225e-02
1.219505431914514475e+03 2.412310413429698599e+02 -1.601313608202303840e-02 3.129058399111173117e-02
1.265990973214970154e+03 3.515586997614738038e+02 2.688705091228484889e-01 -1.699329073245365862e-01
2.841036861001801412e+02 9.520947980194882803e+02 1.769664294599238019e-03 3.856520013127777702e-01
2.336712108597649546e+02 2.912089852036671687e+02 -7.321638905951642629e-02 -1.436504312430640466e-02
2.646611681548912998e+02 4.582877812578661860e+02 -7.063117727914557109e-02 -2.331916545735777668e-01
3.003599373644179877e+02 5.181444164248490551e+02 8.165336331677508497e-02 3.955787244899998667e-01
1.035216870407357419e+03 1.869864376314710341e+02 -2.545800963729171751e-01 2.367579664442587273e-02
1.087915034434564404e+03 1.844737050015013438e+02 7.436684385174885392e-02 1.153723856627826561e-01
9.903770684703459892e+02 2.287006748997236230e+02 -9.495965860492106003e-02 -5.429080686083612856e-02
1.120907091230833657e+03 2.080460553359866935e+02 2.783977170926326544e-02 -1.128401118348522532e-02
1.127109554374830395e+03 2.165247643271901552e+02 1.575954052494970281e-01 6.532515174713385275e-02
1.248392390727099382e+03 2.981819352170830939e+02 -9.660140649511309019e-02 -9.834518470747914687e-02
2.574537370423814764e+02 7.589622948570668086e+02 1.027004228093996302e-01 9.414629119048965877e-02
2.833856506044546677e+02 4.444658609717802733e+02 3.784876919611216556e-02 1.891218956469155332e-01
5.290075487937257321e+02 4.388414239762760189e+02 2.778916772437393327e-03 -1.544265849094964872e-02
5.362076935827655007e+02 4.640113018545558816e+02 6.045740322292658675e-03 1.627680266077883740e-03
1.062003215733282786e+03 2.994000496559563089e+02 7.261479410162034742e-02 -1.023914004408652545e-01
1.131401267319529552e+03 2.458967574745716718e+02 -1.201227028230581056e-01 3.101515326580397414e-01
1.295567625252668677e+03 3.224058542363832771e+02 -6.465097761592157599e-02 1.331340616511909047e-01
1.244409713838422704e+03 3.555320278644758218e+02 2.583907480983119176e-01 3.734561806807808887e-02
1.089801511706302108e+03 2.026010477982624707e+02 3.177660947771983324e-02 -4.838910987684812148e-02
1.051752557091781455e+03 2.321685831622038449e+02 2.952080929766452977e-01 5.273761733996025491e-02
1.098734737557214430e+03 2.267645216935080725e+02 6.676323707142728554e-03 1.378869884453763350e-01
1.046411234655806538e+03 2.507740069971744958e+02 1.909706336330600496e-01 1.034738735112568919e-01
1.049300719615412390e+03 2.759724211973329489e+02 -1.401184754909081676e-01 -2.047836628698860434e-02
2.728651370727350809e+02 6.218034455662118489e+02 3.074316128675036452e-03 1.648664899271352555e-02
8.754674927331566323e+02 8.753095733844171491e+02 -1.608656280689046980e-02 7.462962258841798757e-03
2.458599518939335837e+02 3.633364789529916834e+02 1.150971072192419342e-01 2.593955239862708595e-01
1.017884846482068042e+03 2.050276605972110815e+02 -3.713968401007150533e-02 -1.033011388780380457e-02
1.124117526975397368e+03 3.129725902209399351e+02 3.403234361068712133e-01 -4.339268248103849146e-01
9.641593663698716909e+02 8.662119098558879386e+02 -1.236196019758040165e-02 5.228586978401494889e-02
9.405727353247760902e+02 9.062512688146796336e+02 -2.066167712536071122e-02 3.018467137214884133e-01
3.728408440325076185e+02 1.057353134892241542e+03 -9.803603118854198328e-04 2.674709841436424540e-01
3.840449502996814317e+02 1.084990266394842138e+03 6.881904060649901567e-02 1.088723962739095441e-01
3.187261582938244828e+02 1.094198039287622578e+03 1.496855185494325724e-01 2.039436905718048365e-01
2.317151106837273744e+02 2.910914020482307478e+02 1.818331311123226254e-02 -5.146224480065105661e-02
4.935920111322069488e+02 4.546346124768232926e+02 8.952381080007398850e-03 2.031673227437143583e-02
7.221119125041163898e+02 4.320646746611903950e+02 -2.914412466513264729e-02 1.110915389299028250e-01
1.001390697558114994e+03 2.096611083724629054e+02 1.632457481133163524e-01 -1.114171408738684477e-01
1.158514984231617063e+03 2.498741960824375781e+02 1.472514706939970497e-01 1.419359135749876655e-01
1.180201577309412642e+03 2.500690822345004847e+02 1.077187883962930498e-01 7.798354761481125948e-03
1.303964460979943169e+03 3.229347701434746227e+02 4.548322171225815391e-01 -2.376739542968948626e-01
1.149667535303690784e+03 3.747933200101131206e+02 1.063666095957008367e-01 -1.927678083696946487e-01
1.538102231339654509e+02 4.740966271897858633e+02 1.148445261613630919e-01 1.929183392643096795e-01
1.149764268966950340e+03 2.588554085793749664e+02 -1.416097775723983432e-01 2.509715648464236892e-01
1.268918800018883985e+03 3.121202986909382844e+02 -8.082671862985080224e-02 7.949123734863405843e-02
1.943857712539630711e+02 6.169353313535395955e+02 -4.833545221131885228e-03 -3.222505062365144113e-01
2.608266396890765009e+02 6.683113407574085159e+02 -9.093835963341234674e-03 5.220699477155221757e-02
7.438924231900905397e+02 9.343299296236779128e+02 -8.970240354813086014e-03 1.021892940997304322e-02
3.545566846726616745e+02 1.056676085564988625e+03 -4.572769277038446489e-02 8.159763858122914826e-02
2.476254620429553199e+02 2.898269382083788059e+02 0.000000000000000000e+00 0.000000000000000000e+00
2.538407380053179736e+02 3.494199843807789989e+02 0.000000000000000000e+00 0.000000000000000000e+00
2.901958460988182651e+02 4.848169210757733936e+02 0.000000000000000000e+00 0.000000000000000000e+00
9.915646232580268133e+02 1.667538664946968083e+02 0.000000000000000000e+00 0.000000000000000000e+00
1.004249276481068705e+03 1.640307199757251624e+02 0.000000000000000000e+00 0.000000000000000000e+00
1.035453593495642963e+03 2.419356705934192462e+02 0.000000000000000000e+00 0.000000000000000000e+00
1.241980177793242319e+03 3.306666315654946402e+02 0.000000000000000000e+00 0.000000000000000000e+00
2.792231841008607489e+02 5.978858379781735266e+02 0.000000000000000000e+00 0.000000000000000000e+00
1.910532908283147435e+02 6.371913015475987550e+02 0.000000000000000000e+00 0.000000000000000000e+00
7.542024926723136105e+02 5.315582464507439227e+02 0.000000000000000000e+00 0.000000000000000000e+00
2.635545795517014085e+02 7.260961625887517812e+02 0.000000000000000000e+00 0.000000000000000000e+00
2.886377679516818944e+02 1.000118230542028527e+03 0.000000000000000000e+00 0.000000000000000000e+00
