1.332477419984123514e+02 3.817323058085233356e+02 1.300285409088235275e-03 -2.819315011947765015e-03
2.528253499479941979e+02 4.663306516986456813e+02 -1.279628301225635900e-03 -2.388540319673616765e-03
3.136131569539401198e+02 4.762405850706289243e+02 3.804047780160583342e-02 1.026414346753908588e-03
5.633017057206935760e+02 3.786119448680038886e+02 -1.365966301033166505e-02 -3.461224133288716594e-03
3.507605730058401718e+02 9.726905529172641991e+02 1.702955241912098294e-01 4.902496054259929403e-01
7.066012902669107234e+02 4.195163016422338274e+02 6.676359791535925112e-03 5.233567552942033907e-02
6.343211851915261832e+02 8.220133789564812332e+02 -2.131141341619290498e-04 -2.421451726451489771e-05
9.123807616598869572e+02 8.059285237927388152e+02 -1.357458949008438537e-04 -5.314504566148580550e-04
4.599446502693824641e+02 9.415753222234616260e+02 7.538439894681299880e-05 -1.073299276226457043e-04
9.055341318376393929e+02 9.227978699819999520e+02 3.392762403415539377e-03 2.638869272998655650e-03
9.005878966277094833e+02 9.261132797555350180e+02 -1.513212260189254418e-04 -1.163037692669991689e-03
7.076624777467543481e+02 9.928785485762481358e+02 2.606585084798566411e-03 6.629834003652011884e-04
7.150779518343999825e+02 1.011545561309426262e+03 -6.881113899142670375e-04 1.771137368367286212e-03
7.049874870624347523e+02 1.023685348047023126e+03 -6.729378523151255116e-05 1.925531675482543075e-04
4.816596878051026920e+02 1.099068346135667298e+03 -2.405573587968166602e-04 -2.181292716947006306e-04
7.044220319035927105e+02 1.036520544517458120e+03 1.450242937063185426e-04 2.734882199196236982e-04
7.518757893981105553e+02 1.067528726180566082e+03 7.579219834834737197e-05 -4.484049947569645296e-04
7.456486109700075531e+02 1.071443996620931784e+03 4.434989604978999264e-04 -2.632048084309969059e-04
1.309634765257429194e+02 3.249794590140236323e+02 -1.501348247177078940e-03 -1.005868966892716512e-04
8.997542223820431673e+02 1.102145836551993398e+03 -6.760957583848343263e-05 -4.735505430658977976e-05
2.446893288622710259e+02 4.900619632721829362e+02 -8.335989480681607611e-03 -8.932891288248014094e-02
2.430236806163478320e+02 7.550488882260464152e+02 9.576181659226540993e-03 -1.091953829825342837e-02
1.923487269195964871e+02 5.841929784790141866e+02 2.266638477640901470e-02 8.417565385289520891e-03
1.172304865798780838e+03 2.415428478854291825e+02 -4.336031611643139522e-03 3.219624887519796728e-03
6.380807936877690736e+02 3.756489523991863848e+02 -2.427865957092717984e-03 -6.697915118874141031e-03
1.260412153006821200e+03 1.958196962223523485e+02 1.552112623535817403e-03 -9.431500824050117093e-05
1.240058858377058186e+03 3.808384044515221376e+02 -1.504440350052589463e-03 1.430577710214668563e-02
3.081314485319007304e+02 1.037986399871526146e+03 1.346932626543926592e-01 4.091849100993840693e-01
1.178555089710362154e+03 2.322987778793772407e+02 -2.051665336088406930e-03 -1.763671748357813294e-03
3.239077786900631963e+02 9.864688513750533048e+02 2.099713109809281386e-01 4.439149112353534821e-01
3.347660621577954316e+02 9.976693930261994865e+02 1.984839952776973060e-01 4.954450365910879062e-01
7.157240031169600343e+02 8.815809612075918267e+02 1.886939116709729846e-04 -2.653356575889786323e-03
3.114498336633049576e+02 1.022407924001063748e+03 7.758709025906153356e-02 4.158069680498187037e-01
3.259669265893039665e+02 9.974443237138104905e+02 1.428336490279443760e-01 3.827271678066151983e-01
3.988066980572199896e+02 1.064982038682192524e+03 1.536672997322029166e-01 4.979840094991880295e-01
2.656872970797527955e+02 6.864817955493880390e+02 -4.249124432135994479e-03 -1.130011507083765639e-02
2.366829777717117054e+02 7.192446912368105814e+02 -4.073072407802871288e-04 5.545154690694424670e-04
4.114632628393249547e+02 1.088478534143440584e+03 1.724987467575688493e-01 3.491101136735031557e-02
2.490454414490730244e+02 7.169707895228493726e+02 1.240590255575020097e-03 -1.607071549932977041e-03
2.508723047909674904e+02 4.779341042097570380e+02 7.778229658167010174e-02 -5.935138155125469633e-02
2.504930695287099525e+02 7.472892088990905677e+02 -4.001732261898913179e-03 -4.479474015255335145e-02
8.142826143413409454e+02 3.218851963838719712e+02 5.018262728575947351e-01 -2.323440430953264690e-01
1.430364150596498973e+02 3.922887183949065957e+02 1.532347943611516708e-03 2.168352961664053204e-03
5.708217688314480256e+02 3.778569900081515129e+02 -6.973725603822260484e-03 -9.333961243171843766e-03
9.308190339468141019e+02 8.453880329335615897e+02 -1.592077618983293516e-02 1.471891900359090580e-02
5.697728420561766143e+02 4.368317794625176020e+02 -3.624275074422383947e-02 1.844967174703400145e-02
1.006501887656617100e+03 8.125809722398711301e+02 -1.228579330668568578e-04 -2.604757914711923906e-03
5.019487510757978157e+02 4.374454967866975039e+02 2.346749586160179826e-03 2.785339171258792781e-02
2.440664194828882785e+02 7.433785883080460053e+02 7.258172685923644507e-03 2.617836721009382094e-03
9.804355671968943398e+02 8.281661937396897883e+02 -4.869789746744617766e-03 1.191626171208050007e-03
5.728507509604107781e+02 4.046722102375883878e+02 -3.047886141749554800e-02 -7.174020908972761346e-02
3.058012507695825093e+02 6.559080974394335044e+02 -7.657490651666032204e-03 -2.154260617992417078e-03
3.306481943849374261e+02 1.074150621388778291e+03 -1.730072600548495654e-01 2.001674803660278279e-01
1.009795820647706705e+03 8.153105324238596268e+02 2.974769382907796553e-03 -3.856664535886569593e-03
9.413976207167758048e+02 8.352059556217183172e+02 8.112119769633648579e-05 -9.403519156999119374e-03
1.003881401426671914e+03 8.365968233454970004e+02 4.080566996164391308e-03 -3.241421279254285467e-03
2.325288238496677593e+02 7.239967333832146323e+02 2.242506998751457419e-03 2.845714222084917569e-04
4.834114664435655868e+02 4.373713745772197399e+02 -2.331828383888131552e-03 -1.664235413643652553e-03
1.018900354701867514e+03 8.076960488274421550e+02 -2.690201375752856051e-03 -1.956336103298421392e-03
9.612069483329726154e+02 8.335035207108428494e+02 1.070860603030975890e-02 -8.706288099195189784e-03
1.199574962929099911e+03 2.502445957561078558e+02 1.069350100518850870e-02 -3.271062107122875429e-02
5.486256039990554427e+02 4.425335951869219002e+02 -2.861633997477694229e-04 -2.123687016737361467e-03
2.278042355568863684e+02 5.200806812118941025e+02 -1.738206779530083665e-03 3.783508708488400422e-04
2.748721782943164840e+02 6.809971858765794650e+02 -1.889619530603826706e-04 5.014662594109299109e-04
5.819594643269641665e+02 4.177224123360797421e+02 8.073844577055940951e-04 8.907038617783290604e-03
1.034210210637258569e+03 8.590937255024883825e+02 1.327742399574856173e-02 -5.024941566915967078e-03
7.438642503734146203e+02 9.134182527072382527e+02 -3.535882925696474666e-01 1.209412003038695255e-01
9.566185828554048385e+02 8.449226967746324135e+02 -1.184524319516262227e-02 -1.269739367382998786e-02
7.482283612976233371e+02 9.537826667112842642e+02 -4.665390162821188985e-03 -6.772386967412839104e-03
2.657805723869644225e+02 6.664745115947221166e+02 -9.398969376002016055e-03 1.163692972350773881e-02
8.246775821690456496e+02 1.102188637198847118e+03 -7.344482891737991225e-04 -6.635288973461908775e-04
2.431461993648781004e+02 5.018872607992942676e+02 2.426346482055501651e-03 -2.767245927560792185e-02
7.492715186972244510e+02 9.587136581223144276e+02 1.129242116248725843e-03 2.179386787095537355e-03
5.665021656429054246e+02 4.695528731262775750e+02 2.963679473979108445e-03 -7.343582666431748736e-03
5.673184224702785059e+02 4.749945542390968853e+02 -6.550066819358161619e-04 1.068020170874314084e-02
1.204926485807432073e+03 2.307770540266760975e+02 -1.844801294539300473e-04 -4.935067532645655460e-03
9.122891684476392129e+02 8.453334278640625143e+02 4.597813218425688200e-03 -2.943642305985401299e-03
7.723525657259143600e+02 9.610913296466878819e+02 -2.681660388992049282e-03 9.972307573022616903e-03
7.749803206616414855e+02 9.424201024857543416e+02 -6.878344602694029010e-03 1.955356732196378289e-03
7.727329188243859335e+02 9.481930116180067216e+02 2.213700189415501035e-02 -5.079036500853029504e-03
9.847434272508097592e+02 8.667329176625341915e+02 3.522945758640846740e-03 -5.651603605172406163e-04
8.005050114382825086e+02 9.520135911289862634e+02 -3.036007970228755699e-03 4.310645361424756544e-03
2.116120565838773189e+02 6.692494752330262600e+02 -7.219020503709537573e-02 2.843313912195278848e-01
6.193828278568087171e+02 9.359219430052633015e+02 -2.051746927258821067e-04 9.653407797061097596e-04
5.726710325250809319e+02 4.905149563072191086e+02 -3.070100038596615139e-03 2.703261126140038724e-03
7.852671126230552545e+02 9.366864696712621026e+02 3.912568030698659709e-03 -7.026417653162185712e-05
9.747068817954636870e+02 8.850642857319894574e+02 -9.692290079873610437e-04 1.298760351562690350e-03
7.515306190472729213e+02 5.312311037981399977e+02 -2.426861472156923577e-02 2.382367438195336171e-03
7.872762722513481322e+02 9.449551890860566346e+02 1.874919326509920034e-02 5.643069678821219411e-03
7.957961794062065337e+02 3.819648131172380658e+02 1.427893479472859811e-03 3.315868513151833553e-03
2.349131530398822747e+02 7.011684921441799361e+02 9.343498270242613438e-03 6.794877167589455120e-05
3.070771564934985918e+02 5.675210773767709043e+02 -4.770376739124552795e-04 5.968051218837674803e-03
8.077083673829570216e+02 4.204771825693590586e+02 -3.847903262708044295e-03 -1.338238978611557516e-03
1.938814219734447022e+02 3.190661274886460319e+02 -2.730681956573915558e-03 -4.247403604341964782e-03
5.920934058927864498e+02 4.028951559706703733e+02 -1.802337500593428551e-02 -1.545925731117692853e-02
1.034654241297428371e+03 8.357535109374788362e+02 -1.222902612583554732e-03 2.349081538726084022e-04
9.937551768832880725e+02 8.215175035773351055e+02 -1.917243760236388931e-03 -4.755177657944606971e-03
2.274252013760978457e+02 7.271777900833111516e+02 -5.864094946606530174e-04 3.328452373072497347e-03
1.278807409870358242e+03 3.719839081132428191e+02 2.964946016782681135e-03 -8.443911797674373727e-04
2.350047719793535350e+02 6.504847681291929575e+02 1.275113001586496847e-02 1.754916120128627993e-02
2.241531850482600987e+02 7.662690012730713534e+02 -1.238214108925806377e-02 8.425337456216793267e-03
7.340411808745061535e+02 9.810396232286378790e+02 1.514895298615412389e-02 3.982646748336309862e-03
3.212040527812521873e+02 5.437749033485704331e+02 8.730212283547072322e-03 -2.249457227303830117e-02
7.696823285612794052e+02 3.979713033776872635e+02 -4.337234007101023144e-04 -8.099809671413219642e-04
9.873122002221081175e+02 8.312182771483790020e+02 2.123800429669722451e-03 -2.986936967888573474e-03
1.049917448495765029e+03 8.562781008718537805e+02 -1.827356630440023135e-03 -2.137061059788675850e-04
8.272465264214376930e+02 4.012451159631539213e+02 -7.505701625546808619e-04 -1.147433367603721555e-03
1.017565234991942930e+03 8.313406156741782524e+02 -1.101337669033590309e-02 -9.075347204143912813e-03
1.185591315043678605e+03 2.496440110492660835e+02 1.559659559159915117e-03 -2.001956257641544865e-03
9.475563378871415807e+02 8.374555668103156449e+02 7.634171861631744611e-03 3.756721502196738380e-03
4.660891145141615652e+02 4.547383582853682356e+02 1.619521371426884760e-03 1.158161390790639518e-02
2.682083814004060969e+02 3.006708209340924327e+02 -8.951870144653527230e-04 -3.353282211703166680e-03
9.546766698720987279e+02 8.222462964362467801e+02 -3.094806601043814404e-03 -9.281025387087655371e-03
8.192637812118250622e+02 9.354884217505095876e+02 -4.069870398606695999e-03 -5.178607327049783091e-03
8.207728574944258071e+02 9.469437520262977159e+02 3.889936513849867258e-03 2.391379622430000670e-03
5.479476649853700110e+02 4.311429675408524531e+02 -1.174088091773786702e-02 6.529478823737089842e-03
7.520127215945434500e+02 9.347692094416233886e+02 -3.191208521477980065e-01 1.474146723733437692e-01
9.276668460654022965e+02 8.603620899184272730e+02 5.204972401097530607e-03 -2.533697041114874385e-02
3.225141595375380916e+02 9.578058320297736827e+02 2.645497891685059666e-01 4.356441783300370463e-01
1.076871229382852562e+03 2.056221648070390131e+02 9.756807712534228821e-03 3.399922294102729337e-02
7.537204306778872933e+02 9.720407290171443719e+02 -3.477504194563044680e-03 4.088692550326549115e-05
1.030290342621283116e+03 8.252210716724030135e+02 -1.962354646503617923e-03 -2.209475642224211986e-03
3.636839979827230991e+02 1.003699722798827679e+03 1.818463854289013859e-01 4.751970767916344207e-01
1.021300375451012087e+03 8.149898900542476667e+02 4.359179463268212406e-06 2.630089110792564744e-03
1.059813060983135301e+03 2.241623736793289936e+02 3.544416483073786761e-02 1.424725106517960027e-02
9.557236809488143763e+02 8.786052578249870066e+02 1.686959479274723886e-03 9.399914916900910331e-04
8.183720103871462470e+02 3.798490006100650476e+02 -1.460957597035951851e-03 -8.960524768518003886e-04
9.714161635612377950e+02 8.890614287770038118e+02 -5.551927577552404243e-03 2.295898983706732600e-03
9.059614534302847915e+02 8.410704190106204123e+02 1.318237036509844508e-02 3.100028593650839322e-03
2.291344530586944472e+02 3.112494465456952071e+02 -8.021709036193223896e-02 -2.718959469063789158e-01
5.787166071278535355e+02 4.677581818176654451e+02 -3.621633927254475863e-03 -6.161073174517146811e-03
7.951754254014022081e+02 9.212158748386718798e+02 -6.197110838020578050e-02 -4.631932545517695315e-02
9.622605116658331781e+02 8.484834973630571540e+02 1.203858318261848007e-03 -4.261025640552910942e-03
1.930145774745767824e+02 5.891641210583674138e+02 3.697210916590390646e-03 2.205376566802676782e-04
2.313743058185008579e+02 6.896684773490214866e+02 4.898675964505576005e-03 -4.905824553295115055e-03
4.931534738991355766e+02 4.487788309429597575e+02 6.769981170182268020e-03 2.773868175513418549e-03
8.333102026559095066e+02 4.118193927264791796e+02 -1.172571126124640276e-02 1.582093513866762030e-02
9.698189967316561706e+02 8.763747167105112794e+02 -1.043065795669246947e-02 -5.753515288661489955e-04
8.076553129981839447e+02 8.908130000033517035e+02 -1.814380379704122470e-02 1.507827357756180535e-02
9.690075777210645356e+02 8.249583320095922545e+02 8.917407471596904348e-03 3.170750069981826715e-03
2.060600962816000674e+02 5.138231808727767884e+02 -1.610278935939419209e-03 -7.040229335590840118e-03
8.012004637093307338e+02 8.909711155078716729e+02 6.280175602254832457e-02 9.795561606462892257e-02
1.192788570109125430e+03 2.103974498948459484e+02 -3.707520989116734004e-03 7.474867241233432158e-03
8.103965757653511446e+02 4.020695586899404361e+02 2.900489624204902520e-04 -1.792833625909517545e-02
7.675277538011740717e+02 3.853518371524965573e+02 -5.677029982590815239e-04 -2.743445431264879882e-03
2.256767925453496275e+02 6.863954077917551331e+02 5.025347484543979046e-03 2.046912027976353996e-03
5.586503491385110465e+02 4.214703180715590065e+02 -3.589699021334370049e-03 1.818612718093987404e-02
9.494087642287638573e+02 8.562613181840788457e+02 1.229054937987775036e-02 7.496051046270829285e-03
3.387131439523308813e+02 5.506961886725695194e+02 6.614767835706421295e-03 -6.786274513707653798e-03
1.108373505276002106e+03 1.826818304370320902e+02 -7.594089489261121595e-02 7.374002396068360388e-02
7.237115690689822713e+02 9.464203340685593275e+02 2.226999378594409981e-02 -2.421274107038612691e-02
5.111276008305769665e+02 4.392542458383082362e+02 -5.641658232775625947e-04 4.244444408330687833e-04
9.962193444058326577e+02 8.731810978619678281e+02 -2.393034984914148549e-03 -1.669377712944131566e-03
4.802585725074037555e+02 4.689844167201003984e+02 1.963225069730604837e-03 -5.444038628191868318e-03
8.753292266139579851e+02 8.735914652841871657e+02 -1.243160138341575620e-02 -1.215260226930389188e-02
7.988636032740747623e+02 9.412353696027608976e+02 7.263868904448539214e-03 -2.772784924265561148e-03
5.357589756914886721e+02 4.153193262661416156e+02 -4.772695257268442202e-03 -9.052133894328455443e-03
5.219973811305969775e+02 4.426436830378769400e+02 7.819371811265091871e-03 -2.865707312802968747e-03
3.263557766991253288e+02 5.360415484951090548e+02 7.442338148488452602e-04 2.506149726166380983e-03
3.083026318711768567e+02 9.843839399489678499e+02 1.273723051063456457e-01 4.876739581337609097e-01
7.456827414305495267e+02 3.970769525292944309e+02 -4.759543817242794898e-03 2.290065653328226137e-03
2.173588953987392074e+02 2.917978488783127773e+02 -6.692911659288543202e-02 -2.783823606473921353e-01
9.734250919114890621e+02 8.644157649507517363e+02 3.292575987695209316e-03 2.993565726201538255e-03
9.977799839028424458e+02 2.483415089488293575e+02 6.411197426585897238e-03 4.065580170758679068e-04
8.508153534275985521e+02 9.314512420033225908e+02 8.056317311267847774e-04 -3.832696021739741971e-04
3.234021244317872288e+02 9.710357785097007763e+02 1.810834367919228749e-01 4.555741620339595621e-01
6.303393026239151595e+02 3.840425323838792337e+02 1.932459676025939524e-03 1.445488798736116074e-03
8.162613928574131705e+02 3.635547954692434018e+02 1.754040811826400488e-03 -1.945716773762022395e-04
8.577064426316135268e+02 1.101561574847124803e+03 6.612061272650438925e-04 -1.765113772812087990e-03
9.296444930859860278e+02 8.393728933644810013e+02 4.739778406847919008e-05 2.605573905839039459e-02
1.155733050109101896e+03 2.381259556934749355e+02 -2.233546637491581541e-02 2.709452779238110537e-02
6.025960578311422751e+02 4.334629520054634213e+02 2.669394642425506475e-02 -1.180542256791077688e-02
3.385437220279748658e+02 1.017427821381398644e+03 1.492299230098528828e-01 4.603460119053872091e-01
5.092474606939491082e+02 5.063836447055554117e+02 1.104789452533128059e-03 -8.693103299369885203e-04
5.452753906563897317e+02 4.070426965265192507e+02 -6.906043424423122246e-03 1.626674619847513423e-02
1.099863722267232788e+03 2.147988500108801588e+02 3.364063143329409922e-02 1.214301140708420705e-02
2.384302725491238277e+02 7.404178398288034941e+02 -2.554234444721095731e-03 1.582827773512519203e-03
2.300135859581045850e+02 6.480094640949489531e+02 7.140997235670412495e-03 5.666071135834332972e-02
1.204161460167052155e+03 2.538353527728401104e+02 6.317935350935922033e-03 -4.768838543363847909e-03
5.450341754549821189e+02 4.764637486886782654e+02 -2.004293330970869161e-02 1.487881633795101917e-02
2.671748263999596702e+02 5.496008433397214503e+02 -8.405579353473789650e-02 3.339926582267559452e-01
7.532112044351894156e+02 8.450821043504812451e+02 2.910708668009242129e-04 -1.908396998863614788e-03
9.769716011763765664e+02 8.453510526909805094e+02 -7.511168491659965486e-04 -3.182858023002595703e-03
5.504494521018151545e+02 4.829204697544207647e+02 -8.782477071253927143e-04 1.920130348378166953e-03
1.164193251411691790e+03 1.399781396662082784e+02 1.171277000715839145e-03 -2.021750483864715245e-02
3.216522063694904432e+02 5.297114391230138608e+02 3.734593421501525116e-03 -4.834560997612090058e-03
3.139289460731981194e+02 4.704570697473231462e+02 -3.263343105984832168e-03 -5.853400424549511788e-03
8.896579095652919023e+02 8.716362733888619232e+02 2.325707215462299859e-02 -4.124809757531851251e-02
9.341464587073851362e+02 8.672385982975589513e+02 4.796999057100492792e-02 -1.947306544506282461e-02
1.146282881067368635e+03 2.105042281705373455e+02 9.282554030778105911e-03 9.787209972778676895e-03
3.705942460923184285e+02 9.693233262923440634e+02 -1.344707332639200580e-02 4.602779770357076639e-02
2.917991022470956182e+02 5.452739317580202396e+02 9.774482303259451541e-03 3.914923742262925166e-01
1.057732309798492679e+03 1.759194639533116629e+02 2.183984526518183145e-03 1.054994907649905479e-02
3.203882223425478060e+02 4.788495633512897598e+02 -5.447423184710886192e-03 -1.829396379007347181e-02
9.717594061342634859e+02 8.306910033724371942e+02 2.745610935959922304e-03 -5.110653054135347838e-03
2.482709052179474156e+02 7.413096571708599640e+02 -1.102053819734167699e-04 -2.847372669088829404e-03
2.215474896268205214e+02 6.862852675441143901e+02 3.227928161423859743e-02 -1.553029017038782753e-02
2.210898410890475247e+02 3.033580744000122991e+02 -5.802099873603979580e-02 -2.687378657109196767e-01
5.060406634493803608e+02 4.435972546641090162e+02 -1.433204773222611708e-02 -1.812063198190060759e-02
2.879199976892720656e+02 5.228903206764374545e+02 7.983584742092741937e-02 4.601831453864846377e-01
6.080173244502326497e+02 3.656330597426774602e+02 -4.231584283562000309e-03 -5.930850126008358793e-03
2.749150990066909230e+02 6.713053021602772787e+02 5.497259299589374792e-04 1.271576182113568626e-02
3.843128434744343167e+02 1.059261629990789288e+03 2.091405202110194206e-01 3.832044913232086625e-01
6.011810213155292786e+02 3.665416751340733867e+02 4.391378361056508077e-03 1.352888590979726448e-02
6.122997944250322462e+02 4.278574316164131801e+02 1.358375353907665013e-02 8.851151994886972962e-03
5.335224714315646679e+02 4.126101923033405114e+02 1.308696883890463243e-03 1.632162904349394785e-03
2.987704427110068650e+02 6.132034686101821990e+02 -1.584346103295546852e-05 -6.491019746451033579e-03
1.190214494478885854e+03 1.924424640556245834e+02 -9.056833076412279526e-03 5.687728121921565259e-03
4.762739300582560418e+02 4.649877485629626221e+02 8.876626070961004741e-03 -7.173126258722655434e-03
2.220439175408575068e+02 7.530768597837858351e+02 1.333740707561090753e-04 7.216068288172020062e-03
3.610935332599775620e+02 1.057758744233873585e+03 1.913374853023381839e-01 4.159647427127974861e-01
7.839816426965267055e+02 9.599118912833448576e+02 9.654812477915898942e-04 4.193984835553399466e-03
2.797023745456631900e+02 4.876315853174961035e+02 4.525722960051152544e-02 2.477095844207121145e-01
1.012545814703571864e+03 2.035634464850095640e+02 -8.574673093981138861e-02 -1.331495293507623245e-01
1.211070467848449198e+03 2.454389418101770843e+02 3.399020137731165875e-03 -3.219463122744087562e-03
3.519680823982129709e+02 1.021342498787481645e+03 1.203773996989998402e-01 4.904392934324293685e-01
3.268583796236119383e+02 1.034219522328298808e+03 7.340414378152915198e-02 5.075535348557608240e-01
5.683309741853695414e+02 4.298924852769307563e+02 -3.747114820401131058e-02 2.799193116755919336e-02
2.188199343768194183e+02 6.960751687615326091e+02 7.527265740326311537e-03 -4.658418005068021284e-02
1.233175177271120901e+03 2.553983991335547898e+02 1.313663731964132388e-03 -5.878483587390845484e-03
1.095183131122818395e+03 3.138156999742994344e+02 -1.520206936167151079e-01 -2.059350430222895434e-01
1.016503307013760264e+03 2.745598075069553374e+02 1.860738973481611529e-03 -2.365942766835130336e-03
1.253382584652617197e+03 3.532457587293640699e+02 2.740906469346348073e-01 2.376938227675986712e-02
2.709427979407101930e+02 5.283333410979445262e+02 -1.124834005131138681e-01 4.095733560503095338e-01
2.077401469936052933e+02 6.981180920861521599e+02 7.133897444192587381e-03 7.868034161461845075e-03
5.476821353255818394e+02 4.095096799876715750e+02 1.917287893133611280e-03 -1.609653731410074645e-02
3.280242032864798603e+02 9.677404313256338355e+02 1.806913827483589974e-01 4.647960249214333484e-01
2.792562270807926552e+02 4.589502120543239130e+02 9.200521645806979121e-02 2.661258948989107531e-01
3.426025960967652395e+02 9.815006756769694221e+02 1.569345622703964271e-01 4.563907433040728101e-01
1.227249522053148439e+03 1.494030291039430551e+02 -1.925600405666225839e-03 2.700973049921811652e-03
2.473083945737283500e+02 5.127090815435540208e+02 7.713797210506849467e-03 -5.748439682680093164e-03
1.023538443671344453e+03 2.798066668006114242e+02 1.725201161711498133e-03 3.095746134466246646e-03
1.130979264926177166e+03 3.369131009070887330e+02 -9.030154603871581517e-03 -7.160957297025846713e-02
1.001668184363358364e+03 8.254140837941847622e+02 4.422383032542396425e-02 1.503631515282846144e-02
3.125138277391431529e+02 5.538833774177084024e+02 -8.821156911391660194e-03 -2.216032102356252104e-03
2.304930739949512883e+02 7.035581015460960543e+02 2.080004640779046718e-02 2.216944788453434345e-02
3.637458834774303682e+02 1.047392317280004363e+03 2.202165537107731164e-01 4.302736608301608312e-01
2.772561722727526785e+02 5.742108330682956421e+02 2.695898201863933807e-01 1.387679255184265034e-02
1.049865831825933128e+03 1.775218580840379445e+02 4.294740075738896073e-02 -7.349598660157267982e-03
1.020676958564802590e+03 1.993957247895386899e+02 -1.281873263156505828e-02 1.375078212793186538e-01
2.657344635119628151e+02 7.375650732443491506e+02 -1.103282177452157009e-02 -6.075731370438772552e-03
7.869381992362651772e+02 4.018191050811782361e+02 5.231646224436388264e-03 1.502538259586290708e-03
2.506521317993008324e+02 4.024127749665310603e+02 -8.899215682164468566e-02 -3.570572823372596960e-01
3.130391580361020942e+02 6.104859982530149409e+02 2.733434769452580335e-02 -5.763027885696865235e-03
1.030031990676435271e+03 8.547832935018190028e+02 -8.353581327769867351e-03 6.261270185258680128e-03
1.140147847117668334e+03 2.229087468808367589e+02 1.335484871359956735e-02 -1.324467381487106840e-02
1.158169684238259833e+03 2.289140771201183213e+02 3.420644049883506121e-02 5.018885331581699610e-02
3.428234608756891362e+02 1.096242491253092567e+03 7.678655601411138454e-02 3.134819616950855758e-01
3.540062527407237098e+02 9.874544668646856280e+02 1.305970403503440846e-01 5.317354586860933985e-01
3.482731017575014221e+02 1.023529386222032372e+03 1.237479548889353076e-01 4.782723540389834938e-01
2.547054590245460304e+02 6.423345551813421253e+02 3.051340893218010882e-03 9.772424916968476885e-03
2.231825782978728512e+02 3.109143923219571093e+02 -5.934020517165207453e-02 -2.755448899975623256e-01
2.731202869313299288e+02 6.514903593285736179e+02 1.763549423869655193e-03 7.785629616801268121e-04
1.038987995279509960e+03 1.843885478745414730e+02 1.126038531657682674e-02 -4.068351037125324254e-02
1.210057748632925268e+03 2.191561996739756637e+02 -1.878987658193353267e-03 8.267840482877300903e-03
1.198124697649155678e+03 2.017233934784506744e+02 2.916268667854412903e-04 2.467050532073240213e-03
2.573341925963870267e+02 4.777349001140162841e+02 1.052775217072952629e-01 -3.063889316157574969e-02
2.632166937050350271e+02 5.662154278399640361e+02 -1.221295847855747574e-01 2.970679419398855603e-01
5.908654115952889470e+02 4.470437644363133813e+02 1.014010491858378777e-05 -5.600686065899552861e-03
2.375082968258660401e+02 6.937939740428548703e+02 5.056938302516581635e-03 2.728678074954631917e-03
2.958217698963873090e+02 9.949694251224627806e+02 8.418937818140311002e-02 4.510596164943076469e-01
2.679075247649633411e+02 6.309707970660332421e+02 3.543588944171573250e-03 4.601922811670561969e-03
2.614067904875132626e+02 6.453783244086940840e+02 -1.104523650644694682e-02 2.293308811897419499e-03
3.011375183757070317e+02 9.831830379492586189e+02 1.178630913625258042e-01 4.629818949190483979e-01
1.079019197254614937e+03 2.019893769996735955e+02 2.573429778832709604e-03 1.347911423575091916e-01
1.207140999246567617e+03 2.108292928885654760e+02 2.607012393720858912e-02 -3.620387547970109476e-02
3.896401517090855577e+02 1.064928140118326155e+03 1.208991802069133426e-01 4.864892277200772996e-01
1.002768322356966110e+03 8.760472529689418479e+02 -2.085551753059980418e-03 4.794135731240113316e-03
2.664618688479059188e+02 7.144197134054633125e+02 1.600056162032507294e-03 -1.809895621856484659e-03
5.009596666754556509e+02 4.580206411270637545e+02 3.592967371771059546e-03 4.640886426339438679e-04
5.946633670199923927e+02 4.836339871865296800e+02 -1.175008994681379102e-03 1.480865077054139244e-02
2.633383210333028046e+02 7.252040927127019359e+02 -3.703106180005937085e-03 -1.071405157877660178e-02
2.542086474451193112e+02 4.203532373958211679e+02 -1.065964696332761530e-01 -3.519286296736559572e-01
2.837847728581088518e+02 5.489818095706716576e+02 -8.460602425916161073e-03 3.735594630966255769e-01
1.267635809871251695e+03 3.941367745494398491e+02 -4.056326638196833777e-03 1.578415584632883017e-03
9.438370491090773839e+02 8.550655001957461536e+02 -1.075811812234176270e-03 8.712896236906233702e-04
2.540405871572575336e+02 6.866926866296483922e+02 1.183603363252454027e-03 -4.427731262540369507e-03
9.315770213970630493e+02 9.103067508483445636e+02 -1.234138996167616006e-02 1.821383026665308880e-02
1.096713225681704216e+03 2.656287988170034282e+02 -3.360596227776316280e-01 -2.007746611714133489e-01
1.276167152339919994e+03 3.562344483275199991e+02 4.476748929436514812e-01 -6.426741419926992882e-02
2.198567587888041146e+02 6.706319840229294869e+02 -7.465477048059579457e-02 3.282245630653141122e-01
1.240702848479194699e+03 2.776032673945615556e+02 6.754254330288777565e-03 -1.180515709326118191e-02
1.488467399820428625e+02 5.189528326225623687e+02 -5.847590741521767332e-03 1.901332741442841954e-04
2.795563334897924506e+02 6.457326113464741866e+02 -1.236726795752929320e-03 -7.913916141883464619e-04
1.008312804150896795e+03 9.275187876748506142e+02 -7.871033587034077317e-04 -3.093754684333262792e-04
1.124426740515482606e+03 3.133509751687868743e+02 -2.276301902744501393e-01 -1.281575472288162820e-01
9.521198206970193496e+02 8.980303823736630875e+02 -1.564132149122195864e-02 1.085627590649856315e-03
2.334580830512520322e+02 6.767059703566383178e+02 -3.061337155987577802e-03 -3.430809835181477738e-03
2.523048211356232287e+02 6.715824011597309209e+02 1.858967298983484886e-03 1.000041674972248357e-02
3.357489437387052931e+02 1.063476910239040080e+03 7.201838176163480321e-02 2.741558139805285177e-01
1.299651995333645118e+03 3.028647088228390771e+02 1.797390535336877097e-03 -3.110635425988819789e-03
1.079027659696532282e+03 2.285302356372347958e+02 5.515797671855444950e-02 2.157252441590103501e-02
3.534137980853867589e+02 1.003515201983716111e+03 1.659711725184167541e-01 4.623213302718690021e-01
2.575601395683673900e+02 6.741763100389071042e+02 6.975333509512218234e-03 1.497235231733436145e-02
1.013298648753213570e+03 8.532950796949662617e+02 -1.610759262683870334e-03 4.131145872473116452e-03
1.392023855129878029e+02 3.885254217273210884e+02 1.321217367869184948e-03 5.931266291752038469e-03
2.477688367927032687e+02 6.237164268012696766e+02 1.052037780179927197e-02 3.733326468729145781e-02
2.761147693843226989e+02 4.497599693783305383e+02 8.623779722850290208e-02 2.931512451667207531e-01
1.113005683856508313e+03 3.074610382803486459e+02 -1.881471952089403266e-01 -1.078634536343904271e-01
4.106584205119286253e+02 1.083253974440639922e+03 1.735897854763070181e-01 3.030313617679696384e-02
2.869952271343095163e+02 5.672580154663305620e+02 3.691410314881206634e-01 8.860156784962917908e-04
1.285049693388836658e+03 2.988691048117754576e+02 -1.042647409233741010e-02 8.343810009652055312e-03
2.458845678935148555e+02 4.030874104541919110e+02 -1.002173227250186122e-01 -3.959823983421033033e-01
3.373352820332034412e+02 1.079565571340288898e+03 -1.572811790628780571e-01 1.838608487703143057e-01
2.689638989944178888e+02 4.646895938289134165e+02 -4.476157997831449464e-02 -2.873762949338198869e-01
2.528786867249315264e+02 6.259126663423838863e+02 1.533398461576341437e-03 7.082338240210185598e-02
1.153666595750635452e+03 2.205687361781445475e+02 5.331774905231114609e-02 -5.186753173960861191e-02
4.421227837645374734e+02 1.086418605722864413e+03 2.716447163794442898e-02 2.062389754036582335e-04
2.647054064421762405e+02 4.473542194967564569e+02 -5.932196387493886280e-02 -3.010908107352179286e-01
5.252084399378279613e+02 4.666617143447402327e+02 -9.787024455836037824e-04 6.698218575668126590e-03
2.674286022062631218e+02 6.790473731251147456e+02 -2.256935624503435787e-03 -3.150334967550983203e-03
1.249642685207760223e+03 3.427673196971753669e+02 2.909456168696790690e-01 9.177941277896209740e-03
7.443640901954313449e+02 9.284023685386583793e+02 -3.550807057280134238e-01 1.784122389760424698e-01
5.118615543631519813e+02 4.810537772070196638e+02 -2.291987885948090775e-02 -1.433319744406428165e-03
3.696208026186949382e+02 1.034204238621477771e+03 1.727346191095379402e-01 4.371342995458473712e-01
3.266955120379483901e+02 5.528099150343979318e+02 9.942753791245078059e-04 8.669108843903787151e-03
2.754335195499112956e+02 4.834276301163890253e+02 5.284152467907073797e-02 -2.822799708554085130e-01
1.224370379424421117e+03 3.965960433641557756e+02 1.127462497352593913e-02 -1.019578349413484061e-02
2.766860134581461352e+02 4.069409185049096891e+02 7.990778338936557756e-02 3.520467786843238800e-01
2.316691854210200461e+02 7.372491876805493121e+02 8.198434550575544461e-03 -2.273659383284679959e-03
2.228376120244584513e+02 2.922700884926841809e+02 -7.922781052608365848e-02 -2.901533221899855741e-01
3.087852194116829310e+02 6.455368857527265618e+02 -1.936396078742228183e-03 -1.016531880445834847e-02
1.203555880353406792e+03 3.833584877890493772e+02 -2.487452840796097395e-02 6.806011778137147430e-03
2.258119461754270390e+02 7.495476478820272632e+02 -8.626307096532195157e-03 -2.565791801350432184e-04
1.033878898272250353e+03 1.725089499230348622e+02 2.128564697985362540e-03 -1.290143001916354767e-03
1.197222833441936245e+03 3.821832574554382518e+02 1.682321316071907005e-02 -8.380698844559495916e-03
2.663626256089810340e+02 4.154332949452253274e+02 9.827778076293842979e-02 3.447071682472784837e-01
3.325684640641294436e+02 1.012197247208723297e+03 2.619850956070590153e-01 4.414789716671915221e-01
9.218790110937775353e+02 8.918530665746689010e+02 1.178024666703797593e-03 1.791459354444443651e-03
2.726503263256158220e+02 4.757935455291918174e+02 1.041145010690185460e-02 -2.910988820128767030e-01
2.410460831283035077e+02 6.390187988892168960e+02 -2.068860285258567605e-02 1.063668040082028227e-01
3.894394210025846519e+02 1.048721917646064412e+03 2.551232170200306015e-01 4.158776426286981409e-01
3.697740481160133754e+02 1.065795157283590015e+03 2.951555283568312316e-01 4.539727262165601518e-01
9.555916520129260050e+01 3.643952062555355269e+02 -4.523137838223158409e-03 1.576371984879075452e-03
2.593061395094382533e+02 5.323830370834502901e+02 1.509743748028123111e-01 -3.452851220547382277e-02
3.770913173062174337e+02 1.062262419999689655e+03 2.121084727026358863e-01 3.603546746727072092e-01
2.737540999667279493e+02 6.165129389308592636e+02 1.149046916809889907e-02 2.480979405163565021e-02
1.044810928701724379e+03 2.259955782204400236e+02 3.673730753081540928e-02 8.663020276833546807e-02
2.600502351652830271e+02 5.392397390221564137e+02 -2.057412367716544843e-01 4.426777398549648357e-01
2.619299752024199393e+02 6.920457103871723348e+02 -1.728886191362972134e-03 4.794152603041072790e-04
2.964121391006860904e+02 9.679001423352553957e+02 1.058549117898191227e-01 4.626131471834289410e-01
2.532972051822784465e+02 4.960782944693488616e+02 -1.999836226315547874e-02 3.137680753148756364e-03
4.329870089907441297e+02 1.090048984129596420e+03 -7.749884021012970296e-03 1.076529359617626677e-02
2.711595529271980354e+02 5.007619016405691923e+02 5.647596343089844595e-02 -2.619727987341792241e-01
2.731104064525002855e+02 6.032656013749178783e+02 -1.113874646221576087e-01 2.181363690855987192e-01
2.512244351370466688e+02 6.162283713326564794e+02 -9.027225498430040129e-02 1.784874169939413002e-01
3.155748777477011799e+02 1.039506947008531370e+03 1.084717570635869432e-01 4.345165365244748612e-01
2.409095933253732085e+02 7.253073935927392313e+02 6.459860303006098071e-03 2.583382955768877623e-02
3.224506377190469379e+02 1.015238694527214761e+03 2.603597171197429838e-01 4.551275865171601764e-01
2.646748732731559812e+02 3.909941299050129260e+02 8.686600366395581807e-02 3.068725944836709352e-01
1.000924025350909801e+03 2.218668129736813057e+02 -2.464431701615368234e-03 -1.337974587253448148e-03
1.246434722969799623e+03 2.896173704859222084e+02 -3.424152262231482374e-03 2.050546715773040457e-02
2.660105364175129807e+02 4.977101026490564664e+02 8.133755262239017458e-02 -2.457978688937285661e-01
1.017230567200783980e+03 2.634752387365724076e+02 -4.050695479579621665e-03 4.626371812513311622e-03
3.239196648465918997e+02 1.085317350381969618e+03 9.417956308001046439e-02 4.447034461736260602e-01
5.518601507950252198e+02 5.000566646543817342e+02 2.602683192122586236e-03 -1.891728634650845188e-03
2.427071711528789990e+02 6.863875972977090214e+02 -4.461162461307882805e-03 -3.297417619705811376e-03
2.420680254188753509e+02 6.994712384488128691e+02 3.662934864445952280e-04 -5.252111670377345061e-03
2.711565119396801720e+02 5.930151950464436368e+02 -3.758804134767360777e-02 3.127994287893706704e-01
1.037699383546642139e+03 1.991144895115076281e+02 -1.889689345540489923e-02 2.082919424199110997e-02
2.751740949491423862e+02 6.946507498957915914e+02 -2.133540539706574692e-04 -5.145817811659647925e-03
1.098880645177502174e+03 3.302939284596686775e+02 -5.460603795480811762e-02 -8.225981893409056722e-02
1.152099471850498503e+03 3.639559035726466050e+02 1.232235655416699660e-02 -6.790569213084120866e-04
3.051872491572467538e+02 1.023919715195909816e+03 8.838666563016575606e-02 4.036679552694177886e-01
2.420505255850465289e+02 5.155981011529498801e+02 -1.587625220066841546e-03 6.999577247916247309e-03
2.605463258617983229e+02 5.090860919116149148e+02 5.212880527625204929e-02 -2.858439344971505092e-01
2.899525666536801509e+02 5.941964502742140439e+02 3.646579234045288498e-02 3.909549676585437616e-01
2.604497160301224312e+02 5.941604566803074476e+02 5.527307574579277266e-02 -2.843010754421899655e-01
1.091852380059924599e+03 1.680201294255538187e+02 8.271409920270893223e-02 9.288424808274452216e-02
1.204909917906390092e+03 2.027505089825744165e+02 -2.183829369007278531e-02 1.081129559292328280e-03
2.850477346440020483e+02 4.753099286319931593e+02 7.915794858320787664e-02 2.208694290646411040e-01
1.133953775858714380e+03 1.905899621831441664e+02 4.931251063374807918e-05 -7.993578099429479722e-03
1.028424127087462693e+03 2.662476975605335383e+02 -3.355200287709486032e-03 -8.406615452446261974e-03
1.171039534502588822e+03 2.261430386220152400e+02 2.370070306218766219e-03 -3.071915330959071929e-03
2.654139762178652973e+02 4.805861952360901910e+02 2.355018408344494371e-02 -1.936193359742490738e-01
2.507629673169277282e+02 6.475282950416242329e+02 6.836782258034190818e-03 -1.366373273748478683e-03
1.163933182264259813e+03 3.351801797321678578e+02 1.931421312933707668e-01 9.593967882751307241e-02
2.610587558585836518e+02 6.079454256748853140e+02 8.509154719568629011e-02 -2.617162033706085800e-01
6.038408424871129228e+02 3.973056793570272021e+02 -4.226749018034572122e-04 -1.958130704528768251e-02
2.597323187969873288e+02 4.118015092535956114e+02 9.846531993270835059e-02 3.395189243837743454e-01
2.429813787343454976e+02 7.191305720902026906e+02 -1.150665335047103277e-02 3.862619877656587892e-03
3.772491964352449259e+02 1.036746356822209464e+03 1.640336055168316598e-01 4.519910544485060688e-01
2.724820244416995365e+02 5.476558910688119113e+02 -7.301058752562544774e-02 3.155943758353527695e-01
8.650250197050030465e+02 1.102286946537923768e+03 7.244305097167465408e-04 -3.379738521577411656e-04
1.131997382632226618e+03 1.812010854786873324e+02 2.333180447221640946e-02 -4.067557108279999840e-03
4.835129496341103277e+02 4.444527515314870243e+02 -6.122673590109322869e-03 -4.148958443679216790e-02
2.674891530253089513e+02 4.917036153709859150e+02 1.083283661961382399e-01 -2.083005116373891630e-01
2.878688893590534121e+02 6.124522942329479065e+02 -1.832217890610520622e-02 1.777869408892585046e-01
2.124691342178403772e+02 7.554525115861576978e+02 -4.742184048609487945e-03 9.267790156483519156e-05
7.238374633577884651e+02 9.666386081125241390e+02 -5.574591182701372528e-03 -1.291158515142445951e-02
2.859709046466185782e+02 9.867450325187970748e+02 7.231814964380885169e-02 4.621545817425047886e-01
2.765257507959707368e+02 4.246516553448844888e+02 7.420785677022076476e-02 3.055773949835775549e-01
2.592326493813141042e+02 3.711791245798727914e+02 8.582138827254079394e-02 2.626538875956522245e-01
2.271465466642786168e+02 6.102448434050107835e+02 4.216479340823917066e-02 2.367947323436762619e-01
2.645015519951053307e+02 3.680587871365681281e+02 8.655333394839340166e-02 2.682121162021307015e-01
1.639872995552805719e+02 5.088370209959121553e+02 -2.720804723612906817e-01 -3.377060362094246870e-01
2.451317734794320700e+02 7.612954739699179072e+02 -5.577249851116317694e-05 -1.239500776729852462e-02
2.802116416334464475e+02 4.746785794189694911e+02 7.570084584120134741e-02 2.187061292863936857e-01
1.143205333240157870e+03 3.651721535598338164e+02 -4.236440961404236774e-03 1.146396982742789797e-02
5.599898464240966405e+02 4.948379511218785751e+02 3.897057542466841895e-05 -2.304372860451752228e-02
2.603889456242349638e+02 6.535755492735886492e+02 -4.409130397619935929e-03 -4.031239611072348801e-03
3.258690431911652468e+02 4.968189977207326820e+02 4.004367569494449641e-04 2.515426970501154127e-03
1.158561268844831147e+03 3.728797543401743155e+02 -8.235356723542568841e-03 1.806718431151865117e-02
2.836361759093213664e+02 4.548902038635394547e+02 7.643772151940221582e-02 2.562720820620718043e-01
1.266881544057856672e+03 2.601136652062805297e+02 1.243973180651502565e-02 1.007216706358743212e-03
6.594576631762596435e+02 1.058579409614706037e+03 4.295345826456396787e-02 -2.749182014208194635e-01
1.011521323434051169e+03 1.736447939465822685e+02 7.616729236761415195e-03 8.470924250436364907e-04
1.131260528636416439e+03 2.087545837815637242e+02 3.303398508017218321e-02 -3.061464068932139709e-02
2.176992179716843054e+02 7.654741763359693323e+02 1.091813730405341018e-04 6.252083679636697691e-04
1.118495825146313564e+03 2.556719595316055802e+02 -2.931544029576375054e-01 -7.195282857625080741e-02
2.399761133674281552e+02 7.646494116761952000e+02 -2.616429342805473221e-03 1.110194516873812785e-02
1.121262481115014907e+03 1.802718469191696613e+02 9.015088219129355207e-02 -7.337930088920524910e-03
1.096993144358918926e+03 2.439133439408960271e+02 -3.950570486923685870e-02 2.832148108837087216e-02
1.181266821640105263e+03 2.116053440326645045e+02 4.813995177289711290e-03 -2.634185195462902199e-03
1.233206159604059849e+03 2.973347981160051177e+02 3.317685010539783708e-02 -2.656826540610736642e-01
9.303064896461718263e+02 8.972615790648825396e+02 4.353239832536280433e-03 -6.961009782163038971e-03
2.539961965185936492e+02 3.536308104585204433e+02 4.817488976407258844e-02 2.547680695823367203e-01
2.812459895866554120e+02 6.602628826393439567e+02 1.347189219467675829e-02 -1.778283529512855949e-03
2.724997668002259275e+02 3.888564674907353265e+02 7.952067475055668577e-02 3.141715233747677805e-01
1.095318515806246523e+03 1.706311361819333854e+02 2.985852151858909079e-02 8.084460178362982974e-02
1.136741134506193248e+03 2.969714037779020259e+02 2.238814501730023998e-01 1.008807765291476755e-01
1.170957925036580946e+03 2.332981551512013425e+02 -1.151521755578905400e-03 -1.641005946495825143e-03
1.092440918733966782e+03 1.895468934307615427e+02 -8.479495591889572165e-03 1.992956613015272813e-03
2.596837108310630811e+02 3.499748850681303907e+02 6.010495717125008408e-02 2.399674532170974484e-01
2.097764583297415584e+02 6.600708889302909483e+02 -1.555025981364255294e-01 2.909553236208674010e-01
2.069714148788511068e+02 7.245981267775872539e+02 7.739913863205028464e-03 4.155504307757134849e-03
1.020121719300754648e+03 8.061713891149439632e+02 2.349899633762304700e-03 -1.788946346254765554e-03
6.628916353486790740e+02 1.054297437902565207e+03 9.515201743296741732e-02 -2.702757372563240890e-01
6.105119376624923007e+02 4.212496365779477969e+02 -1.872580026839602840e-02 2.268243620711520719e-02
1.046871293281792532e+03 2.230003363641405656e+02 1.947216635029789394e-02 -2.547177225820528371e-02
1.987842564526753506e+02 5.723536957179290994e+02 -8.630135686166852393e-02 -2.987257296722823918e-01
1.045074362250346212e+03 8.510289138522962276e+02 -2.886672147057949434e-03 -9.347574648157629552e-04
4.934038069487365874e+02 4.549329705149414735e+02 -8.818170592781141189e-04 -1.064704149081364308e-03
1.159579078309008082e+03 2.553767286445655316e+02 -1.594047592410257480e-02 -2.547856121919965869e-02
7.233120976190905083e+01 3.166831894493899995e+02 -7.069617632495102345e-04 -2.245896590274228631e-03
5.781016523640822697e+02 3.945706211899279765e+02 -5.932283159691649488e-02 1.869507239804858115e-03
5.193203991392301759e+02 4.234905369383832294e+02 -1.672096977953141730e-02 -2.606349831653246782e-02
1.922705725103897976e+02 5.448776877305763264e+02 -2.086016612377327162e-01 -3.879546974418338623e-01
2.833868814004824799e+02 6.816854675783016546e+02 5.555090805475768924e-03 1.313675487317100777e-03
3.189051172419985392e+02 5.668667041504359076e+02 6.025047802244452681e-03 -4.701345618182041150e-03
2.624102394170814136e+02 4.630310304565288106e+02 -8.582114427433184395e-03 -2.458551918843533413e-01
5.006986042691820558e+02 4.930705814352810421e+02 -5.832248208967840547e-02 3.963268407524015227e-03
9.308481479106129655e+02 1.921044442652004136e+02 -3.287819553251399973e-03 -1.068724926913958324e-02
1.178306185828128037e+03 3.636130798439967862e+02 1.957412214179488630e-01 3.508602522937004919e-01
1.151350633442869821e+03 2.544140811885723394e+02 2.491472357793766274e-02 6.568239974990404406e-02
1.170689619865395343e+03 2.000452935026064836e+02 9.052639604708992427e-03 -5.016724949064746419e-02
1.177754938074050415e+03 2.639668849531454953e+02 -1.574508552747793527e-02 3.829859767440418894e-02
2.669673117312684667e+02 6.453446403262150852e+02 -6.836786342232429106e-03 8.680039454635100037e-04
2.744888736794396777e+02 4.323266131811947730e+02 8.009778273665774107e-02 3.107823877420970438e-01
1.056647187354913058e+03 1.864407871218844832e+02 -1.204995236269649772e-01 -1.304210196863864191e-01
1.004913791890348307e+03 2.464104488898132104e+02 1.057962493436126299e-02 3.647439719878269124e-03
1.060174508024990928e+03 2.532697950476232620e+02 -7.042706720625628580e-02 -2.593512391935748340e-01
2.945861305518044446e+02 5.898434762808043388e+02 3.697978962363135391e-02 3.727420320459779446e-01
1.145319245622971948e+03 3.552752081464403204e+02 -9.301831123987693364e-03 3.248182199213193316e-02
2.614880483179613861e+02 3.389220162143924426e+02 6.114077848789746528e-02 2.289672137552182796e-01
2.180123355985199396e+02 5.304198663720502509e+02 1.237020602470839496e-02 -5.184269897025086185e-03
1.129558271211864621e+03 2.277528122941768061e+02 -3.419761714737189900e-03 8.632530369837495068e-03
1.038610244978794981e+03 2.790203521587943669e+02 1.266917862884127215e-03 1.829514101396709138e-03
1.050089524025186620e+03 2.822673442968360291e+02 2.717566685073551959e-03 1.154007498684670764e-02
2.513269442990482219e+02 4.193508638241507924e+02 -1.022638063044791906e-01 -3.570867531038170450e-01
1.045741703002399845e+03 2.427798200108091464e+02 -1.615120513499552490e-01 -2.770783538581930161e-01
1.013262442143644193e+03 2.617144626660287940e+02 -3.048353514071383726e-03 8.684386662323368561e-03
2.716491226895497562e+02 4.303268155277380629e+02 9.342568051264796281e-02 3.219936216782052218e-01
7.869903610247929464e+02 4.081995402816947944e+02 8.544451330657025848e-03 6.301878223465305628e-03
5.092318306155765981e+02 4.514018226589231517e+02 5.134242081603228097e-04 2.141432712781550225e-04
1.214552802351800665e+03 2.246003770139994913e+02 1.310746011488233068e-02 7.062151018571415258e-03
7.437302938023768775e+02 9.634695876880130072e+02 2.416905526821651849e-03 -5.176695858195481947e-03
1.942766670668281677e+02 5.742309717024886595e+02 -5.674603529295458443e-02 -2.656229521907760294e-01
1.865228972975319834e+02 5.537371598963153474e+02 -2.582426306311658148e-01 -4.087354511517897748e-01
2.285610421376225929e+02 7.777263416174301938e+02 -2.497485100120695745e-02 2.131781759894265521e-02
2.735408732265536287e+02 4.116990186034211092e+02 9.949318495480193036e-02 3.395110247974958417e-01
1.094461646232943167e+03 2.012458187835985655e+02 4.145671215088206872e-03 -3.156666043234862117e-03
1.991059652772448771e+02 5.143150788893409526e+02 1.991694668202799792e-02 -2.998548573448756027e-02
2.239696966392838533e+02 7.209981141942062095e+02 4.605783073847168410e-03 -1.562991014822440183e-02
2.556657857334824371e+02 3.387206207670075742e+02 7.151530062031163926e-02 2.350745998941761172e-01
1.109721070808640889e+03 1.927257631706191887e+02 1.396509274366098396e-01 6.625944001959198359e-02
2.214968408164643279e+02 5.885117871988893512e+02 1.214577804022414081e-01 -3.141157749840188251e-01
1.020488632631216092e+03 8.668709322257263921e+02 1.069909263945885268e-04 2.879088919953439081e-03
1.086309045034937299e+03 1.998679707698532013e+02 1.766152626449111985e-03 4.440471182557716168e-02
1.016291123618745360e+03 2.400687763940376556e+02 1.731511089834195452e-02 -1.181814777950818823e-02
2.237716645634891393e+02 6.362106133139711801e+02 -2.119793080476707059e-01 2.052884461349621381e-01
3.709361959131753110e+02 1.048656801687310463e+03 2.083994746259755226e-01 3.937869764942789619e-01
1.033398305417136953e+03 2.731176075679582027e+02 5.757842364611932655e-04 -1.326832855491460669e-02
3.188080821745611502e+02 1.000053553102825731e+03 1.560847406405221904e-01 4.182942719959125699e-01
4.897348613080225164e+02 4.739643456303595599e+02 -2.753321881574200339e-02 -6.664746018607769877e-03
2.993800744230122746e+02 6.541991508073406294e+02 2.043349927108951969e-03 -1.300312467771555568e-04
1.205862898081125195e+03 2.428312265875566993e+02 -1.753756836915452283e-03 2.787333057899435418e-02
1.193048548317411587e+03 2.524698019793647461e+02 1.066359537669023423e-02 -1.917781365284638648e-02
1.072425366541317999e+03 2.176231204467386533e+02 5.132956368131297298e-02 1.729565330644465201e-02
2.630722979538574577e+02 5.267208981081455477e+02 1.959567953666022377e-01 -5.478521715606843312e-02
2.401332143402522661e+02 6.016932009703322137e+02 -2.321040811084632838e-01 2.618705734859606005e-01
3.068865027854333221e+02 5.302546811778322535e+02 4.933734250577196528e-03 7.183205436203394384e-03
5.369714243480966616e+02 4.253187383669471160e+02 -4.982185172696625836e-02 1.350317380376288810e-02
1.107224869539111751e+03 2.272097742753300054e+02 6.808032218902265731e-02 1.383482358879335392e-02
1.048234978456543786e+03 2.698675277933603525e+02 2.432128485100400889e-02 3.068236398903727985e-02
3.371948295469251775e+02 9.862693478013444519e+02 1.453703775319293567e-01 4.585237464938673457e-01
5.925116872961114041e+02 4.594544836108227628e+02 -1.936511407200777052e-02 1.168100987500185137e-02
1.125817498415519594e+03 1.496845977496830926e+02 -4.442036942574566043e-03 6.842529949231635107e-03
1.106957284931066170e+03 1.732448410701026944e+02 2.055018568066680970e-02 8.034332165530712333e-02
1.140810728237897592e+03 2.026259459386543540e+02 2.041637866610282806e-02 -8.072083790182205121e-02
2.420144218878984361e+02 3.333194826932455612e+02 5.654770259657327519e-02 2.372152068051751328e-01
2.173743227285015109e+02 5.871875869076409344e+02 1.361212170315759529e-01 -3.185804802129802438e-01
2.497218885201386342e+02 6.904909511740507924e+02 -2.787098373505445328e-03 8.905587576838016120e-03
2.192291329553778780e+02 6.020448597246294185e+02 1.615811941873686874e-01 -3.020399881695156608e-01
5.125093899029811837e+02 4.945427581368052756e+02 -4.143022028127949646e-02 2.927272457777284689e-02
5.486293574021618724e+02 4.591998626095402187e+02 -1.509263013432327353e-03 4.249640438767600219e-03
3.256979351033990611e+02 5.035448582785010103e+02 6.079434485477937461e-04 -1.307132817003386514e-03
2.560392454152861887e+02 7.472425261633859463e+02 -8.288866790657252112e-03 2.206926684033249514e-02
1.063590659969225953e+03 2.830239348970513333e+02 -2.688665263373994918e-01 -2.855323449311384931e-01
2.664008885154943300e+02 6.235017875524505371e+02 -2.670425821040928096e-03 -2.375718606180212897e-02
1.183288805659134823e+03 1.664405375358082608e+02 -4.747034728329663743e-03 -1.881856763207571254e-02
1.048649082786640747e+03 2.602140981415282113e+02 -5.504571668114132538e-02 -1.577318022457072089e-01
2.532405425218612436e+02 3.754925616803096773e+02 6.641262258382722716e-02 2.804197167206816110e-01
9.469749222447588863e+02 8.915885435618304200e+02 -3.313267305227304838e-02 -3.894324843408844550e-02
2.124633022062558325e+02 6.071588501914955032e+02 1.099231295961434901e-01 -3.040666578805280573e-01
3.482527990953435619e+02 1.095160432381340115e+03 7.481936536782939073e-02 3.449976418306361370e-01
5.024725221084348163e+02 4.392420014756568776e+02 -1.414325919913855941e-03 -3.695571414625916859e-03
1.111432843064811323e+03 1.649873244012401585e+02 6.313358750159102188e-03 7.320665204495825640e-02
1.123952230796352524e+03 1.932763685215171847e+02 1.023794822822017697e-01 3.035981960547787933e-02
1.153684891371686717e+03 3.336884544986839956e+02 1.780696078499812152e-01 -1.438500273928624562e-01
1.151246162336175985e+03 3.938769754088826289e+02 -5.141727257349804070e-02 -7.753175427142038056e-03
2.751401249778654687e+02 5.937399729818242804e+02 -4.837825787892102714e-02 3.006930164386633075e-01
1.044091839540398951e+03 1.653138519502966801e+02 2.563970958457467090e-04 4.999893439326183117e-03
8.913635560196894403e+02 9.328391543374340245e+02 8.250172266586856817e-04 -9.909458524395748941e-04
2.132698716782222164e+02 5.969054612897981542e+02 1.860729721811558435e-01 -2.950352279622874829e-01
1.070592638536262257e+03 1.756002459555336372e+02 -7.690532564072664889e-02 5.550878878827403967e-02
1.307539334133380407e+03 3.418047005819368565e+02 2.273657309135682369e-01 1.170526581005445904e-01
2.571122027822192422e+02 3.201006863075105571e+02 5.677006071862460146e-02 2.080563100123560827e-01
2.494827666150972334e+02 3.579755208105926272e+02 4.653603152818609756e-02 2.567720167490826211e-01
5.229885385181314632e+02 4.605060542190431647e+02 -4.896012073193488530e-04 4.934337427184260850e-04
2.039207579928487348e+02 7.090159330862386469e+02 -1.527305023457340306e-03 2.850962684152985420e-03
1.016728475242484819e+03 1.769501783879477443e+02 3.960699465917266390e-03 5.434869947474016937e-03
1.058164761018424997e+03 3.019452438660074449e+02 1.837622306772960460e-03 -2.186245807028473417e-03
1.155042319812676396e+03 2.243080677472664775e+02 2.329386520763013224e-02 -5.713072226662612579e-02
2.017552647630695333e+02 7.019355977838436047e+02 1.026226952741398669e-03 1.819785748631994266e-03
1.159364376057860454e+03 1.917578030049623692e+02 -4.487361410471325807e-03 1.116595208549395896e-02
2.482389451162513012e+02 3.214023737052852994e+02 3.641880559373425474e-02 2.109629664954497663e-01
5.173308185168489217e+02 4.649609773991609813e+02 -7.016935942776246146e-03 -4.762962424663137045e-02
3.243830430300733383e+02 5.155187879235257924e+02 1.753033359259034002e-02 -1.535027488758525585e-02
1.036370815660643984e+03 2.976285772900704956e+02 -1.078933048556521453e-02 2.653767781194207322e-04
1.156296740230810201e+03 2.097550258207843115e+02 3.290522425046480542e-02 1.204572700610602627e-02
1.214893904213958649e+03 3.165403274050094069e+02 5.357638806938910259e-01 1.789498438969838179e-01
1.030347157512573403e+03 1.947819912294517337e+02 1.363137778373066551e-02 -2.024708312844559696e-02
1.389979461312233582e+02 3.979173797286937315e+02 -1.069186529091461797e-03 -1.473251954996781556e-02
1.119502755976622439e+03 1.707323564600692123e+02 -3.931248751480257569e-02 4.977301841495768847e-02
5.331852320057893166e+02 4.285118655809566235e+02 2.690705897138475754e-03 -1.934212982351340504e-03
1.089074580348809377e+03 2.801056887354157539e+02 1.498141157034013349e-01 1.797602080587999140e-01
2.435275573177901549e+02 6.126861820454932968e+02 -7.296288799288407068e-02 1.569542167827907841e-01
2.939187792797692396e+02 4.932481145745353501e+02 5.144308159591479829e-02 3.251357471245066022e-01
1.170707032905991582e+03 3.255524588270463937e+02 2.616471763907125547e-01 1.217615831987512443e-01
7.849621821814045006e+02 9.552118139131018779e+02 7.428757851954233748e-04 4.580722106297933742e-03
1.112719273376515048e+03 2.186608532843519015e+02 6.756654737244227604e-02 -5.881913752671039976e-03
1.125334208086161198e+03 2.394076079764952851e+02 3.622938310361788206e-02 1.834836847042863733e-02
2.593023051689690419e+02 7.179236287272286745e+02 -4.897582671868340627e-03 1.528358408352975713e-02
1.055426109858190785e+03 2.103559403621215438e+02 1.462283577414400307e-02 1.537778036950752198e-03
2.043887352602207557e+02 6.278607319777951261e+02 1.152966980140051750e-01 -2.949394154422299019e-01
1.165927162498070402e+03 3.051687869085031366e+02 3.957169915860715981e-01 1.108576010004522910e-01
7.147727522963718911e+02 4.229438269127910530e+02 3.959040213087428733e-02 1.581772599719710737e-02
7.695553355586325779e+02 9.564520341864212014e+02 -2.757947865647300111e-04 -8.611181506993678247e-04
1.057360423229482421e+03 2.441551605917444476e+02 2.369819938183868047e-01 2.496679894481923789e-01
1.233469056576212324e+03 2.821687120369803097e+02 -1.223661484540219946e-02 -1.833547875757196577e-02
1.060134477005023655e+03 2.091128807263297062e+02 -1.022007007722667143e-01 1.319548898796780723e-01
2.200975962464034410e+02 7.438368604765189502e+02 5.092158106881560301e-03 4.749729055248227277e-03
1.062076118735332557e+03 2.687685887655827628e+02 -1.155708255151662589e-01 -2.792129611843239823e-01
1.057942602146013087e+03 2.745540132849323527e+02 -1.118993221422789480e-01 -2.942032137910883249e-01
1.286368566694725814e+03 3.028617427456125029e+02 -1.459697803036508852e-03 5.544181973877724580e-03
9.761231510026265141e+02 1.710541135063209595e+02 -2.097697086551621702e-03 -2.365135376812804377e-02
1.170925653620885669e+03 2.161585411159399825e+02 -2.410789265809623952e-02 6.390492349807470884e-02
1.213578782767944944e+02 4.305486526311530611e+02 2.128474751992268932e-01 2.693973738142886876e-01
1.011369768172938961e+03 2.331269020171680779e+02 2.293831914767222382e-02 -4.085132874901052646e-02
1.314570758575147920e+03 3.359219954591786177e+02 2.823988367313469694e-01 1.377331632889923496e-01
2.611221177031773095e+02 5.661496562689764005e+02 -1.034189816172996768e-01 2.739971842579259631e-01
5.352990304941895374e+02 4.908992940495644461e+02 7.723034810190724554e-03 3.234065423512703930e-02
8.291556049610022683e+01 3.461571195096786369e+02 9.315974167619185328e-03 1.498206803350202176e-02
5.456459244075271044e+02 4.248504707691408271e+02 3.610735781197684131e-03 -2.652136255178312542e-04
1.025987730557318400e+03 1.705423666251575696e+02 1.117135880249271913e-02 -9.969063020823605223e-03
3.778533737763780209e+02 1.098689058163775144e+03 -1.919892533412182606e-02 3.300939246414442696e-01
1.370240177575483642e+02 3.904234387097715739e+02 3.793213311596581360e-04 -2.457649558677287710e-03
1.167835825683218673e+03 1.873018240393135159e+02 -1.395153343668029686e-03 -5.275034619681000583e-03
2.641018780731247375e+02 4.201617442079412967e+02 1.079310407828642793e-01 3.362630005880484219e-01
2.665953957773489265e+02 4.311213505009563391e+02 1.088201391753877562e-01 3.268812851097265271e-01
5.586385285596236372e+02 4.809469358154661904e+02 -1.441464846406423014e-02 -1.506969894721423009e-02
2.380687647475267283e+02 3.154537716973634360e+02 4.861698938541332560e-02 2.226304645233063984e-01
2.472237976039558589e+02 3.663121722628234238e+02 4.092338776880068141e-02 2.678981404591702087e-01
2.554146814203916165e+02 6.995986740983540813e+02 -1.049341237911665010e-02 -6.675872893666646123e-03
1.806071517749474253e+02 5.214158123141511396e+02 1.657792988541540724e-01 3.500168611588852507e-01
1.840445477835411907e+02 6.091926828073839033e+02 1.064555656079803486e-01 -1.389056101325879811e-01
1.153835065131361034e+03 1.803186761260049593e+02 -6.772652577525366821e-04 -1.781849357764336145e-02
1.156217102958976056e+03 1.994080216386917641e+02 -4.310425450566441469e-03 5.431683892720290570e-03
2.710578313161948358e+02 6.269867156714515204e+02 5.130975486735570544e-03 -6.540755561860972338e-03
2.667917328545017313e+02 3.523395975956115649e+02 7.248459194316088372e-02 2.587966555104906363e-01
2.682929245426359444e+02 3.628980172598447211e+02 6.014876816053145447e-02 2.742796468180034308e-01
1.125737974139385415e+03 2.099096628174235377e+02 1.296032147968049879e-02 7.150024226775139082e-03
1.178965546694522573e+03 2.248283844958451141e+02 -1.186562530720624252e-02 1.185836364156571052e-02
1.175133442882933650e+03 3.443794008648823137e+02 4.267230642134505203e-01 6.888898993576961227e-02
1.948404057185648526e+02 6.259390192595575400e+02 9.930230011202599572e-02 -2.949009840444876129e-01
2.522557658891089432e+02 3.104671661973096093e+02 4.353295957200276067e-02 2.186498084043803636e-01
5.067492432937056037e+02 4.667981295257603733e+02 1.797929689084214335e-05 -2.798438939443807566e-04
1.154705447668509350e+03 1.458390364036663414e+02 1.597509510716098660e-02 4.154854168651899229e-03
2.882677244421582827e+02 6.665778252415028646e+02 5.177958119416546830e-03 4.742030971648532843e-03
2.067282030591874502e+02 6.043342566174527519e+02 2.436549879620878434e-01 -3.794875191269707626e-01
2.257493159838164161e+02 2.994443968467491572e+02 -8.186336588293208205e-02 -2.635578343848247740e-01
1.087465123705933138e+03 1.753302133338715123e+02 1.272647927673060120e-01 1.877507213580339451e-01
1.266294650233029188e+03 2.031252812352235821e+02 4.045311605399420918e-03 -7.436563371892125802e-03
2.608259665330095345e+02 6.687139836820466599e+02 -1.113626182094470431e-02 1.223089027748958633e-02
1.006723992856331051e+03 2.251143950466405386e+02 4.331451731763090278e-03 -5.567009207788717155e-03
1.084306755344410931e+03 2.979560608700323883e+02 3.899515163486581837e-02 6.964427071210815834e-02
3.164282180517838015e+02 5.188748175531220568e+02 -1.538517830859388071e-02 4.271742295314327927e-03
1.001142959031697615e+03 2.015833055758574233e+02 -1.336816030238811293e-01 -1.261587059854095971e-01
1.138416603879866670e+03 2.838768886464301886e+02 -9.304493382144458924e-03 3.021547535889276825e-02
2.390806647181603068e+02 7.101677300277501672e+02 -1.032209067204521973e-03 -1.683647678914039145e-02
4.059284526675935467e+02 1.075177638374265143e+03 4.389258808374965071e-01 3.662323994466271659e-01
2.907693614379959399e+02 9.980430344184568412e+02 7.699092963726721084e-02 4.490720194609544302e-01
1.149574262736448418e+03 2.089687303570016752e+02 3.536959855619168508e-03 -2.050694585151258218e-03
1.972635925274203146e+02 6.389270127660474827e+02 1.071262352121240408e-01 -3.258540547483830263e-01
1.096264286182379465e+03 2.498789107767234725e+02 -2.684051675120921465e-01 -1.005021377177982150e-01
2.910600412127005256e+02 4.705209318057331984e+02 1.856320020957604941e-02 2.845792805169507500e-01
1.138690413697907161e+03 1.861872317570463622e+02 5.552056310379346882e-03 -4.600778291987099242e-03
1.123919984373395891e+03 3.409439413112388593e+02 -1.845880386106205865e-03 3.500825322745559822e-03
1.158275764409274188e+03 2.161258253666538849e+02 1.504519197968569033e-01 -4.916007002528694630e-02
1.162423485700209994e+03 2.555145112026366689e+02 7.712611859154427582e-03 1.546555138354680781e-01
9.309996054067086106e+02 8.835618359821339709e+02 -1.177307813868920527e-02 -7.155498993068537712e-03
1.805448267228582040e+02 4.953499367456594769e+02 1.431286662608426408e-01 2.970413347758205092e-01
2.201321435552055448e+02 7.164466499383470364e+02 -6.349658665122111245e-03 2.567702739167773349e-02
1.088781188660180533e+03 2.662801564617441272e+02 2.887377070669346901e-01 1.921276367267394369e-01
9.970402247807977574e+02 1.840151124383715739e+02 8.021646699025478111e-02 1.552364723031846305e-01
3.395466018417854457e+02 1.059893597755047949e+03 5.567592635504516052e-02 2.790930077457129399e-01
1.172018800872919883e+03 3.637541618093342777e+02 1.983572955210741173e-01 3.636800642656749516e-01
2.478745163963990592e+02 7.309524429607422462e+02 5.320556650262062669e-03 -5.981001860120614168e-03
2.428390609522733996e+02 3.121677617820051864e+02 4.249693473288477380e-02 2.071450616420910940e-01
1.074750412114901110e+03 3.064115261816530165e+02 -2.575421152889169618e-01 -6.742322542510643946e-02
8.346024415542129304e+01 3.388106742524408332e+02 5.647848243474554338e-03 6.390538814709599558e-03
4.673879366953432282e+02 4.569062070452301327e+02 2.069294457902814358e-04 1.886912523209024204e-03
1.082411811695246797e+03 1.727980795772490978e+02 1.815235447889101128e-01 1.962327146541247846e-01
1.741680619378669235e+02 4.982143491691810482e+02 1.589126282530199108e-01 2.958779340205233699e-01
1.118880445658373674e+03 2.057547626973707793e+02 1.865191814800749859e-02 -8.786072600220928841e-02
1.170099298997652795e+03 1.720883960248766584e+02 1.301043728432517421e-03 -5.106646218700978609e-03
1.850924387698617579e+02 5.151618772848313483e+02 1.282381398630317582e-01 3.400872141293815876e-01
1.026124204889121984e+03 2.425171178980167213e+02 -7.113471888159336775e-04 -4.832319044635684756e-03
5.352628901370177346e+02 4.386819652860515930e+02 -7.675130635771290274e-03 -1.565587538379667465e-02
1.027409874442298360e+03 1.827283657491520046e+02 4.339891467189476576e-03 -9.968655089165478697e-03
1.140640108208839820e+03 2.458973241047433476e+02 1.974614046463521455e-02 -4.249622708841619724e-03
1.037128902124817841e+03 1.762779320117014947e+02 -4.275407786089793251e-03 9.243406547757874667e-03
2.869798991334838547e+02 4.635432835161873868e+02 4.076488439058666147e-02 2.460770615764758251e-01
1.198497037450907101e+03 2.288098870302941066e+02 1.294751984542487876e-02 -1.249600153799739280e-02
1.121242674848552497e+03 3.139301704516417999e+02 -2.142782172885504821e-01 -1.131892140351777043e-01
1.070060810274500682e+03 2.951581616351091384e+02 -2.896080651040408571e-01 -2.961629265768699337e-01
8.114938237105470762e+02 4.055218374074979124e+02 7.339728774418236359e-03 -2.804763734051194009e-03
1.116109176213259531e+02 3.973797975407908325e+02 2.618323100814152204e-01 2.789981232933351207e-01
1.067936087641140602e+03 1.849940094498430767e+02 5.733183302144896978e-03 1.061503593300839113e-02
1.104157507221923424e+03 2.465751789281845561e+02 -2.045750962657999217e-01 -1.408365117395568022e-01
1.285493472810122967e+03 3.184998509860452600e+02 5.209474303862259292e-01 -3.304632480043744394e-04
1.257111960833561625e+03 2.685930915375604968e+02 5.697272948584502367e-02 -1.302200328997772383e-01
1.992545400235126181e+02 6.174224479969298045e+02 2.768191405005168693e-01 -4.121730928111461134e-01
1.879597736138582604e+02 6.373551871702113658e+02 8.277579776581027449e-02 -3.355833304504867720e-01
3.164218535861435839e+02 1.069295564832542823e+03 8.258748103621785241e-02 4.676754432387272842e-01
2.441831727649498305e+02 5.320248260555505340e+02 -1.122653372900773560e-03 4.323676124483764698e-03
1.065103721911078310e+03 1.973684794589083538e+02 1.349375608117645529e-02 4.445148330994057317e-02
2.849600615414266827e+02 5.001962881126987668e+02 1.599343453829242881e-02 3.328814726679040215e-01
1.014264283864678873e+03 2.534164002351618024e+02 -9.282217446534440225e-03 2.146168114686132153e-02
1.164594118492711459e+03 1.564447748271575733e+02 -4.650082666082174486e-03 -2.606024202613355101e-02
1.257967488145824518e+03 3.008350580336434064e+02 -1.900182762248230073e-02 -1.723245503711723359e-03
1.070791466165778274e+03 1.885341072196162031e+02 -6.147328402300142498e-03 -2.576556962831477726e-01
1.204074526157303353e+03 2.146486622793935055e+02 -4.599564829168230166e-03 4.898563504052239059e-03
1.173440226845879579e+03 2.439799413550675524e+02 -2.349036665403521872e-03 1.145883087318111393e-02
1.065214976658819751e+03 2.135281627518525909e+02 5.140477380033693644e-02 3.172680673513984806e-02
1.187285467139455704e+03 2.092378576775039392e+02 4.647938214115596156e-02 -7.972128914485626661e-02
1.145487596502853421e+03 3.651708458977632290e+02 -4.729860223829026461e-02 -6.687833972336755181e-03
1.189576010173059785e+03 1.813581481429873463e+02 6.968737379644077135e-02 -2.212500510882469892e-02
1.155650382261570940e+03 2.328900495778904940e+02 1.490358796293318466e-01 -3.114291406248509975e-01
2.360520718384147472e+02 5.960617663435366467e+02 -2.651394776863713609e-01 2.406175649111757242e-01
2.206143053944228711e+02 6.298179478979740225e+02 -1.935648679453690069e-01 2.716833876924248381e-01
1.030903284065215757e+03 4.449705910447766541e+02 7.872684245642501150e-04 -2.712143079049513005e-04
1.113045973790133758e+03 2.385625711370016688e+02 -1.249045751340919011e-02 1.972359623051485322e-02
1.176697431666328612e+03 1.901568410582780189e+02 2.449183835197158571e-03 -1.244566426402534016e-02
1.043114950148953540e+03 1.741100975516768017e+02 1.797845643689890138e-01 5.390232560789277177e-02
1.141030992770615967e+03 1.957007232869880795e+02 6.576779305333957382e-03 -2.706212811253960737e-02
1.080310129988098197e+03 2.674274757289380204e+02 2.330930494698328914e-01 2.362112635957300810e-01
1.027477723855894055e+03 2.467815150036502416e+02 -3.733110647038893892e-02 1.078304021893205979e-03
1.204032836118147770e+03 2.591565307960577229e+02 1.708276277770617857e-02 -1.031985386780722705e-03
2.584815578482304090e+02 6.941258869629573383e+02 -1.128736532447354411e-02 -1.460331341204004069e-02
1.229749909367245891e+03 2.482014517967635356e+02 -1.178716680039043748e-03 -8.025113339944173890e-03
2.819011168562686294e+02 6.111522936963356187e+02 9.664371649220569391e-03 3.013640194174352013e-02
1.593668902065544728e+02 5.193114716129933868e+02 -2.466619131326690251e-01 -3.505742590296628824e-01
4.840542246958315786e+02 4.489883120258815552e+02 -1.586598539650732609e-02 4.826536599582651604e-02
1.147928789626205116e+03 2.489129316150954594e+02 -1.489266531693381884e-02 1.353884047867987689e-02
1.288647980994364161e+03 3.314128074290932773e+02 3.470763010790222647e-01 -9.292830814302895093e-02
1.062907064635488439e+02 3.620733773052838842e+02 6.489258732538635138e-03 1.644836766218418095e-02
1.097278237085361070e+03 1.808673259280909633e+02 9.251649811816435587e-02 7.954976020355639110e-02
3.837128732382794851e+02 1.076807073328468050e+03 3.000009126995499195e-02 4.188235343204122496e-01
3.316112798012705412e+02 1.089901261449245339e+03 -3.871521649160278300e-02 4.511323451227334247e-01
5.228576790620446673e+02 4.908446837733197867e+02 -3.190718759138486387e-03 2.162147760227996554e-03
1.185632671316574260e+03 1.718980839625990598e+02 -2.277684247819079365e-03 -2.241336845117877091e-02
1.094869481158284088e+03 3.563149684157000365e+02 1.742227211211841084e-02 -1.611334942872966539e-02
2.296389412394610758e+02 7.187789304351581450e+02 8.944333630556546705e-03 1.385281818665691500e-02
1.149161804677041346e+03 3.729029590936438012e+02 -3.412561096991881954e-02 9.567605902697993991e-02
1.005250274955272744e+03 1.778516350010940243e+02 4.310632569354920507e-02 -1.626671188206902097e-01
1.120886179634330574e+03 2.082281813460144519e+02 6.752345071979399746e-03 7.112378629426326961e-03
1.955416844171485309e+02 6.907688191494172543e+02 5.078110303842109374e-02 -1.399178859210995218e-01
2.419956798197912917e+02 2.979447916771580367e+02 7.104043834255290013e-02 1.726918281937194211e-01
2.918887610090858402e+02 4.534427162471479846e+02 9.165831240370418687e-02 2.318649047317954404e-01
7.996425617579736809e+02 8.908990127337896183e+02 3.165605386800507404e-02 7.264300761499321510e-03
1.074142803605003110e+03 1.664941062080436325e+02 1.911355020882072042e-01 2.136319670786401004e-01
1.127826803114772702e+03 1.908887297576422668e+02 1.320285605269556073e-01 -3.104406510030757183e-01
1.149989170590597269e+03 2.706079533721917869e+02 -3.563607805536123802e-02 -6.451649826620393935e-02
1.254846492949583990e+03 2.902272954252027830e+02 9.915991468048713370e-04 7.733679159388910304e-03
2.023325968598321936e+02 7.204072147692015733e+02 -3.074815149549691567e-02 3.621539373497364295e-02
1.074506074719895878e+03 1.919475566262337338e+02 -1.431931242581623194e-02 -1.374128137307250273e-02
1.138840098734900948e+03 2.094688587761121141e+02 1.840514731817130675e-03 -1.889804405287739270e-02
1.088411036445977061e+03 3.183344955747931522e+02 -1.519760008849507793e-01 -1.178824917572383751e-01
1.044302564161829991e+02 3.903082096347355900e+02 2.674950959862242850e-01 2.431162817985859925e-01
2.860275985126368141e+02 4.842923077650319215e+02 8.918355194114668816e-02 3.108025045018864563e-01
2.906920788955137596e+02 4.982887321510349352e+02 2.253868319622356897e-02 3.397314344773754713e-01
1.226218413781483150e+03 3.395471538603691215e+02 2.805802805212753159e-01 1.445022986720711777e-01
3.312307692833193755e+02 5.250097249310096004e+02 5.058800140439050769e-02 -5.587096972670215628e-02
1.514215462035367352e+02 4.543242310965670754e+02 -3.508008025607978371e-03 -1.538641129660845742e-02
1.108800031134931487e+03 3.520057262068323780e+02 -3.828060333604298843e-02 3.144344285931811034e-01
5.153451557726614283e+02 4.262369443000045521e+02 -2.857274109704827092e-02 -4.135000358310115393e-02
1.192786309934051815e+03 2.252804918730924726e+02 -5.328391527931745919e-02 -6.658790631197856504e-03
3.096883642553403320e+02 6.632815273382941541e+02 6.702745360305285144e-03 -4.109323707761715878e-06
2.174789578983149738e+02 7.228385530178752560e+02 5.866504598558623489e-03 5.501013596042922393e-03
1.010198599753353847e+03 1.716474373248337315e+02 -4.269620982389217730e-03 -7.288529962384338035e-02
1.187448550742568386e+03 1.895296886621322869e+02 9.868882462259875865e-02 -1.184424793382513920e-02
1.274130788998568278e+03 3.509810400652860949e+02 2.143912470121023262e-01 -4.035672822466670334e-02
2.897072301267367607e+02 9.702583717366935616e+02 1.170354446023627731e-01 4.426831193272396381e-01
2.315665214885879948e+02 2.938688655669942591e+02 -5.568519350199095663e-02 5.445372471184990737e-02
1.125582051087443006e+03 2.267292365918496273e+02 -9.028413843423626836e-03 2.268457090827533940e-01
1.245313287730627280e+03 2.925854165063793175e+02 -7.990027323272114179e-02 -1.337220213543857672e-01
2.606676554039705138e+02 7.644066388138279535e+02 8.367704938840074547e-02 1.298588935126504806e-01
2.859122140909101972e+02 4.542468584708035451e+02 5.986208916591744672e-02 2.372984537587992382e-01
5.285733749731930402e+02 4.405144828617281405e+02 -9.076093910827556094e-03 3.435658553274834048e-02
5.360046364178832619e+02 4.644059584650547094e+02 -3.625711368445279272e-03 8.791797654245547128e-03
1.061027022054866620e+03 2.944145962775037901e+02 -1.175010682187922068e-02 -1.217348213282110903e-01
1.131643869048490160e+03 2.456177464869742550e+02 -1.039422799951610250e-02 3.438909148588743109e-02
1.296246316755398993e+03 3.213317762867007445e+02 6.321426892060591843e-03 -5.984208255986676710e-03
1.063450338078906725e+03 2.406369864439235187e+02 2.927515878224110635e-01 1.940464748537661099e-01
1.100266770196443758e+03 2.253419775557424884e+02 3.478698350588981664e-02 -1.629131545641560735e-02
2.490461795480233889e+02 3.748385040620804034e+02 8.287763824924483658e-02 2.849910728416773509e-01
1.125994242108864228e+03 3.096709740265453092e+02 7.359111086123509837e-02 -1.144846248553673951e-01
9.644795569987236377e+02 8.659566782413573947e+02 6.153245183218752565e-03 -1.047457622601913503e-03
2.330039659187440861e+02 2.971195809644850101e+02 3.124198079884671006e-02 1.365998181826118263e-01
1.180144698651239423e+03 2.493033716184678781e+02 6.192504814317692854e-03 -1.726315236623635410e-02
2.029675830639262699e+02 6.045175450446881769e+02 2.040986837981174917e-01 -3.110068409839154002e-01
3.556043010423017563e+02 1.069882556418031982e+03 2.276573771665030624e-02 3.183253840525194223e-01
2.493352418803197565e+02 2.966865829565797412e+02 4.170194725279113834e-02 1.673084084927057291e-01
2.609006589623256218e+02 3.612073196941864239e+02 1.721931940733572863e-01 2.874959832538396265e-01
9.968757423924250816e+02 1.782993217589057906e+02 1.295394910828845947e-01 2.815964698587556381e-01
1.003530765309158710e+03 1.639281063657374773e+02 -1.752466272951207216e-02 -2.502770975309392357e-03
9.946260741631925839e+02 1.808709318880061119e+02 1.217711690191464469e-01 2.687421093057949517e-01
1.114543681323871851e+03 1.642336531415732281e+02 -8.175816071834560161e-02 -3.969992350823829674e-02
1.111548223811602838e+03 1.890744690016116181e+02 6.001781159110919361e-02 -1.044973802549620245e-02
9.267189540040212705e+02 8.879085699803207490e+02 1.950996303269221174e-02 -2.708458153574611060e-02
3.237612987888018665e+02 1.052515367762063761e+03 1.368092468367336847e-02 3.213345697632007392e-01
5.591053176248723275e+02 4.309885192528605558e+02 5.606050680168477539e-03 1.879649333835686775e-02
1.181208706585465734e+03 2.390544537997428165e+02 -6.861369669510308279e-03 1.164757626142796237e-03
1.984594430799996587e+02 7.150675046242794224e+02 -1.574458136493079100e-02 6.716588110297531944e-02
2.510824093117662983e+02 5.161810328294328656e+02 2.486568724187432355e-01 -3.786546775563363609e-01
1.119708690639747374e+03 2.395631957669438634e+02 -6.591179436895185095e-02 8.210142122320929214e-02
1.256875591379440948e+03 3.697492674717273076e+02 -4.627771853982242667e-01 1.914104686253925020e-02
5.016550068753018650e+02 4.656708378236473322e+02 1.874433391356136389e-02 -3.617201835371020024e-02
1.173430104549736370e+03 2.920193466444696355e+02 5.181428253448340238e-01 1.892585143422628180e-01
5.061772662491817982e+02 4.820003810454277868e+02 -1.035774572454329218e-01 7.858414194922878904e-02
1.076335686356560018e+03 3.222089986278430160e+02 -2.953230177423553648e-01 -4.364531496212092909e-02
1.145984856678479673e+03 2.214317291084395265e+02 -5.963458935879289990e-02 -2.305469431710391315e-02
1.150106699030137861e+03 2.242009509599052421e+02 4.243362017486747989e-02 -9.522990058455187146e-02
3.328223365038550128e+02 9.622340572320430283e+02 1.881598433456504738e-01 4.689784149943400648e-01
8.153996743883193687e+01 3.244636683120500606e+02 1.029907582558736885e-02 3.852005948448495014e-03
8.200603628308646194e+02 1.102238444756423632e+03 -2.229818465021900925e-03 2.610491573539713383e-04
1.006702423723428751e+03 2.487632961103530533e+02 -1.337334380902177600e-02 1.525021330540266007e-02
2.373612719505257189e+02 3.065437350964191410e+02 1.062849132518610268e-01 2.686979161549812867e-01
1.174605707728925836e+03 2.202225183394291719e+02 -2.565745322433412353e-03 6.069024373141657450e-03
2.584491145066738795e+02 7.315930718247219602e+02 -3.100244620912550805e-02 -1.425317238660916697e-01
4.634677264567285420e+02 3.927250899896050100e+02 -1.264366893326496167e-03 1.599535369484404723e-02
4.934497707333467247e+02 4.502722659138552217e+02 6.175333784288834088e-02 5.354891805246968922e-02
1.261471602791874830e+03 2.005241176028541190e+02 -3.090001769275355862e-03 -4.930660601180155041e-03
1.218180282669110966e+03 2.520570920908202766e+02 -9.265294011621941564e-03 5.629102307303810587e-02
2.463648533969567040e+02 3.377687158600666066e+02 8.360469985460629305e-02 2.796475653925869498e-01
1.157222432774672995e+02 4.446751940117930531e+02 1.503171793274721557e-01 2.736602664380241579e-01
1.161380047260316815e+03 2.349568448238657368e+02 8.881512103627348109e-02 -1.276657289999277578e-01
1.130823439689351915e+02 4.291564334128709675e+02 1.678156067975912213e-01 2.091564455451707105e-01
1.061322463102577785e+03 1.595346650696332631e+02 2.385053389928173118e-01 1.449687851853569687e-01
1.090523974802384828e+03 3.050530004306016281e+02 -3.252655473927882901e-01 -4.121820839533593683e-02
1.099687429208126332e+03 2.046831910723505246e+02 9.182879151739178902e-02 9.697485752913118096e-02
1.160830667818488109e+03 2.309610157046774930e+02 3.636735135982095257e-03 4.141155507044931572e-02
1.147944604739584747e+03 3.079406393695063571e+02 4.470042581248470648e-01 5.578126683684777459e-02
9.941117050279697196e+02 2.267025085996896507e+02 4.157928568088209258e-03 -4.998904320923429345e-02
1.113193406506326482e+03 2.803733547500646068e+02 2.677395619871640320e-01 2.180271889015034381e-01
1.104869955042936454e+03 3.021778176271300254e+02 6.333624376202351414e-02 -2.013079990217192874e-02
1.790029281620141717e+02 6.392823090498783358e+02 9.998992757631526562e-02 -3.477646277253507168e-01
1.934142567824448804e+02 6.999389361593915737e+02 -1.087936976432047308e-02 -1.090141255551816402e-01
9.448881310907493116e+02 9.081671878506230087e+02 -7.057346665234945360e-02 1.764416252594856044e-02
6.038532793373955201e+02 3.855900187899006255e+02 -3.904367020490914081e-02 3.677609057104073292e-02
1.006322958108240073e+03 1.727326366756494735e+02 8.255373057941046977e-02 -2.636443358927967329e-01
1.001013432137502832e+03 1.953019551725511178e+02 8.898043210433097261e-02 -1.614876703282739356e-01
1.053194472090102863e+03 1.852968239904512870e+02 1.278241399478380058e-01 -1.896794595886189538e-01
1.025371127394932273e+03 2.604934878689958850e+02 -2.488583893283286275e-01 8.337573211505168169e-01
1.191240141385225115e+03 2.326593130663725333e+02 1.515234271330238337e-02 5.873367723538081009e-03
1.138757467887697885e+03 3.259912582938352443e+02 3.340759078263697002e-01 2.572232115673003250e-01
1.137909636970780412e+03 2.465145000639072066e+02 -7.508016096627888152e-03 4.538451395781659820e-02
1.162487894431481891e+03 3.767503021508223355e+02 1.664558774550147502e-01 -6.928146772959131727e-02
1.108495352227769217e+03 2.129588543029387608e+02 -1.369172981188223059e-01 1.791847094032926191e-01
1.095399735077857258e+03 2.360457676852123257e+02 6.272785558726147459e-02 -9.573336847202798539e-02
1.040148127751977881e+03 2.477814643189609285e+02 -2.729699722487815006e-01 -4.005879482337943442e-01
8.816520208334750350e+02 1.100504602605392392e+03 -3.788757450034939888e-04 -2.397885209554508502e-03
5.761066890529853026e+02 4.109154157349115053e+02 3.944515749865439708e-03 -6.086718819889148230e-02
1.236292825239015201e+03 1.316673425900169718e+02 1.837352557988327154e-02 -3.119214313751616022e-02
1.182790299250620365e+03 1.788110061235717865e+02 1.604980326865296791e-01 2.297593827965794741e-02
1.169652713292133740e+03 2.140913138684959449e+02 -1.615474557074559822e-02 6.001042541843270434e-02
1.158687947597305765e+03 2.613729067309134280e+02 1.406346719541466950e-01 -2.562244175886175812e-01
1.318016380774993195e+03 3.209672376158483758e+02 3.962516960807642152e-01 -1.934406616139280610e-01
2.778332879499387218e+02 6.868295709462453260e+02 4.073136761990424522e-03 8.884586602632572189e-03
1.025497621641610067e+03 8.707697802209312385e+02 2.106325491008863640e-02 -2.781606092982461323e-02
1.157489506241978006e+03 2.495453879867618809e+02 1.979077534443831471e-02 1.119621365787153849e-01
1.140758142147486296e+03 2.582235729045092398e+02 2.503463517384375558e-01 1.387127401682931860e-01
1.140620230222887358e+03 2.988709821142898591e+02 1.244869920985024747e-01 2.007760569701360909e-01
3.431237063139629981e+02 1.038008756291522786e+03 1.751673113893900680e-01 3.659016455695336956e-01
5.395644549789878965e+02 4.695185267826454378e+02 -1.577175286904787879e-02 -8.436707206977931209e-03
4.964195095759238257e+02 4.953691894810231133e+02 -8.286223983439137963e-02 3.474604583568095817e-02
1.095838810348291190e+03 2.779444008776974329e+02 -4.794567708793358030e-01 7.458582099665914122e-02
2.698498893398722203e+02 6.277840241404312565e+02 -1.705486584533170979e-02 -4.066688578081754241e-02
2.177062589665833343e+02 7.757421151046487466e+02 2.451084254561925954e-02 -3.915614137629649938e-02
3.335865814552352049e+02 1.054160709650353056e+03 -4.762399595181440043e-02 -2.436487502162284005e-02
2.097248331928898324e+02 5.219828971951359335e+02 1.749965548881625421e-02 1.448098878538798227e-02
1.144249415530922988e+03 1.862795938627517955e+02 -4.548830451211174908e-02 3.146250207487021056e-02
1.040893243512839945e+03 2.172520637124225971e+02 7.004036679973069113e-03 -2.214233088796604965e-02
1.296931427893793398e+03 3.308011696751979684e+02 1.873232504317456915e-02 -5.881364013238426884e-03
2.195075425614463711e+02 6.118244985184423967e+02 1.071950714057667148e-02 -2.915998328571062781e-01
2.379050144660797628e+02 2.911875286817205506e+02 3.259836814535077565e-02 1.531163524135763510e-01
1.052470689372283914e+03 1.640528497501506706e+02 3.430424214383407389e-01 9.425950017394413294e-02
1.093779804194395865e+03 1.519383660346631757e+02 1.793533408183520805e-01 -9.357754984284483157e-03
1.264882173231836305e+03 3.201599390576761834e+02 -2.800069997088883156e-02 4.408765808558712251e-02
1.258021987128973933e+03 3.539135616899064871e+02 3.883573730781932909e-01 -9.878899679570807280e-02
2.797399230118455193e+02 6.556491536444684698e+02 -6.208341822628327122e-02 -1.473837636036492427e-01
2.182279734552420791e+02 7.721774120852338683e+02 1.110901163130506575e-03 -2.100519217520968596e-02
3.731960456303041838e+02 1.073689735427640699e+03 -7.933567745063996313e-02 3.446083874744658715e-01
1.145507581322343356e+02 4.534988589325924409e+02 -1.207613918468742470e-01 -2.937799749576735509e-01
1.633594213573312572e+02 4.759151883526806728e+02 2.238560064782082748e-01 1.487832209492504776e-01
1.112185816127403541e+03 1.778301619959206050e+02 -7.449020166556389981e-03 6.220655197984494011e-02
1.040880568110577997e+03 2.558014428293805622e+02 -2.885968677094600254e-01 -1.560099417410545641e-01
1.088579105300995479e+03 2.553479837915803898e+02 3.613907590882566717e-02 -5.958632024498910877e-03
1.055535852868944403e+03 2.898193111005541596e+02 -1.208060952480081995e-01 -2.006640796128749682e-01
1.190604644924502054e+03 2.498683867621845707e+02 5.103954197526642568e-03 -3.304632132129085853e-02
1.300595728118442366e+03 3.501441626152501954e+02 4.911081080029058854e-01 6.083804773585370362e-02
2.148860458794177930e+02 7.209391765313869200e+02 -1.817104699924054073e-02 -1.429306147424540610e-02
1.166139675709785166e+02 4.482145373551023795e+02 -2.128570231943781033e-01 -2.893950851599242924e-01
1.061945991334783457e+03 1.976643650696337602e+02 2.427043474085621710e-03 2.946978729950932019e-01
1.128612372828707066e+03 2.377755593349496053e+02 1.571349037544678140e-02 1.569529928567549651e-02
3.483039312924644264e+02 1.069260986538003863e+03 5.503103325587029721e-02 3.292834738947963968e-01
1.026061495061705671e+02 4.073196657001190601e+02 1.190768895107007369e-01 2.804241803685009748e-01
1.257136005764185484e+03 3.463302941649781133e+02 4.629127995256637068e-02 -2.204642509805300812e-02
2.448517377761498039e+02 7.309071166765983207e+02 9.272139296642150502e-03 5.223579964337414505e-02
2.445656896106725640e+02 3.476784373121992644e+02 5.386478179660988269e-02 2.021471471620041316e-01
9.945267899799790712e+02 2.221275007452495345e+02 -1.989790505891638472e-01 -3.249137941608637448e-02
1.072728274447051263e+03 3.404798504206320331e+02 1.970177989144303865e-01 -4.818042056365262060e-01
1.148862261807693812e+03 2.210750818551489658e+02 -7.387404297404980003e-02 -5.366868203401509163e-02
1.171563523047727585e+03 2.535813065548972531e+02 -1.035894230175623959e-01 -7.208110427320708891e-02
1.123221557242122117e+03 2.925345156694427828e+02 2.477194345799110520e-01 4.904116240700251983e-01
1.272640030995368988e+03 2.976728561284182888e+02 2.474725195084677767e-02 -2.793103652188714744e-02
2.452580978284904063e+02 7.099400306495841733e+02 -3.089476950002278954e-03 -1.974610332808879321e-03
9.771301788734455158e+02 8.521812224816757180e+02 -4.819580095405247983e-02 1.849676824000804840e-02
3.334749642266086767e+02 1.052178164978607356e+03 7.182998701174862777e-02 2.708840689451790240e-01
3.360382240874417334e+02 1.061372905937841779e+03 1.136943493083653750e-01 3.879187323673060628e-01
2.630145598888499308e+02 4.419321642945718054e+02 -1.036051518068926564e-01 -3.880424851501361183e-01
5.959236876101508642e+02 4.169770869045781865e+02 -1.910469816055576295e-02 2.530071299639241253e-02
1.079795226770621639e+03 2.137894611720181786e+02 -2.612881717387112446e-02 4.860666468118779449e-03
1.223458060959414297e+03 2.537293972655845096e+02 3.234793184205128624e-02 -4.080117720713422741e-02
9.724040892838258969e+02 8.640168118852365069e+02 1.583405087466293118e-02 -1.158473258038425630e-01
9.657029167829779226e+02 8.693040448632275456e+02 -1.022545401484752439e-02 2.205235474031558632e-02
3.386142930086141973e+02 9.514220133767761354e+02 5.780433655305924900e-02 3.982508294453117048e-01
2.696450049206989661e+02 3.904165310016410899e+02 1.357205317084094476e-01 1.944825250545250128e-01
1.024181192665879053e+03 2.321490838842684354e+02 -6.149807753847881253e-01 1.044903121979245952e-01
1.102317570048523748e+03 2.536808336611735797e+02 -2.505793037466901366e-02 1.458447069402666295e-02
1.089735098353479316e+03 2.922575042883389642e+02 -1.623136041690713682e-01 -2.604365371427320719e-01
1.153338238326609826e+03 2.087765229076344440e+02 4.997829880246627138e-02 -1.832219406276408280e-01
1.129709375825105326e+03 2.803417649399912648e+02 2.672551488912177087e-01 4.924322444126573717e-01
1.267419691965106495e+03 3.568536074457383052e+02 2.939131697595485093e-01 -2.717259164236850433e-01
2.581525959966648429e+02 4.264172459655578677e+02 -1.311651299783168079e-01 -2.426157508794770101e-01
2.947644538271541137e+02 5.127752972836542540e+02 -6.353253960061364114e-02 2.577910720159416469e-01
1.051439887909207982e+03 2.151984584465809291e+02 2.695457172222227860e-02 9.199332277110745804e-02
1.192762668546154828e+03 1.883212180078383255e+02 -1.229772536117555576e-01 3.705401561861284415e-02
2.591772935703140206e+02 7.281275987933544229e+02 -2.377976877355397062e-02 -6.033752329053893720e-02
2.949358016338291009e+02 4.702689813263608585e+02 6.132145101253172470e-02 1.520952559305683849e-01
1.100980486386076109e+03 1.962986498007608418e+02 -7.943763864608399672e-02 2.072140705168123986e-01
1.166287309914907382e+03 2.302810928983483336e+02 -2.862244405204705799e-02 8.106828556205769587e-02
1.282800095414748512e+03 3.475773307348642902e+02 3.188482402131000981e-01 -2.923696335236201094e-01
2.335478393332212761e+02 6.414765130208900246e+02 -1.053138017071866273e-01 -1.807847892480651808e-02
7.265473620045293046e+02 4.270576229413518377e+02 3.467026534933990989e-02 5.570874439009847537e-03
1.076288865823380547e+03 2.242403230386902067e+02 -2.003879141303904071e-02 -3.378674124120299022e-02
1.121420999435332078e+03 2.426482097676178000e+02 -2.272913554390600457e-02 -3.930865262736103760e-02
1.141367527445501537e+03 3.215488311355547353e+02 2.314134855446679517e-01 3.328006249337412403e-01
1.299215670233547371e+03 3.141963811330558656e+02 1.881682204251384355e-02 -1.605419866804628018e-02
2.684172729340789374e+02 3.984975992319461398e+02 7.359482956208769806e-03 2.015284332602410300e-01
1.047998879455228916e+03 1.806668736110335374e+02 4.746755749823705628e-01 2.163252529640450061e-01
1.009210998854828631e+03 2.006234550644688284e+02 2.071916966766214688e-02 -1.549072225834322580e-01
1.117364577169660606e+03 1.917523443159736871e+02 2.756449556234959533e-02 2.403437491005888660e-01
1.073083504880778037e+03 3.302255798525727073e+02 -2.991832096022335463e-01 2.677656550611876018e-01
1.151316499683425491e+03 2.621547841480936540e+02 -7.666504043868371809e-03 -3.505599068325674500e-02
1.139068398566700125e+03 3.376843271162810538e+02 1.189392073803977184e-01 -3.535450204322311829e-01
2.584677500293291246e+02 6.533109457886989730e+02 1.313647733416208573e-02 -1.262690447310129971e-01
7.157216585174521697e+02 8.816966604195470154e+02 5.391821877765323734e-03 1.827996316762892093e-03
5.035742136314311779e+02 4.978092477648625618e+02 -5.521800881288072699e-02 1.787636429430676868e-02
1.284455917012169948e+03 3.273901888531037230e+02 6.070743179529927147e-01 -2.958192448259069351e-01
2.609347803982057030e+02 5.996624752159937088e+02 2.269241299777604443e-02 -2.256530545749228511e-01
3.206962931660429490e+02 1.030180032635252928e+03 1.032948926260814915e-01 2.467483497597640907e-01
3.206347832492184580e+02 1.094846110101809018e+03 1.522580248417398363e-01 2.202785123350622654e-01
2.763565604741734205e+02 3.915829705295687972e+02 2.119306957901443411e-01 7.096864932203317267e-01
7.926749509096073325e+02 3.935082458421990736e+02 1.433703117817231032e-02 1.382272772900705604e-04
1.127783344945826457e+03 2.167106094351595402e+02 3.568294318375819785e-02 -5.857982734222133558e-02
1.079865108638050060e+03 2.722697402026147984e+02 9.686556561433690149e-02 -1.541522911188479839e-01
3.465937816983186508e+02 9.653018013227207348e+02 4.876400555800586289e-01 5.329912780077563639e-01
3.358415413155035480e+02 1.038838674205804864e+03 1.514468005813256468e-01 2.214734642884081950e-01
2.745181429232737287e+02 3.845846791389397481e+02 7.889670752346471250e-02 1.773458972284629453e-01
1.015684754641483323e+03 1.633627477949040951e+02 5.722635124504904525e-02 -6.024021207127816524e-02
1.072088056655216860e+03 1.990190928422610170e+02 -5.331933134963644065e-03 5.919484506076836405e-01
1.070181061248189735e+03 2.177352330526460378e+02 7.827056344998103640e-03 -3.733846153579634120e-02
1.046491371806948791e+03 2.365253592105444511e+02 -5.789023281204208615e-02 -1.551176846141781029e-01
1.029583168578079494e+03 2.469070510924304358e+02 8.837772433935242589e-03 -7.427870072195712214e-02
1.075890795829587205e+03 3.113009339520688741e+02 -1.910777256640964691e-02 8.436006059448193650e-02
1.182450718046034808e+03 1.707029269227117823e+02 -8.266891967302096578e-02 -3.157574780173604267e-01
1.164789327615730826e+03 2.219258419887515004e+02 1.193280924483133276e-01 4.291943360767428578e-02
1.262796932113519688e+03 3.262700677964852503e+02 -2.495518782412394498e-01 -2.408567591122240115e-01
1.285700644467366374e+03 3.391497368648587667e+02 -4.398897185334741528e-02 2.394108046065639428e-01
1.263704018893522516e+03 3.569519413570604911e+02 4.572036370162398805e-02 -1.358270268393084734e-01
1.298733323416547364e+03 3.610357228803367207e+02 1.474416659637730297e-02 3.929769193039570757e-02
2.929667783904028511e+02 4.685164807877367252e+02 -3.521412686291114369e-02 -4.055194775804693563e-02
5.169865686118708936e+02 4.718790335293371641e+02 -2.480872275350520795e-02 -3.744346374807605571e-02
1.095902202143204931e+03 2.127598167687233399e+02 -1.950422901684305543e-01 9.023256073630960827e-01
2.615096477404259190e+02 5.940827187718119831e+02 -7.313263999515129399e-02 -1.568986809355692458e-01
2.264754749277613541e+02 6.171279689232053443e+02 1.326054223632411322e-02 3.223872124991089549e-01
1.731887049920451602e+02 6.372802863223035956e+02 1.685562723858424761e-02 -1.044267504778417788e-01
2.747773349628818664e+02 4.623187878668769031e+02 0.000000000000000000e+00 0.000000000000000000e+00
4.663745469992512653e+02 4.550598405193846361e+02 0.000000000000000000e+00 0.000000000000000000e+00
1.020910346966441921e+03 1.630707439343277656e+02 0.000000000000000000e+00 0.000000000000000000e+00
1.061370792718196071e+03 2.387446400615916389e+02 0.000000000000000000e+00 0.000000000000000000e+00
1.047094836758081328e+03 2.805652215832967045e+02 0.000000000000000000e+00 0.000000000000000000e+00
1.176364801383750319e+03 1.823465936763462310e+02 0.000000000000000000e+00 0.000000000000000000e+00
1.174329380064862335e+03 2.096087671657911642e+02 0.000000000000000000e+00 0.000000000000000000e+00
1.205475783342021487e+03 2.783209837750966926e+02 0.000000000000000000e+00 0.000000000000000000e+00
1.234696211243192920e+03 2.958540876017538608e+02 0.000000000000000000e+00 0.000000000000000000e+00
2.112224824296784789e+02 6.039440300575500942e+02 0.000000000000000000e+00 0.000000000000000000e+00
1.786264039071508307e+02 6.391357793358371282e+02 0.000000000000000000e+00 0.000000000000000000e+00
2.408356695980255893e+02 6.915156253144579068e+02 0.000000000000000000e+00 0.000000000000000000e+00
2.556883889508822847e+02 6.995189157111356053e+02 0.000000000000000000e+00 0.000000000000000000e+00
2.500622098738363093e+02 7.130031596323246958e+02 0.000000000000000000e+00 0.000000000000000000e+00
1.005423155272794929e+03 8.359801607720621632e+02 0.000000000000000000e+00 0.000000000000000000e+00
3.559793982467703017e+02 1.099637423242061686e+03 0.000000000000000000e+00 0.000000000000000000e+00
6.627491344429079163e+02 1.051001880147524616e+03 0.000000000000000000e+00 0.000000000000000000e+00
8.357705035502417559e+02 1.091388207995320727e+03 0.000000000000000000e+00 0.000000000000000000e+00
