1.332136833651715619e+02 3.823613229947616219e+02 -1.488351549631735000e-02 -2.200964501555619304e-02
2.526759061698875541e+02 4.638519194378912402e+02 1.389035139413975859e-03 -1.450894285632429136e-02
3.139978409443548912e+02 4.763335949405348515e+02 -8.630209927639835837e-04 -1.288884044949199000e-03
5.635234394056379870e+02 3.786885555770965652e+02 4.786412638879645131e-04 -4.905432424540758819e-03
7.055531736365642246e+02 4.141898087192049047e+02 -2.641390156363380981e-03 -3.260525683874889585e-02
6.343664165763752862e+02 8.219650349270042398e+02 -2.199947660004242993e-04 -3.387405911551036276e-04
9.123972081592522727e+02 8.059244350678079627e+02 -7.944733231577647296e-05 -5.062256127226502991e-04
4.599183889585853535e+02 9.415584528446051991e+02 -3.508787784384556196e-04 -6.805740551863882618e-05
9.051628889186960123e+02 9.227455583783543034e+02 -7.239842779129746419e-04 -1.840140839201940019e-03
9.003884994415573146e+02 9.263329347298987386e+02 -1.986154511707291515e-03 2.124544989540184513e-03
7.073564991409122058e+02 9.929249941092215295e+02 2.585597578098542586e-04 3.545130805202398316e-03
7.151781864557029849e+02 1.011382492455073816e+03 1.240376024512524237e-03 5.216681120596194303e-05
7.048815577873289158e+02 1.023727510852780256e+03 -1.170998685327026816e-03 7.358799315465383052e-04
4.816703208827389062e+02 1.099071462772039695e+03 2.040497671959930654e-05 -2.081280420313332447e-04
7.044051866739793013e+02 1.036474532016547300e+03 -6.862136400041160805e-04 -4.978825145754664939e-04
7.518361226638988910e+02 1.067596268044680983e+03 -6.662922796119283069e-04 4.548370360104251470e-04
7.456121557539030391e+02 1.071423800192193085e+03 1.895633667982560896e-04 -5.754698229496413775e-04
1.312191305431774424e+02 3.250967922426933683e+02 8.844387490550688173e-05 -1.708242114839795016e-04
8.997648496393536561e+02 1.102143296434179092e+03 -3.245051359206825299e-04 6.997182105472951320e-06
2.445516211852009576e+02 4.888209151191172737e+02 -2.593938456776427072e-03 -1.255336994597993283e-03
2.444440726931031236e+02 7.557331261327110496e+02 2.952708987062086649e-02 9.675231211493082878e-03
1.176188997920647580e+03 2.486522456736198023e+02 2.339433690116997713e-02 3.665041969519236553e-02
6.389137644998490941e+02 3.757293212282243076e+02 7.877684542027864681e-03 2.316927406654220156e-03
1.260347689958895216e+03 1.958143513240036100e+02 2.284819732127775342e-04 -1.710866750165329284e-03
1.241283063337397152e+03 3.838291757598521485e+02 2.037260900180518607e-03 5.001800447668963354e-03
3.172020649740654790e+02 1.081058649743940805e+03 7.040902511004511199e-02 2.804352602871665323e-01
1.179611523377137701e+03 2.325449527150306892e+02 9.009664916911698171e-03 4.627411571065484508e-03
3.371156373087694078e+02 1.043174907004125998e+03 4.530398552057731537e-02 3.991083999986385078e-01
3.494017215071348801e+02 1.056466425811041518e+03 1.033531194004015108e-01 4.046199382969923319e-01
7.156987215043694732e+02 8.816350085204499010e+02 2.496828986910025147e-04 -1.576374853405666625e-03
2.365346759561218448e+02 7.201160471897024991e+02 2.693031638976957961e-03 1.303734627048929763e-02
4.098259050075930645e+02 1.087957716626030788e+03 -1.081495172818134481e-02 -4.012324931715405621e-03
2.489752033379259331e+02 7.170989235023963602e+02 -7.407828344398267482e-04 1.935489309169110324e-03
2.581393029600044997e+02 4.478334117722020551e+02 1.094649050341473320e-02 -2.429050836692252524e-01
2.506704028715925290e+02 7.471657798732388756e+02 1.588772404686281245e-03 2.339505673494341430e-03
8.299737711876723552e+02 3.037314166198858629e+02 2.512438858393759716e-02 -7.497220240363540456e-02
1.431809569515092164e+02 3.925783759283821723e+02 1.731139942066728691e-03 3.513021231316709346e-04
5.696939014921194939e+02 3.800570704743346937e+02 1.663937164951198849e-03 6.219229154659937364e-03
9.317381066624159303e+02 8.430422467444464019e+02 -5.067230032836104320e-03 -1.278001395879901740e-02
5.694197694249151027e+02 4.379610938515283465e+02 2.082688748658364380e-04 5.056538190448765444e-03
1.006552106484613887e+03 8.131274652154638716e+02 5.542573014657469540e-04 4.987134771256185491e-03
5.018636372009604543e+02 4.371107076163712009e+02 3.563299440669301203e-03 -2.142144236278463714e-03
2.438671935102709938e+02 7.423270924253863541e+02 -2.654314303476827067e-03 -1.066749237817574657e-02
9.801982259101927184e+02 8.275607820270565753e+02 -2.541490875561823112e-04 -1.563503091463167276e-03
5.710275182006739669e+02 4.057905149418894553e+02 -2.400765564870972930e-03 7.640208702501033802e-03
3.059261702595828183e+02 6.579860276299800717e+02 -6.729380897745681697e-03 1.235664897611662462e-02
1.009321272848587910e+03 8.154535168767353071e+02 -1.997938133870163103e-03 -2.956834808056816536e-04
9.417013397601231190e+02 8.340992073857197511e+02 4.859703888061207844e-03 -8.542307690730705991e-03
1.003022852573931800e+03 8.367840551600482968e+02 -1.883030262557228857e-02 6.903264433435201894e-03
2.324093500734305167e+02 7.238106829919968277e+02 1.925871088377674543e-03 -2.366198461226133153e-03
4.833929480798465192e+02 4.377576696391798805e+02 1.537429282019265892e-03 -1.026263463073195074e-04
1.018863321946825977e+03 8.075272145272455191e+02 -7.817861754477748240e-03 9.534533924102330991e-05
9.607528802667603713e+02 8.349449753286899067e+02 -4.887765251945857484e-04 1.129579057604555847e-02
1.205298741722087016e+03 2.563346442116206276e+02 6.717630970763478759e-02 4.769956747012508297e-02
5.487598286554674587e+02 4.427656503034777415e+02 2.624566188742257118e-03 1.879004461561027337e-03
2.279431490621279011e+02 5.200402646308979229e+02 7.041139805743127462e-04 1.216686038478340766e-03
2.747964886065461201e+02 6.815678341943810210e+02 -3.910636417894202202e-03 1.028337672027088145e-02
5.770632191248170102e+02 4.208880941350509488e+02 -4.869221070956959024e-02 1.951240967043747776e-02
1.034324062282073783e+03 8.590676300235571716e+02 4.235170309598153444e-03 5.166486085391796363e-04
7.327350997541087736e+02 9.215807178357996463e+02 -3.665685124403492839e-02 3.795150306030557058e-02
9.560160143651651197e+02 8.451972746091033741e+02 -8.780788647992393559e-03 7.780988541295562159e-03
7.480361770878871539e+02 9.541172587197333996e+02 -5.242013473214160793e-03 4.196561806077507822e-04
2.654679729192445734e+02 6.662441893722299255e+02 1.104387332269211354e-03 -5.216383595737143428e-03
8.247824043732769042e+02 1.102231411115335732e+03 3.315385726416412277e-04 1.944538429381624436e-04
2.437296647846436599e+02 4.983239089325595614e+02 -1.536480918328926755e-02 -9.202732658037452579e-03
7.491885716322656208e+02 9.589970116770682580e+02 1.355520346992712373e-03 -3.199651928245504304e-03
5.661914869916184898e+02 4.692522465751130198e+02 -2.225679001283127189e-03 -2.190113588458999453e-03
5.671845618506978326e+02 4.749712810466909332e+02 -1.690542822264361157e-03 -1.437907026015501806e-03
1.205428211097029362e+03 2.311253424888714676e+02 5.012946442091129225e-03 1.022371462491575202e-03
9.146968083399117404e+02 8.462268502414354998e+02 3.241607889858732355e-02 2.848872886397432573e-03
7.722014003050974225e+02 9.608780798511787680e+02 3.010520537820934091e-03 -1.632263243915067514e-03
7.745695091816168087e+02 9.425699301682369651e+02 -3.756586588476446085e-03 2.080452998414573235e-03
7.737365881580999485e+02 9.480217378023361334e+02 5.508441691885948913e-03 5.942741871930963060e-04
9.843353689630317831e+02 8.666463650571311064e+02 -1.628769788237492602e-03 -6.064752106178076824e-04
8.005251934465313752e+02 9.518491643384626286e+02 1.410459879277575638e-03 -8.002237750982356748e-04
2.106566003686690181e+02 6.734669523472751962e+02 -6.512147815435931700e-03 -4.768522676480606640e-03
6.193868044763839862e+02 9.358906454945122277e+02 -1.096788014477863125e-04 4.510733202969637251e-04
5.740332821955220197e+02 4.896150355267669170e+02 1.183036859611385529e-02 -8.354846082327883200e-03
9.750024231772553094e+02 8.852529447700590026e+02 5.214950405712839290e-04 4.089856230194473946e-03
7.510445385639163760e+02 5.281948558233614222e+02 -2.561635538169488614e-03 -4.140703795988064442e-03
7.889245409912645073e+02 9.454147351770250225e+02 1.382311219343155054e-02 8.494837804458274175e-03
7.952332215953756531e+02 3.814717995965229420e+02 2.674604651455375019e-03 -2.663656728901573137e-03
2.367591332788003058e+02 6.996351644635590219e+02 1.871134543626194746e-02 -1.766146721482834275e-02
3.071104550644189999e+02 5.676704104359441772e+02 2.313190906126674252e-03 -5.026313673504386945e-03
8.083223507272520010e+02 4.200289445094753660e+02 8.520260793530535105e-04 2.329999900505772513e-03
5.868750031964938216e+02 4.028958867018474166e+02 -7.073353963171867542e-02 -6.368927073377126345e-03
1.034619450754179979e+03 8.357333926001283544e+02 -1.325941611536235248e-03 -2.934501603839194200e-04
9.941431853297099224e+02 8.213688688900402894e+02 5.091294851643460295e-03 -3.170838260163268141e-03
2.271815437761021030e+02 7.268329390036653876e+02 -2.453518712996756706e-03 -2.004623748988895292e-03
1.278369986459745860e+03 3.718528276401184485e+02 -2.283595092903581772e-03 7.750241150833657141e-04
2.346443738602079065e+02 6.515901344328401592e+02 2.791625524776178077e-03 7.024278906612272354e-03
2.245747651040186099e+02 7.660033803089842195e+02 3.055625698945365308e-03 -1.484717486038231128e-03
7.337316752024540847e+02 9.797081308862660762e+02 -2.341229451308163810e-03 -3.372375812031719582e-03
3.203457037832001788e+02 5.456325111715647154e+02 -2.410199275198348073e-03 1.292930807152749793e-02
7.702773580175494317e+02 3.979786363010066452e+02 5.493301789302037705e-03 3.085022404938023849e-03
9.875142546883560044e+02 8.313251584155378850e+02 2.940046478646772803e-03 -5.457958000776967769e-05
1.049819611258107443e+03 8.546369909718946474e+02 -3.500099590481941993e-03 4.209375756298832164e-03
8.271749218506414536e+02 4.016399583238480773e+02 -9.224497561279862770e-03 -6.295276483356111686e-04
1.018082334831032085e+03 8.320477734337856646e+02 -3.662779479181253175e-04 8.485044457243606439e-03
1.185684252763359609e+03 2.491158894980758305e+02 -1.584271464712356321e-04 -7.552513463936617703e-03
9.477038558437816391e+02 8.373188283789951356e+02 3.457408220826734425e-03 -2.598437931827911589e-03
4.661286240537131107e+02 4.549196183713011692e+02 -7.817101231674062007e-04 -1.399352203397747491e-02
2.682084301612161994e+02 3.002080541868457431e+02 -2.147206111266030271e-03 -4.554687438759502660e-03
9.544561155819606029e+02 8.231193654099602099e+02 2.413667292974351793e-03 7.144422649634909334e-03
8.184897254333631054e+02 9.364575034346034954e+02 -6.089642434984501689e-03 1.177566846009238735e-02
8.207187989374471044e+02 9.445477498255937689e+02 -9.664969497108169983e-04 -1.815665900956261666e-02
5.483608040147722704e+02 4.330945551138854626e+02 2.237978869186350774e-03 2.559306759745440252e-02
7.322744731197338979e+02 9.371917189917542146e+02 -9.697920737151227710e-02 8.560822882687077126e-03
9.298824088036285502e+02 8.592324905950350740e+02 2.817884907556455695e-02 -2.233633819420704006e-02
1.077454351937537922e+03 2.031225567989657748e+02 -1.562551688505096816e-03 -5.013264822981502306e-03
7.543122832788255892e+02 9.717591107342578880e+02 2.257144432216663492e-03 9.702658144756287541e-04
1.029933738773828964e+03 8.255415164876563949e+02 -2.175032041109396623e-03 1.330697777320037373e-03
3.800524851382037355e+02 1.056024480242106165e+03 1.117228245651507579e-01 3.260279606594437829e-01
1.021021749752036840e+03 8.149691751561114188e+02 1.072001296086788277e-03 -3.870450041256727741e-03
1.059758005891264929e+03 2.270686056277806415e+02 9.845129771929800669e-03 -7.074226198593611906e-04
9.551731693418366831e+02 8.785681234212652271e+02 -3.165316322846961888e-03 2.785671510772465970e-03
8.184934752257723858e+02 3.799890252631504950e+02 3.302595666565535590e-03 8.602909959207782377e-04
9.720612019863947353e+02 8.884901794129121981e+02 -2.909289576370728287e-03 1.152074229926346519e-03
9.062980732950785523e+02 8.404248927306809946e+02 -2.040117923065105834e-03 -1.170911887517588762e-02
5.803812404945584831e+02 4.672570128153697624e+02 2.264814208103083440e-02 -1.846983505404554970e-02
7.952820165624239053e+02 9.215439137249378518e+02 7.512310687166018439e-04 8.977611226400047939e-03
9.620127120761183050e+02 8.488718500710268700e+02 4.176368110118364478e-04 3.810565176301076301e-03
1.924964900440933491e+02 5.895527164107757017e+02 -6.220768836616591760e-03 9.327021390275842469e-03
2.333802886534647314e+02 6.919036633468440414e+02 2.120379632077375870e-02 1.267767952210738409e-02
4.929775459491101515e+02 4.488746297114888648e+02 -1.000812585692700081e-03 8.251376864021463687e-04
8.333959589145891869e+02 4.124842728891823640e+02 1.154286506459699293e-03 -9.896675166301785887e-04
9.672419963688914777e+02 8.764518222831965204e+02 5.821638592126396165e-03 -2.629683175658749546e-03
8.104939931227767147e+02 8.942721667663377048e+02 2.813924743287712568e-02 2.340166239944120249e-02
9.685251938107836622e+02 8.252708877999191373e+02 7.577372839485781858e-03 9.302292199626352107e-03
2.058306778909658306e+02 5.137191941019266324e+02 -2.427770156542140897e-03 3.510322029891504384e-03
7.917833703217397670e+02 8.840448944373757740e+02 -9.148113516834434356e-02 -6.020264813714157337e-02
1.192676830568477499e+03 2.109766268061080439e+02 -7.428907603149704445e-04 5.202041162112835439e-03
8.128227354347578739e+02 4.044843923635070269e+02 2.006304218462847191e-02 1.723527837878527369e-02
7.676094878616571577e+02 3.849158874780981705e+02 1.400589409368282372e-03 -6.585517405249622855e-03
2.258758566820661144e+02 6.856987280331726424e+02 4.093964215819101589e-03 -8.523373328676996097e-03
5.605074766660906107e+02 4.188990732963574715e+02 1.093216904630728292e-02 1.074259170250701194e-04
9.498316967803772286e+02 8.566393644306112947e+02 2.441888745986962005e-03 1.056011652995849596e-03
3.367804704033080156e+02 5.485138303652823879e+02 -1.072598066476116059e-02 -3.134649315545810083e-02
1.113915511357236937e+03 1.821968440195507810e+02 3.508402788149243834e-02 4.853808395255732912e-03
7.198205782603159832e+02 9.507306020843598162e+02 -2.433256990648958312e-02 2.672809238493296241e-02
5.112290254400206777e+02 4.391342969634799829e+02 -2.956969352619063011e-04 -1.506184238115736802e-03
9.959198028995426739e+02 8.733565552147646258e+02 -2.996213307375171931e-03 4.039705857574535895e-03
4.799399663727121492e+02 4.677870848959053092e+02 -1.912563144536883267e-03 -2.763666894327231061e-02
8.762682490314459756e+02 8.736977276186178187e+02 6.677885146510418105e-03 2.372511641475861036e-03
8.016848684921268386e+02 9.386914569605842189e+02 2.824792954089897987e-02 -2.768288563326412252e-02
5.357789000840658673e+02 4.155509768812490847e+02 -6.071387956631672453e-03 -5.015914542164720893e-03
5.211194437399527715e+02 4.423061563387799424e+02 -3.568715955120661462e-03 2.489608904940863489e-03
3.268250373804506808e+02 5.363766780870996627e+02 3.058513752800607992e-03 1.408986895493363149e-03
7.465786639882755935e+02 3.966739350109523912e+02 3.278556638155359897e-03 4.377709689382493826e-04
9.742718831359985643e+02 8.633220045863351970e+02 2.179491784285445596e-03 -6.039030135141702435e-03
9.967681467270263056e+02 2.488015061165476141e+02 2.901401551906307831e-04 8.358014460928262987e-03
8.507348173378710499e+02 9.315020905327255605e+02 -2.795415335237458657e-04 4.869257704301459808e-04
3.487893293280484386e+02 1.028797009683563147e+03 1.816608743951869664e-01 3.877685469643733507e-01
6.302456978621582948e+02 3.840328029599638739e+02 6.501715271258602744e-04 -2.524897347675302949e-03
8.159474566661732524e+02 3.635163748901228473e+02 -6.018112269319965575e-03 3.193848662089528493e-04
8.576967997732014055e+02 1.101651694057449504e+03 6.546223036094029127e-04 -5.403507150501832236e-04
9.292402991015638918e+02 8.388556545168675029e+02 1.917926713248886087e-03 -1.872420218856265433e-03
1.156120315080711180e+03 2.361634403394951960e+02 -3.592720888955137568e-03 -3.814817745848131381e-03
6.033705729758182770e+02 4.340786796704854282e+02 1.109378030054299948e-02 1.330325989217028687e-02
3.349653339604117264e+02 1.067176294515847985e+03 -9.279787550802341689e-02 3.359898989475517128e-01
5.088660003372189067e+02 5.095717225770801520e+02 -1.011736669333136891e-02 3.184518439144762986e-02
5.451273923625685711e+02 4.069893217819110305e+02 -2.083138201795567239e-03 -5.313277266806029457e-03
2.382474320837967241e+02 7.404746168640376709e+02 -4.965551275947431261e-04 -1.138244036137801146e-03
2.320934873392943416e+02 6.523401214827482590e+02 9.906634008988496679e-03 1.081971381250079224e-02
1.212639844474257643e+03 2.530847751736128828e+02 8.528247929399355998e-02 -1.169878470390097250e-02
5.447202660275085009e+02 4.757814926292662108e+02 -5.233806898682941133e-03 -1.026880524747612357e-02
2.574018271690696338e+02 5.620242615574213687e+02 -5.940108896698005625e-02 5.832246167822537075e-02
7.531627027020439300e+02 8.451770574562048068e+02 -8.394735360718979492e-05 -2.117290810492524519e-04
9.772264483652772924e+02 8.458124195847066176e+02 1.929097208419377086e-03 5.595096203901763453e-03
5.460340557073167247e+02 4.826747153709212057e+02 -4.411988587521073479e-02 -2.454638154951212757e-03
1.165027572532844943e+03 1.474993584259973147e+02 9.933504484173105373e-03 2.457682578292299039e-02
3.211250251481815212e+02 5.305648971542864274e+02 -2.342152636967989327e-03 5.832304578110653059e-03
3.144481245125065243e+02 4.711581889447539879e+02 2.286155478847520881e-03 7.303975442940185275e-03
8.870157757850653297e+02 8.715728682534988820e+02 -1.674463577482318208e-02 -1.013946140004702437e-03
9.326405375557135358e+02 8.665731772684556518e+02 -8.387633295638347378e-03 -2.490480119548118577e-03
1.162414831192375004e+03 2.099754318163750781e+02 1.609903015955481409e-01 4.884136316650368979e-03
3.540470423360292216e+02 9.940160045831088382e+02 -1.418889477298720669e-01 2.316606416865890361e-01
2.791057284574781079e+02 5.904642548400099713e+02 -8.199374435945637474e-02 3.174298297016499015e-01
1.063741524918063988e+03 1.811391522065004267e+02 3.796230436905310979e-02 3.843025247998087951e-02
3.206998310888535002e+02 4.794612184812975784e+02 6.474399096261306908e-04 -5.943198038853372573e-04
9.713269188125123037e+02 8.304081253063565100e+02 -3.673899126386116851e-04 -4.096589634675165160e-03
2.478683788251336182e+02 7.394255705589588388e+02 -5.141756778287868979e-03 -2.316434627018657336e-02
2.209043654685715410e+02 6.867740459600505574e+02 -3.077116195004349439e-03 1.635113340197190401e-03
5.057287776901720235e+02 4.434800533491862780e+02 3.326720929216194465e-03 -2.998684131138460492e-03
2.873271459726959165e+02 5.748330199806840710e+02 1.123330298520273766e-02 3.457040442998076668e-01
6.172084770837266205e+02 3.798991307337810781e+02 7.598618666090355134e-02 1.578465980785573874e-01
2.766915542469717479e+02 6.723586705216273458e+02 4.693519183476409576e-03 2.055785539369026083e-03
5.916699690788634598e+02 3.778988721959281065e+02 -9.591494794936032686e-02 1.116448057125991600e-01
6.120092259697740928e+02 4.276986846210131716e+02 -7.710523072229071191e-03 5.538990048146861210e-03
5.332445593241945971e+02 4.123944007670293104e+02 -2.740713608650456948e-03 -7.771984503818041116e-03
2.996234959831448919e+02 6.137835600691018954e+02 -2.254274509949585718e-03 -5.690254683362455657e-03
4.762000308927122205e+02 4.652818542048113954e+02 -1.149685554754670486e-03 -3.935401779780575877e-03
2.221630128277996050e+02 7.529110368293104329e+02 3.826136811888921491e-04 -4.434277604215173911e-03
2.665695895666967203e+02 5.351460593235182159e+02 -1.278313821644942172e-01 3.334275259347299070e-01
1.011225694856786845e+03 2.055474339767360163e+02 -1.623687365435833377e-02 9.770208788464202626e-03
1.222347454520213432e+03 2.538218809411320649e+02 1.074771337616136357e-01 8.610643746947635457e-02
3.720911959817553338e+02 1.062869100665300721e+03 1.537771619295816294e-01 2.364357091403978262e-01
3.369494909821636952e+02 1.081689497503840812e+03 7.723109426856275550e-02 3.129725205617432948e-01
5.682214919280669392e+02 4.299197726164189248e+02 1.448059655397646332e-03 2.643569592249708604e-03
1.235724602280527051e+03 2.613321359310625098e+02 1.601254530750663083e-02 4.777612451899115181e-02
1.077495005986568003e+03 2.954338323297898228e+02 -9.923185251882432611e-02 -1.240687124308833267e-01
1.016465417480610199e+03 2.752605014829248944e+02 -1.755916144902855284e-03 1.187961073237253293e-02
2.054627223318259155e+02 5.536156134248803937e+02 -4.855905015646020395e-01 1.035105843900341188e-01
2.081913827941505133e+02 6.977314926249632663e+02 5.315064788673583458e-03 -1.693828704190147361e-04
5.474428653457677001e+02 4.096221810385912363e+02 -1.118175202287323509e-03 4.992987317041972482e-04
3.592120563790035135e+02 1.024437396334923051e+03 2.511559631860330044e-01 3.892712012952802558e-01
2.827018332920456487e+02 4.940004482453799142e+02 7.142978326513538777e-03 2.337703482941956290e-01
3.560444562702112421e+02 1.036392404307939842e+03 8.436262288461925107e-02 3.624117643754156126e-01
1.227211418118804204e+03 1.493151540372507782e+02 -1.067818179695443720e-04 -3.177182449635415672e-04
2.479234960709547124e+02 5.078108858893602928e+02 2.049199276808087375e-02 -1.404535651517837234e-02
1.023535035215305356e+03 2.798307233417210114e+02 2.364339309460684478e-04 1.169505548431863011e-03
1.132448052221608123e+03 3.194662788466990264e+02 5.221004584355606881e-03 -8.770589149601547285e-02
1.000733303441989847e+03 8.258526782039913314e+02 -7.141300854195743383e-03 7.182497233701057998e-03
3.133118940094007030e+02 5.545951827424339626e+02 1.579880070625388870e-03 -2.919318678708138909e-03
2.266548181176347327e+02 7.020400149356427164e+02 -1.810445035818808099e-02 1.190765151399867999e-03
3.773309595936287906e+02 1.092523263122760682e+03 8.528436407076998849e-02 3.137571973918939494e-01
2.972210237459058249e+02 5.692381493010722124e+02 8.019462900653824555e-02 -2.615505813503880492e-02
1.057143276699011949e+03 1.792636620816804793e+02 6.115847717201447487e-02 2.386948361490226489e-02
2.657918078782531097e+02 7.376618630118809961e+02 7.517820742092757615e-03 5.746297320814450563e-03
7.855099056282210768e+02 4.018982485169091774e+02 1.358609629827661151e-03 -1.924928258684569307e-02
2.358722707983421571e+02 3.408090375672495043e+02 -1.106111997148546688e-01 -4.426406543788090064e-01
3.112196640158324499e+02 6.102734367435543845e+02 6.207268505441239370e-03 -7.185023732551715919e-03
1.030647819327277148e+03 8.545518303161087488e+02 -1.423995481938690509e-03 -9.814735620752212866e-04
1.156080710366455605e+03 2.218360109250407106e+02 1.443239713211851016e-01 4.048997209557227139e-02
3.559147207710551015e+02 1.045785387356909268e+03 -2.103211828029030381e-02 3.689162551705771897e-01
2.548757269012443203e+02 6.423181148319594058e+02 7.523768064289686544e-03 5.710347514605468647e-03
2.726333788453347324e+02 6.524526667696748063e+02 -4.191088617865756753e-03 8.348978696106557551e-04
1.210725866999134269e+03 2.174768344090380481e+02 5.593556304408440691e-03 -1.157891560460946011e-02
2.623499571563108361e+02 4.350070320245773132e+02 5.117428862016786331e-03 -3.377775132631937183e-01
2.403693365373209190e+02 6.071167887396692322e+02 -1.636653179357246135e-01 2.895890634974943589e-01
5.908312516934646510e+02 4.497833799401660144e+02 -1.143594682397327611e-03 2.790959753880912012e-02
2.374505743128822530e+02 6.945910626052144607e+02 2.537887002635236169e-03 6.712778170368654054e-03
3.088951969626277787e+02 1.052817712294562853e+03 9.522709925665698294e-02 3.991613566785111589e-01
2.678069002374529646e+02 6.307966840751557811e+02 -2.969906230278226522e-04 4.168822179771818071e-03
2.616499228673974926e+02 6.448941100999423952e+02 -7.752301738668672089e-04 -5.702134401401666441e-03
3.155307563502228163e+02 1.046743788246441000e+03 9.151460429328349411e-02 4.213276532362289495e-01
1.208847751783673857e+03 2.084280953734583761e+02 1.286508299679751770e-02 -9.225829394391002122e-03
1.002641745893674511e+03 8.763188373020165045e+02 6.300247438073008780e-04 2.951934723498224680e-03
2.660302623583522177e+02 7.159423867778964450e+02 -1.745740746248812493e-03 1.277680851523096961e-02
5.937343913984857409e+02 4.857155079772603585e+02 -2.947725308134445908e-03 2.199992419822860423e-02
2.638966913343881515e+02 7.253433476328766574e+02 5.495888528300703520e-03 -2.773898154471383503e-03
2.387257691404446973e+02 3.601087928422794562e+02 -1.111309176535671545e-01 -4.322100181858367640e-01
2.722842138966728385e+02 5.972293837365526770e+02 -8.495299123115213069e-02 3.510006386479800899e-01
1.268284718085050372e+03 3.944439395334328538e+02 2.913557242053873685e-03 1.259552487389969900e-03
9.436555437045752797e+02 8.553528975962371987e+02 -2.762831293706416273e-03 1.283259947377016598e-03
2.539275801570937006e+02 6.859128485782243843e+02 -1.657991879952051264e-03 -8.821530753624360136e-03
9.323930924832767460e+02 9.065378325151781382e+02 -1.371727063548572149e-02 -4.999580985856194419e-03
2.185793577581233933e+02 6.768829402839787690e+02 -8.592566580624421205e-03 8.690137323722833818e-03
1.241316611178229095e+03 2.760270472069832977e+02 6.488408957214026121e-03 -1.755503524400534032e-02
1.489119568168910632e+02 5.167425820127682528e+02 -1.393264371022224189e-03 -2.015596354381317054e-02
2.806983035417389942e+02 6.470079218801375873e+02 7.063124276766244089e-03 1.083285404568995122e-02
1.008335693581818077e+03 9.275082265455577044e+02 2.939479075423312936e-04 -1.078964174061328222e-04
1.084419271224451450e+03 3.022319986825742149e+02 -3.188720801946273165e-01 -1.025044040515530747e-01
9.517358629455520713e+02 8.972138046956567905e+02 -3.703552942620307910e-03 -7.613145306566879503e-03
2.335233506123918232e+02 6.760624903621204567e+02 -2.282462320334731256e-03 -1.108498791002756126e-02
2.516351167025110840e+02 6.724727927292615277e+02 -1.513352593815848199e-03 -1.544965859292829957e-03
1.299598351895356927e+03 3.031014772539211890e+02 -2.958334597361490532e-03 1.555540240439997777e-03
1.078451318692495988e+03 2.280425960796524407e+02 -2.236405120068564803e-03 -4.421997810210753083e-03
3.740228379803660914e+02 1.052585892841075747e+03 1.517666744079469443e-01 2.974777700406980308e-01
2.574474431826685077e+02 6.739062759645912593e+02 -2.242726082886405212e-03 -2.987617844637228026e-04
1.013397294548415971e+03 8.533717522833503608e+02 -9.471498497888287092e-04 -1.326457056194104128e-03
1.395108674992710860e+02 3.883969366477925291e+02 7.856314866720674056e-03 3.200230822825336600e-03
2.449776283021447227e+02 6.328362472873786828e+02 -2.007530189039688495e-02 2.449346735837741248e-02
2.832450858425754632e+02 4.851146711057234597e+02 4.056804998410566687e-02 2.736723803319980330e-01
1.099174495792628250e+03 2.847915019103509735e+02 -1.310990619456581241e-01 -1.463297898127714491e-01
2.958297165622157650e+02 5.643953378314903375e+02 2.016745144774942378e-02 -1.622638628531387905e-02
1.287807372700470978e+03 2.957117620564769709e+02 9.324506752069049165e-03 -2.257798896429413088e-02
2.311505258548374115e+02 3.448795499489789336e+02 -1.007129889220891028e-01 -4.138848975907081784e-01
2.584521943259607042e+02 4.249194283614909864e+02 -7.352050296883376468e-02 -2.800757791044992118e-01
2.524204974015218568e+02 6.310848118782173515e+02 -4.996247155584440831e-03 -7.048383288335598532e-03
4.408679242616526039e+02 1.087048366126699420e+03 1.001296152560033660e-02 9.025841575415746026e-03
2.493617133564609958e+02 3.950658159416072408e+02 -1.009017757915653540e-01 -3.764653527089008578e-01
5.255474555836798345e+02 4.682717983533595998e+02 5.260659596963182874e-03 1.323902172746070638e-02
2.681172843770398799e+02 6.801076979037392221e+02 4.417888294280808079e-03 1.510415174238284586e-02
7.344677149443822373e+02 9.294978668468382921e+02 -1.218103215106309915e-02 -4.784249583543320403e-03
5.067084896518713890e+02 4.845494022189606653e+02 -4.831852110424679492e-02 -2.641317967530620956e-03
3.698186166149611154e+02 1.078527573542281971e+03 -2.536647059575121779e-02 3.233110201814913820e-01
2.304031133166524796e+02 7.372208496010144927e+02 -1.393505648876650418e-02 3.268153983863202917e-03
3.085838462885796503e+02 6.451779113809121782e+02 7.030974339653708535e-03 7.387350698580364555e-03
1.203669865855338685e+03 3.857200982114090380e+02 8.877325206725853596e-03 1.609393084599181761e-02
2.270467996275814642e+02 7.503046543722722390e+02 1.105513386470741155e-02 4.572994037074398603e-03
1.044092635380814727e+03 1.663394760203289025e+02 9.460578288153916049e-02 -4.856178742071444454e-02
1.196281592943847045e+03 3.834812062502354024e+02 -1.289688007081491762e-02 1.693626200019851535e-02
2.792119837036403283e+02 4.507700910382432653e+02 8.563997655572465340e-02 2.373681070637061463e-01
3.672639149646607848e+02 1.057530594788851658e+03 2.014207159200638864e-01 3.197937270661999620e-01
9.243501233181472116e+02 8.898286138099707614e+02 1.064089816253555726e-02 -1.309242485863836535e-02
2.414490366539455408e+02 6.398980760409408504e+02 4.074580055546707380e-03 7.599913930141273272e-04
2.945256851843063828e+02 5.448547943022838353e+02 2.859456090224080094e-01 1.426373636502173414e-01
1.920640601457525349e+02 5.529648973587660521e+02 -4.850485939609698871e-01 6.816382698543005381e-02
2.625694699879462064e+02 6.916218389080777342e+02 -8.903918311072701701e-04 -1.387597818072460647e-03
3.144522016585937081e+02 1.032881659230855803e+03 1.293588517177214625e-01 4.355897746543651028e-01
2.532813130123067253e+02 4.959086570487583572e+02 4.622466243486965279e-04 7.709444480311314785e-04
4.340270090783844239e+02 1.089205090683175285e+03 -1.477560461686458970e-03 -1.058209436001507700e-02
2.728612989442984258e+02 4.733667766049251782e+02 9.976012684834887831e-04 -1.981866640865655171e-01
2.406236203636958919e+02 6.185237126020361984e+02 -2.389095626577687759e-01 9.143356830767659926e-02
2.410490101473181710e+02 6.272638481825533745e+02 -8.263932262706429055e-02 4.982884487215455405e-02
3.248146194784776526e+02 1.083160946095625150e+03 5.823587490877542294e-02 2.681609243487076411e-01
2.399099166941261956e+02 7.259332286595936239e+02 -4.039664011613841067e-03 1.212330313286080416e-03
3.612558155823874131e+02 1.055995518954512136e+03 2.405893026516682520e-01 2.718499654123512910e-01
2.765971299384373197e+02 4.309144757273747928e+02 9.101939815719439775e-02 2.634505365444126945e-01
1.001222936414872493e+03 2.238309461522589743e+02 3.904991252143460642e-03 7.245727491622763750e-03
1.254533337946573511e+03 3.136345516113808571e+02 7.942913848523182330e-02 2.415733112590674470e-01
2.645528248576736132e+02 4.709659589486431059e+02 -1.232326723021627719e-02 -1.946235212261255287e-01
1.016782144482432727e+03 2.639153361637318085e+02 -7.874000499392009439e-03 8.069826317972740581e-03
5.447579102852620281e+02 5.090729621082243739e+02 -7.022625526322412437e-02 9.101318631234737999e-02
2.435006147698563268e+02 6.864145008391928968e+02 8.621794227917577505e-03 3.530676411738829616e-03
2.408946342654065802e+02 7.005062758668065044e+02 -9.322005195400044630e-03 1.274394350861874324e-02
2.577804961846280207e+02 6.165075440496609644e+02 -1.140612306126542741e-01 1.973363733704754097e-01
1.043192345432449429e+03 2.008936803345000612e+02 5.829463887537956329e-02 1.172802743583349801e-02
2.757950582178973491e+02 6.954911075543039942e+02 3.472579070977653819e-03 7.339335699643610191e-03
1.153668424920798543e+03 3.640231881086448880e+02 3.516017198258436765e-04 -1.476147858724658271e-02
3.133190450485661813e+02 1.070482617529969957e+03 5.586384508190052334e-02 3.159539095425424327e-01
2.420722220123674049e+02 5.108134827293329749e+02 2.532755623984329733e-03 -2.628591640054573492e-02
2.633218164638052485e+02 4.649152528779890190e+02 1.091812694497685740e-02 -3.480008674159723037e-01
2.906383061097066047e+02 6.029247080013827826e+02 1.973498471434005641e-02 1.823149345142326822e-02
1.103424376593086436e+03 1.930035417579294688e+02 1.133361082169637435e-01 1.522313657172157941e-01
1.198347410451244514e+03 2.020692995039163975e+02 -7.183397700810874309e-02 9.221089538402624589e-03
2.803516502607131997e+02 5.235262365248707965e+02 -7.710150764780725197e-02 3.365222479224013741e-01
1.135486081855873408e+03 1.903517355619917168e+02 1.389042546057536742e-02 -9.110036459602644313e-03
1.029497696946949873e+03 2.658532880782437928e+02 1.283097250043373563e-03 -1.960703470321151654e-03
1.174740263380444731e+03 2.205921620237527634e+02 3.242381933138165084e-02 -5.052748786789409974e-02
2.668253028664095154e+02 4.463341616901961402e+02 4.540953873710448958e-03 -2.604936603875345202e-01
2.493104362352281953e+02 6.468342052881008613e+02 -1.044441967676555151e-02 -1.210608440166904181e-03
1.178531749499305533e+03 3.581056602190795957e+02 1.142838969646397668e-01 8.491032257511010872e-02
2.518981777717508237e+02 5.965724963315029754e+02 -9.334948761261809003e-02 7.232898919372667164e-03
6.037407586502688446e+02 3.991186715664674125e+02 -1.485836586632761176e-03 4.904920021049134771e-03
2.728432055391895688e+02 4.440087069769572850e+02 9.054570215574352099e-02 2.008692345108729072e-01
2.435862908766330008e+02 7.199644795315074361e+02 -7.103517878604606985e-04 5.491352025609386915e-04
3.752367019834335906e+02 1.075504831452483131e+03 -4.399376259611093715e-02 2.641974864146676150e-01
2.586351553904192997e+02 5.663975336588490563e+02 -8.412685333906938512e-02 8.311184584284875276e-02
8.650414227304443102e+02 1.102237809853971385e+03 7.619874874587303842e-04 -3.835976273138038827e-04
1.134467850475801015e+03 1.818223286245325880e+02 3.445890745592580795e-02 5.618789319309670620e-03
2.712305207600621202e+02 4.605932277168354858e+02 2.013753574981038547e-02 -2.321298701751007276e-01
2.898648409416802565e+02 6.142593131968000080e+02 2.141211454013140433e-02 2.615751124698935046e-02
2.130529874173153928e+02 7.549126076202526292e+02 2.272244213730350345e-03 -7.832233164199441447e-03
7.242339541019687204e+02 9.662529658876620715e+02 -1.786554053406950613e-03 1.286845362771897865e-04
2.829005205159014054e+02 4.560582670686861775e+02 4.113594228825696864e-02 2.141950080696025105e-01
2.707855756761125576e+02 4.152056942394712564e+02 7.548854680362468428e-02 3.061503291537018834e-01
2.741572432886717365e+02 4.081243641028925140e+02 7.453350108745429581e-02 2.916929637850176338e-01
2.454309491803600736e+02 7.626473245764419744e+02 1.210089583571572619e-02 8.860214719929629737e-03
2.741183933767536587e+02 5.207381440858467840e+02 -8.321443182756362023e-02 3.286439217344913621e-01
5.614094830789772459e+02 4.937752816869525532e+02 7.713709094403357544e-03 -2.653381971424438514e-03
2.607927792167682810e+02 6.535296223357256622e+02 3.490526317906673948e-03 -3.128151346873388108e-03
3.264864705345070774e+02 4.950208679953788646e+02 2.851476982800254297e-03 -2.251116481387487045e-02
1.161596017387101938e+03 3.714027716422418166e+02 3.203836008578540839e-02 -1.399849041988905814e-02
2.924721178723721096e+02 4.948430844617161597e+02 5.442919889124915589e-02 2.956929476866214102e-01
1.262576230720461126e+03 2.703587765609801750e+02 -5.177781231705552017e-02 1.183219985037909511e-01
6.789308619908227911e+02 1.023073806515512047e+03 7.511499229993133520e-02 -1.010183145460308018e-01
1.128283023431981064e+03 2.099392590683224569e+02 -2.841872365582158791e-02 -5.190415790561117744e-03
2.179220028011489489e+02 7.659720050893549796e+02 7.106814328183179777e-03 3.479031909528833375e-03
1.077749670211626153e+03 2.387318651700141459e+02 -2.649670178971401668e-01 -7.703476362811927103e-02
2.406408824329715230e+02 7.652018692721705975e+02 -3.693416386293411034e-03 1.073999600696942452e-03
1.120316651985411681e+03 1.881144801876320116e+02 -4.382341926038906682e-02 8.334031671387180651e-02
1.181704781701123238e+03 2.113725189777861715e+02 6.249624596236599437e-04 -5.154763004927892869e-03
9.306221233617546886e+02 8.989632266736589372e+02 -1.465417003863300413e-02 4.151858808408142101e-03
2.657425235873029123e+02 3.942881088168786619e+02 8.536358920809734852e-02 2.813400305237291343e-01
2.844665882812349764e+02 6.574457331900476902e+02 3.453850980167377793e-02 -3.701990271447627712e-02
1.098095718289743672e+03 1.737180007934511252e+02 3.889025138651860340e-03 3.018836126036468503e-02
1.164785063032694097e+03 3.381884443955336792e+02 1.764873915543704597e-01 3.046154946590807211e-01
1.170699352907349976e+03 2.336802344123161674e+02 -5.205081835628793882e-03 -7.508067123926829949e-03
2.712281466332610762e+02 3.929172440611412185e+02 7.840278561060234908e-02 2.944976108358371980e-01
2.063068789269188130e+02 6.875306482994207045e+02 -3.676859006074297519e-03 1.544446323176141000e-01
2.073152556025839033e+02 7.260070469000289677e+02 1.437135361125890668e-03 -5.349544579568900164e-03
6.813001230510845971e+02 1.017854239206537159e+03 5.513639881664880726e-02 -1.153357654058781157e-01
6.110507373049495072e+02 4.232933220333874829e+02 7.081823128207207982e-03 2.223553339792256472e-02
4.937001344678362216e+02 4.543230552830365809e+02 1.160502812894319020e-03 -1.541124559284665725e-03
1.160539952669963213e+03 2.497143474390951212e+02 1.780611348311878644e-02 -3.872619277083687306e-02
7.466620894799602581e+01 3.189313643178670077e+02 2.437652843233120356e-02 2.828510010839926925e-02
5.773655850077541345e+02 3.942042514263936255e+02 -1.098307803366167616e-03 -3.779771733639106408e-03
5.208511098504646952e+02 4.249782909947833787e+02 2.858438731562831618e-03 3.741580720528792114e-04
1.572509079573884492e+02 5.019098040357398531e+02 -2.186812637725899511e-01 -3.401458537110975677e-01
2.834192980200872967e+02 6.814162619056511403e+02 -2.326629058711547540e-03 -4.015613128284947243e-03
3.188403889058113805e+02 5.674420656815244683e+02 2.937323651658156620e-03 9.748559373628097602e-03
2.522204159735919973e+02 4.137592837541802737e+02 -6.938433611887093178e-02 -3.670901748954357169e-01
4.967233314136959166e+02 4.907605925500801618e+02 -3.572655804470904056e-02 -3.492040658742404796e-02
1.181705827238355596e+03 3.707593186932558638e+02 -1.030870617917274343e-02 1.787401454889799707e-02
1.156042685752071748e+03 2.507732098035511967e+02 2.839786786552223746e-02 -2.718346718473687446e-02
2.670054438594146973e+02 6.457882646998818927e+02 6.972551106030389122e-04 4.012094771835586667e-03
2.834425530437156340e+02 4.659504432094468029e+02 7.715514413308935393e-02 2.367732627825945291e-01
1.028767709347678419e+03 2.155822286379245156e+02 -2.076186125273192518e-01 -2.674353069121950255e-01
2.934359119503830584e+02 5.969847201316931660e+02 -1.119902054864327888e-02 8.072984595824297949e-03
1.147766005893338161e+03 3.557204762877054236e+02 2.231281105335454137e-02 8.413453396260007003e-03
2.728368332846659428e+02 3.840525724568713599e+02 8.848788287245906714e-02 3.193547682533751653e-01
1.914877774736855827e+02 5.056777933758704080e+02 -2.063934340177591420e-01 -2.266092968305214173e-01
1.127536013105725715e+03 2.327381595519177608e+02 -1.913736423210202209e-02 4.687490463747805147e-02
1.037526743855846917e+03 2.824984550603174398e+02 -8.459376153099907106e-03 3.070195044301839149e-02
1.047465295663977258e+03 2.697874270838292432e+02 -1.487557358595184565e-02 -1.431950076352637158e-01
2.359338689744264457e+02 3.601631121487402538e+02 -1.121766154557075068e-01 -4.279535882074043118e-01
1.015669571832700058e+03 2.037545802811502256e+02 -1.976726085128985289e-01 -2.676148761682173305e-01
1.013156468673641143e+03 2.605610253965008383e+02 -3.812486309922212373e-03 -3.544930045642680563e-03
2.800786022062458755e+02 4.606677623585385959e+02 6.417519132056251352e-02 2.014022478402516247e-01
5.065466573028417656e+02 4.521312182199391714e+02 -2.730189575490243534e-02 -3.217025892749375928e-04
1.212906952289431956e+03 2.245192431498238363e+02 -1.622389846019053200e-02 4.914566537045817092e-03
7.435561872329562902e+02 9.634217454027913163e+02 -5.711957413025332830e-04 -2.621174030178006348e-03
1.700348126622538416e+02 5.535982894833547334e+02 -1.693511531613698939e-01 -1.483614346690093899e-01
1.545767334175287715e+02 5.084726536241517465e+02 -2.026251907487163773e-01 -3.283978058605083183e-01
2.305748623740315963e+02 7.751101202880400933e+02 -1.595578368517040074e-02 -3.857525889433157003e-03
1.092782522360820167e+03 2.037658382120429508e+02 -1.618462788769422719e-02 1.597859135003263167e-02
1.991735200909777177e+02 5.072174351715121361e+02 1.253329825519188673e-02 -2.009059286222684981e-02
2.677031697261381851e+02 3.825541319128525970e+02 9.128618392454070085e-02 3.142433763496476073e-01
1.117717449424332017e+03 2.001492052481499684e+02 5.273788032983103835e-02 2.668794670445085934e-02
2.484339920737499199e+02 5.407204302675427243e+02 1.944915961632684431e-01 -3.328272444453562739e-01
1.020434256298228320e+03 8.674923814074761594e+02 -3.171723152655152398e-03 5.516852717694674564e-03
4.875667956761276969e+02 4.747536561459129985e+02 -3.089799846002346580e-03 1.582931726186033493e-03
2.990328440549815809e+02 6.547062590055390956e+02 -2.459815722103134085e-04 2.000411327097900097e-03
1.196577768288763764e+03 2.548239992808815089e+02 3.518400310207031589e-02 2.337670985058968795e-02
1.072371161348338546e+03 2.173363763586036441e+02 1.101528476058297439e-03 -1.209704927298175560e-03
2.945655801184977349e+02 5.382566580690086084e+02 2.022443603008112212e-01 8.945358444083746641e-02
2.175118495081146079e+02 6.456255915501063782e+02 -1.481228794175312447e-01 3.206258663432231537e-01
5.381672738952554482e+02 4.258017220255811139e+02 9.685757810158596159e-03 6.427019492524786541e-03
1.107064331271110859e+03 2.274353325475026679e+02 -2.873963550319956917e-03 -8.658212965119358167e-05
3.474183238735619170e+02 1.042312599198979115e+03 7.851869990145751710e-02 3.937191928999666524e-01
5.898425300208990620e+02 4.597782049847932626e+02 -3.720225930271343212e-02 1.555424682848103798e-02
1.126669315180359263e+03 1.460957139136754677e+02 -2.302086575654546229e-03 7.139837721602830013e-03
1.105967978762093026e+03 1.805160388392969253e+02 1.300562605752470478e-02 5.490621082349499832e-02
1.143955895301238797e+03 2.113806693105998420e+02 3.620306724230143436e-02 7.347605395655265603e-02
2.520899114219018315e+02 3.741917995956028449e+02 9.401507731164282511e-02 2.882278987452088770e-01
2.430961802847040758e+02 5.426587639821188986e+02 1.872263926025834746e-01 -3.150156291244468054e-01
2.490012167270841985e+02 6.928180216253580284e+02 -9.268071104140226946e-03 2.427641108261801781e-02
2.503598363143618428e+02 5.550926895794442544e+02 2.249025161527650751e-01 -3.291995960625530016e-01
5.477031777587241095e+02 4.583686984689340989e+02 -1.283520323238012718e-02 -1.931102740762483463e-02
2.556968923985712649e+02 7.455624777634204747e+02 -7.378321992697386283e-04 -1.146257996114319160e-02
1.039132807995268649e+03 2.519899923096483292e+02 -2.257178162027153878e-01 -2.102614914562433712e-01
2.451414652370930867e+02 6.292050242627917669e+02 -1.819445110501366758e-01 8.978734972538517101e-02
1.182808815205748942e+03 1.678773784097963926e+02 2.211885857611765264e-03 1.196837883272516313e-02
2.180760472302432049e+02 5.673392225096430366e+02 1.479497110465622864e-02 -3.190061431934696490e-01
1.107552136999038112e+03 1.702761871382804486e+02 -1.850921210977125170e-02 4.067022740856898744e-02
1.124454803161870132e+03 1.937220139373730490e+02 -1.524920507430543252e-03 1.019812795419147884e-02
1.225306256749490558e+03 3.440618217417742244e+02 5.037918512345105349e-01 1.113444806113805807e-01
1.137993860678100191e+03 3.915175316236969820e+02 -5.129445484977388642e-02 5.578319097425589283e-03
2.677998494221615147e+02 6.243316506224570048e+02 -6.846345300933572020e-02 2.273830257428930968e-01
2.430286719118516316e+02 5.511763921141429137e+02 2.165959262498948490e-01 -3.266853209325083496e-01
2.670954558203169427e+02 3.613729490493768139e+02 7.909007834822916194e-02 3.107805157099134408e-01
2.601902643347349340e+02 3.995342986579451008e+02 9.297187815033933211e-02 2.993217222069221028e-01
5.228134612936994472e+02 4.602665399164797009e+02 -1.973455825098219176e-03 -2.006129927839412231e-03
1.057661445638767418e+03 3.031179692060354682e+02 -3.565817771758891374e-03 3.676542881278957887e-03
2.015202319984739177e+02 7.019568656244462090e+02 -6.223547115619866392e-03 -4.769497181485457017e-03
2.592843505098917376e+02 3.633690159042002961e+02 8.617926326889258082e-02 3.165385742591400042e-01
5.184604642312192482e+02 4.656316597788339209e+02 6.420502579712234620e-03 1.034200780589959040e-02
3.244444902245657545e+02 5.162442080771346582e+02 -4.076674875788361720e-03 9.291280614161673626e-03
1.036037438271673182e+03 2.992806704346440938e+02 -2.084303995377580297e-03 1.347619418917495038e-02
1.110756662945684184e+03 1.610265703663379213e+02 -8.490444639898156454e-02 -9.600701861291997818e-02
2.323676483352342927e+02 6.280959565167747769e+02 -8.004106260332832790e-02 8.895660259163085115e-02
1.186005397946663834e+03 3.557299160853772833e+02 3.742458785393972670e-02 2.387039190272910727e-01
7.855999001134129003e+02 9.531211806797346071e+02 6.129357831380027530e-03 -1.545242460077241725e-02
1.113527411680912564e+03 2.207257660934343733e+02 9.907930005875632135e-03 6.910738617964646072e-03
1.123856164156118439e+03 2.411237954308011524e+02 -9.555761579563430740e-04 -1.516570214664456637e-03
2.173340617325418407e+02 5.896980222979356085e+02 8.815114345961796993e-02 -2.672575261530039104e-01
1.213105755559384079e+03 3.259429598614397037e+02 3.332469268246129324e-01 1.434580662978184040e-01
7.134499377597555849e+02 4.219665456276774762e+02 1.510395613884089275e-03 1.240847426319899955e-03
7.693710888005671222e+02 9.564046609103942274e+02 1.974563895093371310e-03 2.748195193166478299e-04
1.233182451093537566e+03 2.825371848772578005e+02 3.922616401746156604e-04 2.292354557802904480e-03
1.063219340684987401e+03 2.071825562679195798e+02 3.506580681408258404e-03 -1.188857635620333038e-02
1.036484669935082138e+03 2.229821143907284693e+02 -2.331964056967229526e-01 -3.078944455067766928e-01
1.033313832064727421e+03 2.298832366403194101e+02 -2.115421722490345435e-01 -3.142372086507341233e-01
9.706998259543953509e+02 1.699921335913388134e+02 -3.827060645353795587e-02 -3.830479792491481641e-03
1.169938024519296278e+03 2.112516711109080632e+02 -2.352911027480898698e-02 -1.967786729076467442e-02
1.004247035222065961e+03 2.279277303772965979e+02 -5.835934469089779780e-02 -4.895318488428020143e-02
2.371810668398279347e+02 6.079559060560889066e+02 -1.541480123196123098e-01 2.977803281841134853e-01
5.334667587714174033e+02 4.862686139761372033e+02 -2.091617152597795987e-02 -4.114612389865458103e-02
8.484969900273044630e+01 3.491272669708544072e+02 4.025469628400786537e-03 -4.486632913507591349e-04
1.024876769494515656e+03 1.617717344464891198e+02 -7.129481880541122451e-04 -1.026928164489259721e-01
1.371446610973958400e+02 3.909146480807696662e+02 7.962852845974627671e-04 5.199306989520844496e-03
1.181627001640973731e+03 1.813181571438588264e+02 1.249700575653429901e-01 -6.166861266037396844e-02
5.539794791201248927e+02 4.834795177253060388e+02 -4.522268507205038507e-02 2.734713987640566626e-02
2.463274148718153924e+02 3.510578963323885091e+02 6.395834831737610970e-02 2.627854831701421645e-01
2.634851540188425929e+02 4.090295796650023590e+02 1.115238380345138641e-01 3.062124342504633501e-01
2.570154335056826085e+02 7.003598871722232388e+02 1.341964154701966866e-02 1.243006006784818686e-02
2.093174243708342601e+02 5.456495056004271191e+02 2.181192466850919165e-01 1.494041612421461995e-01
1.158182214383307155e+03 1.793032938809900827e+02 4.051273237915792302e-02 -1.806126326242505492e-02
2.778708856467271744e+02 3.961871404303356030e+02 8.184978046351164271e-02 3.062017815278192945e-01
1.124140929629675384e+03 2.160022206923667625e+02 -2.144907323652137793e-02 5.935452767957822423e-02
2.097272314825571016e+02 5.900298322335746661e+02 8.559314510238699714e-02 -2.468329741440219438e-01
2.608738930856243883e+02 3.489909346948870734e+02 6.326032754389451784e-02 2.789498256511324659e-01
5.027286561255971833e+02 4.680342411171329786e+02 -2.764211717803699911e-02 1.964928596839629268e-02
2.323041820055524056e+02 5.480046909930821357e+02 2.141649078762119796e-01 -3.959736533607083886e-01
2.615009820818044659e+02 6.682994333272694121e+02 -1.350227136897208914e-03 -8.256015657773804403e-03
1.088561142308620902e+03 2.984791759692216147e+02 4.545131646360271033e-02 9.141344034382051925e-03
3.188722391942852141e+02 5.189550735767863898e+02 -5.895664581654534112e-04 -6.976023719908601081e-03
9.913550196307295437e+02 2.001722194527805243e+02 -4.364718848365771453e-02 -1.747386125704607175e-03
2.405335355080391366e+02 7.102419003105654838e+02 7.926794690576170060e-03 2.033297212359783720e-03
4.111986227602419035e+02 1.073837549234150174e+03 4.111928529725518422e-02 -1.881125274355939167e-02
2.220191280301117160e+02 5.951248541392321840e+02 2.014420962914359736e-01 -3.150632793040356594e-01
2.915998168246132423e+02 5.129202315506340710e+02 -2.735180895824793068e-02 3.232874558303656665e-01
1.138711318023461672e+03 1.877131516184637974e+02 1.909141441094089038e-03 1.011694016148421971e-02
1.997747489113266397e+02 5.241904515781899363e+02 1.404940203387329556e-01 1.589569998144210738e-01
2.199371779185993603e+02 7.166170563620456733e+02 -2.532967114314933505e-03 5.926151141720495744e-03
3.614717027962412885e+02 1.097421782254025629e+03 1.840760195825505430e-01 2.667739846388796354e-01
1.177506514859841900e+03 3.725468283131864951e+02 1.015569103567643891e-02 4.854827141908270652e-03
2.536481305661708632e+02 3.492622325026635508e+02 7.842454365964449114e-02 2.853949469079408718e-01
1.062263808268401135e+03 3.110143886313304051e+02 -5.494408049075405476e-02 9.405488111531831730e-02
8.099480370767199133e+01 3.245529454435574053e+02 -6.010698925253151956e-03 -1.591387194358866164e-02
1.087080833451238732e+03 1.963178273273549053e+02 1.412177465549530574e-02 1.768370719685672665e-01
1.954207060719379569e+02 5.319794988934546609e+02 1.460947136583339578e-01 1.815484773288801035e-01
1.122659264406961256e+03 2.059050025166670821e+02 1.742331038022117834e-02 -8.923252427360684608e-04
2.108708424307909581e+02 5.389599238070555884e+02 2.049758676208280617e-01 1.369569105308071355e-01
1.026383245639778352e+03 2.423847852770943803e+02 -2.398552122924841722e-03 7.659397091028702018e-03
5.356301046987650807e+02 4.393882405818685584e+02 7.479571789478388008e-04 8.111160952608153021e-03
2.858735714046117096e+02 5.080178030306967685e+02 -4.186250217365133919e-02 3.383164030776050213e-01
1.197910413233807049e+03 2.298295417245177248e+02 -2.790911900173440648e-03 9.282202555020898846e-03
1.080446894918475209e+03 3.053258908865930721e+02 -2.607105401591435223e-01 -7.999392719760085868e-02
2.294103327530021943e+02 5.768783723485778410e+02 2.230648494026721274e-01 -2.771641263665793886e-01
2.134406263132318315e+02 5.975074084129020093e+02 1.794143029623808672e-01 -2.820976702473199094e-01
1.068099372692189945e+03 1.977591645675618679e+02 -5.329158733759120810e-03 -3.798452348960516855e-04
2.758034392295214161e+02 5.433459413089420877e+02 -8.649861953446617846e-02 2.904996518509652681e-01
1.064943434545890796e+03 2.157805728379066466e+02 5.147982966056840158e-03 1.318302330684846882e-02
1.144513591131549219e+03 3.629592572028121253e+02 -7.422623880171555152e-03 -3.715986483467759172e-02
2.131910095683004442e+02 6.422459800570195512e+02 -1.580140991164690201e-01 3.281529807925943620e-01
1.030918208127627622e+03 4.450318537541094770e+02 2.409731868607591912e-04 3.896057572492822216e-04
1.113235133172571977e+03 2.387902260472012017e+02 2.584469638305104348e-03 -4.403969290193865231e-03
2.586354172331717791e+02 6.952579824130034467e+02 1.014247757644503797e-03 1.123940812051882517e-02
2.828138157755759607e+02 6.172199797166192639e+02 -4.189389504282495930e-03 5.027732743405076248e-03
1.108893528489393930e+03 1.940390091188020563e+02 9.909307248619037001e-02 1.070632000171400228e-01
1.090767044866260903e+03 3.607013355806031427e+02 -3.925714435629040766e-02 4.131980515083033545e-02
2.295262878496504015e+02 7.186730513467853143e+02 -2.324684140191520323e-03 4.337477171241129956e-03
1.966995658621738983e+02 6.902862255040910213e+02 -3.807818629249960438e-03 8.233963495360225454e-03
2.498000144659278874e+02 3.336157697046903650e+02 5.862470500072151924e-02 2.704736288605217864e-01
2.815355121494646937e+02 5.404959651890982286e+02 -7.397313052450726900e-02 2.743220504434009666e-01
1.125179490503731813e+03 3.710442834954387195e+02 9.998632472523709402e-02 8.295324245964050269e-02
2.178402065644426386e+02 7.228709482696600617e+02 4.358535955229471230e-03 3.850042099331700985e-03
3.078758706946383654e+02 1.035129075482790540e+03 1.250268738191594176e-01 4.406496366916283769e-01
5.284254131052754246e+02 4.388524084259709639e+02 -1.100846857858270300e-02 5.236288288892077328e-03
5.368322367015330201e+02 4.652665246050275982e+02 9.968572506887530410e-03 1.293237873663107169e-02
1.131003400248995149e+03 2.466826440686163551e+02 -4.600787326558245134e-04 8.352946419841548661e-03
1.295910425094102038e+03 3.214374396844484068e+02 -3.725832205328506470e-03 -8.773896550732758004e-04
1.117812235935325589e+03 3.183470281374288788e+02 -5.376337999647679694e-02 1.043971254093117723e-01
9.643225276841151299e+02 8.662080488510852092e+02 -2.277615275634972073e-03 8.259004322945378033e-04
2.431048691155890822e+02 3.334532317060249511e+02 7.017480726231459243e-02 2.305935849329622811e-01
2.577055718737553889e+02 3.285406052808917821e+02 6.456028017651090078e-02 2.380441621671589014e-01
2.617656410677245162e+02 4.841179097004907703e+02 7.709056901441697918e-02 -2.228422028890465756e-01
1.121685980778579051e+03 2.302258097434351214e+02 -1.937875822165263662e-02 -1.851401917321252380e-02
1.195879611738989524e+03 3.507358864058338668e+02 -4.152634050472551186e-01 -1.554657250677024261e-01
4.971625059186590079e+02 4.678706752782485978e+02 -4.338909606353032189e-02 2.254005265329977678e-02
5.004047531868422425e+02 4.852968436505902332e+02 -1.364082189855473672e-02 2.598630211173089469e-02
1.011458499999228366e+03 2.480902893598723722e+02 6.415136737130766598e-02 9.223874004830052986e-03
2.561688227659112158e+02 3.780874881840467197e+02 8.268709961708739509e-02 2.890511346068291854e-01
1.076888116798531883e+03 1.773030434620462756e+02 9.070253754259850754e-02 1.074456102111647493e-01
1.108890367737440329e+03 2.130041656985915495e+02 4.204413076899982116e-02 6.663035288331212169e-02
1.207879134714570455e+03 3.203600000341007217e+02 4.317658018516574159e-01 7.354149334259707516e-02
1.158522015682135134e+03 3.049961801184410888e+02 2.911403871469381843e-01 1.897005770335424835e-01
1.105105438502144807e+03 3.027455938452455371e+02 9.339347944561349180e-05 -4.647965718954247261e-03
2.048822942167020074e+02 6.041952683432824642e+02 1.937028401762876106e-01 -2.536356068667812713e-01
1.937363126197519705e+02 7.011946838421166603e+02 1.307515268913651092e-03 2.491372099211955696e-02
9.405823247802933338e+02 9.051630001345592973e+02 -6.214974343731120149e-02 -5.345063932680312914e-03
6.009027135827388975e+02 3.874895478482850422e+02 -2.784045656560150267e-02 1.931161102020167650e-02
1.137821504388487028e+03 2.475217234977723422e+02 1.276988767171637366e-03 3.565719624842554614e-03
5.716497014221034760e+02 4.097428615290393736e+02 -3.750543987660372169e-02 -1.404946122493140430e-02
1.235847231005202957e+03 1.325582269948796750e+02 1.210376671879473268e-03 -1.291571887272969165e-04
1.025338943711944466e+03 8.709144677638405483e+02 -1.524851848502618238e-03 7.642162768870728023e-04
3.625659849337024525e+02 1.081941691159451921e+03 1.302019724889422470e-01 3.123297249408591991e-01
5.398437280203523869e+02 4.684143065151671976e+02 3.516239863294082918e-03 -1.227388384950977088e-02
2.188504774655944800e+02 7.760934886499180720e+02 -4.476163150780401202e-03 1.504552734950221314e-02
1.044184173357844429e+03 2.186218913089954867e+02 2.641578638024677170e-02 -9.809002694122073013e-03
2.421272635298859655e+02 3.199962332141242882e+02 3.116316888036834917e-02 2.268288114843548253e-01
1.095647148680245891e+03 1.601914454345452157e+02 1.922804120397471339e-02 2.998924570857443295e-02
1.303105553719474756e+03 3.441488806883256757e+02 3.001935258671550311e-01 -5.949000256702116629e-02
1.877162808736926820e+02 5.193246362466097708e+02 1.409308359197525284e-01 3.071540446049892958e-01
2.149316715570839165e+02 7.213930633621207562e+02 6.772197600037426195e-04 2.169145605646485581e-03
1.249053065965421183e+02 4.413807537189908317e+02 1.501331040284139828e-01 2.457161711442319707e-01
1.171207054986202593e+03 2.531552157756717065e+02 -6.274893817630576446e-04 -8.667686425075326467e-03
1.272649753522598985e+03 2.990980218103430275e+02 1.057889268200047812e-02 -1.333327734485494249e-02
2.456232561565374795e+02 7.099236965349149386e+02 4.117588289948861621e-04 -1.030353502457755652e-03
9.771595897282422811e+02 8.524790121849106299e+02 9.215872879126842240e-04 -1.418118124254958974e-04
3.396967974642709009e+02 1.006180317576108109e+03 -3.880648576684151557e-02 3.556563333894136036e-01
9.967687817220619309e+02 1.954909373013710763e+02 -1.918146290129209564e-01 -2.670766705891162718e-01
1.049563498300804895e+03 2.289254770029697852e+02 1.884530123962432913e-02 -9.319815105996976344e-04
1.193542527363961426e+03 1.891414008456104909e+02 -1.590570080182233384e-03 1.128014955887771641e-02
1.073355134544894099e+03 2.286886712311095380e+02 -4.506752720069674180e-03 1.512706221269092231e-02
1.120685708899548217e+03 2.361567585192775596e+02 1.922342679383273441e-03 -1.257909737157233108e-02
1.137634248746150433e+03 3.194513378810132735e+02 -2.197353915504560162e-02 -1.172977262581287178e-01
2.700628823976064723e+02 5.848109648648462553e+02 7.421240692618744084e-02 -1.088812727992202051e-01
3.299705736410522832e+02 1.079310663133680919e+03 7.186094146256756521e-02 3.231704351476489823e-01
1.249341590600968630e+03 3.588709882849718724e+02 -3.561679936294560034e-01 -6.338348708596013015e-02
5.158634992812438895e+02 4.747691043601348611e+02 1.472764835520957646e-03 -3.589917151474661568e-03
2.701971401350718338e+02 5.772338724559624552e+02 4.368860988803801443e-02 -5.311822590614822398e-02
1.974012220653443137e+02 6.050206122897601517e+02 1.604366722680934387e-01 -1.736795920282986072e-01
2.778544168195685984e+02 5.024669504350674174e+02 -1.193876610842540403e-02 2.747720936129706693e-01
1.204531120706911224e+03 2.794828035943837108e+02 -7.867647725772870804e-03 4.091401482922958285e-03
2.105418205830507361e+02 6.568720776613340604e+02 -9.395976784201826026e-02 3.117457767451572992e-01
1.334303812346265943e+02 4.224493691935971924e+02 2.973823972939553251e-01 2.516542908512824916e-01
7.535808833310119326e+02 4.498893353116338858e+02 1.768286599051441255e-01 1.477080038423537189e-01
3.536941166189062642e+02 1.082122213916681403e+03 1.172527572398000123e-01 3.035762661118042161e-01
1.090902170142824616e+03 1.872384290517490797e+02 5.355443598901359764e-02 -1.167200819820872343e-01
9.182733024021116535e+02 1.102595061084023200e+03 -6.233895580367467123e-04 -1.020821146017390307e-04
1.081140105073769973e+03 1.896083098488364556e+02 -2.420467629724161202e-03 -3.330994213605931436e-03
1.098120995043809671e+03 2.314120883023620650e+02 8.323212793793752923e-03 -1.155251991066648110e-01
1.028844232191269839e+03 1.892922303247036382e+02 2.192549162406418062e-02 2.971798600896051815e-02
2.372398823663700398e+02 6.838826625829919976e+02 -5.330201337999774559e-03 3.041751917727638277e-05
1.128241184153232780e+03 3.411145383732066421e+02 2.009337363933629689e-03 -1.544544068959265506e-02
2.326377041475000453e+02 5.933321304447009652e+02 3.963481349966807565e-01 -5.121811013807068269e-01
2.548382654603476567e+02 7.087998733263968916e+02 7.712743288310953439e-03 -1.544022420222009376e-02
1.226933858814024006e+03 2.612167198630953635e+02 9.899097398647202506e-02 -4.683568946143112227e-02
1.171084759897391450e+03 3.437927589684303484e+02 2.021845425723281797e-01 3.465215594553863188e-01
2.633136711607498910e+02 7.070686159080191828e+02 3.573325339778754203e-03 -7.241446754958383259e-04
3.666275820876091984e+02 1.066592051005638041e+03 1.358091012099181261e-01 2.608436553109461098e-01
1.012514890441060288e+03 1.826111949925515603e+02 4.452338384133119886e-02 1.514194757377867462e-01
2.023776630955610187e+02 6.633007086962285257e+02 -1.027240522014794682e-01 2.120298261300304909e-01
3.203800136187738872e+02 1.067446867530528607e+03 7.576786335716736986e-02 2.836919739438914512e-01
1.110182055696956240e+03 1.781550857903595499e+02 3.528190299763568627e-03 3.775278781629277242e-02
1.966806545147123018e+02 6.252310660837762271e+02 1.216241181264270804e-01 -2.898631907955229181e-01
5.586186947130219096e+02 4.119760571430317100e+02 1.899767161215113213e-03 -8.615118282788519766e-03
1.304748377348226427e+02 4.289038565479113458e+02 2.888524600260630737e-01 2.664693105901189685e-01
1.140551824157975943e+03 2.016334904265874002e+02 -4.904295210267399334e-03 5.408119659393793854e-02
1.028909847752998758e+03 1.780409231248591766e+02 -1.970723044233087598e-02 -1.441492849701633827e-02
1.034664882679785023e+03 2.765658499652340083e+02 1.229205765112776228e-03 1.469594738946600719e-02
1.827720160851662854e+02 5.003052628168899219e+02 1.416468176801781997e-01 3.098144607370761361e-01
1.864275581622751758e+02 5.240728908288897401e+02 1.604862399842639509e-01 3.105227458242770799e-01
3.030884671881622126e+02 5.031169018446489076e+02 5.951405677730672167e-02 2.296746521473541081e-01
5.918108702214029790e+02 4.770679368162597598e+02 4.803151196231531103e-04 -2.403214006338907568e-02
1.016692922633861258e+03 1.613078580881775395e+02 -5.227844807626806645e-02 -6.670944570039623843e-03
1.018525372680716828e+03 1.745076888659256156e+02 -3.165180591364751689e-02 -7.048158391521379407e-02
1.190566577836941406e+03 2.510993123553005546e+02 3.046109481093111932e-03 4.565815593987045291e-03
3.089994992060945265e+02 6.189989807504740611e+02 5.197450037847280158e-03 7.073610756623169640e-03
2.428039895455778208e+02 3.400295864570261983e+02 6.907402092968094320e-02 2.565441314803403872e-01
8.113430658898089405e+02 3.715195041953793407e+02 -4.709482663309983407e-03 -4.605788081725637091e-03
4.921898041111762723e+02 4.822493923354884373e+02 1.069335686402706799e-02 4.034671401140627750e-03
1.069828227717383470e+03 2.796506511019529171e+02 -9.749868219842028338e-02 -2.123642780528198770e-01
2.766813878053424673e+02 4.624178093118681545e+02 6.429370179891311099e-02 1.968180981118064221e-01
9.944768309437459948e+02 2.109240606982596091e+02 -3.429794660094147990e-02 3.053118507368973028e-02
1.161222580688086509e+03 2.576457567350743147e+02 1.517218560481506037e-02 6.168298888206384320e-03
1.782915372478419442e+02 4.956737553446916422e+02 1.894185446906750114e-01 2.575189883894748455e-01
5.609952382500899830e+02 3.926466182635094810e+02 -1.028257755390854164e-02 -2.477068803525728918e-02
1.887058531028736468e+02 6.209873451348564686e+02 1.122429565953199371e-01 -2.697365171163046416e-01
1.051430991850479586e+03 3.000181033178822645e+02 -2.613276683209418173e-03 3.155653345742177960e-03
4.016928293780428589e+02 1.088827606625730368e+03 2.880253499070732914e-01 9.392889053169790614e-01
3.393285771321364450e+02 1.098546727239966913e+03 6.306250290772481837e-02 3.350519116618101978e-01
2.638806162640106550e+02 4.165941841126127656e+02 1.081336955753533086e-01 3.034290664232401347e-01
1.141081047649795892e+03 2.228633239564400981e+02 1.241903494200290586e-01 -1.352857370214773924e-01
1.756072233367313800e+02 5.518431190282728949e+02 -1.563415159021868672e-01 -1.308489092910656570e-01
5.589463015411370179e+02 3.984369118978942197e+02 -1.559546385327692519e-02 7.653027360449016214e-02
4.980025362044913209e+02 4.587381035031729084e+02 -7.726687186009921320e-03 -7.903476724385663857e-03
1.622629209520233928e+02 4.875558600294488087e+02 9.367900329365883016e-02 1.548859318131647622e-01
2.218516431765913239e+02 7.694575122314477085e+02 4.623889223859063181e-03 4.603083335601414715e-03
1.233534337986690389e+03 3.532252565938884459e+02 -3.169570690507249044e-01 -5.727612342087573527e-02
2.659000291535128895e+02 6.870378383140031247e+02 2.616272512562572462e-03 7.603821007989452173e-03
1.143471934128558019e+02 4.362325555104353612e+02 1.407890379886797549e-01 2.558643602506037174e-01
4.848439899237565101e+02 4.487541521477561446e+02 3.825865439872187107e-02 3.628359735780127635e-03
5.121840734422950163e+02 5.025443152813842289e+02 -5.466124484255887282e-03 9.907876645255642677e-04
1.049217416832790605e+03 2.062285826041342887e+02 4.879379516096578329e-03 7.941385290931211871e-03
1.196402285946869370e+03 3.019013119671496383e+02 4.233336056361217681e-01 2.609733638104941300e-01
1.128803074877761219e+03 1.923579001501064454e+02 1.359994183013036977e-02 1.392461164856829102e-02
2.161455215266924199e+02 7.022677079065531416e+02 -1.775588739687350469e-03 5.451240519987803068e-02
2.699498181636731715e+02 6.917367597828873613e+02 2.677263441316983864e-03 8.921962076321117473e-04
2.346141195363050826e+02 6.430545104872217053e+02 2.074639457541203186e-02 1.799150375462814366e-02
7.171702882268480153e+02 4.756129441478707918e+02 1.312008576246364785e-03 1.543733282812547944e-03
1.172184646082861718e+03 2.047424145073167381e+02 7.344519511003328935e-03 2.750155698096322376e-02
1.173243706953736591e+03 2.430102692850606445e+02 4.561890776802561380e-03 1.614428311873374045e-02
1.131890677945388461e+03 2.150050293633329375e+02 -1.350936500238154869e-01 -1.320894970908861599e-01
1.189725984850426130e+03 3.406649639083751140e+02 -3.881791045242623528e-01 -1.794146519401893791e-01
9.724412399882376121e+02 8.658879250833233527e+02 -1.018330976757339306e-03 1.762155592950611412e-03
1.188104756193868980e+03 2.069423962375780377e+02 2.638102339754849930e-03 -4.812424307702405264e-03
5.297250937507055824e+02 4.506171645905874357e+02 4.663291384370420005e-03 2.133547437229107481e-03
1.007980716149767090e+03 1.765614658691193881e+02 1.250457103349826016e-01 1.403322710632200765e-01
1.173379395088256615e+03 2.111208092781322136e+02 1.543482557814340392e-03 -9.018436034203941229e-03
1.178690649337375589e+03 2.257994789251451380e+02 -9.236817762456710212e-02 1.680050479250205786e-01
1.256120299255977386e+02 4.342817844222046233e+02 2.908678809968957002e-01 2.869703094963831358e-01
1.028940415899615800e+03 2.465349076276414166e+02 -8.199584439709329056e-03 -6.331180790379035332e-05
1.391769748567051863e+02 3.990889289790836756e+02 1.313880807788828141e-03 -1.943037847831593666e-03
4.671986065789619147e+02 4.546001014308559434e+02 2.960267985498659868e-02 -1.365138393031146112e-02
1.077284546626325664e+03 1.655834009307373549e+02 3.400347804803358631e-01 1.092830006520059405e-01
1.190041650414370679e+03 1.761471710240353445e+02 -3.440219093729663530e-02 -6.646817524755320450e-02
2.730600856739492315e+02 6.227078637430779509e+02 5.861367475948796139e-03 1.444930801895163422e-03
1.176514619755159401e+03 1.871522745662061027e+02 1.217182646898436332e-01 -8.069849049337066149e-02
2.721673605892436854e+02 4.479359237769598394e+02 8.073807310565639384e-02 1.521993634974002085e-01
6.054218877700026269e+02 3.865404800746422893e+02 -8.469708903218608684e-03 5.288148304272672490e-03
1.038427679303323430e+03 1.903319641297917144e+02 3.823940136926641531e-02 4.613132609409175723e-03
1.247105081945698203e+03 2.871310269545180063e+02 4.151399817193379867e-03 -1.965009622905529094e-02
3.036098323156826382e+02 4.133164137638619877e+02 -2.488351307768827195e-02 -3.347788551014723585e-02
1.940344905598645369e+02 3.192808369559261337e+02 1.181768319844347980e-03 -8.388200718021727098e-04
1.154730046264778366e+03 2.261406156828419682e+02 -8.173707144088007692e-03 -1.788500781708123738e-02
1.232920911149461062e+03 2.521940370754784908e+02 1.396439509767333220e-02 1.455780491510836293e-02
1.053309920921018147e+03 1.584548314567884404e+02 -1.080919612345711822e-01 -2.532028913906027023e-01
1.201982883420653252e+03 2.260201790042052323e+02 -4.601638273037359124e-03 1.254390167108076180e-02
2.190404113328721962e+02 7.448877060154161427e+02 -1.610578186779052304e-02 1.200860844708561727e-02
2.785605041808598799e+02 4.048366063864122566e+02 7.396043303651121670e-02 2.886152406875946985e-01
7.845128897775516634e+02 9.348019107629553446e+02 -7.641821293803904847e-02 -9.635067222382699692e-02
1.899307676915313436e+02 6.401094663909635756e+02 1.388208562527411261e-01 -2.773849219673996669e-01
2.341543443783717748e+02 3.135417328578290039e+02 3.419533960047219795e-02 2.424016345206025103e-01
5.658358820542680405e+02 4.652949255778768816e+02 3.120188421342070043e-03 3.115898009061665672e-03
1.037147142470273366e+03 1.979775969762598322e+02 7.500875137670244552e-02 -1.796759026215380764e-02
3.345828405229624423e+02 1.057966670428956832e+03 1.359883163889932522e-01 3.950596729293479048e-01
5.461635091679019069e+02 4.913803274452503729e+02 -2.826565361678708838e-02 4.851199185574072217e-03
2.472496492292016512e+02 7.309656388917852610e+02 -7.006073646015500457e-03 -7.983734700862372621e-03
1.033389116571848717e+03 1.736239831780717964e+02 -7.051633704069004693e-02 -3.081506144993495511e-02
1.180329176121871797e+03 2.587458392148280382e+02 -8.340604042182064859e-03 6.107114799167590036e-04
1.092547159105039100e+03 2.723666513347983482e+02 3.108616888947409729e-01 7.215865469756213568e-02
1.155116306797545803e+03 1.961777613227731649e+02 2.138798338804672600e-02 6.271817937179022251e-02
1.307553885410751036e+03 3.663465802598765322e+02 4.358721847709256386e-03 -1.379032060854133192e-02
1.143450269995859259e+02 4.513256646180759617e+02 9.711622931988682372e-02 2.918545770205702161e-01
5.105507830306735855e+02 4.926614499697194560e+02 -1.555202514338079219e-02 2.320259622727631043e-03
1.171179158563645387e+03 2.261104358124305520e+02 -5.701238748927960412e-03 -6.593975920932481499e-03
1.007815656841238592e+03 2.559793063352552451e+02 3.156205840617553465e-02 3.638909930510518531e-02
2.767460103667837643e+02 6.591698206565795317e+02 -1.617017958132177654e-03 -8.174761849534393360e-03
2.893595219074355214e+02 4.459211568800639043e+02 4.411552723677800852e-02 2.397956432098993784e-01
1.033306945968825858e+03 1.992450809852334146e+02 1.722513319607893792e-02 -4.966217720934669802e-03
9.909375098194524298e+02 2.277836169393446824e+02 -4.312812372132460159e-02 -1.101200019023356944e-02
1.181918600498337355e+03 1.997225143134270411e+02 -2.459375449840687716e-06 -7.418319126122080442e-02
1.163274310163034215e+03 3.755819612137240142e+02 3.128582824983065346e-03 -1.326096683540261764e-02
1.693158290398681913e+02 5.028360406208303175e+02 2.111547467759570806e-01 2.770065514334864587e-01
5.351769299492988239e+02 4.265834114376452249e+02 3.284218725981244424e-02 -4.010525892303510448e-02
1.996178943187649111e+02 5.826625635399103658e+02 1.093189160247498015e-01 -1.380928317561661012e-01
1.831025361038154813e+02 6.326521567258024561e+02 8.446619740599085879e-02 -3.095291520425624276e-01
1.095588720863357139e+03 2.000938277883406045e+02 -1.525808910874055721e-02 -1.333643695629405101e-02
1.186162028630662462e+03 1.713160665917583287e+02 5.370467134719876523e-02 -1.411518062688799091e-01
1.147868767119915901e+03 2.493127288601546923e+02 -6.782046403600361373e-03 1.422036224674823671e-02
2.111313698062901949e+02 7.509549405208431381e+02 3.196841155195686429e-02 -2.197746775005600482e-03
6.061874443466697358e+02 4.077009115967559865e+02 1.706162669485397632e-02 -1.447935990213927888e-02
1.149744835502707701e+03 2.620899921875800942e+02 -3.416200782121130847e-02 1.105297972022275393e-02
2.289017275701518486e+02 5.495264055246944963e+02 2.296984493626672841e-01 -3.921715155690281285e-01
1.712514549774897716e+02 4.964064848573599420e+02 2.153411296137490438e-01 2.837688703260937695e-01
1.145574535986129376e+03 1.868153056257669107e+02 -3.535211575878168672e-02 8.612117879470701509e-02
1.049787033287524991e+03 2.823862408538275872e+02 -4.833431748838021118e-03 -1.533681204005316392e-02
1.162911520353398146e+03 2.981344653620911345e+02 3.208991905722748395e-01 1.506838709207034832e-01
2.586235959796520092e+02 7.175979595005746887e+02 7.640747383295960760e-03 -1.472740180774549570e-03
2.248716885887362480e+02 7.426437795676273481e+02 -1.296521945514955004e-02 1.410124285894198736e-03
1.256800069865685373e+03 3.026654186359612027e+02 2.448485392644501879e-02 7.951601784159097880e-03
1.140465143964755498e+03 2.914574273528085655e+02 3.560201503637734910e-01 2.536453817798703936e-01
1.261536334439670100e+03 3.030176246944594141e+02 -5.091642417061865988e-02 2.433995840288087631e-02
9.725059933335019196e+02 8.632956737338880657e+02 -2.979716117369417445e-03 -9.027411232190947835e-03
4.114153436685362522e+02 1.082776053641799081e+03 1.903338447640014544e-02 -2.130501164055413621e-02
8.256523255649329940e+01 3.534536242497911758e+02 7.525418930893356187e-03 2.330116048925250788e-02
1.102564998930302181e+03 2.162633433576270079e+02 6.485884472800873546e-02 1.175748376089767212e-02
1.014451234775749981e+03 2.393229723425917825e+02 6.580239277293685463e-02 -1.429091234633335650e-01
1.133863725845734734e+03 2.604681529539560643e+02 -1.526745996061435948e-03 -1.346551614700956627e-02
4.920367874402685970e+02 4.488825896113692124e+02 5.659446770325804715e-04 7.616538850057548611e-03
2.906726670454754640e+02 6.573818499216356486e+02 5.922791302494641308e-02 -1.500417541884017936e-01
2.545359050359789990e+02 4.300346378553649060e+02 -1.354328316461105020e-01 -3.841942013833284375e-01
1.021737290853599575e+03 1.820439059484981215e+02 5.600916214220016780e-03 3.300262160726674665e-02
1.102946610502132444e+03 2.043560698957680302e+02 5.984089957567138851e-02 7.854233652465929250e-02
1.078541348769324259e+03 2.141771439467022731e+02 -8.331811852393853149e-03 -1.384538856646599925e-02
1.318452976578173548e+03 3.319507413437675609e+02 3.298396968740970325e-01 -5.913933276176739501e-02
9.265944443785190288e+02 9.063805921162654613e+02 -4.350400443930306504e-02 2.472862069864877055e-02
2.414830723255424800e+02 3.026864714238451484e+02 1.972505588397110640e-02 1.983694261074156751e-01
2.153434937379995233e+02 6.629114812208014200e+02 -1.562087373013191019e-02 2.489033187637283429e-01
1.142370066763019167e+03 3.220476168489591942e+02 -1.187103665758658388e-01 -5.564797687230535472e-02
1.125791900520622903e+03 2.290268772088210483e+02 1.268743067891041701e-02 -4.174378231905433168e-02
1.016743043093928236e+03 2.090922532959750697e+02 6.204294435601046681e-02 8.302775312394046481e-02
1.152762271397887844e+03 2.525519295264198547e+02 4.891505881933187749e-02 -5.974848717368361206e-02
1.878936407883830952e+02 6.567257387916368998e+02 1.293098766275151135e-01 -2.550336124593692300e-01
2.624886607502980951e+02 7.381939542973009338e+02 5.018580087725662588e-03 8.996318392909026388e-04
1.154294713238077293e+03 1.497936076211719865e+02 5.215242857527145615e-02 -3.251215645039104429e-02
1.011246995056174455e+03 2.186812763239159096e+02 -1.354392339651911414e-01 1.305590951868195182e-01
1.080682307050654344e+03 2.571889236923742033e+02 2.492460580855682950e-01 2.112054084766212814e-01
3.114948146875717043e+02 5.509304134290032380e+02 -2.112123349690048224e-02 -7.832713202189063931e-03
7.925168345086621002e+02 3.942545754459687259e+02 -3.571519185791771720e-03 9.138103452838209489e-03
1.686297975109581557e+02 4.825904495322194521e+02 2.250416257911528883e-01 2.854471846015459446e-01
1.068939252673035071e+03 2.302380853885699707e+02 -3.316631514772803296e-02 -1.497252020426443619e-01
1.047678231962263453e+03 2.798149966887059463e+02 4.338127658427719247e-02 -4.836705907479053879e-02
1.160906595678337681e+03 2.357899592384827656e+02 -4.219353876533787906e-02 7.062110100003611557e-02
1.179168089974193208e+03 2.511706263400729142e+02 2.200508730946892748e-03 2.047788463570718309e-02
1.049843339683052136e+03 1.837419853353003703e+02 -4.602708952666632880e-02 -3.420609855110743475e-02
2.594791543655130681e+02 7.533913266241928568e+02 7.753431796536939570e-03 -2.443645354037471407e-02
5.162152318057926550e+02 4.296948621419303436e+02 3.357717324857927531e-03 5.246567177228623341e-02
1.141099028235242713e+03 2.452107196992067486e+02 3.637475186973755659e-02 -6.636500866925247599e-02
3.953849622565666664e+02 1.085735074686385815e+03 1.534101560605326819e-01 5.121950399902252399e-02
1.009025695674541510e+02 3.921823256561125959e+02 2.314073398565387740e-01 2.291815341355440128e-01
5.756528129747437106e+02 4.953214306722173319e+02 -6.468183075100834845e-02 5.971709514066168845e-02
1.116351565209722594e+03 1.646326914406297703e+02 -1.227775538869637847e-02 -1.637836553306810383e-01
1.124537496550010701e+03 1.821604386553322286e+02 1.919183282030366422e-02 -3.315852371035769158e-02
1.065066425321329234e+03 1.965346499441650678e+02 2.039488461807397823e-05 2.694996958944449739e-02
1.051552245944933247e+03 2.424107428098755008e+02 -4.002054287222512885e-01 -7.436813856902960151e-02
1.093157732185095938e+03 2.421896680044363848e+02 -6.467206609910489817e-03 2.202934710730472881e-02
1.139256104245673669e+03 2.182589542213382572e+02 -2.374054082555908662e-01 -3.834371350856950050e-02
8.913096649454163298e+02 9.329217991318166696e+02 -6.389199955726275384e-04 5.234499295075542005e-04
2.527186134339144132e+02 3.434527957586493585e+02 8.562990559424536741e-02 2.590847026175343570e-01
1.260037577985154030e+03 3.942413796489556717e+02 -1.254812759344271604e-02 1.818488616699401664e-02
1.213721247414123582e+03 2.661370019916206502e+02 2.310079825587148250e-01 -1.076499603297888241e-01
1.252822277578904504e+03 2.777743462823384561e+02 1.407136558087145051e-01 -2.388898345352522268e-01
5.730703041300380391e+02 4.951137668465300408e+02 -1.951126247824890351e-04 -4.651124763377152693e-03
1.098167386452601932e+03 1.922316699877828796e+02 1.143509526974191975e-01 1.539675801057689974e-01
1.185588196214856453e+03 1.893605169454382349e+02 3.708083355900960217e-03 -2.995513553763072198e-02
5.940462274749436347e+02 4.166619595392882047e+02 -2.517900198014189073e-02 -1.597704448766812391e-02
7.017963900262969901e+02 4.388898982942903331e+02 3.364983028809831467e-03 -3.106440514264008357e-03
2.409184242818242865e+02 5.988015935279780706e+02 -8.771350492853891012e-02 3.180326654971317168e-01
2.638136259516799100e+02 4.161331822145653518e+02 7.759870707194375938e-02 2.914700309510070975e-01
1.055346786392545482e+03 2.463060323729520178e+02 -3.221860393265864597e-01 -5.322754765458442838e-02
1.071142015931939113e+03 2.955163710089435085e+02 -3.653650934561189501e-02 -1.687912284955616349e-01
1.147194548745459542e+03 2.649153681299760024e+02 -6.575063390668249574e-02 1.875833115463277079e-01
3.193389617536181504e+02 1.036256510955171507e+03 1.486072010463372339e-01 3.642440400231099495e-01
1.077769878859941173e+03 1.922290504657896690e+02 1.536986446706047615e-01 5.245423136209789727e-02
1.227033110038504901e+03 2.511260913592846862e+02 5.460379108554510447e-02 2.202339918917715633e-01
1.216981204452339625e+03 2.825030254502781304e+02 -6.372294499637215504e-02 4.642050883821487346e-03
2.303172873050683336e+02 2.993424236906417946e+02 1.397900898185929636e-02 3.196162092164372415e-01
2.710579827770398538e+02 3.680492844133471522e+02 5.424938788500271308e-02 2.467280478374387354e-01
1.025755466726462828e+03 2.599362316300796465e+02 1.482377154169281074e-03 -2.256656661199352501e-02
1.195785254525059827e+03 2.249522753361297873e+02 9.456747559193774341e-03 -1.481495819597245661e-02
1.254031119259981551e+03 3.035234885096203925e+02 1.025428161771177980e-02 1.058727992773395299e-01
1.201094119866719211e+03 3.349291148423257027e+02 4.220447249652367616e-01 1.103182160646838383e-01
2.244419388424254862e+02 5.674679382791299531e+02 1.481065043178228686e-02 -3.400270955289866337e-01
2.504263668450471130e+02 7.143163950016065655e+02 5.673450012034992815e-03 -8.787433378176563725e-03
2.370309448779001400e+02 3.285862456900346160e+02 5.886589761607093768e-02 2.188608265930258034e-01
2.898283659807141817e+02 4.762337395635213397e+02 1.602034715693483741e-02 1.942168701940179820e-01
2.628407492961441676e+02 6.173378352293331091e+02 -1.423252622151604252e-01 9.729383304912582464e-02
6.840420971442215432e+02 1.015770210457820781e+03 -6.149347349443294933e-03 -1.013608074913463497e-03
4.645623003630798280e+02 4.554345173162502078e+02 1.118435784263106629e-02 -3.406558207855267528e-02
1.071298212489743946e+03 3.387871692127637289e+02 -9.454177818868090763e-03 -2.019658818415345503e-01
1.183960305978342376e+03 3.238265532072184101e+02 2.845995448050399612e-01 4.158061852375251610e-01
9.481800109505398950e+02 8.905258188517416329e+02 7.969047948445559873e-03 -8.842983517285608885e-02
2.907290198877422540e+02 4.836342959772813401e+02 1.142522600015747833e-02 2.997791831836812415e-01
2.967599288954983194e+02 4.908920648936389171e+02 -5.025279722951836447e-02 1.932035438723289644e-01
1.148363073574388864e+03 2.199768823120280672e+02 -1.664824184597189435e-02 -9.680010222209690061e-04
1.160539279336714344e+03 2.277963502535469900e+02 4.407471209753146754e-03 -8.328877012657406875e-02
2.558285356415400429e+02 7.108570603811169804e+02 2.334222374171391733e-03 -8.533089004865464580e-03
3.212217315555375308e+02 1.090775003936934809e+03 2.273473290880977382e-01 2.490287997698820144e-01
5.905504786185585999e+02 3.843672920427231361e+02 -5.528182921670122402e-02 1.653618195854937856e-01
1.077807435150036326e+03 1.532385912210361312e+02 6.708878444037698341e-02 2.573387499969825853e-02
1.010055505141591993e+03 2.003270061947754073e+02 1.014477393933266997e-01 1.132830643745682125e-01
1.053079057332726507e+03 2.565217765352217612e+02 -4.177987610725703571e-01 9.000852015887517155e-03
5.590482301112519963e+02 4.268248133404536588e+02 1.710530133328061085e-03 -1.368413857485096738e-02
1.020685513215861761e+03 2.131613314139950717e+02 2.884414739582513362e-02 -2.675970189402616661e-01
1.043564744618829536e+03 2.419750554844294754e+02 -2.056548270991243044e-01 -3.711937795060738510e-01
1.065587951593915932e+03 2.905581494995583967e+02 -1.013753273682398287e-01 -3.036063861598514158e-01
1.133636461565074569e+03 2.397257468356517336e+02 -6.946538564079673961e-03 1.466263911034042938e-02
1.222413631758532119e+03 2.741491714703732328e+02 -1.179755035747664660e-01 2.379918736069750601e-02
1.929272221013777653e+02 5.842261193278096698e+02 -4.667156810471772589e-03 -1.427571153882799260e-02
1.021584600151961922e+03 1.621689045694786842e+02 -1.558792716043523249e-02 5.240949957459148378e-02
2.477432733087566419e+02 2.969105672303571737e+02 -3.584702952663102599e-02 1.510395068654994677e-01
2.434732420043814329e+02 3.765117740924727059e+02 -6.746069712230537418e-02 -4.571762746127557842e-01
1.071082977294744524e+03 1.554263525545042057e+02 -4.748046547594986927e-02 1.176286721740103514e-01
1.094348580684274793e+03 1.736283904281315529e+02 6.279448463449928408e-02 -8.493180469659071530e-02
1.016400136364300238e+03 2.313609501889831961e+02 3.963789752501291862e-03 -3.451181774449824102e-02
1.091689759397744410e+03 3.399664319013773479e+02 -9.975322320899846634e-03 3.763076276754061256e-02
1.193088256542761656e+03 1.868199044572857304e+02 -2.698555812649569008e-01 3.288718234593998035e-01
1.165007287627164033e+03 2.222468866703619028e+02 -4.103326771195540956e-02 3.833075608739022755e-02
1.193260358375563328e+03 3.458194084106812625e+02 3.658139740426317177e-01 1.129699787287753027e-01
1.889254582600469519e+02 6.660545263837127550e+02 2.432092001809253445e-01 -2.403602071421541420e-01
3.826356372854360757e+02 1.089334621852543478e+03 3.618251758658581202e-02 2.992844392800591002e-01
1.082102076333003197e+03 2.097442565057965567e+02 4.447610740738809632e-02 -4.074564525912904855e-02
1.844506599986783044e+02 6.537108715955674825e+02 2.246625824281508754e-01 -1.693960957645515575e-01
2.383702276064745433e+02 3.008694598184002871e+02 2.227119405423506546e-02 2.460989451574966125e-01
1.148924578388435748e+03 2.282267756507880279e+02 -8.012366907538355509e-02 2.261772850868040696e-01
1.193179633028141552e+03 3.482785282224735397e+02 4.682495270549703603e-01 -8.099897031569956996e-01
9.296940594339391737e+02 8.831357003398885581e+02 -5.552614556353618197e-02 -6.329518528898341045e-02
1.135643376957749297e+03 2.730128369924170784e+02 5.033991880435829680e-01 2.006627449821836440e-01
1.261171222205225149e+03 2.936616991727924528e+02 4.440768049974192638e-02 -4.901569453991783121e-02
1.061401723341129355e+03 1.887733442334317999e+02 9.282993840930857735e-03 -1.647468271313828891e-01
1.090209709924471326e+03 2.283481802376815608e+02 -6.710591085045373994e-02 -2.318860379999621857e-01
1.137387876637757472e+03 3.754868890987315808e+02 2.600617093858224593e-01 -1.884414857987688763e-01
3.701364062959621606e+02 1.037234873160531379e+03 -3.200079900300151214e-02 3.964693554786101748e-01
1.165281760837764750e+03 2.310841022855695428e+02 -2.456050509206875176e-02 -2.265029379723415559e-02
2.485661722263351976e+02 5.674247764574056418e+02 2.417343083901091205e-01 -2.613694231618239883e-01
3.318079801258260204e+02 1.099103246104299160e+03 1.203930901304772760e-02 2.830837898941922504e-01
2.539943829823009196e+02 3.577937893568230834e+02 3.988760878065893828e-02 1.405320318610620289e-01
3.049407256479056514e+02 5.218362651846440485e+02 1.144359861474792198e-02 1.290167819652954934e-02
1.096318638115661770e+03 2.133983260546657164e+02 4.428076765975674789e-02 8.109397573922288993e-02
2.490496034742241704e+02 6.381191604566589604e+02 -5.134579434413619192e-02 -6.454372957940297806e-02
1.019932900825292450e+03 8.062144638519221189e+02 1.862944893471194657e-02 3.787494298376259221e-03
7.056880505544536391e+02 4.136098805101216271e+02 -2.126752291712818987e-02 2.701564972937831044e-04
1.005441804486120418e+03 1.806743500272793312e+02 8.933768878245830491e-02 -3.757870181245936414e-01
1.069552479841273225e+03 2.178196712891497953e+02 9.245671859730464348e-03 6.968803967323010384e-02
1.090777621360414742e+03 2.886895179750162015e+02 1.463115242662037796e-01 -1.209877402176208067e-01
1.073927920523571174e+03 3.007542014248882651e+02 -1.694328204654798886e-01 -5.227237931791656883e-02
1.212789998782777730e+03 4.026866748285181075e+02 7.553399325003543052e-02 -1.780795319867780058e-01
2.897846201531972952e+02 5.338107799629524379e+02 -1.141215522409392419e-01 -2.004196230997682127e-01
1.230466507942975795e+03 2.305490545623036098e+02 -8.672952877007516354e-03 2.442769121861724287e-03
1.108285737156230425e+03 2.948586950539382201e+02 -5.314297306484569439e-02 -1.175815291781182464e-01
1.296950821236204547e+03 3.494922132952563061e+02 3.411996102461041791e-01 -2.854549765862220145e-02
3.217612772768915761e+02 1.048369573752401266e+03 3.905243427874001416e-02 4.214122701666488391e-01
2.623234910317983690e+02 4.579458905204483017e+02 4.477402885748441724e-02 -3.165561703565013540e-01
1.017382413667272431e+03 1.716845561291543163e+02 1.138073910481314927e-01 -2.606830056330740608e-01
1.080160931180050738e+03 2.172668485821101854e+02 -2.710928188755208981e-02 1.559168945691998542e-01
1.100706540141871756e+03 2.686070767733677940e+02 3.041166170759955212e-01 -1.620815468905808035e-02
2.023385611727490527e+02 5.939415391430779891e+02 1.261966522754581488e-01 -1.395312531162649916e-01
2.172675102346561005e+02 6.555553870121201498e+02 2.164667878378168098e-02 1.362550019626951325e-01
3.868168322861673118e+02 1.039450097787766254e+03 5.044041104990100166e-01 7.620620070711842109e-01
3.418260005412054738e+02 1.056974046923742662e+03 2.625260335483877161e-01 3.958293290181131852e-01
2.849341604894733564e+02 4.494771909305950999e+02 -7.387875470540579935e-03 1.806560999073822671e-01
1.056317035465324125e+03 1.722335402896262053e+02 1.348160161514277422e-01 -7.559237949227405129e-04
1.180045786314803308e+03 3.628402033320870146e+02 4.595587850113505568e-02 -1.128756550382997194e-02
2.897965499873336626e+02 4.654863250288358358e+02 1.449618625066079747e-01 7.733705536376135337e-01
5.425941260272032878e+02 4.716207748619784184e+02 -7.317394797644283591e-03 -1.906508316144481935e-02
1.207687763118685552e+03 2.221760879696358302e+02 -9.564980301179275279e-02 1.279536700612141087e-01
1.224963957617889719e+03 3.606165623645952678e+02 -3.418950674339612528e-01 -9.479486846453824556e-02
2.713618230838562226e+02 5.335277205308890416e+02 -2.246564297803047283e-01 2.553132610956822535e-01
2.447094160045808735e+02 5.496994519098253704e+02 1.960955071507157824e-02 -2.571904527866308854e-01
7.235406822045381432e+02 9.728233005117975836e+02 -3.628936094230539311e-03 -3.009413805523308925e-03
2.885004721494893829e+02 4.360172792745288461e+02 8.532608057815120606e-02 6.520271765305728218e-02
2.141819117440108187e+02 7.101850003582192130e+02 4.781748211671457693e-02 1.321403691424115519e-02
1.028931850562259342e+03 8.395220769417629754e+02 -3.403980519781018600e-03 -6.872468164412263818e-03
3.980146032932620415e+02 1.090249243422824520e+03 6.508811578250590923e-02 -9.255393683232189528e-02
1.060336820769755377e+03 1.875994535730101802e+02 -1.603077118977012105e-01 6.665019123668116663e-01
1.055322073855343888e+03 2.282619649413750835e+02 -1.519710379902221575e-01 -3.150026098625957616e-01
1.095859064939295195e+03 2.778088317147410748e+02 2.069127393968983597e-01 2.390196555095300823e-01
1.205001098091218864e+03 2.051287466670906667e+02 1.428122399471476456e-02 -6.362134870183311364e-02
1.156914884752910893e+03 2.663909909270784624e+02 -2.984550268124053218e-02 1.951247240747022715e-03
3.195950240952454919e+02 4.765974578305057321e+02 -2.268456415809591044e-03 -5.706118451322644142e-02
2.948512833465172207e+02 4.897539552786230956e+02 4.759328521876276391e-02 2.242047287224327723e-01
1.045634836440898198e+03 1.740737729692786502e+02 -1.405672158091419988e-01 -3.071382955030799167e-02
2.046508771232868753e+02 6.737213796348340793e+02 -9.966658783927837342e-03 2.997142316457939160e-01
1.888379058856615416e+02 6.828990959682921584e+02 1.354265352632718911e-01 -1.880115077750101060e-01
3.549285915089787409e+02 1.003278151237637985e+03 -1.204171472790562802e-01 2.555221316188993064e-01
2.469235129994430622e+02 3.553978902761269296e+02 7.434800767392839294e-02 3.635407712689963655e-01
4.980746099971967169e+02 4.996772796958392746e+02 3.201868538741337034e-02 -1.099356537866166689e-01
1.120368568350176474e+03 1.579973709228090115e+02 2.499820303705746483e-02 -5.216264274870733436e-02
1.083659523426774513e+03 2.028522100369898169e+02 -9.228715704686389631e-02 4.746113850327068201e-02
1.054466665904821184e+03 2.649578467794538597e+02 4.610766414912935152e-01 -1.135217148247268826e+00
1.147067971362806247e+03 2.015060669413246615e+02 2.302332655756345048e-01 2.683372125589755797e-02
1.181882764996956666e+03 2.650305405550402611e+02 -2.815548741409656941e-03 -1.930965092691394602e-02
2.057423351201214530e+02 5.903853781409212615e+02 8.936077910298460825e-02 -1.566453181791492566e-01
1.987817891626555138e+02 7.167627804954952353e+02 6.350266659515095558e-02 1.338296715604201381e-01
2.762721360512430806e+02 4.513968104967702857e+02 -4.673995109703810505e-03 2.931705311857513152e-02
3.267314158776560475e+02 5.521990659052946739e+02 -2.294006794621736983e-02 -4.897783281533065608e-02
5.758175320928422707e+02 4.962143671776888709e+02 -9.081927911547608978e-02 1.394339882070880741e-02
2.104801510279764329e+02 7.449209990786670232e+02 2.685033068958603275e-01 4.224940451297925503e-01
3.207967122729256744e+02 1.094679417824095481e+03 1.278449419740582127e-01 3.099329899744134309e-01
1.827775018026321732e+02 4.997419774402054031e+02 -4.688884050359831690e-03 7.520733172852089865e-02
1.116156242624464085e+03 1.777416069617810876e+02 -1.114807395174466365e-01 2.529709733037606156e-01
1.125621379829841317e+03 2.254274041199387000e+02 5.552318214893148252e-02 -3.106436087669806057e-02
1.236636519307545313e+03 1.345890624616058631e+02 -8.288190624170965748e-03 -2.765508126363869223e-02
1.221316294036254931e+03 2.586915318531501384e+02 -7.347878332905111165e-02 4.828541062969549102e-01
1.223677192312132092e+03 2.670299303249464060e+02 1.115603265020581603e-02 -2.666455573717030347e-02
3.100102151385522120e+02 5.271580111844390331e+02 7.542782946642034858e-02 3.040707031593115062e-02
8.108267999619019974e+02 4.023212640133240257e+02 2.750057702470106238e-02 -8.064247133184683503e-02
1.019898564802106876e+03 2.193787964286722740e+02 5.322338179564667371e-02 -1.494380588601037195e-02
1.050343405276305930e+03 2.565844664553274583e+02 -2.433672982328213552e-01 1.759091771354140687e-01
1.157727890720706000e+03 1.760278170883897815e+02 3.631770866513761575e-02 6.952371174891898431e-02
1.250637915439973312e+03 3.633183796917947461e+02 -3.807877572747505462e-02 -5.729697760481636953e-02
2.021505214289326489e+02 6.087320339753596272e+02 9.434636579196838124e-02 -1.490038744609970822e-01
2.181261953544412222e+02 7.712477864127339444e+02 -1.306349898271719212e-03 -2.309264792199883232e-02
3.987131331513071473e+02 1.046771932683325986e+03 1.423950188675462414e-01 5.253625093992771999e-01
2.348690549653645689e+02 3.070837499896202303e+02 -5.721481815530182757e-02 3.686713643947712171e-01
8.337584905862856033e+01 3.396093679240668166e+02 -8.491926962445006666e-02 -1.911257879366701218e-01
1.188540490564511174e+02 4.610780947244634831e+02 -1.582369627123725309e-01 -1.054690116580161430e-01
2.854477093082273882e+02 4.581449281161530394e+02 5.752301337426501959e-02 2.389819959770989044e-01
1.119465759859963555e+03 1.883932300085861016e+02 9.285367988661619165e-02 -4.305573373343918320e-03
1.033374487034189542e+03 2.095907129145335261e+02 -1.289868620972356439e-02 3.306790896823486037e-02
1.009364038307432338e+03 2.319161614340819142e+02 5.277603914476003411e-02 -1.635893309499323323e-01
1.136766411495284729e+03 2.187951585447607386e+02 9.794999651717262168e-02 -1.029440509602039810e-01
1.139562379284431017e+03 2.243561206680196563e+02 -2.461926568556691564e-01 2.288050591334069850e-01
1.019523084015430982e+03 8.061788225807691788e+02 -4.688356029305396078e-03 -1.385619297252560500e-03
9.690549440297312458e+02 8.252511050910009089e+02 -1.331316611552892937e-01 7.232210456038501434e-03
2.770313790764546411e+02 4.623393136455851504e+02 0.000000000000000000e+00 0.000000000000000000e+00
1.032893777720063326e+03 1.591309113710374561e+02 0.000000000000000000e+00 0.000000000000000000e+00
1.082936468491443293e+03 2.559867934209042915e+02 0.000000000000000000e+00 0.000000000000000000e+00
1.008852961420689894e+03 2.784775083451045248e+02 0.000000000000000000e+00 0.000000000000000000e+00
1.062053549996217271e+03 2.880973679696403451e+02 0.000000000000000000e+00 0.000000000000000000e+00
1.214745985754228968e+03 2.240679289346277301e+02 0.000000000000000000e+00 0.000000000000000000e+00
1.114298817443018379e+03 2.860949960669435086e+02 0.000000000000000000e+00 0.000000000000000000e+00
1.306280426652365804e+03 3.308934216985591661e+02 0.000000000000000000e+00 0.000000000000000000e+00
2.179894387768788420e+02 5.672626551712410219e+02 0.000000000000000000e+00 0.000000000000000000e+00
5.619780214516604246e+02 5.029026079151624913e+02 0.000000000000000000e+00 0.000000000000000000e+00
7.321584238668533544e+02 9.373028127165169963e+02 0.000000000000000000e+00 0.000000000000000000e+00
