1.333293285256126808e+02 3.827434121662543589e+02 1.696448943442086313e-03 8.175018895326952376e-03
2.527128983145007055e+02 4.637936216757071293e+02 2.198029426426559643e-03 -2.879748979255352271e-03
3.139694875170438877e+02 4.761810570240022003e+02 -1.310098274524926438e-03 -2.662963907807401696e-03
5.635292103683188998e+02 3.787275379247851106e+02 -4.202859415918643255e-04 -1.391802593768896174e-03
7.053633453993604689e+02 4.142453558616701343e+02 -7.834348358547722421e-03 -3.842968323900124161e-02
6.343458868549229237e+02 8.219716331534425535e+02 -1.516637101254258979e-04 -2.251568177254091249e-04
9.124168639795556146e+02 8.060244141476046025e+02 1.779344447663563748e-04 -3.715061572309801788e-05
4.599451808095319052e+02 9.415744216099551522e+02 -1.154413377655668430e-05 -2.396055478453886769e-04
9.052090655727678268e+02 9.227534086831966533e+02 -6.730623295139269826e-04 -1.198924138415044050e-03
9.003761228114094592e+02 9.263429084330609840e+02 -1.920388978855008203e-03 1.457373927236052568e-03
7.072754749630601054e+02 9.930027630612486291e+02 5.718438922526323945e-04 4.601295568872416225e-03
7.151016231239894978e+02 1.011321274003779649e+03 -3.058184713203859501e-04 -8.235909789672774895e-04
7.049679050546945973e+02 1.023729840532922367e+03 -2.350008114064783770e-04 6.052425905821082587e-04
4.816322307352782559e+02 1.099146022370563287e+03 -7.785471762818446022e-05 4.847029724039589988e-04
7.044113396537078415e+02 1.036513997987124867e+03 7.987128967805360669e-05 7.472975241425685786e-05
7.518235937236806876e+02 1.067563745456681772e+03 -1.157612298998579315e-04 -1.803356736146081041e-04
7.455855976568560664e+02 1.071481072366068474e+03 -8.878203395188213626e-04 4.461762638120579791e-06
1.311587317795817000e+02 3.249698493041756251e+02 1.953942956019730546e-05 -9.566091037009476520e-04
8.997761743015105367e+02 1.102167532898558193e+03 -1.197368488131513243e-04 -4.760284044023857817e-05
2.443786019457805878e+02 4.894165135006254559e+02 -5.038312006404350660e-03 -1.305195460580613675e-03
2.444057282204591388e+02 7.556037468928888075e+02 2.184266117892503037e-02 6.558455063943238218e-03
1.176177141280952810e+03 2.482011944873908078e+02 1.505060741286761566e-02 4.118667214223812462e-02
6.387650139662558786e+02 3.760731336519534693e+02 7.544005759078879075e-03 6.660732311284972562e-03
1.260257807005996256e+03 1.959195385529649514e+02 -6.045297250576629148e-04 -6.293763396856190287e-05
1.240822362312994983e+03 3.843572048203128588e+02 -4.392881610144313068e-03 8.413705019059910389e-03
3.166530774988813732e+02 1.084030997754515738e+03 6.976337168904905850e-02 2.728851443182678249e-01
1.179169279170439950e+03 2.326056786795946323e+02 2.971844908413481551e-03 2.917449314766415100e-03
3.384095173105794743e+02 1.046847229981701958e+03 4.962799941695536510e-02 3.905880060878254567e-01
3.498095702748111080e+02 1.060249588926903698e+03 8.905704060702200608e-02 4.003676825780649873e-01
7.155651588601303956e+02 8.817221658961044568e+02 -2.125108977892442488e-03 7.204122359172909383e-04
2.369116947029036169e+02 7.200234543754443166e+02 3.776285591298477514e-03 4.622851842164476914e-03
4.094934237816769951e+02 1.088086357459850205e+03 -1.285930790066069397e-02 -2.235102940045577066e-03
2.489047777658736891e+02 7.170392595911246190e+02 1.719753319025416624e-03 1.433504951425522075e-03
2.574897131349101755e+02 4.459685213482890731e+02 -1.282018350741790866e-02 -2.432364439136607270e-01
2.505429320760814562e+02 7.479674015794339539e+02 -9.313849560379088314e-04 8.257835552620974851e-03
8.293627237146043853e+02 3.039713380499332516e+02 -9.302797778795958081e-03 -4.925587903634796177e-02
1.431422105986037536e+02 3.927309923923228325e+02 4.304707819701974331e-03 7.501103475575665071e-03
5.696794907456477404e+02 3.800526608046845354e+02 1.375828886767017619e-03 2.931610978806690939e-03
9.319206045966481042e+02 8.427310733201953781e+02 -3.546970519632040072e-03 -1.524292342630455092e-02
5.694398723430441578e+02 4.378685712673096759e+02 8.227427139566919484e-04 -7.261180795942234810e-05
1.006558786405116507e+03 8.131210249273766522e+02 -4.905707572935071601e-04 2.369233624630630742e-03
5.019205044762704802e+02 4.373765911000594997e+02 4.590862705539832528e-03 -3.631483483961756541e-03
2.438931562739847436e+02 7.428118524459537184e+02 -3.654610781781835425e-03 -6.260245811487570068e-03
9.801473887802814033e+02 8.277104222326295258e+02 3.657940534052127324e-03 1.547698024517170975e-03
5.708206583941154122e+02 4.051287470723846127e+02 -1.012748067791612331e-03 5.109557059148472392e-03
3.055999382752132192e+02 6.565091843982818318e+02 -6.976132650089595343e-03 -4.827330623730532837e-03
1.009344030900445318e+03 8.154841919105892885e+02 1.463089551436658696e-04 -1.883425738333469436e-03
9.421061988276894681e+02 8.346303683099793034e+02 6.806609875501644195e-03 4.004521635382312338e-03
1.003032725686020285e+03 8.367438596664086390e+02 -2.210640118706276927e-02 8.835705552589371084e-03
2.322181009934742519e+02 7.234608569375599245e+02 -1.730060057700157864e-03 -5.694462708664888018e-03
4.830203592863932727e+02 4.363976668412037156e+02 -1.548155264805416804e-03 -8.828146647914817541e-03
1.018957506796572375e+03 8.074437965883677180e+02 -1.300903309531196636e-03 -3.128104248310925248e-03
9.610299390191347584e+02 8.349519279684228650e+02 3.441801581794327967e-03 7.689631248687271020e-03
1.208056596002435754e+03 2.581709599362794734e+02 9.760894605252397327e-02 6.462746029441886197e-02
5.488597062789740448e+02 4.426530672969188913e+02 4.074326814048564310e-03 1.585677717491424743e-03
2.279053088790571167e+02 5.200690376568609281e+02 -2.293668607801081880e-04 9.806379467885797431e-04
2.747465426836336633e+02 6.821658465992484253e+02 -4.762512235051399347e-03 1.717727459276604737e-02
5.768598515273662315e+02 4.203413522336944652e+02 -5.124436373170292158e-02 1.115521466217592357e-02
1.034666862510313877e+03 8.592476615167778391e+02 1.139744524438680330e-02 1.281769990129922156e-03
7.328650710822747669e+02 9.215038642369700028e+02 -1.675537356460820443e-02 3.364254498884328842e-02
9.559190901968439675e+02 8.452300097566953809e+02 -7.553051571728183755e-03 3.551715730473366250e-03
7.480742248374704104e+02 9.540799876838981390e+02 -6.520009378553566319e-03 -1.225185779670181010e-03
2.655592222881947464e+02 6.666155097384917099e+02 2.775803831460250774e-03 3.159570378588481311e-03
8.247127011423432350e+02 1.102247474595898893e+03 -8.311949990916173234e-04 -1.701980161170008673e-04
2.439397013962869494e+02 4.976480326032983612e+02 -1.401555525995579719e-02 -1.442686985745415817e-02
7.492747445885790967e+02 9.588828486276383956e+02 6.036374409616358794e-04 -3.165251357001066732e-03
5.661816788487758458e+02 4.692869773877148418e+02 -4.299325752772167192e-03 -5.213883606372048812e-03
5.672713365532415537e+02 4.748862536344197451e+02 -3.337051906116655074e-04 -1.156384566433761108e-03
1.205358955410532872e+03 2.309584383444038735e+02 1.412477682991509359e-03 3.604930459511643259e-03
9.143126704596169247e+02 8.461545855249537453e+02 2.831543365689052558e-02 1.392287518005969581e-03
7.720875892213714451e+02 9.609705659366619557e+02 7.507996268826684074e-04 -1.286959491620667849e-03
7.747579916908814539e+02 9.423924541899203859e+02 -3.423173408535122239e-03 -6.649147338028270522e-04
7.741767147601583474e+02 9.480596007553314166e+02 1.547892586551154019e-02 -1.355058916313435849e-03
9.845669005668574982e+02 8.665201399436211886e+02 -4.496413597710463691e-04 -7.931103867815523980e-04
8.004835815105877828e+02 9.520273907907272815e+02 5.667592388396887077e-04 6.747963821719239579e-04
2.106845142444759631e+02 6.730915242358664727e+02 -4.942135700769828728e-03 -5.942044380695184203e-03
6.193899679968744749e+02 9.359254208623409568e+02 1.253856171264361820e-04 1.601257708999934202e-04
5.739392558769433208e+02 4.894762960503639988e+02 8.541549498059200496e-03 -1.002887051948666251e-02
9.751466670474841294e+02 8.852492333596856042e+02 1.432641115458170708e-03 4.315051079418994254e-03
7.510076169959139634e+02 5.282178090082966264e+02 -1.014149942050445894e-03 -6.130257733740235304e-03
7.890770425323674999e+02 9.454848676586557303e+02 1.393404187814158493e-02 9.598737617084631205e-03
7.954224618540218898e+02 3.815427298197008099e+02 9.384164467505933015e-04 -1.579184935980994936e-03
2.367495164434437243e+02 6.999436169166370973e+02 1.773967841250093450e-02 -1.529879482962422793e-02
3.071172591311944302e+02 5.673127497926774367e+02 1.297762480925313726e-03 -9.007360603181770869e-03
8.082544479366721362e+02 4.203521936134579278e+02 -1.647802358059262872e-03 4.662380283439751527e-03
5.878705127522057410e+02 4.025994632841883458e+02 -4.074280913721507746e-02 -6.013356839760305647e-03
1.034598710529727441e+03 8.356643606627078498e+02 -2.117431544664862171e-03 -5.980704228959168780e-04
9.944700360149629432e+02 8.209793264636218737e+02 1.045918617346907643e-02 -6.754836235920788287e-03
2.271748485000306630e+02 7.266417495070038512e+02 -1.987147811296617866e-03 -5.828018250726342379e-03
1.278247156176745420e+03 3.719092683732864657e+02 -4.169461042177470891e-03 2.992680512458790847e-03
2.348253188347561888e+02 6.514389842376725710e+02 4.455911819811638613e-03 5.364675320417590203e-03
2.247476366837138073e+02 7.661958023407007659e+02 2.439262262988609823e-03 3.470339436858867676e-04
7.336887323869336797e+02 9.797339492234882528e+02 -1.142450357232888602e-03 -2.599540541496025980e-03
3.201520963117321230e+02 5.456113271383932215e+02 -4.205397493674106410e-03 1.145917133056956541e-02
7.702230679166976870e+02 3.979193022499656536e+02 5.980164325789323089e-03 3.810166665344371425e-03
9.875520371797183543e+02 8.310665962916604030e+02 3.939906848077583817e-03 -3.301531915816091275e-03
1.050027063567864388e+03 8.545381274612929019e+02 8.901282710284438415e-04 3.266730621655171592e-03
8.271664222164826015e+02 4.018265633291340464e+02 -8.377993882199556708e-03 2.618224943886963106e-03
1.018439828600308033e+03 8.317008577785156831e+02 4.119633280566577932e-03 5.559810732288407095e-03
1.185837761859647117e+03 2.495975051426063658e+02 1.183523993868130716e-03 -3.298779254991320974e-03
9.481212318351501835e+02 8.375125340804204370e+02 7.831201047624159264e-03 1.198115299624951481e-04
4.660240455495554102e+02 4.551113698938686412e+02 4.193033897848019221e-04 -9.021883199122861935e-03
2.683078654996707542e+02 3.004492063188226894e+02 -4.341195874485943081e-05 -1.347663965304383331e-03
9.544611827183936157e+02 8.232041209931830963e+02 2.456261942410996411e-03 1.065490794491266192e-02
8.186652816408317221e+02 9.363981152689891587e+02 -7.171016813617375404e-03 3.111130548841354454e-03
8.214454437702469249e+02 9.439929800400722115e+02 6.456970994567073907e-03 -2.528353492552788684e-02
5.486916266187349720e+02 4.332300547032273244e+02 5.294549384339772638e-03 2.601026933919316914e-02
7.323548394899022469e+02 9.372783487069776811e+02 -7.517855472880487222e-02 8.353452220971760780e-03
9.298166370774147254e+02 8.589592591148895053e+02 1.794333569386937985e-02 -9.495229451719598354e-03
1.077522467036054650e+03 2.030925953258535799e+02 -9.075904097672080149e-04 -2.955642417856439632e-03
7.542769295454697840e+02 9.717833893736709570e+02 1.990094245219426339e-03 7.218641875048285167e-04
1.029967216047855572e+03 8.255606099706495797e+02 -1.547458934730979504e-03 1.576126555648605211e-03
3.820022411437134338e+02 1.058249466018211933e+03 1.164435173708578131e-01 3.060047921744063482e-01
1.021159858604677197e+03 8.148263643294177427e+02 -1.075934420805199241e-03 -4.024243836797137923e-03
1.059379876704170329e+03 2.278996728591264969e+02 6.158369217354276413e-03 7.751602331751147185e-03
9.557004496913409639e+02 8.789923701022995601e+02 1.881800503974547954e-03 4.990619466894660045e-03
8.182718165689316265e+02 3.798829764005797074e+02 -7.190102535535308889e-04 1.854367876005946379e-03
9.722207675622552188e+02 8.884650699646771272e+02 -9.869817840681343463e-03 5.723596321169481700e-03
9.064080982100417714e+02 8.402033432761041922e+02 8.697261202740102018e-03 -8.474637246658768205e-03
5.795800649833702209e+02 4.676023660091960892e+02 1.528835977064255287e-02 -1.362763853359014697e-02
7.953171026831296331e+02 9.214344938326000829e+02 -1.174851751593090693e-03 3.931923315676748125e-03
9.620822362698630741e+02 8.486818366380684893e+02 -6.271661107343834331e-04 1.231341300206505651e-03
1.927279635123472872e+02 5.893354518330562541e+02 2.565357055304800225e-04 4.539764680747802698e-03
2.332992279934725275e+02 6.920226941704045203e+02 2.272710603854210046e-02 -4.394662785422483696e-03
4.929758593252724950e+02 4.488715992241329218e+02 -1.938072171923869340e-03 4.816427216445561856e-03
8.334019678370599422e+02 4.124061531532884146e+02 1.082878223761632929e-03 2.260847458026294266e-03
9.672899983209799757e+02 8.762330217602104767e+02 1.312358102936088573e-02 -8.030791511972362740e-03
8.103695582855316388e+02 8.944729726926701687e+02 2.123887424878794644e-02 2.385212748135747546e-02
9.683240951998689070e+02 8.251897771788168257e+02 4.669750508983810250e-03 2.592042330310379439e-03
2.059226113423380014e+02 5.139131879544574986e+02 -2.726043199607145091e-03 4.328010146597836491e-03
7.918261179666905036e+02 8.840405850537940751e+02 -8.694392003793260937e-02 -5.886177081636826541e-02
1.192678185577285376e+03 2.110294758384788452e+02 -6.335305473117337251e-03 1.177502755231306722e-02
8.140603815317083445e+02 4.039386334557700025e+02 3.590141554715082367e-02 1.655229128118606424e-02
7.676620487313236936e+02 3.847747610860816394e+02 2.203862994826189317e-03 -8.056340715145302728e-03
2.257840316449781710e+02 6.859828980537864709e+02 4.386047380868173494e-03 -3.242584340191929926e-03
5.601118686167337728e+02 4.180974207835872676e+02 4.769324487152643011e-03 -1.188296070075795310e-02
9.497864066117909942e+02 8.564586493843618200e+02 3.347056646536504185e-03 -1.505711091622873640e-03
3.368518309103047841e+02 5.486478787880464552e+02 -1.362574164915819272e-02 -3.017028128159147601e-02
1.114942939227096076e+03 1.807925919692915784e+02 3.693440650083022747e-02 -6.999071638868953338e-03
7.196441135596339791e+02 9.508991216605342061e+02 -1.621488565841684715e-02 2.106858934524611163e-02
5.112017066680955963e+02 4.391742033436198085e+02 3.617420379078109711e-04 8.945712187656311909e-04
9.959783015702896591e+02 8.731595169632339548e+02 -2.669898503457639703e-03 1.592904273119493622e-03
4.800050834407208526e+02 4.677442940128742634e+02 9.000337770886506286e-03 -4.346042541237074563e-02
8.762586199505157083e+02 8.737981974231925051e+02 9.162668842425700927e-03 1.031284893458340015e-03
8.017114876073953837e+02 9.386509277080303946e+02 2.804562398665722683e-02 -2.805725112149601991e-02
5.358998035878603332e+02 4.148080409678408955e+02 -6.528911637613842023e-03 -1.634260838731975071e-02
5.210869047013181898e+02 4.427388823271361957e+02 -2.167300276980340182e-03 2.972920654651198258e-03
3.264724852154320729e+02 5.361283087561610046e+02 -8.353889271389372973e-04 -1.706039470850375522e-03
7.464658958729506821e+02 3.966470596505801041e+02 1.123750238463961217e-03 1.859018478909331288e-03
9.739404750331873402e+02 8.636216188529996316e+02 -4.363182649099864308e-03 -1.211819971693798605e-03
9.970317006820355346e+02 2.488745885722601940e+02 -5.039221231590370123e-03 1.302116386896547649e-02
8.507041280233518137e+02 9.315834223651412458e+02 -4.965664640716532189e-04 1.336794601532274819e-03
3.527289577021952027e+02 1.030080665532611420e+03 2.002125797032049126e-01 3.556277979166072023e-01
6.302481930984565679e+02 3.841504629317713579e+02 2.488423889314959805e-03 1.851742699489135422e-03
8.159828962233026459e+02 3.632254568079613932e+02 -4.832363218436665567e-03 -5.334272203966893867e-03
8.576548738261486733e+02 1.101713483058447991e+03 5.781089362255785371e-04 3.508754558730864631e-04
9.292175974157854625e+02 8.388380796617997248e+02 1.859649503208037416e-03 -1.663451621781031646e-03
1.157259696948609644e+03 2.339885582022637323e+02 1.810664450413421861e-03 -2.412178444087646756e-02
6.031203015989642608e+02 4.343650648236433085e+02 9.282612055961514050e-03 1.357285107106951869e-02
3.313519245425145527e+02 1.068405228734050752e+03 -1.507626025989407537e-01 3.187962992382998295e-01
5.085829450330804207e+02 5.094596940510280092e+02 -1.474427658700116529e-02 1.216195165991427671e-02
5.450913616894380311e+02 4.071522443191987009e+02 -2.411210502092973537e-03 -4.244696698447001683e-03
2.382324531869634257e+02 7.402834632618443038e+02 -1.564884693548006245e-03 -5.068587343073589768e-03
2.320945395930652353e+02 6.524869080990002885e+02 8.517790974808982576e-03 1.090076075808840347e-02
1.213017014247850739e+03 2.530454140370606808e+02 8.568244106061792542e-02 -1.441401577263894118e-02
5.446979030731843068e+02 4.758263477886936244e+02 -7.803672892210030895e-03 -1.584999136378874036e-03
2.577674568500730174e+02 5.637423443619202317e+02 -4.861670930833524723e-02 6.379161135284205919e-02
7.531933855971507228e+02 8.452657297197503112e+02 1.664015971453697404e-04 2.601233950507335162e-04
9.774110296504302369e+02 8.458299221310923031e+02 3.411798477609319022e-03 6.211833072996449968e-03
5.457458232505672413e+02 4.826908226734619234e+02 -4.550735327419454940e-02 -2.111197718605099458e-03
1.164779812532773803e+03 1.475983705356960058e+02 2.693176735005685472e-03 1.955232005717854812e-02
3.210526992717286703e+02 5.301356508774312033e+02 -3.338344187741853781e-03 -7.216532747976305570e-04
3.141170475444015437e+02 4.704578504994757964e+02 -1.045279535669061061e-03 1.774170326656292337e-03
8.874331195803400760e+02 8.720407899628165751e+02 -1.194556476855493723e-02 2.750478541299956458e-03
9.327080858252467124e+02 8.666105631456954370e+02 -5.117928400340593029e-03 -1.787036105015701740e-03
1.167347052618142698e+03 2.027006839123229724e+02 2.022477803237002769e-01 -6.306643048976430521e-02
3.550089854424992382e+02 9.983060143487576852e+02 -1.077153129657106856e-01 2.675266464432072278e-01
2.760943140382264005e+02 5.936224168208533456e+02 -9.523898773146595442e-02 3.214533747020978383e-01
1.063588892060917715e+03 1.808190001357813799e+02 1.852312365589217635e-02 6.825989443177632454e-02
3.207867384412481897e+02 4.796419087534506502e+02 5.648327807236482490e-05 -4.239501980506620894e-03
9.713363576808171729e+02 8.304494992730490139e+02 -1.419543961588661234e-03 -3.187943924859105906e-03
2.480482833595476677e+02 7.401955622268370689e+02 -3.424171537010025582e-03 -1.417448948145737589e-02
2.209407409078762612e+02 6.867718347222579496e+02 -5.475160154182192804e-04 -2.254621120731835609e-03
5.060474207973588250e+02 4.430688442891534464e+02 6.523618617653946343e-03 -1.253323137581500643e-02
6.182647424356501915e+02 3.842111797774393835e+02 8.283843477070577943e-02 1.998097040585752326e-01
2.767274702865626637e+02 6.726331521919430543e+02 7.549175895769397009e-03 8.736370949990676649e-03
5.909631038687340379e+02 3.799850519284944426e+02 -1.031740558494130683e-01 1.305102306806089074e-01
6.120366419094928006e+02 4.279343789061216512e+02 -8.063747079487787461e-03 9.933702928280878364e-03
5.333352507007161876e+02 4.121994387831600193e+02 -1.361503470435525406e-03 -1.082227000593698717e-02
2.994961355174017399e+02 6.135195763958462294e+02 -4.573900942468956711e-03 -5.903320140217570289e-03
4.757625496420280911e+02 4.648638245399832840e+02 -5.121125558093358662e-03 -8.951527601675817597e-03
2.222939599649855325e+02 7.529835453490908321e+02 1.829529085952826548e-03 -3.541389940890007654e-03
2.639434414280223677e+02 5.391890084635462017e+02 -1.472360730367570092e-01 3.401199727515422655e-01
1.011923301980928159e+03 2.050007424979807809e+02 -7.699321143045291397e-04 -3.323234048730565587e-04
1.222665009002037323e+03 2.531191783158185729e+02 1.116098308987823334e-01 6.669964560934701914e-02
3.719242241939963378e+02 1.065817264338275663e+03 1.307675518678288185e-01 2.251889052348936826e-01
3.381182725276494239e+02 1.085397954774763093e+03 8.807613014156706610e-02 3.201305938994389866e-01
5.682114315411696452e+02 4.299950674670045601e+02 1.349229963102741405e-03 -3.948030529524301953e-03
1.236132573505102755e+03 2.610208183154147719e+02 1.182242766768098682e-02 2.921116178980988007e-02
1.078499754505946839e+03 2.927255752658408596e+02 -7.326250266963836577e-02 -1.330496704576128453e-01
1.015950008202912159e+03 2.748992572326650361e+02 -6.703869678126961155e-03 7.521404145857014598e-03
2.014159169406669889e+02 5.532177020218882717e+02 -4.674532136947920358e-01 9.723807438309665929e-02
2.082318513321930880e+02 6.977973182439525317e+02 1.643639244798634396e-03 -5.137141698922971164e-03
5.475203134328826309e+02 4.097423939026920152e+02 -1.787591566266435051e-03 1.830292914937469611e-03
3.644089611869490000e+02 1.027445823318030079e+03 2.830984935729631835e-01 3.700724161449227001e-01
2.821534335654594088e+02 4.982344061406383275e+02 3.593942582707575044e-03 2.535470250477273035e-01
3.554717555638812314e+02 1.039721451223498434e+03 7.276761927101690897e-02 3.439744156534804143e-01
1.227158084900975155e+03 1.494673015692002025e+02 -3.066552624675138606e-03 2.496067519305964801e-03
2.480515840293605834e+02 5.081332413437328910e+02 1.745192784058429911e-02 -4.851181685764215795e-03
1.023319630761972235e+03 2.799319472022313562e+02 -1.198197635814478995e-03 1.857359576623402505e-03
1.133092912340957582e+03 3.193102973374048474e+02 1.197080968028002221e-02 -7.258828839409846301e-02
1.000535558348945301e+03 8.250945802024076556e+02 -1.189908748221573699e-02 1.883875309582291793e-03
3.134520272164602943e+02 5.552115594100397402e+02 3.583358913154973541e-03 8.598251534064080617e-03
2.273909159503102728e+02 7.017680577824010015e+02 1.492479288668733996e-03 -2.803284350921551437e-03
3.787344280343772880e+02 1.096066982443264806e+03 9.023612261010120761e-02 3.163806193535226852e-01
2.969033869824366434e+02 5.693159498113001291e+02 6.072613179718372445e-02 -1.979285451504735407e-02
1.056779805775617888e+03 1.791168587222994120e+02 7.205752437433751711e-02 -6.080369114297106900e-03
2.660285452884178312e+02 7.381397815004978611e+02 1.172402789392613595e-02 1.818977204564335010e-02
7.858642404303584499e+02 4.000877518080575896e+02 3.734041400299688805e-03 -3.524839460244144629e-02
2.342574013441611100e+02 3.378279037117373491e+02 -1.041294119064283957e-01 -4.230514655323475703e-01
3.116618175271460700e+02 6.105461863169828121e+02 1.206585871785638940e-02 -1.694172267296173559e-03
1.030516982057447194e+03 8.543278109274797316e+02 -1.782889568774786125e-03 -2.797416032282430687e-03
1.155340126998798496e+03 2.231059982742917214e+02 1.297627114404326931e-01 5.968826315249979586e-02
3.550884785659661702e+02 1.049908950634998746e+03 -3.788117550002448319e-02 3.730165477116727524e-01
2.547039465416374640e+02 6.419646875431217268e+02 7.015227464063287545e-03 -3.051087341073116001e-03
2.728946876069747987e+02 6.525704057024165650e+02 2.199869308083630352e-03 -7.688440557952315804e-04
1.210238383992941863e+03 2.187139200368737875e+02 -1.034400839937078863e-03 5.401032318467635998e-03
2.619096234268862418e+02 4.319293283660363727e+02 -9.299644015730692062e-03 -3.424285697474694357e-01
2.389552056422609496e+02 6.089626721802964084e+02 -1.604193136753737647e-01 2.785174651721852856e-01
5.900265182933925416e+02 4.505492837095755476e+02 -1.000719246693923190e-02 3.525786985475651975e-02
2.374683988490147044e+02 6.945394702436780108e+02 1.020436266462030825e-03 4.521423602234267772e-03
3.097436151269095603e+02 1.055728788000287750e+03 9.998786157159215982e-02 3.862801740480333867e-01
2.679213309811660224e+02 6.309373772906144495e+02 -1.286748530292085736e-03 6.589989584449315423e-04
2.617533101638600783e+02 6.449267787753276480e+02 1.450855758504742494e-04 -1.959447749838167697e-03
3.157829849510247868e+02 1.049829215357912972e+03 6.873578190357303164e-02 3.939920382151222422e-01
1.208463962059253390e+03 2.086257883517130836e+02 8.946941324702133158e-03 -6.093217076511336927e-03
1.002589006441952847e+03 8.763909928728133991e+02 6.728763423791293743e-04 3.089929171577264488e-03
2.662185355227974810e+02 7.157651708952620311e+02 -1.622946052478228362e-04 9.649655310734641181e-03
5.933637848934611156e+02 4.851552680764387446e+02 -1.551316546220453483e-03 1.719166958768050466e-02
2.641165604627690300e+02 7.255378270251071626e+02 6.237578178538884764e-03 -3.277602163484741489e-03
2.372731770651999739e+02 3.560838908328515231e+02 -1.164976815663705256e-01 -4.369827763234696572e-01
2.707777258781708269e+02 6.006375728527054889e+02 -9.293455791865060100e-02 3.448065063080839043e-01
1.268221149959571676e+03 3.945434113127993783e+02 2.426157733360482550e-03 -5.714878930109647346e-04
9.439409956403843580e+02 8.552447861501760826e+02 3.012381238270133831e-03 -1.222598358056907995e-03
2.541212829412594942e+02 6.860434543270788481e+02 -4.018340663907731978e-04 -2.553150158724063097e-03
9.324936453785689991e+02 9.065626909587469981e+02 -1.507248382470287133e-02 -6.783702581553442516e-03
2.186546456989468084e+02 6.767140681721054989e+02 -8.346780955849739461e-03 4.889234188187113576e-03
1.241282163443368972e+03 2.754507105316192224e+02 6.318032229899580611e-03 -2.135602098953464506e-02
1.487002607018553704e+02 5.164354829595793035e+02 -4.505425254190847592e-03 -1.401071205581015666e-02
2.807677993143794311e+02 6.471374110683843810e+02 1.152133322640248522e-02 1.691699476306988623e-02
1.008182005210701391e+03 9.275786823892940447e+02 -1.169774522766980039e-03 4.539111481135208359e-04
1.082504547182973511e+03 3.030875272102893518e+02 -3.006108647943421808e-01 -1.009294489752809720e-01
9.515538958769489000e+02 8.970543563099532776e+02 8.224675546875014759e-03 -1.500238200768726909e-02
2.335019006861261630e+02 6.760899612629106059e+02 -2.628291515136008550e-03 -9.879040756243172641e-03
2.519646399334552598e+02 6.720463013649143704e+02 2.670255005895542585e-03 -6.263110662960364242e-03
1.299435425203211707e+03 3.032635818836214980e+02 -3.868557522127507361e-03 2.979636164483697846e-03
1.077101163734249667e+03 2.267263056415780227e+02 -1.851266990122597475e-02 -7.545566509706547881e-03
3.742914278785478359e+02 1.055290318155687373e+03 1.435879122039201428e-01 2.848396093898323267e-01
2.572055891093551736e+02 6.737944028722213261e+02 -6.357197464203433700e-03 -3.132704824088475455e-03
1.013372095671582542e+03 8.533211918075814992e+02 -3.128997612694178494e-03 2.988790410749025354e-04
1.394356594508589637e+02 3.888910193389151573e+02 6.800190493037527699e-03 1.001206118944830172e-02
2.427026360743103339e+02 6.313639801860067564e+02 -3.520764260904759441e-02 -3.313537234167498405e-03
2.827565603327508938e+02 4.880987858326624291e+02 3.425196659875529015e-02 2.803951250619546864e-01
1.096259016918356565e+03 2.829701172706196530e+02 -1.692685545664098512e-01 -1.476366836027139529e-01
2.953666321624875764e+02 5.630279256393656624e+02 1.381070598481494785e-02 -2.399982091530505901e-02
1.288478176259871589e+03 2.949214444416691663e+02 1.025299556711994041e-02 -2.276657714357198381e-02
2.301037162725915834e+02 3.399193466033995037e+02 -1.001113569210041049e-01 -4.102057131301422577e-01
2.573659734405525796e+02 4.223912464666657911e+02 -8.913656029968965167e-02 -2.747569155985234435e-01
2.521601901470062330e+02 6.310722789812151632e+02 -8.863519344954669255e-03 -1.362824196152954276e-02
4.409877207650245055e+02 1.087239383420157765e+03 1.037190550955011288e-02 9.692829469274626131e-03
2.490751356983115556e+02 3.916071579857398319e+02 -8.331432595472920699e-02 -3.778544800825132666e-01
5.243119613885735362e+02 4.682839761671090173e+02 -7.735798290358354874e-03 1.244708191750710721e-02
2.682524507445643280e+02 6.801576562724818587e+02 5.623963302617418156e-03 1.709340534322302887e-02
7.345173178903219195e+02 9.295997771528250269e+02 -1.014715645773308153e-02 -1.842867339664420274e-03
5.065177052301937124e+02 4.842034351900108504e+02 -4.994736127878578874e-02 -1.159783442736649940e-02
3.701771584816137306e+02 1.082822256907182918e+03 -2.027274332161114329e-02 3.419569239900324131e-01
2.301955814185280929e+02 7.376276831270339471e+02 -1.740402065538186258e-02 8.003163079440964861e-03
3.089641447345298388e+02 6.459006365160947780e+02 1.322122829363461469e-02 1.786307017386598583e-02
1.203863982261393403e+03 3.856373869498196427e+02 1.239935568138558764e-02 1.478844361025834393e-02
2.272518624887829333e+02 7.501595960143163211e+02 1.409327182903867028e-02 3.644799118420802460e-03
1.043780693133400291e+03 1.657213404965658867e+02 9.173179297923605979e-02 -5.462413154123844233e-02
1.196501984867802548e+03 3.831710678967606327e+02 -1.215414913778911123e-02 1.474193846864481350e-02
2.789562820715851785e+02 4.528831676330175924e+02 6.735366939696434130e-02 2.357232469570486599e-01
3.675248420654786514e+02 1.060227282814296814e+03 1.691255607371330016e-01 3.099526239209240974e-01
9.252208201329840449e+02 8.891860035519964640e+02 1.654723554334886632e-02 -1.965564078253995844e-02
2.416035525064559977e+02 6.396290030986441479e+02 6.610725983694685191e-03 1.377454318120465262e-03
2.966518369460758322e+02 5.442071873969065336e+02 2.846371154016859584e-01 1.079808964492328105e-01
1.884961432935569690e+02 5.524473170405898372e+02 -4.589924481090523756e-01 5.622593494259751218e-02
2.634024677318892600e+02 6.914849660444384654e+02 9.856478161307538621e-03 -2.173295443753886502e-03
3.153022412517856878e+02 1.036583933952393181e+03 1.313246494035733014e-01 4.171938410241819439e-01
2.532557339900938871e+02 4.961673349654245726e+02 -1.305090366822741414e-04 3.062041283506500549e-03
4.339596139464545104e+02 1.089536971875040535e+03 -5.942616548161997955e-03 -7.351268059464658236e-03
2.723222466138037134e+02 4.723029831243433136e+02 -3.127396901849090367e-03 -1.790182056678957245e-01
2.407331708698635850e+02 6.179892724564616628e+02 -2.125267910256972703e-01 8.186451526741715667e-02
2.411936804126950733e+02 6.279763691764990199e+02 -6.909072151238163095e-02 4.713629475267144819e-02
3.257004613436156433e+02 1.086141752079429125e+03 6.137835729230074061e-02 2.627597049019353426e-01
2.402264519827238587e+02 7.263237865107432754e+02 1.854638034874335874e-03 8.684101944688993324e-03
3.623566897388434995e+02 1.057751374034382479e+03 2.198709743335789668e-01 2.714705560524432459e-01
2.778639898096961360e+02 4.343244564827508043e+02 9.557807930879490266e-02 2.712603021188981778e-01
1.000871374736105054e+03 2.237063962941099931e+02 8.624240415856818196e-04 8.475020779990032407e-03
1.258488719419344534e+03 3.160482663565873622e+02 1.397820824451542487e-01 2.425802877233017574e-01
2.639315321857204140e+02 4.692389409785678254e+02 -2.650391755331228671e-02 -1.839354807638270972e-01
1.016785336321907153e+03 2.638397545128327693e+02 -7.125713286017803724e-03 7.959941871505823996e-03
5.443027843375887187e+02 5.095766795148007873e+02 -7.352151905325347847e-02 9.466083613929444918e-02
2.436457967967300249e+02 6.862409457605713214e+02 8.512828165773424563e-03 3.456853752705944197e-04
2.407298841209353668e+02 7.005937155009773960e+02 -1.112287021397962566e-02 1.348208694516059812e-02
2.563676877631772868e+02 6.170171386809297474e+02 -1.262579688979430514e-01 1.858587366870130819e-01
1.043017081991841678e+03 2.015677958024385816e+02 5.061868654507130361e-02 1.653929078912540901e-02
2.756347145911828989e+02 6.954457473454604042e+02 8.965048527611003482e-04 5.507159708779927297e-03
1.152376237684464513e+03 3.646924583223059244e+02 -1.444034775670726377e-02 5.213236670809660855e-03
3.134586200944273742e+02 1.073581767177211304e+03 6.017442586609307587e-02 3.044015624010770193e-01
2.428160609368524945e+02 5.096463280794627053e+02 3.144412221055492996e-03 -2.186160560804783701e-02
2.637343060017510084e+02 4.620087732258548954e+02 2.767931800421045974e-02 -3.478702262367702747e-01
2.906047718556355903e+02 6.026474030700691173e+02 1.769702033476393266e-02 1.275790403135353308e-02
1.103177177473007532e+03 1.942840181005542206e+02 1.143995495791107764e-01 1.309762766214119245e-01
1.198223848163803950e+03 2.019348473277656240e+02 -7.350908195163617653e-02 8.605179297235551403e-03
2.792719127271423645e+02 5.277747270394279440e+02 -8.890361592871204310e-02 3.470115166894106040e-01
1.134844758968304632e+03 1.907417466824926180e+02 1.086529011607324617e-02 -9.479587218391875153e-03
1.029519497337268831e+03 2.667130179319328249e+02 4.086515294841207204e-04 9.354301593836933382e-03
1.174564688447434264e+03 2.201409195885112240e+02 3.010496626799103598e-02 -5.360619370019079760e-02
2.643174745664680358e+02 4.434346442600183877e+02 -2.372902897096674721e-02 -2.624310550818156340e-01
2.496731856378131909e+02 6.468114680549039122e+02 -5.277817078996574658e-03 1.189445785201422674e-03
1.179760288888483956e+03 3.579924941666210430e+02 1.097094924563078722e-01 6.416106646343062991e-02
2.510137509014037676e+02 6.000835727479243360e+02 -1.005686981524884227e-01 8.296928605110261146e-02
6.039022485698643550e+02 3.989591838889192559e+02 -1.224269515376471369e-03 5.293543500858779310e-03
2.730423656235249155e+02 4.451343786975384660e+02 9.614887363105112383e-02 1.880731215165591386e-01
2.436442058979777414e+02 7.201253503888888190e+02 1.515167850143516988e-03 3.981338766185118887e-03
3.745125774158640297e+02 1.079959293448420794e+03 -5.904285823927499927e-02 2.869239988334573166e-01
2.588354976938758796e+02 5.664170396676842074e+02 -6.152145819194602266e-02 6.105234956401046215e-02
8.650099321816127258e+02 1.102281156505583340e+03 -3.581600804359863488e-05 1.342623829466649754e-04
1.134279731719891060e+03 1.816163293777516117e+02 2.959942185072289567e-02 -5.036771419030524688e-04
2.697961218133230545e+02 4.582547947232994829e+02 -9.640034844577226314e-03 -2.252179635015822134e-01
2.899421646087945419e+02 6.144095875972160457e+02 2.166313888906391122e-02 2.861656983816486532e-02
2.128718406458052357e+02 7.547381360551000853e+02 2.222725613789873576e-03 -7.233465615852333226e-03
7.241019115681851872e+02 9.663322436411930312e+02 -5.182998257164444437e-05 8.509614547502939667e-04
2.849128461593143129e+02 4.587626728957919795e+02 5.467186143424624528e-02 2.084923892646995680e-01
2.720981011385002262e+02 4.183004397355716151e+02 8.101319835139131342e-02 2.936164131336385652e-01
2.742988248716378052e+02 4.100996273368410812e+02 6.526897891409486063e-02 2.814115591974784558e-01
2.456310964828879548e+02 7.629287232168844639e+02 1.532524198011606283e-02 1.371842882112316725e-02
2.742563588867710678e+02 5.236269074886831731e+02 -8.645862190287223470e-02 3.244934433263172435e-01
5.617231949473043642e+02 4.937614688249373671e+02 7.899881836403374602e-03 -2.190316064126035089e-03
2.607682690333510891e+02 6.534792073863335418e+02 3.478435646745720554e-03 -4.717694321038609466e-03
3.267093750488452315e+02 4.948566237271252248e+02 5.355918599431703370e-03 -2.514330984457661261e-02
1.162464491324326218e+03 3.695118802777920450e+02 4.295715467395948284e-02 -3.214164926419466745e-02
2.914615043014047160e+02 4.983467503211435883e+02 3.193347110715757248e-02 3.061988827656125789e-01
6.790030534670353290e+02 1.022950771989660097e+03 5.641526931926008764e-02 -5.895132300914984746e-02
1.129410868192310318e+03 2.091508947186380283e+02 -1.060754114718346838e-02 -3.365899056541000328e-02
2.176735494829960089e+02 7.651301579540240709e+02 2.768218857761496187e-03 -6.116616826407963829e-03
1.075156888803163611e+03 2.373185797935976495e+02 -2.451521700911103441e-01 -9.694387702327113276e-02
2.394671645213124123e+02 7.648228307021998944e+02 -1.267495095409864637e-02 -4.331299306435954129e-03
1.119570856918706795e+03 1.884891385691189782e+02 -4.262436766754206657e-02 5.351523387846307545e-02
1.181605912312387090e+03 2.114394762595171073e+02 -1.138741502114894990e-03 -2.835448913258471846e-03
9.300737784954376366e+02 8.982855124856881730e+02 -2.314436746297531683e-02 -6.333723240522256062e-03
2.670947569024585846e+02 3.977947784185209912e+02 9.252984670410854817e-02 2.968969377380656915e-01
2.851824059094091126e+02 6.571899130288185233e+02 4.286410918647525631e-02 -4.312972826938329257e-02
1.097635417004651117e+03 1.749172804662430849e+02 -4.922514672313296410e-03 4.076659671704705584e-02
1.165760075822744284e+03 3.404207730697836496e+02 1.652959931987217912e-01 2.924171195757701569e-01
1.170590439153985926e+03 2.339794329719489099e+02 -9.368384438117249510e-03 2.428363489268756809e-03
2.720882960494541862e+02 3.957644059323262695e+02 7.759903857268765637e-02 2.899553401389644014e-01
2.069964281574226845e+02 6.886103037410225625e+02 9.039583184520236236e-03 1.355277788754183088e-01
2.073696818314222412e+02 7.260445756766167733e+02 3.658618534085642665e-03 -3.960998843657905985e-03
6.813595443174538104e+02 1.017889727377865711e+03 2.805333973523293709e-02 -7.330556084008491013e-02
6.109438714883815464e+02 4.233583141697543510e+02 5.672201600391687734e-03 2.231042893788582476e-02
4.937752131654604000e+02 4.547535402297253881e+02 1.384372989746518066e-03 2.303967431689355784e-03
1.161055517076800470e+03 2.491274435606028703e+02 1.944029887989801378e-02 -4.061012486344160732e-02
7.474513190252035599e+01 3.189349862661808857e+02 2.608083223281292690e-02 2.724360509824074947e-02
5.771463830313135759e+02 3.937500996606170816e+02 -3.295779922427304661e-03 -7.147623908694375472e-03
5.205732892254816306e+02 4.249242140677299631e+02 9.256597764369240951e-04 3.542487246927566481e-03
1.545145241281821029e+02 4.990886736631119902e+02 -2.146414499625330374e-01 -3.344101993180316756e-01
2.833638638419985796e+02 6.815656646749451966e+02 -1.841251429965214386e-03 -3.368416788127955746e-04
3.186997415109723306e+02 5.671397191790990746e+02 2.958590400163023468e-03 7.105992749605248744e-03
2.507117866304598124e+02 4.094844837454290314e+02 -6.673678145290577735e-02 -3.653280922365795269e-01
4.978016933369772801e+02 4.891477182485180037e+02 -1.049102448560220238e-02 -4.085664474397469187e-02
1.181651872361887172e+03 3.710522200016323495e+02 -7.167940953487943363e-03 1.006704105803480492e-02
1.156770026845349548e+03 2.495395641736498646e+02 3.783506667556175290e-02 -4.167320485460000029e-02
2.672708245754438394e+02 6.463431659696576617e+02 2.638047269972885857e-05 2.281795344293812301e-03
2.823812013354963142e+02 4.685919180903817391e+02 4.877132083333046014e-02 2.505404073733052406e-01
1.028455627274720882e+03 2.143427110751940745e+02 -1.693114000629363236e-01 -2.664611452599385255e-01
2.933335984079066066e+02 5.974872776715188820e+02 -6.750413255396874035e-03 9.686791519997503541e-03
1.147580480029402906e+03 3.557808708322946813e+02 2.501499924175173972e-02 2.801579667815044697e-04
2.735298869663124037e+02 3.872325463384281079e+02 8.744312878827927016e-02 3.119735670318761755e-01
1.912322609558719364e+02 5.003956647887774238e+02 -1.970182226753696697e-01 -2.701744051722085316e-01
1.128966094472498753e+03 2.294065668830740776e+02 -6.080643983624564770e-03 1.639168224293025694e-02
1.037403525117369099e+03 2.827850712442290728e+02 -9.152355873309283435e-03 3.412545913274731696e-02
1.049164495601065937e+03 2.661678336623347150e+02 -4.960787256833901725e-03 -1.749286913888866424e-01
2.345939182665835858e+02 3.557592503441626945e+02 -1.149883967764239595e-01 -4.302204877950949191e-01
1.013267850669086329e+03 2.611110284946410047e+02 -1.061138924748576857e-03 1.646819882200636215e-03
2.805359044621205271e+02 4.628235072534915275e+02 5.878339980704829631e-02 1.996387734202128283e-01
5.067057314176180967e+02 4.523502002538654096e+02 -2.706939577365513605e-02 5.164070011719244270e-03
1.214315769774726732e+03 2.241991080038461632e+02 -5.726047630100811105e-04 -4.909336882668854062e-03
7.435138386205672987e+02 9.634182468945102755e+02 -2.402421442045826663e-03 -2.411852274973972331e-03
1.672523522724657710e+02 5.511726568054530162e+02 -1.746654209611738229e-01 -1.598192566171039997e-01
1.516711165320772636e+02 5.057641393930497884e+02 -2.159886314426735232e-01 -3.289688431798114543e-01
2.305945939423320681e+02 7.753688392965780167e+02 4.210184472767515519e-04 5.187707862387919491e-04
1.093332889726657640e+03 2.027849749069506231e+02 -1.357756824118176546e-02 1.330414068247102143e-02
1.992900688587338891e+02 5.074813337586385842e+02 4.669846761742920543e-03 -1.893846810516082099e-02
2.676876120983620240e+02 3.843873488282060862e+02 7.918867758492002806e-02 3.061103931151225588e-01
1.118259479388870204e+03 1.992458068808348344e+02 4.562320729597234975e-02 3.763995830212280708e-02
2.494224323903922595e+02 5.364988229277230403e+02 1.803319777881063901e-01 -3.466321662940437531e-01
1.020369789694230803e+03 8.676044247974687096e+02 -3.139649841904708274e-03 5.191589519756802627e-03
4.874132818458818406e+02 4.752760917972828452e+02 -6.699237321998175766e-03 1.234075910169939519e-02
2.991792647162446315e+02 6.545226113921753495e+02 7.449427838571072175e-04 7.205587825546674700e-03
1.199057508449237503e+03 2.536563710389410460e+02 5.872829789831088970e-02 1.413230962069881962e-02
1.072154069799283207e+03 2.182220225035054852e+02 8.022005131928074823e-03 2.560142711549342727e-04
2.946967341909712559e+02 5.384498345564190913e+02 1.756190356948847398e-01 6.754060299444725191e-02
2.156233039244334293e+02 6.483315318677599635e+02 -1.416798509716829801e-01 3.012021147858962022e-01
5.382149163549374862e+02 4.263240278537062977e+02 1.274200883031174035e-02 1.192733684149572398e-02
1.107124680454433246e+03 2.272140524409707893e+02 -9.002674180419939845e-04 -4.737971733165954706e-03
3.478359700022890593e+02 1.046099248259039314e+03 7.518461582605319438e-02 3.931077824504528584e-01
1.125964503673755189e+03 1.456307533112591273e+02 -1.388205195507457614e-02 4.814428120946187897e-03
1.106172214724479772e+03 1.813814847731075872e+02 1.452466979267768785e-02 6.080645985962866013e-02
1.145878256836902892e+03 2.129580652515332133e+02 5.993890741419503204e-02 6.701087363323679491e-02
2.521107923662940777e+02 3.765417345423822439e+02 8.962353531169688081e-02 2.815556216223233932e-01
2.455864677979635360e+02 5.387709897053053965e+02 1.919474326632449046e-01 -3.200993000535721777e-01
2.486952719489302410e+02 6.930355341173390116e+02 -1.289851282409176271e-02 2.890569887582310898e-02
2.523312435625354908e+02 5.518018041425956426e+02 2.256203041303578571e-01 -3.307071389161493347e-01
5.477924447086043074e+02 4.583466155725496378e+02 -1.730353970485973975e-02 -2.660208172120789513e-02
2.557095858824031325e+02 7.458347084464232921e+02 -9.987594527600695583e-04 -6.072744442940122660e-03
1.036393494897039773e+03 2.482614352625107301e+02 -2.255458544233430174e-01 -2.259555966251620140e-01
1.184576339519469911e+03 1.687572419260648644e+02 5.049431537004733794e-02 -8.228757934414440960e-04
2.189244577834781751e+02 5.637953671199154542e+02 7.840152135210221029e-03 -3.305734057647489177e-01
1.108273127750446292e+03 1.706634155842010045e+02 -2.432025102698750010e-02 5.081489463855216882e-02
1.124406370787442029e+03 1.943939290530927906e+02 5.494138223715852240e-03 1.047555131282533122e-02
1.231077222689770224e+03 3.456193319146593126e+02 5.092282932752332236e-01 1.222706764350161845e-01
1.138216448615126637e+03 3.913616966640774422e+02 -3.008494351874699962e-02 -2.392845435178294386e-04
2.673118995359232599e+02 6.240961076147814310e+02 -5.852313580830450362e-02 2.211128252095292679e-01
2.452087685327507813e+02 5.484386155193141121e+02 2.203502626659171459e-01 -3.167028452656679982e-01
2.681614291707257962e+02 3.655432128344021407e+02 7.895277045789984849e-02 3.090513479292537058e-01
2.615638366680756235e+02 4.018425678845665630e+02 9.979441192869237254e-02 2.841270239535047537e-01
5.227785791061469354e+02 4.603557090257844493e+02 -3.022977466920259010e-03 -2.160079063770862801e-03
1.058295690056960893e+03 3.012220038822710535e+02 2.164512009873607520e-03 -1.626119019574886679e-02
2.014237726012309224e+02 7.020467009447737610e+02 -5.156633442137242493e-03 -2.408343809814159596e-03
2.608822795316718839e+02 3.668803560890913218e+02 9.927719659727116119e-02 3.276296595980046633e-01
5.183504439322211965e+02 4.692289312740406331e+02 5.219920180280442773e-03 4.652316100217513545e-02
3.239405427695322146e+02 5.160115304306335702e+02 -6.287595828661715625e-03 5.697862867504731831e-03
1.036001193578492575e+03 2.986564888423965840e+02 -1.848627440229320918e-03 8.974389057374704964e-03
1.106725605383985567e+03 1.591939448133734061e+02 -1.251748805157869293e-01 -1.308336401152290218e-01
2.321764051148233534e+02 6.288065924546133374e+02 -7.129724005736896852e-02 7.571389273487350025e-02
1.186512933738844822e+03 3.547237715991869322e+02 1.940623098071588351e-02 2.092477053647289476e-01
7.854237347133018829e+02 9.532066573704832990e+02 5.079324160584012746e-03 -1.394860735846316716e-02
1.113421247111069761e+03 2.207591903293297264e+02 5.605188150639150990e-03 1.106339263457619716e-02
1.124021220306726718e+03 2.415363188877119285e+02 1.087032539589476978e-03 2.959842677746778693e-03
2.176112956163133560e+02 5.872818216762518659e+02 7.228382758548894393e-02 -2.549062779700214665e-01
1.219306678430745023e+03 3.242900432272741114e+02 3.616195078382178907e-01 1.235201172526891600e-01
7.135979414321709555e+02 4.217786774542544777e+02 3.024003124335082528e-03 1.099303691939939633e-03
7.694009728529556469e+02 9.563766432745926522e+02 2.256651951822754871e-03 1.111376796839382719e-04
1.233145827308726439e+03 2.821061410634893036e+02 1.830147439709390277e-03 -2.977525473301450946e-03
1.064250079850051179e+03 2.080287042258668748e+02 1.529444751358958847e-02 -5.181516359047268205e-03
1.034231341571115308e+03 2.207189266285049598e+02 -2.317535865201741929e-01 -3.079587063787752044e-01
1.032512025870239768e+03 2.281032485886004224e+02 -1.974540675472227225e-01 -3.007075868537162910e-01
9.703570875334729635e+02 1.707020547476818706e+02 -3.194929326422884380e-02 4.350522919706366516e-03
1.170145665744784765e+03 2.101105957443946579e+02 -1.851913037056433439e-02 -3.763115315767986274e-02
1.004542632524896817e+03 2.278590795909291558e+02 -5.193397607702239516e-02 -5.480458660105733126e-02
2.352235391492082499e+02 6.097068377750708805e+02 -1.568098603543942315e-01 2.761365502318360310e-01
5.326310695619110902e+02 4.864698838603776494e+02 -2.802520548707006925e-02 -4.056742589666375437e-02
8.436940727056352785e+01 3.484364610287128130e+02 1.497008678448102925e-02 1.863059741924813148e-02
1.027019043930029511e+03 1.609097751531214158e+02 -1.959500106970676111e-03 -6.788599841505427168e-02
1.370367984977680464e+02 3.903872473518443371e+02 -1.443091250366413227e-03 -1.807703741274233750e-03
1.181499162365797247e+03 1.826810468318967082e+02 1.031040513657178886e-01 -2.823248679275245851e-02
5.540433468138826356e+02 4.834423785983027528e+02 -4.340264548114862453e-02 2.628377819477484278e-02
2.472816948477032497e+02 3.529847148855005230e+02 6.525519594897745412e-02 2.362395576138834608e-01
2.648620442346189634e+02 4.105134816456460385e+02 1.053190426246264910e-01 2.832034513692296973e-01
2.567674494667999170e+02 7.001204866815709238e+02 8.111080321894253986e-03 9.141928906931546042e-03
2.117072506680817412e+02 5.468065704249818282e+02 2.251225174471167823e-01 1.372561587082186119e-01
1.159913104665071160e+03 1.810701587740214791e+02 5.341687565429886764e-02 3.998391950484056490e-03
2.783818103777785495e+02 3.989467898526581280e+02 8.188982639680009168e-02 3.044766464454324306e-01
1.124650336942396507e+03 2.153830285492106782e+02 -1.776138201312458392e-02 4.790539870697724245e-02
2.100609731405388914e+02 5.878490021069895874e+02 8.098315492306605579e-02 -2.420157007728360732e-01
2.615496534165357616e+02 3.530326312790145380e+02 6.092362256249082147e-02 2.928299313038711382e-01
5.026845187927776237e+02 4.683550680385500868e+02 -2.671243077166552543e-02 6.807599432597096281e-03
2.345320420037114388e+02 5.440855391821520470e+02 2.122200965676675211e-01 -3.978186551646750169e-01
2.615785350157913740e+02 6.684715694434846682e+02 -2.800428721793695656e-04 -6.236018339283720333e-03
1.090863885328562901e+03 2.967713382630681735e+02 6.753858111420810162e-02 -7.644009091278587339e-03
3.189842816037260604e+02 5.189005353908735287e+02 2.209878318178135070e-03 -5.296511378190027529e-04
9.914526996082939831e+02 2.004447712731861486e+02 -3.221023149089797394e-02 3.173351894666116835e-03
2.404471004821697022e+02 7.103184577818030903e+02 2.315561683398264462e-03 5.972382338390305398e-04
4.104975066821828591e+02 1.074324244983281233e+03 2.841279687277615401e-02 -1.237190499302801699e-02
2.252608803021598476e+02 5.913787422738781743e+02 2.146429291068899237e-01 -3.286569919454110367e-01
2.903820308580352503e+02 5.169207612543026471e+02 -2.939272805153421084e-02 3.421701499374808497e-01
1.139109816566367499e+03 1.881734088491342334e+02 5.138152686147733246e-03 1.389180252835495351e-02
2.002769375150189717e+02 5.250225439819414532e+02 1.304075540328758498e-01 1.390139526799507863e-01
2.200704697061867705e+02 7.166442408937662094e+02 -1.092821366260315891e-04 5.070296985762763262e-03
1.177371379149182758e+03 3.721905502853986150e+02 -1.709049059159177368e-03 -8.796934369049250538e-03
2.547405607274022543e+02 3.526514953692421841e+02 7.964996120710092498e-02 2.890028933361097896e-01
1.062812197461065352e+03 3.123059234696978592e+02 -4.057173775875229371e-02 1.181592952608486180e-01
8.099776408371658931e+01 3.245490421305997302e+02 -3.367485006491236291e-03 2.662533452663784408e-03
1.087271225481533747e+03 1.968192665007325104e+02 1.344330764913147409e-02 1.656523648220145084e-01
1.973893666148354669e+02 5.320502678909273300e+02 1.607699136268863904e-01 1.589522649200800219e-01
1.122528790636521535e+03 2.048723329901266084e+02 7.153997490145274567e-05 -2.300479319928392871e-02
2.129493101798231862e+02 5.397340455970310131e+02 2.019402382993488732e-01 1.329746014995587811e-01
1.027911355754103170e+03 2.416018598481976483e+02 1.868043717133269221e-02 -1.587970482884658308e-02
5.356592501756408637e+02 4.391301482744409554e+02 1.117152379227191695e-03 2.926014641410923725e-03
2.855795669431161627e+02 5.109908545156079640e+02 -3.603974982193017262e-02 3.408560896457317746e-01
1.198125327076407757e+03 2.297198920428099882e+02 5.062101493057535179e-04 2.499450555037842359e-03
1.079408655143091664e+03 3.036862929581049002e+02 -2.335779940135738197e-01 -8.005196294912834964e-02
2.318835276091813000e+02 5.719972016276549311e+02 2.470111602343047497e-01 -2.807942992144771277e-01
2.166208109805107540e+02 5.954652028924440401e+02 1.958930295932083121e-01 -2.766272471358712792e-01
1.067846147380914772e+03 1.972410506929099654e+02 -4.438034337224530841e-03 -7.709945724396654806e-03
2.749084345060770715e+02 5.470455693216808868e+02 -9.103612788906352560e-02 2.949995126158883596e-01
1.065189194850962849e+03 2.155531950663913392e+02 8.040049891734620674e-03 5.065459088740453808e-03
1.144708668737085191e+03 3.629554756590182478e+02 2.624221639759282548e-02 -4.601069258977714266e-02
2.116690909506720004e+02 6.442462653802969044e+02 -1.559190167051773546e-01 3.116768492381859490e-01
1.030936384637161609e+03 4.449899330398107509e+02 9.516127924558027832e-05 -1.700725490694155655e-04
1.113109975133401122e+03 2.390498323458247967e+02 3.498972597425212099e-03 4.676716841035753226e-03
2.587454128989800211e+02 6.949587867946599999e+02 1.198017442566152134e-03 6.811892534997106459e-03
2.828434516397117591e+02 6.173176653035242225e+02 -1.319065021672911724e-02 -4.982491604045487590e-03
1.109864915424876017e+03 1.949090620478675646e+02 8.356790854967098559e-02 1.077750739385326395e-01
1.090940120880942914e+03 3.602759035753459784e+02 -3.999979848378985847e-02 3.525260781126541426e-02
2.299571108678781570e+02 7.190466860655299115e+02 1.130236779033566563e-03 4.874636565837630990e-03
1.971123254443418773e+02 6.910722261544030971e+02 7.128806559460552222e-03 9.247974039332199775e-03
2.509737698694726191e+02 3.363170947566723612e+02 6.502252879307368616e-02 2.706982394576905593e-01
2.808686826835966599e+02 5.432774897017137619e+02 -8.046703660769458089e-02 2.685511243639002732e-01
1.125487921506333123e+03 3.711907199023435737e+02 7.035230145200077612e-02 6.809113607233531484e-02
2.180194319240493996e+02 7.227221331717405519e+02 6.334607901779614435e-03 2.312466867691694104e-03
3.089476710154617649e+02 1.038326867324622526e+03 1.268579930727840588e-01 4.182178721797504273e-01
5.285788518752161735e+02 4.388435651529593997e+02 -1.071989335889386372e-02 8.152697883969209011e-03
5.367734140263684139e+02 4.651138739861850695e+02 8.799515039324639840e-03 7.599554207714201426e-03
1.131487135603388651e+03 2.464898591062674882e+02 3.090697167259926284e-03 7.012028370946600704e-03
1.296029840555851933e+03 3.214353306615812471e+02 1.187291970091512803e-03 -3.825578629117120429e-03
1.117921528194126950e+03 3.182918885521102084e+02 -4.621748771692542335e-02 8.594459320741380803e-02
9.644852774955393215e+02 8.658237094483135934e+02 6.108011846231195898e-05 -4.361760787294698301e-03
2.432792415725428725e+02 3.366285282814969264e+02 6.943995802718705423e-02 2.489169568833591861e-01
2.581308277401405462e+02 3.307240455230154339e+02 5.299934946226179944e-02 2.326495429238262247e-01
2.634741433434963938e+02 4.816117737279332687e+02 7.197061752842975890e-02 -2.291957079119945062e-01
1.121492271205642282e+03 2.307490289619691168e+02 -2.308980890288379190e-02 -5.418925872275244006e-03
1.192379017528836357e+03 3.461629472161754961e+02 -3.992475904755009575e-01 -2.009633468170927695e-01
4.971231033118916116e+02 4.680142465445193238e+02 -4.373344128572004275e-02 2.410906328560432146e-02
5.001937619506616670e+02 4.855122633299203585e+02 -6.006349430122392800e-03 1.413383663649393426e-02
1.012645655657524571e+03 2.480785944931650988e+02 7.941314247997106890e-02 1.093201365265986796e-02
2.569339144493812341e+02 3.824105652157844588e+02 7.675171924104194632e-02 2.958160883899802474e-01
1.078279922696236099e+03 1.775476577744950077e+02 8.827276030172578891e-02 1.054153537165031795e-01
1.109783266979078007e+03 2.122301330745505084e+02 5.154714142427020002e-02 4.145964438245895028e-02
1.209815368711083920e+03 3.261649489221914564e+02 4.160387032422774300e-01 1.122711434922777779e-01
1.163963109287371935e+03 3.058687655227209348e+02 3.081136138599089858e-01 1.877840761662534219e-01
1.105261435924694069e+03 3.023620357824656821e+02 -1.314712861891742871e-03 -4.593712795414970664e-03
2.063657244670094997e+02 6.021056413118394630e+02 1.929145568110203490e-01 -2.419794779309281940e-01
1.926760458363670807e+02 6.992722040926416867e+02 -6.434138025186635600e-03 -7.349022748408826425e-03
5.994862734302375884e+02 3.872051353785723222e+02 -4.390930117242330261e-02 7.502555750341676974e-03
1.137709330679561845e+03 2.479179389155784747e+02 1.165794531142736509e-03 1.136616922786407718e-02
5.717938916527573383e+02 4.100182890020445257e+02 -2.446423010770662487e-02 -1.107615302544499511e-02
1.235471694950321080e+03 1.328064080764654022e+02 -6.056086269708348992e-03 3.168385374665646723e-03
1.025493816792549524e+03 8.706353264119696860e+02 2.782753045179074680e-03 -5.076178963745990765e-03
3.623401983160238728e+02 1.084717480853493953e+03 1.299044326800279925e-01 3.090438794456261129e-01
5.400249928505043044e+02 4.691135440359804534e+02 8.071558173472761707e-03 -2.500475864498058910e-03
2.189873724004765734e+02 7.762050343368669019e+02 1.509819560563172621e-03 2.896887458688871507e-03
1.043933764729518089e+03 2.195565763961266441e+02 9.753530204991398694e-03 -1.693067959618053562e-03
2.433423351324344708e+02 3.182109055861221805e+02 3.251099194279101490e-02 1.833756586396593780e-01
1.095473133685387666e+03 1.604464570311987472e+02 5.110159357573678535e-03 2.909869716970992989e-02
1.305449567370349087e+03 3.452210210675689837e+02 3.015602652667259687e-01 -4.957962232750202231e-02
1.885543439853455254e+02 5.219803801110764425e+02 1.360218102176719290e-01 3.136590855746253514e-01
2.149716432849108969e+02 7.213108919213609624e+02 3.277005702936339714e-03 2.497587775635993698e-03
1.267939479831945988e+02 4.443647674294145418e+02 1.622213836529284026e-01 2.512164773373571913e-01
1.170922983959677140e+03 2.537656367105063850e+02 -3.303448751403896631e-03 3.975793808571592529e-03
1.272829614734018833e+03 2.984494385151668894e+02 1.070717330855703621e-02 -2.336590619735081503e-02
9.776444630055902962e+02 8.528306291263556886e+02 6.745258113179117623e-03 1.785521498200834303e-03
3.368779849722904487e+02 1.010426163344985525e+03 -8.561152901100990698e-02 3.599635735161592076e-01
9.971875242828656383e+02 1.907515981605437787e+02 -1.706478235953466094e-01 -2.717963144883305815e-01
1.049751822534995881e+03 2.287574902314165968e+02 2.472778004839440782e-02 -2.908666563344846322e-03
1.192042168051841600e+03 1.906887925855130561e+02 -1.965305888027182521e-02 2.469991634918985643e-02
1.072979944947921012e+03 2.290099289776152034e+02 -2.017916209060876057e-02 3.577778434577883609e-02
1.120964647961651281e+03 2.355034365981298663e+02 7.638495125095209719e-03 -3.015036186598148843e-02
1.137718420785875423e+03 3.185490836715117666e+02 -2.630425805205049983e-02 -1.163961917721597072e-01
2.704651602071009506e+02 5.844778246413304714e+02 6.644801423225722703e-02 -9.903530157180621962e-02
3.305994909652870888e+02 1.082996096569370366e+03 7.330522772893982575e-02 3.160598079399719595e-01
1.245349699127501481e+03 3.589993341401308271e+02 -3.622990177007923696e-01 -6.277415384107035146e-02
5.157855091038064757e+02 4.745701253201537497e+02 -7.212165101549598356e-05 -2.265140374731799966e-03
2.710478476615074896e+02 5.775189934922449311e+02 4.155657704024796201e-02 -3.936006537397962468e-02
1.986567277210260443e+02 6.039071574289039290e+02 1.587982518072194316e-01 -1.540682339145274804e-01
2.774731791496180335e+02 5.051652705373314234e+02 -1.568973641035888503e-02 2.712118972572682973e-01
1.205069437901403035e+03 2.790400842843787359e+02 -8.296428784658496603e-04 3.148744617179896794e-03
2.101516232476216715e+02 6.574387989411253557e+02 -7.989254548444769954e-02 2.881157521151720968e-01
7.544557835279929350e+02 4.508855631999230695e+02 1.624370628003463379e-01 1.347398019463818541e-01
3.554769618750161158e+02 1.085005984265862480e+03 1.310182742238266140e-01 3.005043237168714687e-01
1.091380385694435745e+03 1.860054597674842682e+02 6.366818040146202118e-02 -1.606915660069763718e-01
9.179362814340900059e+02 1.102690951817414316e+03 -3.765885649650810209e-03 1.288804079321029293e-03
1.081305507427038947e+03 1.892744230294974273e+02 -3.201088131683520362e-03 -9.011302521680072735e-04
1.097891025699967713e+03 2.315307885674447164e+02 -9.110731949647850325e-03 -7.539210631739873270e-02
1.028964115191115980e+03 1.894890587003793883e+02 2.288350552077312097e-02 3.058860139211274851e-02
2.372645980617084263e+02 6.839625260667019120e+02 -6.248414749589724371e-03 1.706245681650063115e-03
2.356760567523326984e+02 5.870931764751596802e+02 3.724849699164857753e-01 -5.353939875017136307e-01
2.549343743669737705e+02 7.090937578215415442e+02 5.405108146306636559e-03 -2.488465331715239079e-03
1.227109488152746735e+03 2.620866587783710884e+02 9.200455491744301273e-02 -4.131114987300089220e-02
1.172621399181585048e+03 3.467366963034790501e+02 1.984420150582235087e-01 3.335683332081461616e-01
2.630363999292213180e+02 7.070559673638252889e+02 7.763206223183143333e-04 4.253149275261268111e-03
3.670088994899722366e+02 1.069283222939729058e+03 1.218143023375748979e-01 2.575511157194301237e-01
1.014705493691863239e+03 1.823560776177153002e+02 6.515720097958689616e-02 1.293759913306740950e-01
1.999712652928724879e+02 6.650045376882899291e+02 -1.205898788848512593e-01 1.923232891740497552e-01
3.214507097713951680e+02 1.070354372165455743e+03 7.769827258585501606e-02 2.776626349560673002e-01
1.109997215984468767e+03 1.784158656421225260e+02 -3.644578908245303932e-03 4.592544574370267807e-02
1.970271554624696648e+02 6.223722264361953194e+02 1.060429787528178042e-01 -2.873052415466393339e-01
5.585042227615034562e+02 4.117030219270972680e+02 5.477758799009612486e-04 -9.790778221403936832e-03
1.141048979102615249e+03 2.002632322885700091e+02 -4.489154048292445971e-04 3.354536912198226306e-02
1.028338434872736343e+03 1.787005991162606335e+02 -1.216662951572396872e-02 2.237810372562172806e-04
1.033706267512636032e+03 2.792597901732551691e+02 -8.330117097539366938e-03 3.653375843431871939e-02
1.842895958177000466e+02 5.034145297210706076e+02 1.432202861418534201e-01 3.205021130199472990e-01
5.920060801546745779e+02 4.768327557174952176e+02 1.763145870992309126e-03 -2.649797214455094571e-02
1.015741092156989225e+03 1.628929538438236477e+02 -5.845767025289318186e-02 5.547690919583921250e-03
1.017860936571259344e+03 1.747448862620280181e+02 -3.333033359989159145e-02 -6.761074381786684462e-02
1.190860151416676672e+03 2.504781729233952490e+02 2.847741861907508894e-03 3.214974225546813214e-03
3.091540528255360414e+02 6.186501615456334093e+02 -3.723477167356874663e-03 -2.584491521323942307e-03
2.429593473284479046e+02 3.420552970898771150e+02 6.867497108368886272e-02 2.406921334764596798e-01
8.112388369397448287e+02 3.718920149479863539e+02 -6.415300470335426504e-03 -7.887644217528912496e-04
4.920449597658648599e+02 4.822189769052313864e+02 5.434566290433048320e-03 6.006320969853425756e-03
1.070637266737800246e+03 2.749672977422284816e+02 -6.498997464075161046e-02 -2.477345590284945609e-01
2.773604080605514923e+02 4.631573638386246330e+02 7.791765060458843983e-02 1.880857577810180481e-01
9.913605427817357167e+02 2.136838224469011891e+02 -6.161555974613135145e-02 5.741125498132201854e-02
1.161110074574433611e+03 2.572795930486011571e+02 8.828656618942037210e-03 5.447922012904493454e-03
5.608868348150029988e+02 3.928173650538561219e+02 -1.058718275977852362e-02 -1.818455548202800934e-02
1.894886045096251337e+02 6.182435169585505719e+02 1.021036559591885357e-01 -2.769131691937585238e-01
1.051405756100680492e+03 2.999317467600170630e+02 -1.390565786597999483e-03 7.005370876322333622e-03
3.997322846717486868e+02 1.097239187203540268e+03 2.176700508413559609e-01 9.189111311434610130e-01
2.651865436187367209e+02 4.187243708275296967e+02 1.042363036148975658e-01 2.838302645416448389e-01
1.139025477003360493e+03 2.243783824325382454e+02 1.123786995427364238e-01 -1.301959602155228213e-01
1.736228261159345436e+02 5.495298782531717734e+02 -1.566131459787634406e-01 -1.332560903725192869e-01
5.588950647034397434e+02 3.985204879307827355e+02 -1.460493475947304866e-02 7.173144330675432223e-02
4.977234871399329563e+02 4.585313856682649885e+02 -2.112999099352074698e-03 1.647386876602287969e-03
1.641716136252908314e+02 4.900167045936909176e+02 1.045642429454284178e-01 1.633423910375859378e-01
2.217665789344175096e+02 7.693501162721506716e+02 4.822418540972067680e-03 3.999718913413437965e-03
1.228959573102117702e+03 3.531873923459566527e+02 -3.336587520940597629e-01 -4.846916282426291106e-02
2.659148668934082025e+02 6.872822142947961765e+02 2.831587539569592124e-03 1.183446804626409228e-02
1.150731775211877732e+02 4.379747215039046182e+02 1.340374907455626763e-01 2.477804235274672917e-01
4.847143215339777385e+02 4.469052627817617349e+02 3.318682337133582738e-02 -1.503671910929126748e-02
5.120645611212222548e+02 5.028791492990883967e+02 -6.108214347921261077e-03 4.207878170059347646e-03
1.049423765283036346e+03 2.051001996612987739e+02 6.439326596143860396e-03 -4.016998825354203308e-03
1.200539478384897166e+03 3.037603025252112730e+02 4.223816886229195822e-01 2.535402640080851588e-01
1.129247015793404216e+03 1.914148063247936875e+02 1.667935680354730790e-02 3.101212230583883043e-03
2.172817290572349123e+02 7.020790053602075886e+02 9.764045439706308532e-03 4.717413921643469343e-02
2.700838832841753288e+02 6.917704677269767899e+02 3.761025927064331423e-03 1.142559662309964707e-03
2.344734474674465048e+02 6.432153701525677434e+02 1.719398626303756186e-02 1.779706118115627345e-02
7.178458792669111972e+02 4.763740704420349061e+02 8.141606043264078968e-03 9.231248348132020665e-03
1.172168019756279591e+03 2.050682363364153673e+02 6.415947122424355345e-03 2.802533284992195575e-02
1.173134141540352402e+03 2.431683199370002342e+02 2.962052414408596589e-03 1.610931219865386482e-02
1.130603893434416477e+03 2.150200256517287301e+02 -1.344254001356262052e-01 -1.181739631397960011e-01
1.186807639248662326e+03 3.377717150385169020e+02 -3.781432144880246260e-01 -1.908636347574426961e-01
9.725567630228117650e+02 8.655142716327927701e+02 2.911101101356431959e-04 -2.313625724341979769e-03
1.188254179384951158e+03 2.067274905939437417e+02 3.933283052224636166e-03 -6.568017997778952122e-03
5.298647673130728890e+02 4.504133484430354315e+02 5.653085517600233041e-03 -2.616825832421183990e-04
1.173719014442592197e+03 2.104434381941196648e+02 4.992254140340284321e-03 -1.526510330729446800e-02
1.178626634957260876e+03 2.260034095125592160e+02 -8.322277979338670029e-02 1.523016448203809159e-01
1.272918303388024128e+02 4.374251029805125768e+02 2.776541347951292371e-01 2.899124112527715624e-01
1.029659107723135548e+03 2.458984690197635530e+02 4.099603766007930972e-04 -6.899929977783637002e-03
1.390962762489188549e+02 3.995053414930658846e+02 2.827004136765236329e-04 2.846444486899449636e-03
4.672895838645258664e+02 4.551215806271443967e+02 2.734938850349303424e-02 -6.420691231503022553e-03
1.080888516846487846e+03 1.629697231318834554e+02 3.422723894403228995e-01 6.855214564789649523e-02
1.189756194424241812e+03 1.760644409508257127e+02 -3.375860940714169034e-02 -6.007310184902682482e-02
2.731144430312381814e+02 6.229856234822085526e+02 5.814594756492335106e-03 4.338452022902307241e-03
1.177483476453281128e+03 1.873857591302031551e+02 1.189590874812135185e-01 -6.913771861636222593e-02
6.054342489656303314e+02 3.866946607163749263e+02 -7.379166378950174562e-03 6.426341098541327353e-03
1.038724183688712628e+03 1.904054660583623502e+02 3.726338286581794279e-02 4.924162183006266548e-03
1.247611226766359778e+03 2.860254633167767224e+02 9.431295527302940157e-03 -2.998035390463177699e-02
3.037124910325585461e+02 4.142511069989045609e+02 -2.084335390926539064e-02 -1.888625229010073431e-02
1.940609319196937577e+02 3.194322703685768943e+02 1.351811071365014664e-03 1.019570781323203210e-03
1.154619455738610668e+03 2.263562193433339473e+02 -8.509212431609148100e-03 -1.329833643728133702e-02
1.233136167539413009e+03 2.525931743397792673e+02 1.485395320326407358e-02 1.754085450510474778e-02
1.202154505788388406e+03 2.254989816540511356e+02 -2.010700767495369155e-03 4.845849684593804552e-03
2.191062659047108241e+02 7.447843679521429294e+02 -1.340444388545084312e-02 9.348797164418123917e-03
2.788669486095186016e+02 4.086336671445704383e+02 6.874163904004867987e-02 2.995900401006336700e-01
7.844833197833979739e+02 9.348064445642854707e+02 -6.756746432084988208e-02 -8.468753338565354616e-02
1.903560620327337176e+02 6.370213166128763760e+02 1.269330263598394404e-01 -2.812651757749700665e-01
2.347546081401643221e+02 3.161187510355688346e+02 3.742421917282001687e-02 2.443141574272750804e-01
1.036044942111738237e+03 2.007100605350701699e+02 5.126147096257227531e-02 1.936753103825485448e-02
3.346631382001442034e+02 1.061466558999661174e+03 1.193703230551208944e-01 3.892063202203980832e-01
5.461122638680692489e+02 4.913262323780874681e+02 -2.518017046565091885e-02 3.483105065325465318e-03
2.477548054941803457e+02 7.311585125853542877e+02 6.634863731691591172e-04 -4.347587493160365822e-03
1.033818276773296702e+03 1.729703563796406343e+02 -5.518764012373213873e-02 -3.548365853009458754e-02
1.180845406144327399e+03 2.579461358317668100e+02 -2.374140032979748496e-04 -1.027861957225075125e-02
1.094463396279213384e+03 2.742655986868636546e+02 2.945277201992187455e-01 8.828688490427015478e-02
1.156050200597322146e+03 1.951449015237058973e+02 3.125118840031898548e-02 3.997788358021255040e-02
1.307761584642164507e+03 3.661828373647917374e+02 6.606831613961020554e-03 -1.414428895099861111e-02
1.166212205070773393e+02 4.536532415832124343e+02 1.152416628517277247e-01 2.836466769501642116e-01
5.106918285846912795e+02 4.921232766526891851e+02 -1.143305562322104348e-02 -5.476628061404969529e-03
1.171207393729413297e+03 2.261039782780860605e+02 -4.517244953689214526e-03 -5.767833908920907277e-03
1.007750207505803473e+03 2.560962224796295459e+02 2.619487644143082827e-02 3.291058030965798159e-02
2.895785470440005724e+02 4.479768730374860297e+02 4.094223958245330613e-02 2.349064964288012369e-01
1.033715305699299506e+03 1.985046160390385523e+02 2.059811031769121295e-02 -1.483482870644203463e-02
9.901795719884037226e+02 2.285709521573936343e+02 -4.779464649040262442e-02 1.808788666213396491e-03
1.181000996047644549e+03 2.037380487399989022e+02 -1.311074304599709958e-02 -6.220814987162676980e-03
1.711547675535219639e+02 5.051133461616060458e+02 2.072038923686266576e-01 2.698651025413250637e-01
5.354337371201361293e+02 4.254823182728314919e+02 3.180429303139477998e-02 -5.025077451120005950e-02
2.002407505760571951e+02 5.818862008384170394e+02 1.025024971413409092e-01 -1.293310112334365991e-01
1.827336775855831377e+02 6.295336647651079147e+02 6.687894389450894927e-02 -3.098653903073293470e-01
1.185560531636996302e+03 1.728462221235462266e+02 3.696138153634365153e-02 -9.789190046775200771e-02
1.148081369184244977e+03 2.488791964273914914e+02 -2.658185692349193576e-03 5.753655552179365480e-03
6.061949455859653426e+02 4.077809644696475857e+02 1.462707404331766402e-02 -1.112344241090059208e-02
1.147379329140319442e+03 2.619046553405379427e+02 -6.436926579398961901e-02 6.637059656873812996e-03
2.299987609040522898e+02 5.449019517256400604e+02 2.115173711849971105e-01 -4.028190707715152974e-01
1.740357546258621824e+02 5.009482334557859531e+02 2.250471042635170393e-01 3.099851764055563952e-01
1.143957613327328318e+03 1.891546577830641809e+02 -5.478906193129310515e-02 1.088617998616331767e-01
1.050104978069146227e+03 2.817798908084274672e+02 8.016313143868431879e-04 -2.230576473235452301e-02
1.168048166229355729e+03 2.984828824283628705e+02 3.505554054989645785e-01 1.328619994909296664e-01
2.586244969662488984e+02 7.174547543928655386e+02 6.479109118125646674e-03 -3.449320271565389177e-03
2.246540376652197892e+02 7.426032679093026445e+02 -1.431904605461052291e-02 5.699258061458050469e-04
1.256418610433327331e+03 3.019512911492756189e+02 1.469879186984357489e-02 -4.449077974078008424e-03
1.145169917282648385e+03 2.921440580650057086e+02 3.744809860775662469e-01 2.238095252379097011e-01
1.262666910140118944e+03 3.032063384398072685e+02 -2.446900574876332418e-02 2.345792874673645334e-02
9.723246626668993713e+02 8.635536297369297927e+02 -5.423804914608999599e-03 -3.410796468261328377e-03
4.111432104358580659e+02 1.082874068959363512e+03 1.157423806604227987e-02 -1.628782722168360328e-02
8.231575382612653868e+01 3.529229987490738836e+02 2.201928444406565065e-03 1.078251941368173379e-02
1.102832484637960533e+03 2.168636623945261306e+02 5.861125883257045643e-02 1.967132309352301670e-02
1.014460308407493699e+03 2.395057409960418227e+02 5.498655450650934140e-02 -1.160447919952773133e-01
1.133999813745715755e+03 2.610122981045009283e+02 9.958433362991551355e-04 -2.152177613426905101e-03
4.919935941062051938e+02 4.488195474257229307e+02 -2.620685574374026733e-04 5.257088440788782249e-03
2.912610131113641501e+02 6.546749250049941793e+02 5.916125091713661521e-02 -1.704910317266636888e-01
2.536350146369286165e+02 4.265488979352236925e+02 -1.274777804634662504e-01 -3.779450418448710436e-01
1.022085805308860472e+03 1.824724353527539620e+02 1.073258802331996525e-02 3.473074771574346381e-02
1.104989655799596676e+03 2.018747728822382612e+02 8.518539609685592262e-02 2.123145268647750120e-02
1.078825466029710924e+03 2.134124300607782914e+02 -1.885577134663962099e-03 -2.483240611487515237e-02
1.321812557125799003e+03 3.328038776235970317e+02 3.309130929948774780e-01 -3.379670806971222380e-02
9.268594665041524649e+02 9.063116387972585244e+02 -3.122221198269838766e-02 1.918055883911500351e-02
2.420051950896787218e+02 3.066975596007014815e+02 2.563182325299893927e-02 2.352311336670916131e-01
2.149891797183121298e+02 6.636687616011427053e+02 -1.922278795533326548e-02 2.174169040856192836e-01
1.143522428929623857e+03 3.190239136058672216e+02 -7.538692523580384219e-02 -1.013373004717297854e-01
1.017062103028950332e+03 2.093429216436994693e+02 5.624737688412569103e-02 7.188142267172882571e-02
1.151337198069221358e+03 2.541989441277839035e+02 1.210306041818180051e-02 -1.658503576789736519e-02
1.886456220265287982e+02 6.531330575059619150e+02 1.189037703173334293e-01 -2.750787117109325663e-01
2.623964194463943613e+02 7.380596333996244311e+02 2.279597303475847710e-03 -1.856468469736245568e-03
1.154721293501794207e+03 1.488589612435881406e+02 5.029078108437341071e-02 -4.446362337352703642e-02
1.008299283041005765e+03 2.207025252033093068e+02 -1.666807962302260249e-01 1.445916035696666047e-01
1.084924622621431581e+03 2.586699354334404575e+02 2.835569402408928963e-01 1.988320291883867996e-01
3.115378424425217645e+02 5.512840402904585062e+02 -1.613613369456587399e-02 6.369729444218939600e-04
7.925933599993499001e+02 3.940145821352558073e+02 -1.326705534877419337e-03 2.510616548012194454e-03
1.701101434541196227e+02 4.844959113117984657e+02 2.093259050819679667e-01 2.660796322252919066e-01
1.066661698004802474e+03 2.296217982315423001e+02 -7.287838691824469195e-02 -1.317463272794041074e-01
1.047496843981173015e+03 2.782311116312172317e+02 3.082615929992596482e-02 -7.082041553888868135e-02
1.161387156539106854e+03 2.353894068510287241e+02 -2.377524798120415200e-02 4.803409288872177718e-02
1.178280254065191002e+03 2.514668730353511137e+02 -1.636767486725055135e-02 2.234457543001591023e-02
1.049906246419529907e+03 1.836017414476355043e+02 -3.512755553199061603e-02 -3.000157567931142563e-02
2.595188636318194995e+02 7.537310951407901030e+02 6.965409886975730373e-03 -1.226701495702068635e-02
5.163530861656305433e+02 4.305454707488714234e+02 5.576380869311311009e-03 5.940081835139724570e-02
1.141760019067822441e+03 2.440416790261522522e+02 4.269907769702165068e-02 -7.711799986844336541e-02
3.961354036985197240e+02 1.084507038578055244e+03 1.367365365147397149e-01 1.419330935389920625e-02
1.028451688046377228e+02 3.940789462605151243e+02 2.233318146091080036e-01 2.205903442017850824e-01
5.746132746230058501e+02 4.966773079709454919e+02 -7.321922301682957934e-02 7.621071138678219004e-02
1.116142513984946163e+03 1.624849888914890528e+02 -1.415326997325001140e-02 -1.748676987183746812e-01
1.124391006037991474e+03 1.826149885532868780e+02 1.183511890242836852e-02 -1.606862946996146999e-02
1.065025132536371984e+03 1.959377582315876793e+02 -8.817080241521540540e-04 8.115373753100292575e-03
1.048979246510963549e+03 2.394345890128425651e+02 -3.691390188689292473e-01 -1.229001475112608960e-01
1.093372626755123065e+03 2.416002921054677586e+02 -3.896710419489270963e-04 4.427839062920522345e-03
1.137302298453309277e+03 2.177654226646071152e+02 -2.282695758601231140e-01 -4.073707050086183140e-02
8.913246485365468743e+02 9.329094345041637553e+02 -1.742941023928284777e-04 1.408602132469043231e-04
2.535687568238117819e+02 3.469337144335576681e+02 8.549311301546569375e-02 2.788640725893780092e-01
1.260371525962149235e+03 3.937624624670528419e+02 -2.338588639450891495e-03 3.501196309821352857e-03
1.214040647187306377e+03 2.659423113855270344e+02 1.857652540949795150e-01 -8.760884675696445356e-02
1.252904565903798812e+03 2.786053754817581876e+02 1.106034686906954556e-01 -1.657096630631555711e-01
5.733702095816390738e+02 4.956974580605233882e+02 6.824807790307267988e-03 1.000474643725352171e-02
1.096028630360305669e+03 2.005307942722071459e+02 3.801919410973422092e-02 3.111640564631312222e-01
1.185189661773972148e+03 1.894952098735103050e+02 -6.422504421850537028e-03 -1.985643127138938743e-02
5.939955201649854644e+02 4.154666730002490453e+02 -2.039131841244549645e-02 -4.063218958677474596e-02
7.019254474679263467e+02 4.384067033225999239e+02 5.636592822649315153e-03 -1.387145400349660586e-02
2.418627436872744454e+02 6.019259407629957650e+02 -4.434554172054967075e-02 3.166998221649026113e-01
1.051100835449671422e+03 2.455251189830899818e+02 -3.471638576097131890e-01 -5.929188700375983417e-02
1.071375405854604878e+03 2.954387719791557174e+02 -2.193272846459033698e-02 -1.295152954426878333e-01
1.147706922438384026e+03 2.639950054897620930e+02 -3.721697458982128892e-02 1.193834150663963395e-01
1.226854138428927172e+03 2.521700036929296687e+02 3.647855307471559172e-02 1.912733022599532318e-01
1.216056795827380029e+03 2.827651166674305614e+02 -7.090242437126903496e-02 1.003381859167689141e-02
2.292323713265845981e+02 2.993185617546756134e+02 -1.742371071820040737e-02 2.370514905464230493e-01
2.721671267255542261e+02 3.727850060453924925e+02 6.877887685075514956e-02 3.048932056238734534e-01
1.025036170973919070e+03 2.605309269601805795e+02 -1.734120038648329781e-02 -1.531669272996903338e-03
1.195502288186015448e+03 2.255187411461500062e+02 -2.236066622502291292e-04 3.508513393256862400e-03
1.252833286388704209e+03 3.039187914314158547e+02 -2.308868472727436394e-02 8.886190002149509104e-02
1.204688434330121936e+03 3.345422738269394927e+02 4.059900381383228507e-01 7.211249360229797511e-02
2.267024696192571582e+02 5.645323189701666706e+02 6.897537536803483027e-02 -3.281129507513819155e-01
2.502569359200622330e+02 7.148442219358026932e+02 -1.256634522016716220e-04 6.999778621256598152e-03
2.390903561195602833e+02 3.301666645835271083e+02 9.756990460289814704e-02 2.028558431078214264e-01
2.617156838745712548e+02 6.180387810283041290e+02 -1.344782306209843237e-01 9.013613485122480562e-02
6.840471524900764280e+02 1.015760382575371864e+03 -4.398062629724408361e-03 -1.005497593328790991e-03
4.646520803131456887e+02 4.556044407511127474e+02 1.058804356261890470e-02 -2.026614273671304561e-02
1.071853153582453388e+03 3.372496562899553965e+02 8.099413286486565125e-03 -1.889349116899936565e-01
1.188746719452792377e+03 3.262946940535016438e+02 3.370432752482724337e-01 3.701326445323355196e-01
9.499221536753278770e+02 8.912082789254172894e+02 5.290018971340573056e-02 -4.608501286463399099e-02
2.901280641522482142e+02 4.866996167445444712e+02 -8.441662763609593043e-03 3.016549869455233956e-01
1.147640047898723196e+03 2.204615907624418867e+02 -3.210777676835934596e-02 1.276501177322428640e-02
1.160841327385484874e+03 2.271956357031561708e+02 1.157339722844754823e-02 -7.683951593560402193e-02
3.221996250563855710e+02 1.093953799770859860e+03 1.913590015871828032e-01 2.681540174428328482e-01
5.897199680318257151e+02 3.860689380317359110e+02 -6.321589477572615856e-02 1.667340422471462746e-01
1.077815809112439410e+03 1.533061957674292159e+02 4.760308202859211274e-02 2.015345724664244220e-02
1.008216547216637764e+03 2.039605812734734798e+02 1.752317119075327834e-02 1.868343712849326321e-01
1.047561369515685101e+03 2.579477213368692787e+02 -4.572017083171497909e-01 4.829309558908288086e-02
5.590257459434494649e+02 4.271426299525741115e+02 5.108492504246676166e-04 9.337651208728526360e-05
1.019695741270151188e+03 2.104680509694284751e+02 -9.889592594139216125e-03 -2.681215721270489571e-01
1.040155128230192986e+03 2.377332894786327699e+02 -2.466568912701942173e-01 -3.872491798314062206e-01
1.065003920848689859e+03 2.869271650956220014e+02 -8.835343256653301058e-02 -3.216342813822114510e-01
1.220076347544069222e+03 2.745672764472473659e+02 -1.530521453540159560e-01 2.925716018697502654e-02
1.926454902877880784e+02 5.840503047412654496e+02 -1.179019455244053639e-02 -1.527745308900800049e-02
1.021555302869074580e+03 1.623514435666862425e+02 -1.163224001302864963e-02 4.173587462026784323e-02
2.476632701951536148e+02 2.958235324648563278e+02 -2.686421721491221229e-02 6.725144769918202370e-02
2.421032945931981715e+02 3.730240732280580573e+02 -8.989103389521529985e-02 -4.222065364929845077e-01
1.070409780619118465e+03 1.558546427895254283e+02 -5.388020808454858923e-02 9.349975324759483841e-02
1.094268729311675770e+03 1.740025153121049186e+02 3.996234853953102573e-02 -4.546590369854965757e-02
1.015961051616427426e+03 2.321497589067813578e+02 -1.147887622807370299e-02 2.066469198828988028e-03
1.165606058428151982e+03 2.210761659294072672e+02 -8.481542611713350013e-03 -1.179918913288518882e-02
1.907775260224228191e+02 6.629577933823577496e+02 2.244987408443644972e-01 -2.627192693980723304e-01
3.841118895277479623e+02 1.092189536639155222e+03 7.213177779452221994e-02 2.948350971449349989e-01
1.080124739713115559e+03 2.172586346081435522e+02 -3.626048239132918100e-02 2.233155065721471599e-01
1.843414494020290419e+02 6.492933959646305766e+02 1.461347017304585050e-01 -2.601799182075978933e-01
2.392081068434189319e+02 3.037337506547147541e+02 4.348385944740879028e-02 2.600058894588587188e-01
1.149159354646003294e+03 2.279469685927382443e+02 -4.439908465050832614e-02 1.385365985723963356e-01
9.295683915115919262e+02 8.829880354589023455e+02 -4.071257545015292967e-02 -4.656115177506543051e-02
1.140504707988258133e+03 2.764391690403479060e+02 4.972327291176189545e-01 2.513664806289333531e-01
1.061647940084291349e+03 1.879530044467431651e+02 1.496398660954885960e-02 -1.341124388119312727e-01
1.090167282888631689e+03 2.276167227770367560e+02 -4.382324149249446771e-02 -1.730933372831170991e-01
3.707555609850626297e+02 1.042077454216120486e+03 2.783003927757161065e-03 4.289837073602029704e-01
1.165225847857050439e+03 2.299337569759707378e+02 -1.726465623797734245e-02 -5.818269270594429027e-02
2.508580297343997927e+02 5.640500402003211775e+02 2.369079400887054154e-01 -2.906402702951403350e-01
2.551996606932823397e+02 3.620549617233528465e+02 7.214367370765216447e-02 2.547661137778277629e-01
3.046103601465025008e+02 5.201801327828460444e+02 -6.348460887277269232e-03 -5.850428915400243679e-02
1.096694655487111959e+03 2.134065783491145396e+02 4.160915545386160291e-02 4.898647722148666284e-02
2.484987695140730182e+02 6.374267400038977485e+02 -5.284083501252780785e-02 -6.642305585809026025e-02
1.005536915435593414e+03 1.804018534495918118e+02 5.607660801780885856e-02 -2.305631179763262539e-01
1.069268008551204275e+03 2.174485478709619599e+02 -6.459661834696817095e-03 2.518788071822442021e-02
1.092085057090171631e+03 2.888871429500792942e+02 1.398248778951559357e-01 -6.234180783264994113e-02
1.074721914393518091e+03 2.982585627295028416e+02 -6.575273402374175180e-02 -1.344771669098439870e-01
1.214122502486603707e+03 4.009346121360362076e+02 9.958248372193641285e-02 -1.768823391790329824e-01
2.880612944987076389e+02 5.370412846440113981e+02 -1.383761410776168932e-01 1.769291490259187680e-02
1.230587391137943314e+03 2.304217865655333526e+02 3.536872854965622537e-04 -4.152695573306731600e-03
1.301388358155058995e+03 3.470258332638186971e+02 3.857883413936435968e-01 -1.233683261304216322e-01
3.216511518919626269e+02 1.051752442732478357e+03 1.728505481281178077e-02 3.852708040105881082e-01
1.082132403232602201e+03 2.188146619386630221e+02 7.482548499549258880e-02 1.554007314265106743e-01
1.103344476970664118e+03 2.711381991578787733e+02 2.857880106229231387e-01 1.062102058291946594e-01
2.032531553892865475e+02 5.923190012681972121e+02 1.104070019928632962e-01 -1.498596778307253186e-01
2.162589205355525621e+02 6.568622335123486664e+02 -3.403770698627991975e-02 1.337230238082208200e-01
3.907930406161647738e+02 1.047751977111979386e+03 4.558662570902537459e-01 7.930283367757883228e-01
3.428137425246585508e+02 1.061779157736415982e+03 1.880933811833513658e-01 4.343210345859399024e-01
2.857760587807927664e+02 4.530259295205797230e+02 3.622055529254588485e-02 2.636169375698013129e-01
1.056790211960008037e+03 1.733453508110758321e+02 9.315012725474366984e-02 5.254739808121317024e-02
1.180422294965950641e+03 3.623226732552221847e+02 4.200111022189611382e-02 -3.055682368604569280e-02
2.708284287066229581e+02 5.379278920364450869e+02 -1.389979337518156000e-01 3.476652058256434197e-01
2.880947852964447407e+02 4.357858260671462745e+02 1.906567748203781901e-02 1.870375007868125758e-02
2.141180096402873687e+02 7.101151980572525417e+02 1.928711764878848420e-02 2.585475329552584713e-03
3.987200324532807372e+02 1.089373024742408006e+03 6.795906326638152806e-02 -8.995811115302163041e-02
1.205022179642907759e+03 2.051375762724733534e+02 7.518407980367353659e-03 -2.778562134622101706e-02
1.157007358879751791e+03 2.664379168754019247e+02 -8.127216367168128841e-03 3.474218124968805107e-03
3.200372407583744234e+02 4.774903745236405825e+02 2.507867460107437302e-02 2.902872950248619813e-02
1.045941990286353075e+03 1.726022021629704568e+02 -3.981274501230098323e-02 -9.920985959766760731e-02
2.037538544237139604e+02 6.756814842105064827e+02 -5.686995947414175134e-02 2.387120115995859382e-01
1.895897581809340693e+02 6.812356344887932664e+02 9.999047306561358039e-02 -1.752671784661154475e-01
2.482931482264391718e+02 3.573243286691551361e+02 1.134827045649799970e-01 2.567301887901365376e-01
1.120570607975616213e+03 1.582538462495951990e+02 2.200180272888019317e-02 -3.531283106628535506e-03
1.083749350112760567e+03 2.030412372572477864e+02 -2.899351601844557536e-02 2.961212820484959707e-02
1.148408536160887707e+03 2.033712354859660536e+02 1.701227744709541412e-01 1.266356795110485933e-01
1.181869543968052540e+03 2.648273046281481697e+02 -1.882145084536546165e-03 -1.994336452834843953e-02
2.061113731191318834e+02 5.893410382990840617e+02 5.657516710177112884e-02 -1.240132344320059588e-01
1.981848764460478947e+02 7.155557819632913379e+02 -1.349354481479458912e-02 -2.525128142758603644e-02
2.765135578679613104e+02 4.536800968011378359e+02 1.453678941131405188e-02 1.619914379973617369e-01
3.264901432687347551e+02 5.524803806994548268e+02 -2.373152991015861982e-02 2.428375338899968396e-03
2.104698466113344750e+02 7.464323098393546161e+02 8.881414118915624545e-02 2.415853990891037029e-01
3.224195687051653749e+02 1.097929477327171071e+03 1.508054094739994244e-01 3.199816301965104914e-01
1.116535493785726203e+03 1.762625409120935842e+02 -4.762271200547729677e-03 -3.337015403374721245e-02
1.126361986361456047e+03 2.250130462305799881e+02 6.876423287217546532e-02 -3.847252377610743679e-02
1.236620704161818367e+03 1.347397943843492385e+02 -3.497707730259337882e-03 2.865114120630047386e-03
3.101725824057004388e+02 5.268953010265262265e+02 3.314847035813629772e-02 -1.007727690350585827e-02
8.107327468088368505e+02 4.015175669607268674e+02 -8.885709223879809755e-04 -8.043265127636144152e-02
1.019699579774765539e+03 2.190959859708141551e+02 -3.024221688799746087e-03 -2.520322119355000723e-02
1.047476326403711710e+03 2.561646108966269253e+02 -2.767062128686680333e-01 8.297844054285317961e-03
2.182081029092470033e+02 7.710729308470818069e+02 5.999115777766606504e-03 -1.877950072447185162e-02
4.012227506495422631e+02 1.057049642489184407e+03 2.259078888336734370e-01 9.118305641581733179e-01
8.347376836811912426e+01 3.401666570446132596e+02 -5.993269146528017004e-03 1.458646205609189471e-02
1.009556575412971370e+03 2.314169790538631730e+02 2.484076531904596055e-02 -6.886342017655049108e-02
1.134346265427444223e+03 2.188893339523785642e+02 -1.853538395671800176e-01 -9.309391191881863023e-03
9.690792088232537935e+02 8.250622129756281993e+02 -2.016654406566923893e-02 -1.453564120505272152e-02
1.035846106312385928e+03 1.584574996487919805e+02 2.683935083929637755e-01 -6.121924747686142282e-02
1.008703415008573074e+03 2.785133110144970487e+02 -1.359512837425633919e-02 3.254788126593087787e-03
1.310607942781829252e+03 3.302334242172378822e+02 3.934105572239497417e-01 -5.999977102920762279e-02
5.624102934717623157e+02 5.022055764992958302e+02 3.929745637289918520e-02 -6.336649235151464721e-02
1.034389479274196219e+03 1.744078312019392456e+02 5.698065653602953085e-02 -6.035119815743143767e-02
1.069595181282564681e+03 1.858891219719763797e+02 2.004982011640095083e-02 -1.487729694599465857e-01
1.130124444727425271e+03 2.233436628286834491e+02 -1.319818228399526616e-01 2.667525531425070651e-01
1.003340266411995231e+03 2.465135580349975442e+02 -1.508705753080676060e-01 -1.868813228836302132e-01
1.152322043169735480e+03 2.429166608059256305e+02 -6.499927644404124294e-02 1.780426427824352287e-01
1.262271514396892144e+03 3.506936000957238662e+02 -1.926658516290217504e-01 1.900082981326306764e-01
9.675129883450424018e+01 3.932832879917375521e+02 1.407650882152008953e-01 -7.112995703515581636e-02
1.030820963265071441e+03 2.426666696954960969e+02 -8.694141363859368699e-02 1.745129824179482703e-01
1.100249981549676477e+03 2.995669545506095801e+02 -3.073180165823587995e-01 -1.030167323789707295e-01
1.182570323977621683e+03 3.468423785982037089e+02 -2.429777585780357185e-01 -2.713115449235108945e-01
2.893112097991638620e+02 4.926555864732885084e+02 -5.453642637313294017e-02 3.331199345421680391e-01
1.129849400688710375e+03 2.347924529941620335e+02 6.321086002717493102e-01 -7.921598492944461611e-01
1.084924252266457643e+03 3.010756699070501554e+02 -9.026122666261926497e-02 4.227494566260574516e-01
1.268345979608071957e+03 2.620303798237743536e+02 7.531752437330396788e-03 -1.654743836209604524e-01
3.525608513504317330e+02 1.031091816469449441e+03 2.438120348854155850e-01 5.538000169329393430e-02
3.194512262243094938e+02 1.097275359457457625e+03 3.905287497234155580e-02 7.529480332848947910e-02
2.473254123760256959e+02 3.297245582100305228e+02 1.327515826542001454e-01 1.973064119210578629e-02
5.025304049344520649e+02 4.391661672372204066e+02 4.114389279030612051e-02 6.224162050815656294e-02
1.152146582176906804e+03 3.602668527050153102e+02 1.547047753222159372e-01 1.194275908910153033e-01
2.285856079795197218e+02 2.963175838437703078e+02 5.557687315611777729e-02 1.004011456939698094e-01
1.000038522999156157e+03 8.468387944248765962e+02 3.311822472733183531e-02 -4.606886463989212643e-04
3.331671759177176000e+02 1.098935645565010873e+03 6.465133378362490635e-02 1.962705958829550068e-01
2.390455667620685745e+02 3.160729407093112968e+02 -1.571815608571114353e-03 1.384904902377911695e-01
2.550338007068916113e+02 3.913589605651246757e+02 1.055916026241504879e-01 2.641702513818245390e-01
9.931417849230855381e+02 1.671477773913188685e+02 1.312941518224306492e-01 1.396656615832284898e-01
2.923406698817749998e+02 5.447594475395695781e+02 -1.329356942546610354e-01 1.777047850598364731e-01
2.411197847184823502e+02 6.398560676530081537e+02 2.595048484262179114e-02 1.073289809642119508e-02
2.164808670096275591e+02 7.416107322997452229e+02 4.121383439707528712e-02 8.802952661790186192e-03
4.244935099104444589e+02 9.942872266941176349e+02 -4.323450109740406555e-01 -3.031073082674993202e-01
9.901576320259969179e+02 2.095527007186638286e+02 -6.499918489927836163e-02 9.608853421453744659e-02
1.081970541123348539e+03 2.091170170093300840e+02 3.661347268405279465e-03 -8.049991300394054861e-02
1.005584765947210371e+03 2.483792000201824521e+02 -4.285945267668012093e-04 7.129299019240420421e-03
1.038526404965782376e+03 2.881966427087929787e+02 -7.835288577666688070e-04 1.922763941333727189e-01
1.214947859857675894e+03 2.757499711413137788e+02 -1.334363341572384343e-01 2.201925201856624881e-02
2.877965164396709383e+02 4.771333312871165049e+02 -1.070457787792141423e-02 3.254483759379240837e-01
1.136338340981401643e+03 1.475137182372853317e+02 -1.599104722052591965e-01 1.523401350668696919e-01
9.929215656187201375e+02 2.247709070237404774e+02 -1.721979174408640179e-01 2.863998632257486743e-01
1.118226425597568550e+03 2.499720705130553426e+02 2.665764250513499856e-01 -1.003661019151517592e-01
1.088544142676553747e+03 3.332091839853329702e+02 1.147683328493561278e-01 -6.434638867417181995e-02
1.171820792312495769e+03 2.165222918656592697e+02 7.890286595579709683e-02 -1.939995539622619558e-01
1.205227332907014443e+03 2.967963572524136566e+02 8.281517755888974375e-02 2.721384142062295841e-01
1.252274949772518085e+03 3.241190695690854682e+02 3.516342975364447621e-01 -2.039166899984365955e-01
3.149270114983482927e+02 6.242980310342856001e+02 2.183328776091760307e-02 -1.052071594788609871e-01
2.345395453336957701e+02 7.107808229129287838e+02 1.420747183435840631e-02 4.748676337707517098e-02
2.247876159897285220e+02 7.227855624108066195e+02 4.054306562679244053e-02 1.237392024131622748e-02
1.124096493810695165e+03 2.079129151721056132e+02 8.093506203408651345e-02 -3.990491162321916363e-01
1.098266059690591419e+03 2.283425107051011764e+02 2.926734279844822595e-02 1.449953008385875819e-01
1.265715397500816607e+03 2.042361097037638160e+02 -1.529452623044562642e-01 2.631508022121806789e-01
1.205404384246533709e+03 2.441661731563725937e+02 -2.126078315708355149e-01 3.497931039392483399e-01
1.254608971796602418e+03 3.204519023261564712e+02 -9.255110909418817755e-02 1.064657925318840626e+00
2.450296965286619013e+02 5.410759154010623888e+02 2.524917034225637735e-01 -7.124236858018662133e-01
3.867377216427734652e+02 9.768166695281685179e+02 -4.232792893278087831e-01 6.045562386134406552e-03
2.487434737845168797e+02 3.005366819046608384e+02 0.000000000000000000e+00 0.000000000000000000e+00
2.438958641999151098e+02 3.232097759343885173e+02 0.000000000000000000e+00 0.000000000000000000e+00
2.422663223851063492e+02 3.286270726070442834e+02 0.000000000000000000e+00 0.000000000000000000e+00
5.454270976451433626e+02 4.247424858443098401e+02 0.000000000000000000e+00 0.000000000000000000e+00
4.839231243480167564e+02 4.485194667738873591e+02 0.000000000000000000e+00 0.000000000000000000e+00
1.093352866658687162e+03 1.747549753991856392e+02 0.000000000000000000e+00 0.000000000000000000e+00
1.130325541648759554e+03 2.147020761050557383e+02 0.000000000000000000e+00 0.000000000000000000e+00
1.037114256779795824e+03 2.700167888666098293e+02 0.000000000000000000e+00 0.000000000000000000e+00
1.195263496441379630e+03 1.876647312553372444e+02 0.000000000000000000e+00 0.000000000000000000e+00
1.157036065869030608e+03 2.267072537221506252e+02 0.000000000000000000e+00 0.000000000000000000e+00
1.196793656306002958e+03 2.302393450142936899e+02 0.000000000000000000e+00 0.000000000000000000e+00
1.133038763100544202e+03 3.193122633030118891e+02 0.000000000000000000e+00 0.000000000000000000e+00
1.253006458702599957e+03 3.460483912056499207e+02 0.000000000000000000e+00 0.000000000000000000e+00
1.137736865317223419e+03 3.803088621577244339e+02 0.000000000000000000e+00 0.000000000000000000e+00
2.359585203168072951e+02 6.383085542561700549e+02 0.000000000000000000e+00 0.000000000000000000e+00
1.809945692774865904e+02 6.622541488103186111e+02 0.000000000000000000e+00 0.000000000000000000e+00
2.767229409509198490e+02 6.725567606550284836e+02 0.000000000000000000e+00 0.000000000000000000e+00
2.679345553181173045e+02 6.800979840110953774e+02 0.000000000000000000e+00 0.000000000000000000e+00
2.380824994864304927e+02 7.401218081309318677e+02 0.000000000000000000e+00 0.000000000000000000e+00
3.900731838322279259e+02 9.762817977556899223e+02 0.000000000000000000e+00 0.000000000000000000e+00
3.556158186562404921e+02 1.036017458572654277e+03 0.000000000000000000e+00 0.000000000000000000e+00
3.333481914434416922e+02 1.061475430699002345e+03 0.000000000000000000e+00 0.000000000000000000e+00
3.222996976500675714e+02 1.093955171656575203e+03 0.000000000000000000e+00 0.000000000000000000e+00
4.099512610930788696e+02 1.087672305017702456e+03 0.000000000000000000e+00 0.000000000000000000e+00
