1.330617730546873929e+02 3.819413321706096553e+02 -8.966446842925894327e-04 1.093774526166293743e-03
2.527351178994640009e+02 4.636680802237057719e+02 2.542012179170772147e-03 6.061665445370766243e-03
3.136323795770246647e+02 4.760380853774140064e+02 -4.478248988092028982e-03 -4.003778318787730960e-03
5.634444546607998063e+02 3.785147056749684680e+02 1.098132766959553330e-04 1.481704020291247769e-03
7.052890271621803322e+02 4.146254428319485328e+02 -1.033488087570375545e-02 -3.481358493865351067e-02
6.343572274498454817e+02 8.219608269592164334e+02 -2.430673484664427084e-04 -3.952177345219283684e-04
9.124103461285696994e+02 8.059521062800719164e+02 6.406279850656717775e-04 -7.788911232576691338e-04
4.599433025940813309e+02 9.416019529916061401e+02 -2.529924472127061097e-04 -5.017195549989631809e-05
9.052214571663778315e+02 9.226982504064984596e+02 -3.494132116780873545e-04 -1.169301751904433658e-03
9.002784550454898636e+02 9.262013856341711744e+02 -2.793684689270839461e-03 -8.854597299725157095e-04
7.073410503735111661e+02 9.929429333143450549e+02 2.667808481293274143e-03 2.413191088320186528e-03
7.150707631133417408e+02 1.011377006975430390e+03 -2.596084318352356326e-04 -6.224284488285271441e-04
7.049371613166947554e+02 1.023809673294024265e+03 -3.815985283005496570e-04 1.638931816976107363e-03
4.816372059618134358e+02 1.099085716775392484e+03 -3.462542633353295034e-04 -4.560708721598557181e-05
7.044419221366971442e+02 1.036562848979789578e+03 4.294702486589866775e-04 6.989845307931084016e-04
7.518640795525091107e+02 1.067484735660985962e+03 2.282481245912896378e-04 -4.565069075757528013e-04
7.455935771753164545e+02 1.071480335507827249e+03 4.875217476943938900e-05 6.654005712316754789e-05
1.312746331644580380e+02 3.252650322660758206e+02 8.386772892142834021e-04 -9.676460118095683632e-04
8.997582828933069550e+02 1.102159242643420839e+03 8.169423449544410687e-05 -5.518879829020925990e-05
2.445013634877209938e+02 4.895000612796879409e+02 -1.798183308009151677e-03 -5.362612706163656304e-03
2.443870977087215124e+02 7.555986314152506793e+02 1.789625864171059608e-02 8.841274863565522571e-03
1.176328512202123193e+03 2.483585531895882070e+02 1.273186301479861671e-02 4.653114008475073282e-02
6.384161582748548653e+02 3.764979972697025232e+02 3.018495552039597140e-03 8.343919831719235139e-03
1.260312273117830273e+03 1.958437217521085927e+02 7.133578010415485976e-04 -2.963923382211949408e-03
1.240695331050991399e+03 3.837218409729707673e+02 -2.942141131510166044e-04 -8.179586689435620547e-03
3.180913198877031505e+02 1.087383579898689959e+03 8.589423726936001868e-02 2.770526029569687632e-01
1.178887022687385524e+03 2.324553356585479094e+02 -1.843572934664581761e-04 -3.771428983213246234e-04
3.400767575844795942e+02 1.050174505826324321e+03 6.803646768055150729e-02 3.717364351025717051e-01
3.522548092568106313e+02 1.064460679949693713e+03 1.002939542126078248e-01 4.048593735242647096e-01
7.156071935126479957e+02 8.819111644278248150e+02 -3.381854122663429437e-03 2.632209091165359487e-03
2.368092556596424743e+02 7.201592544887886334e+02 1.748451624572093304e-03 5.217582175536074514e-03
4.103759155181546134e+02 1.088291433547903807e+03 -2.874117812470698176e-03 2.989485463056571228e-04
2.488928973103568580e+02 7.170784550484648889e+02 1.514367148054066698e-04 -2.815200217155236950e-04
2.555338127253134246e+02 4.438619912344429395e+02 -4.250124487491952624e-02 -2.457569243794975045e-01
2.516162034770110836e+02 7.502674789038310337e+02 9.508465537569834800e-03 2.741739885797896820e-02
8.289925911979669308e+02 3.044159461107342963e+02 -1.443903713739739039e-02 -2.751015671589073647e-02
1.429117210813161591e+02 3.925884022698831473e+02 1.295713739213482730e-03 4.991540267973063917e-03
5.697745837643724371e+02 3.798366044541999713e+02 5.141149411976116655e-03 7.979472611877739055e-03
9.318673707064002656e+02 8.427917187324488850e+02 -4.159380907885231252e-03 -1.263686567881900334e-02
5.694310152054939635e+02 4.379113924524785375e+02 1.498438356686102252e-03 -2.703149583980872950e-03
1.006596543231624764e+03 8.128994489449523826e+02 -1.247965019817033454e-04 -3.213783957260890785e-03
5.015707147617733881e+02 4.360822354381302830e+02 -6.956550448080633942e-04 -1.070550355972790628e-02
2.438918771366727754e+02 7.427372170790446262e+02 -4.559070290417202576e-03 -9.780538320231893165e-03
9.801256278849272121e+02 8.277169426858674797e+02 -5.320682820354812482e-04 4.617306315657794774e-04
5.707374123791561260e+02 4.049537868898200941e+02 4.222291921160552003e-04 5.826754420487903138e-03
3.059664454179919062e+02 6.571206514385037281e+02 -2.744274473694657390e-03 3.422148282422790306e-03
1.009426688363272092e+03 8.155771666804977258e+02 1.671384774240188172e-03 -1.196992787864735062e-03
9.423028047483417140e+02 8.347278861714668210e+02 1.523799869598613113e-03 1.083440507903956664e-02
1.002817069275098333e+03 8.365979872666575829e+02 -2.262245990641531534e-02 1.064923680789235834e-02
2.324223029068773485e+02 7.237618482941403499e+02 -8.305599252615606483e-04 -2.940407760954060097e-03
4.825888773786624029e+02 4.363926466500408878e+02 -6.919009486354622644e-03 -1.564910365070795381e-02
1.018919634911888465e+03 8.073832084773241604e+02 3.327328512318897431e-04 -6.055869244225351930e-03
9.611511072087578214e+02 8.348037263668862806e+02 2.652932373505359227e-03 1.019911345855743431e-02
1.209231071460090561e+03 2.577380924236180704e+02 1.051284973062448919e-01 5.782220274433553381e-02
5.489434040123144314e+02 4.428150056087645225e+02 4.455468940604852442e-03 3.200933271762321404e-03
2.278636678162559406e+02 5.200391415637262753e+02 -3.875250881553666334e-04 8.281302933316357835e-05
2.748981006351698966e+02 6.822635934870246501e+02 -3.261762854609708169e-03 1.665615783947082054e-02
5.764414296289644426e+02 4.203230626944988444e+02 -5.240478774657623268e-02 5.524881855622240309e-03
1.034394399128389068e+03 8.594900919896796267e+02 5.196033488051163794e-03 -4.524196132195465046e-04
7.327326297491024434e+02 9.219413070788165214e+02 -4.872898157734450141e-03 3.161718791369312609e-02
9.559359380676970659e+02 8.450426070883432885e+02 -8.607244261597906537e-03 2.692378826447502926e-03
7.481979701522866435e+02 9.541675460288720387e+02 -6.816753510425805837e-03 1.987001397068444055e-03
2.655148652127910509e+02 6.665047992545831903e+02 2.854177118204479467e-03 6.433696695489518440e-04
8.247057749324734459e+02 1.102228201468955604e+03 -3.889111930285964473e-04 -5.316862600961534549e-04
2.443458044910089200e+02 4.972482836982774757e+02 -1.225893849862706069e-03 -1.552285142846506795e-02
7.491940370278235832e+02 9.589040084245228854e+02 -9.833409131774128922e-04 -1.758411336319824943e-03
5.662127543577390725e+02 4.692679364147876413e+02 -1.588689700028144943e-03 6.438189493902688691e-04
5.672010776147037632e+02 4.749624216909082861e+02 -1.567614425862482591e-03 -2.509726086789597528e-03
1.205202463329651437e+03 2.311158910369141779e+02 -1.252699554436613938e-03 5.154902262981887404e-03
9.137079447167943727e+02 8.460409032975065884e+02 2.155295717306788747e-02 -1.335682703683286916e-03
7.720161098597722003e+02 9.609212790584091408e+02 2.743172511399919367e-04 -3.441806633712094464e-03
7.749223116942392835e+02 9.426486151411170340e+02 -3.082947095005900227e-03 1.979454797990028506e-03
7.744785593884577111e+02 9.477775140072174054e+02 1.485414865425071368e-02 -2.798362178851891615e-03
9.845751421598234856e+02 8.670654961116614459e+02 1.953325388153823866e-03 2.897102032040205048e-03
8.006238864788737146e+02 9.518431318605477145e+02 1.453157697683579589e-03 -7.073735869063498731e-04
2.106940932774834607e+02 6.737009034640955178e+02 -3.235923966157245712e-03 2.710186486114712131e-03
6.193900960646996054e+02 9.358792423228807138e+02 2.567857185486801464e-05 -8.453741057657212414e-04
5.740159292530750008e+02 4.891306454236388959e+02 6.352945316125847321e-03 -1.663152757514311034e-02
9.752115241232124845e+02 8.851410451575028446e+02 1.618415377494091000e-04 2.985914327740432986e-03
7.511943756092119884e+02 5.282318722853397048e+02 2.224929052398791959e-03 -2.999418467874249549e-03
7.890071211195601109e+02 9.455095318563312503e+02 1.481590245890235420e-02 7.656545640314800158e-03
7.951681376497009524e+02 3.814138634844439366e+02 -2.168505458558179968e-03 -2.818585282907991926e-03
2.366484028731941009e+02 6.999069936078428782e+02 1.592590740162082991e-02 -1.507281688029729443e-02
3.071940642135655821e+02 5.677196281831733131e+02 9.534278060004458197e-04 -4.935331344699539144e-03
8.082291310203441981e+02 4.204177973026253312e+02 -3.617864957055815390e-03 5.893851961863363562e-03
5.891116342277347258e+02 4.030381001962836649e+02 -7.641312124222410934e-03 -4.079402906548842273e-03
1.034468538968520988e+03 8.356911234049506447e+02 -3.218033374873857135e-03 -5.394468921115794452e-04
9.943966440032681930e+02 8.209606432385859307e+02 9.706941809029801665e-03 -6.453540119751004049e-03
2.274014151396244472e+02 7.267297474933766352e+02 1.686021709891555916e-03 -1.485013343940949160e-03
1.278336981353700594e+03 3.719138975510350633e+02 2.420115815946719203e-06 -1.917049392299268688e-03
2.346999479396464210e+02 6.518149111839233001e+02 1.141795583867187807e-03 1.345702016164572771e-03
2.248567419226503432e+02 7.660269739386568517e+02 4.374480383321474423e-03 -9.913354634739667600e-04
7.336747095278531106e+02 9.798177445156673002e+02 -7.486343807537052322e-04 8.586262262470242910e-04
3.200832430964538275e+02 5.457535847495352073e+02 -5.750637036093245863e-03 1.198850781359189765e-02
7.702353331003158701e+02 3.977016673563577456e+02 6.117450777407098736e-03 -4.154375041875397003e-04
9.875543913468650317e+02 8.309617492746925791e+02 3.922600721118737685e-03 -4.966077047679571393e-03
1.049816024854927718e+03 8.545137454441698992e+02 2.755924550762423281e-04 -4.994915322769056219e-04
8.271650465159608530e+02 4.018854815441884512e+02 -7.023923312386154763e-03 6.952661160558855011e-03
1.018614969731946076e+03 8.317746317440047505e+02 6.242399875111121627e-03 5.266585106433507683e-03
1.186818363179065273e+03 2.505869092973571526e+02 1.042725596945310446e-02 7.765185717270996039e-03
9.483061372135729243e+02 8.376227852776445388e+02 7.941067844805532391e-03 3.585598453108978460e-03
4.658868811215365326e+02 4.550551284368543179e+02 -6.641459276399455354e-04 -5.974839916236175490e-03
2.682970133655934433e+02 3.010115090853759625e+02 -6.857037632086515145e-04 8.737833830589960063e-03
9.545177337963739319e+02 8.230100080200272714e+02 2.435524578331886396e-03 9.519534017382544691e-03
8.195897176214350566e+02 9.359507436836205443e+02 2.362032370416894227e-03 -3.395115586142922592e-03
8.217759524955320103e+02 9.438392397658241180e+02 1.063622903721595653e-02 -2.620576603581835362e-02
5.487789699982781713e+02 4.331749421676665293e+02 6.111019584814625198e-03 2.892718552397181495e-02
7.324922362807255922e+02 9.372123971995372358e+02 -6.430604076579489459e-02 9.575294511791124924e-03
9.296437574335537875e+02 8.591712352289688397e+02 1.034300865957546965e-02 6.345448783002949865e-03
1.077590585323078585e+03 2.030626324502275963e+02 -2.283427510112214821e-03 2.072847724247308884e-03
7.544211908114542666e+02 9.715561250015606447e+02 3.721420739305241181e-03 -9.871769728650827466e-04
1.030045657865094654e+03 8.255141313542253556e+02 3.778041303094411651e-04 9.318615030422572375e-04
3.834455958199002339e+02 1.060700086166358005e+03 1.210280556532355584e-01 2.869026348763228373e-01
1.021033472958305083e+03 8.149207539082044605e+02 1.754616828295616198e-03 -4.311608911419594070e-03
1.059522216183845785e+03 2.273954320967343108e+02 4.463542852640290000e-03 1.363113860888364500e-03
9.563640397904641759e+02 8.800994100403231641e+02 6.827764053145803785e-03 1.700300439758150456e-02
8.179372169100411156e+02 3.797667501356792172e+02 -3.494329272885437782e-03 -9.540162067365275502e-04
9.721375255721433177e+02 8.885637488100229575e+02 -1.486263542245852901e-02 5.658527711889831807e-03
9.065193214316868762e+02 8.403716044932743898e+02 1.049790451523757891e-02 -4.510621103203546652e-03
5.790758359696291109e+02 4.679081127142845276e+02 1.230240529624813603e-02 -1.462926052131580459e-02
7.952176496503963108e+02 9.213077429771827838e+02 -3.652079500806628288e-03 -1.542823695062186650e-03
9.621884787707634814e+02 8.483539601562557664e+02 -1.127620347599283960e-03 -2.539327880774433065e-03
1.927447463450750433e+02 5.893145394377055482e+02 1.517000336983665917e-03 8.999909402073082024e-05
2.332227843272660266e+02 6.918491972314293434e+02 2.101662136006253456e-02 -8.249171214793652937e-03
4.929363897567048980e+02 4.486378696320509789e+02 -1.795477149438274873e-03 6.418059663184913282e-04
8.332571321798673125e+02 4.124774218119511033e+02 -3.519808448444483617e-04 3.457173364070891507e-03
9.669788278063219877e+02 8.765012564041769565e+02 6.092873902098920906e-04 -3.335621170451601603e-03
8.100949383319931485e+02 8.941990291928144643e+02 -8.833987352579359981e-04 2.208116103145692927e-02
9.683752337666436460e+02 8.249921884106463494e+02 -3.236258876291001237e-04 -4.458396876217274839e-03
2.059708727794425442e+02 5.136126248420254115e+02 -4.835177245440425327e-03 -4.790195295996536005e-03
7.917835005674348849e+02 8.840916618594367264e+02 -7.207409862662801647e-02 -5.501748987246223022e-02
1.192718224812595508e+03 2.104217612745538872e+02 -4.358695255114701170e-03 2.344577266385239420e-03
8.152294214215218062e+02 4.030862834950359002e+02 4.833461634293238773e-02 7.037039207212314289e-03
7.679314447729528865e+02 3.844206472530627252e+02 5.055284627986219616e-03 -1.093335380399913966e-02
2.256768280100648951e+02 6.863651049712950680e+02 1.914183432819077093e-03 1.994593412146374554e-03
5.597000696168807963e+02 4.182922028626987299e+02 -1.793491206079592983e-03 -1.083587463593497884e-02
9.494988676682822870e+02 8.563122208262304866e+02 -4.150559110586424304e-04 -2.315259546438676493e-03
3.367387554887154693e+02 5.484566823844494365e+02 -1.558731379184686086e-02 -2.965510894356013227e-02
1.115122288544362846e+03 1.802634974648903778e+02 2.891686499535605498e-02 -2.790438901006590464e-02
7.194444861574125980e+02 9.513030706053589256e+02 -2.023139174781306976e-02 1.697125711800168482e-02
5.112002875434749285e+02 4.392510259951232570e+02 4.643391175733032261e-04 1.358738199644561693e-03
9.960730223798577754e+02 8.730350372087231108e+02 -2.671438435864990739e-03 -1.250367853909926550e-03
4.804768024585508783e+02 4.675631937930950244e+02 1.237558186587794755e-02 -4.810725022336402590e-02
8.763509657828149102e+02 8.735238831300636093e+02 7.672457297828016304e-03 8.119858694629842341e-04
8.015157110327043029e+02 9.386328618187454822e+02 2.646597340628886741e-02 -2.868916138322449502e-02
5.357630818130604666e+02 4.146214885916433559e+02 -5.314541847680386705e-03 -7.844234116847960403e-03
5.210831844572111322e+02 4.424138472782617555e+02 -1.719985073652135869e-03 -2.044379011552715196e-04
3.264310600888577483e+02 5.358171674104607973e+02 -2.743813802523375339e-03 -4.641960337083462368e-03
7.464132212139330704e+02 3.964453424577720853e+02 -5.177058478873750339e-04 -2.883970809896051831e-04
9.726897662687966886e+02 8.653608124424212065e+02 -1.738413495831429151e-02 1.823505437423051170e-02
9.971648156196539503e+02 2.487400282435919792e+02 -6.387392716569233186e-03 4.616968058042679977e-03
8.508309108470630235e+02 9.314428750266919224e+02 1.090243138094700677e-03 -8.902550527978963244e-04
6.302587339546305429e+02 3.842364377923320262e+02 3.388205547831729236e-03 4.162242019876570033e-03
8.159276609596410026e+02 3.631907080388555755e+02 -4.544707997396390566e-03 -8.450525401123272148e-03
8.576886808388645704e+02 1.101661328472430114e+03 6.048666729731110676e-04 -5.617979302765024798e-04
9.292354768334342907e+02 8.386591368686615624e+02 8.388786598883112445e-04 -2.427525219076469027e-03
1.156320428587600418e+03 2.341566525631392324e+02 -7.030229857613142647e-03 -1.738452595924569119e-02
6.031750165266560089e+02 4.341701963187331330e+02 1.066287235493750853e-02 9.166775036923206083e-03
3.275212046675875399e+02 1.069391747976779470e+03 -2.017214418319072389e-01 2.919389963976620206e-01
5.089243320636549583e+02 5.088869592650949585e+02 -1.719881255077311891e-02 1.979642191180166350e-02
5.451185469849984884e+02 4.070791502511440285e+02 -2.004434025688133728e-03 3.439693404213429832e-04
2.382713893076233092e+02 7.404246937964873041e+02 -1.707422891315943251e-03 -5.287395070789862109e-03
2.321927599295908351e+02 6.527308560829945918e+02 6.504261155299110274e-03 8.484306866444957934e-03
1.213336122822047173e+03 2.528568103195146080e+02 8.231192915582366543e-02 -5.188293229233713680e-03
5.444002032766261436e+02 4.752971779006221595e+02 -1.286887605267723542e-02 -4.959185544442667667e-03
2.585841530617196327e+02 5.664804182367880685e+02 -3.564622205801010885e-02 7.648609297367478521e-02
7.531494848294806843e+02 8.452158769091727208e+02 2.425549217922716590e-04 -2.146488549395162175e-04
9.773429468867277592e+02 8.455869349299676969e+02 2.787977099493525041e-03 3.078535294142255123e-03
5.458586786421622037e+02 4.821956398092053746e+02 -3.479455368962684758e-02 -2.784292974786464932e-03
1.164637270893151481e+03 1.458534102203049940e+02 -5.042318003634676388e-03 -2.316055007222440551e-03
3.211566139848762873e+02 5.294911220729800334e+02 -2.536547185373743372e-03 -7.203452876974597054e-03
3.143811346036874284e+02 4.711747659378189041e+02 1.312311448215144937e-03 7.797061978534868681e-03
8.880915052536741996e+02 8.735311695215980308e+02 3.250860988174227289e-03 1.495585917382301171e-02
9.329160605370963140e+02 8.664102753718739223e+02 -3.113663909515492021e-03 -2.679812099255412649e-03
1.168766363115237027e+03 2.006723514241049884e+02 2.015993463570645572e-01 -9.460898030884089260e-02
3.551681613495810552e+02 1.001206373600411666e+03 -6.746314234161299161e-02 2.942739875839217034e-01
2.741041700928316232e+02 5.972179660931096805e+02 -1.177600073368317152e-01 3.331151828747419552e-01
1.063906434736464007e+03 1.808509213490098659e+02 9.355309915443033031e-03 3.975118085988761651e-02
3.207951795832186122e+02 4.794825581782233144e+02 4.467297268612839827e-04 -2.781411450162450845e-04
9.711329860050858542e+02 8.311337195083198139e+02 -2.777953776804715277e-03 5.820696222605136784e-03
2.481195738083636115e+02 7.403733306759806965e+02 -1.264070007999637145e-03 -9.490712436241655753e-03
2.209874788660448246e+02 6.867385158282735347e+02 2.331816012916997343e-03 -1.379827328906181290e-03
5.061820458963765077e+02 4.433779882919728834e+02 1.489846615971591841e-02 -1.802856753849115673e-02
6.205843156388776833e+02 3.893908564207388849e+02 1.018946720628241820e-01 2.489345465667533730e-01
2.769548162569886927e+02 6.728625262623107801e+02 1.031304652627345643e-02 1.225504133921870992e-02
5.914515518301220709e+02 3.807218417676730269e+02 -9.876760074343277074e-02 1.352546213137388043e-01
6.117820130370819243e+02 4.278616564422767397e+02 -1.082496643755348487e-02 1.329669982145065092e-02
5.333016760550411846e+02 4.124621135455877834e+02 -2.544908045060405299e-03 -9.060524372023563353e-03
2.996725626340006556e+02 6.136303588292313407e+02 -3.015158106912770725e-03 -2.421302063388082286e-03
4.758270105144729314e+02 4.654952778134012874e+02 -4.861967206069818352e-03 -2.834595396188663123e-03
2.222386044181534146e+02 7.530227578044988377e+02 3.974451251485451326e-04 -5.665987538694673871e-03
2.626302268853127089e+02 5.425248064200422959e+02 -1.522912555014498959e-01 3.449933059149588588e-01
1.010945048248954436e+03 2.072649455536347887e+02 -2.705560966914802648e-03 2.155993743182949007e-02
1.221256954727564107e+03 2.567314701059899562e+02 8.374009438062730848e-02 9.440353970076738321e-02
3.712545562190967416e+02 1.068231263873967919e+03 9.044200283073119961e-02 2.297483935184064241e-01
3.383801886595203428e+02 1.089645267727614282e+03 8.050349581646001895e-02 3.313795583161357472e-01
5.682394935596761343e+02 4.301545975075867432e+02 2.352591332780347780e-03 -3.843617551308848527e-03
1.235667725310119977e+03 2.621684088502988743e+02 1.043747975852804023e-02 2.555205823174019203e-02
1.079571401236392148e+03 2.887647658113395437e+02 -4.065749298175964227e-02 -1.643707837275696360e-01
1.015559358256479982e+03 2.748975417824554484e+02 -1.073346640865872025e-02 5.412493685316623754e-03
1.973739289348692694e+02 5.509868116070516635e+02 -4.514033604637875952e-01 6.844946145619054678e-02
2.079020195395777648e+02 6.972938710313565025e+02 1.199987418237586723e-03 -9.273872803944841967e-03
5.475196135204629400e+02 4.095284460659678984e+02 -2.068213305823528563e-03 2.980698326348711884e-04
3.688269531672779067e+02 1.030060872086209883e+03 3.068328854897280911e-01 3.588970675234329777e-01
2.803373423208551003e+02 5.013166275856724496e+02 -2.153135732628988497e-02 2.581497184144802004e-01
3.562395429174071069e+02 1.042769591802667492e+03 6.545788061797588875e-02 3.322232880560243573e-01
1.227394807574981542e+03 1.493789420631315750e+02 -3.084739496579018219e-04 1.016588009167493931e-03
2.478882109502529545e+02 5.077180394694144638e+02 3.737535006305313205e-03 2.494966263207691690e-03
1.022772211617365087e+03 2.806654932543045788e+02 -6.423244607499372684e-03 6.417622328093771332e-03
1.133045798871850366e+03 3.192819585946533039e+02 5.278034479193358629e-03 -5.389523567251640335e-02
9.998149052865194335e+02 8.242337323476929214e+02 -2.101061331046425243e-02 -5.102851980324777346e-03
3.131752436836879383e+02 5.554162680241626049e+02 -1.203298334376491337e-03 -6.680840958036395397e-04
2.281650448701328173e+02 7.008209539909021260e+02 7.439677263188050789e-03 -1.174424258827137628e-02
3.789749747578352981e+02 1.099962804601671223e+03 9.634649203744877211e-02 3.216937290495515689e-01
2.965142493888115496e+02 5.689030593543834584e+02 5.022530219195917023e-02 -1.601631191491346973e-02
1.055899259627912897e+03 1.798466966923463417e+02 5.647387640008241783e-02 1.603560612565445992e-02
2.661380189770377456e+02 7.381998112357724722e+02 1.208651452052965022e-02 1.710729223128456059e-02
7.856374653127453485e+02 3.996501235641719063e+02 -9.888616249372267006e-04 -3.189935610204697181e-02
2.323317522783386551e+02 3.335568143430907639e+02 -1.174770226891155289e-01 -4.305155918590642394e-01
3.117698532015413093e+02 6.107695217035674204e+02 1.631660867103517862e-02 4.456082348080671156e-03
1.030359688574469828e+03 8.543997450962086759e+02 -2.745438409933154914e-03 -5.428294497019438584e-04
1.155368013314792506e+03 2.232523406763951641e+02 1.229827876340149895e-01 4.595305217135420284e-02
3.547471438496128258e+02 1.053623197317661834e+03 -4.528847885573065307e-02 3.627872304095404732e-01
2.550386995872580371e+02 6.417560412503581802e+02 1.132932419216554042e-02 -6.493900710679419109e-04
2.729936181508035133e+02 6.526728096838724014e+02 5.863774002253279577e-03 -4.162537091330326990e-03
1.209562024623708567e+03 2.199892504141939469e+02 -6.658875597050871280e-03 1.353942830771537667e-02
2.601623976039724653e+02 4.279602363147744200e+02 -2.631892595742824081e-02 -3.604553059085919831e-01
2.366264899273431297e+02 6.097613066427328476e+02 -1.661429810507824845e-01 2.516809674325677926e-01
5.897865427127679823e+02 4.515724160508581235e+02 -1.261478778817355824e-02 4.653256637824921410e-02
2.374486241356875666e+02 6.944401653663956040e+02 -3.733515330442388589e-04 3.007621193544332289e-03
3.110767291325125257e+02 1.058276678145859933e+03 9.834718008083050134e-02 3.634233315518837215e-01
2.679557571466173727e+02 6.309556671616193171e+02 -2.778845752230284846e-03 2.509952520420096530e-03
2.620299051148836043e+02 6.449754620781270660e+02 -4.736717323482079328e-03 4.076983995789737296e-03
3.161118695102923084e+02 1.051719709803388014e+03 6.236826382139936537e-02 3.683790062079091432e-01
1.208100171644531429e+03 2.085397958950255202e+02 1.453535884964745305e-03 -6.791020478798957989e-03
1.002677168241512618e+03 8.761715555472114829e+02 1.419968230815321034e-03 -3.842929058626594059e-04
2.666818968280573472e+02 7.158585246118186660e+02 4.634502544329752692e-03 9.252179208256211887e-03
5.944559160756419942e+02 4.852810934501504789e+02 1.274484939521433255e-02 3.612797118960608348e-03
2.640490390762574862e+02 7.252803941657352880e+02 6.842785710025599613e-03 -3.108065671898261120e-03
2.365423544409912608e+02 3.523427749447632777e+02 -1.188707527561462529e-01 -4.335226195654479642e-01
2.687643726571643015e+02 6.045473921278481839e+02 -9.634988448715545162e-02 3.580084173796514446e-01
1.268157590784035165e+03 3.946428690872439802e+02 -1.856151707688515756e-03 3.185221877208395131e-03
9.433761884626429719e+02 8.553580157149494880e+02 -3.851757498905093811e-03 1.330289582838169345e-03
2.541133619997418691e+02 6.863455296147825493e+02 -1.101216829358792277e-03 1.870027615417135564e-04
9.328561543929854452e+02 9.062085436220152133e+02 -1.041583299350277991e-02 -1.331409356334961082e-02
2.188093687201679813e+02 6.761687774198641137e+02 -3.404435067962633277e-03 1.103789906167521864e-03
1.240807203381605859e+03 2.767384858553374443e+02 2.616070609994746842e-03 -1.192398535978541133e-02
1.485247572744215745e+02 5.169402952864857070e+02 -5.343881872703670592e-03 -1.029770056041316197e-02
2.807550459088760704e+02 6.469601602923112296e+02 1.307597746146615079e-02 2.183201460768892030e-02
1.008411291165686407e+03 9.275310602904921780e+02 2.635511355555815688e-04 4.174242820717703533e-04
1.080876912547510756e+03 3.027011594737025462e+02 -2.708237524404268903e-01 -9.652052163537597207e-02
9.510483899774150132e+02 8.971160823939990223e+02 1.755325980377845166e-02 -1.362932823380137715e-02
2.336037746966591726e+02 6.762307414106975330e+02 -1.002058761741582687e-03 -8.660691385094957534e-03
2.520195054811416355e+02 6.717485360390461437e+02 3.804696165452347775e-03 -8.289630091730311803e-03
1.299597406750066739e+03 3.029657148556356674e+02 -4.693939714467104674e-03 -1.468398436823053523e-03
1.077627109907859676e+03 2.254284011225251447e+02 -1.044662139454183292e-02 -2.774439826301385720e-02
3.749561904030605888e+02 1.058080181123754073e+03 1.263183430421509768e-01 2.795713554221447850e-01
2.573068605451244366e+02 6.738737043842626235e+02 -3.398561958047454333e-03 -7.637520443157621349e-04
1.013221453972191966e+03 8.532581616318617534e+02 -4.883481204632120556e-03 -6.697020615765812831e-05
1.396098400244327138e+02 3.892598766161012236e+02 1.101386767985413099e-03 5.562638666681255298e-03
2.406076405196817518e+02 6.333954900743898406e+02 -4.708452528188281083e-02 1.170149894040709015e-02
2.815467215002312287e+02 4.901218821611831800e+02 1.604207017471809618e-02 2.697119935118187928e-01
1.092720624086408634e+03 2.803610486913355544e+02 -2.017037676090523701e-01 -1.706253879839717269e-01
2.956019141877824836e+02 5.630200901483347025e+02 1.123347491232105401e-02 -2.793825619895833751e-02
1.288989794856660865e+03 2.944388238548492609e+02 1.352421146912497971e-02 -2.498978137392365156e-02
2.284173296093720751e+02 3.359608239220171981e+02 -1.031675474472233539e-01 -4.198806908150829464e-01
2.558574741887159689e+02 4.188318280827754165e+02 -1.012376891243455673e-01 -2.854735025563522877e-01
2.523839909924413405e+02 6.312260165899107278e+02 -4.093044125135695752e-03 -5.501368866132475173e-03
4.410932981785313700e+02 1.087235113570929343e+03 1.325664840630557881e-02 5.786934669312457542e-03
2.478578496229858388e+02 3.882179961524286114e+02 -8.317866108789154223e-02 -3.732901998234859908e-01
5.235709655862526688e+02 4.676717013174211957e+02 -1.509523931406982905e-02 7.925702883455577538e-03
2.683894806689681332e+02 6.803251606495018677e+02 6.237387456896594830e-03 1.846111989946976756e-02
7.344427970305832787e+02 9.295275443615862514e+02 -7.153958209433803825e-03 -4.622204468837975803e-03
5.066420118944730007e+02 4.843139032428435939e+02 -4.328214249513657325e-02 -7.747431047744044764e-03
3.708977520150209557e+02 1.085842225009352887e+03 -2.168968638328702681e-02 3.441635500443640527e-01
2.300849455510563928e+02 7.378038058893163225e+02 -1.804765819138601235e-02 9.595976260328879098e-03
3.091700478141587496e+02 6.459593774565173590e+02 1.091381810689798226e-02 9.924592846449614703e-03
1.203724172252254448e+03 3.854687948425736863e+02 1.179619332315899605e-02 1.560756930907453155e-02
2.271817136161110682e+02 7.497339496309529068e+02 9.995970888859976797e-03 -6.950314685625043690e-03
1.043992096185358605e+03 1.652946328878552151e+02 9.950239886038976522e-02 -6.900183003904569734e-02
1.196815218140794059e+03 3.828592701499983946e+02 -6.911408517005316124e-03 6.879380841337366138e-03
2.793237755096870956e+02 4.547994277214299359e+02 6.320719442875641358e-02 2.327061369815657810e-01
3.678616695489245103e+02 1.062752800228940487e+03 1.410747446513814785e-01 3.031308931142350227e-01
9.260928606287093316e+02 8.885424016019566125e+02 2.561591867367163725e-02 -2.902375852856340852e-02
2.414576407884996456e+02 6.396983709015518116e+02 8.455363768064778907e-03 -1.374843365409664274e-03
2.983912593436414795e+02 5.443509070451248135e+02 2.712656613063192390e-01 8.355794384463159641e-02
1.860745041757731713e+02 5.511011682914013363e+02 -4.337984712128003517e-01 4.298965512173546361e-02
2.634061948763401801e+02 6.918040116123228245e+02 8.368609184398143400e-03 2.044830806706312079e-03
3.170217637262538233e+02 1.039817938681975875e+03 1.297612220310981890e-01 4.058187751678644095e-01
2.531926325139235985e+02 4.959152560725544276e+02 1.926078033716181661e-04 4.131957160369226700e-04
4.341449261425041186e+02 1.088792332822295066e+03 -4.239075823280396248e-03 -1.440273160256756550e-02
2.726526030559369360e+02 4.699066684368405049e+02 -1.112642978162935170e-02 -1.840935581809082788e-01
2.409101589739213978e+02 6.180250613269640780e+02 -1.834042899020404960e-01 6.471894971794692197e-02
2.409669986520935652e+02 6.281834711074648112e+02 -6.745238071971695892e-02 4.043907766905105450e-02
3.276038031424087080e+02 1.088594120941899519e+03 8.368417936661345924e-02 2.590094535537963982e-01
2.401675383521164235e+02 7.260755915081912235e+02 7.618200381430277656e-04 1.382652998931871956e-03
3.622435669180586615e+02 1.059693523213765729e+03 1.825135293907892697e-01 2.687245320288828010e-01
2.785608574873153316e+02 4.363043165081501797e+02 9.680350229630468872e-02 2.548919768027401722e-01
9.999856501245955087e+02 2.235479122251325634e+02 -9.891912263275017339e-03 6.010555838299374426e-02
1.259361771441786004e+03 3.190951437969138738e+02 1.774973372988946363e-01 2.382206145309276046e-01
2.652349841881174939e+02 4.663667739811194792e+02 -1.722501593049891727e-02 -1.928399885605223407e-01
1.016789697616725562e+03 2.638657053424249170e+02 -8.726125714205598682e-03 8.216590681825838155e-03
5.437630488220711413e+02 5.097807182919805769e+02 -7.731219813707515542e-02 9.629560022652315643e-02
2.438921903587171016e+02 6.861446455103742892e+02 1.023383434499781051e-02 -1.710593657233826226e-03
2.407931477962694942e+02 7.006017315166228627e+02 -1.389387194991474270e-02 1.083214106053881354e-02
2.553562609679093498e+02 6.177889306782100221e+02 -1.292525225512240472e-01 1.778909093899368743e-01
1.042946878331609014e+03 2.014020214667993400e+02 4.298611221982733682e-02 4.119125035488184830e-03
2.758223306751329460e+02 6.959247897112634291e+02 1.196849487206407643e-03 1.261013949873822544e-02
1.152776642870353498e+03 3.636855888560897938e+02 -1.103511017650042440e-02 -1.789306882352717162e-02
3.151500532672076815e+02 1.075887023597618509e+03 6.816962606054832730e-02 2.902515906180787586e-01
2.430876236933902419e+02 5.093378093324583915e+02 2.601635197250273118e-03 -2.077184624353308265e-02
2.637669593768754339e+02 4.606739749070709422e+02 3.355573533026911387e-02 -3.336483677443451978e-01
2.906386119544534949e+02 6.019907768731525266e+02 1.984992519408080441e-02 1.074671011901662775e-02
1.103205263524640259e+03 1.945156493008851442e+02 1.140756406473856510e-01 1.117702340240307041e-01
1.198375491850014896e+03 2.017952886915434192e+02 -7.472891112137412806e-02 5.676116542138016051e-03
2.778566361598604999e+02 5.309256600940317412e+02 -1.006230864158375454e-01 3.416956092516083010e-01
1.134231574244583953e+03 1.913938136243174313e+02 4.711405039147798825e-03 -1.951120767512743446e-03
1.029309172472278533e+03 2.661059063262083555e+02 -2.109316403979535990e-03 -1.322721273680545467e-03
1.174628849392499660e+03 2.201937581821060235e+02 2.785406559574442678e-02 -5.654366733295888847e-02
2.643158640569850490e+02 4.406679129310489316e+02 -2.294775617986877583e-02 -2.776959469919294543e-01
2.497470930747266777e+02 6.464448410257261912e+02 -4.314017699016966557e-03 3.428366381306002363e-03
1.179345346819093493e+03 3.585329102633626235e+02 8.333704511441922258e-02 5.105937793627442212e-02
2.497140378220389607e+02 6.026793656912591359e+02 -1.133150883629584771e-01 1.344543187987579935e-01
6.038334100698917837e+02 3.987422015042279213e+02 -2.198733044528269984e-03 -1.567844337991105251e-03
2.739388162710069423e+02 4.471195793224538875e+02 8.966408345408394265e-02 1.809967387237245984e-01
2.437460868838262229e+02 7.203394801712961453e+02 -1.029876584068337196e-03 -5.264026194259884862e-03
3.749001861986154154e+02 1.084489923781019115e+03 -6.133753516873115263e-02 3.131368284774151411e-01
8.650839051446058647e+02 1.102271700527636312e+03 2.161564660393268215e-03 -3.056856501256568121e-05
1.134797168185361897e+03 1.818453224285078420e+02 3.045769221964769388e-02 -5.970596955771072419e-03
2.899454591894668738e+02 6.142677060160975770e+02 2.053243722537159352e-02 2.788243561956683589e-02
2.130508929712724466e+02 7.548514182186689823e+02 6.378026490411045288e-03 -6.834901035055133273e-03
7.240935635698619990e+02 9.662778978756803099e+02 -8.332183261353576969e-04 -6.489546303141245512e-04
2.854987287093576924e+02 4.618413752494404889e+02 6.371253673600028866e-02 2.283583454318809103e-01
2.739987630798390228e+02 4.194365341571427166e+02 9.349788497428616896e-02 2.796188064009836327e-01
2.755463149922109096e+02 4.132557988684669112e+02 7.256683971770924724e-02 2.766437272501365841e-01
2.457456490898905770e+02 7.629305690815031085e+02 1.147640594833610958e-02 1.331745490683085287e-02
2.724454782528304122e+02 5.254762053066917815e+02 -9.428355302483822087e-02 3.060810868274407848e-01
5.620752276595389958e+02 4.937780782804787805e+02 1.043988635058888149e-02 3.982708114421310919e-04
2.601793779686787502e+02 6.534036801627470368e+02 -4.938703178389473132e-04 1.665422216335470541e-03
3.260913374496975052e+02 4.950621300265144669e+02 -1.229927682837425509e-03 -1.904655985897297718e-02
1.160936018276439199e+03 3.697852857459058669e+02 4.099474744747801797e-02 -5.721597170902486401e-02
2.913946151966636648e+02 5.015457966763809736e+02 2.108106255856048022e-02 3.122451778255336263e-01
6.789703253794940565e+02 1.023047381576726139e+03 4.030618623297112235e-02 -4.798493098509074017e-02
1.130223468383482668e+03 2.104877091671281732e+02 -1.562050149031804687e-04 -2.695890777002093661e-02
2.174904395708019536e+02 7.655735967426799107e+02 -3.953565544067302526e-03 -9.795512546466033157e-03
1.071372700336396747e+03 2.377020051982709106e+02 -2.546514300401852560e-01 -8.480630045353128310e-02
2.388120321963213826e+02 7.648668465235998610e+02 -1.818528849688950608e-02 -3.336908952625287222e-03
1.119847195896459652e+03 1.883264253878407715e+02 -4.387424069619051681e-02 7.543588223476144217e-02
1.181471173197388907e+03 2.115314769987679711e+02 -2.611407550355327335e-03 2.739313698976720852e-03
9.298910739158368415e+02 8.982638608949860100e+02 -2.635019902052225874e-02 -5.884071989264679989e-03
2.678616051252736270e+02 3.998115426322579538e+02 1.087428240482551656e-01 3.060236976087564176e-01
2.856708975060470266e+02 6.548582007819012460e+02 4.855485806036025087e-02 -7.028430480951138037e-02
1.167830827653617234e+03 3.414865544965924755e+02 1.570156904517896745e-01 2.822040891107129856e-01
1.170487524855790753e+03 2.339525198882480197e+02 -8.783420284893202895e-03 2.148446528480570973e-03
2.729965918340960798e+02 3.980347916601677412e+02 7.591643071293731337e-02 2.890845559969873468e-01
2.073906566750558511e+02 7.263267591247372366e+02 2.359689402896215839e-03 -1.542666063975354140e-03
6.814121350699953155e+02 1.017932788127439380e+03 1.429433396391785981e-02 -4.088304588947717227e-02
6.107343349417330955e+02 4.234929890013829663e+02 2.756383673100248118e-03 2.201361421173046382e-02
4.936091419796821924e+02 4.542427768127705008e+02 -1.397452551443485909e-03 -6.287993893769034878e-03
1.161630808730633362e+03 2.490373067180800319e+02 2.111464116068877822e-02 -3.911941071418686966e-02
7.498422126983372493e+01 3.196835536785532099e+02 3.033849271514470550e-02 3.560951553520912832e-02
5.772385129260675285e+02 3.934461431950921337e+02 -2.277426184184268027e-03 -9.773699225112104580e-03
5.204859731785285248e+02 4.251037013766930954e+02 -4.507145108179726732e-04 4.735193305425402371e-03
1.515943477289308703e+02 4.953058995366830004e+02 -2.303144965797629951e-01 -3.381635482830668282e-01
2.829977747376931916e+02 6.803435079908556418e+02 -3.914145047402409205e-03 -1.165200951302920555e-02
3.188100918259385708e+02 5.675488063397743872e+02 3.633511961003487150e-03 1.329073479866277156e-02
2.507130243012672395e+02 4.059445851978048836e+02 -6.783229105811679205e-02 -3.685468767306018800e-01
4.988829194580654303e+02 4.875305600502996981e+02 1.569030330757180056e-02 -4.460342424207983797e-02
1.182117120796918016e+03 3.707129113207796536e+02 9.002026860420444740e-04 -2.627716682187014336e-03
1.156871472529956236e+03 2.503253789845114170e+02 3.748515502730913329e-02 -3.337255610481147661e-02
2.675312612400736612e+02 6.470179938398390505e+02 -8.320992105397370664e-03 -8.069313578300694925e-04
2.832383552533858051e+02 4.711178302765729313e+02 4.706842389052747627e-02 2.492536291546793015e-01
1.028900047909970453e+03 2.120643221858538823e+02 -1.429459262372748118e-01 -2.601343876369630603e-01
2.934228186459355356e+02 5.975943844716192643e+02 -2.568621339833043749e-03 8.109939943759818595e-03
1.147432601555964311e+03 3.566810667952674407e+02 2.707112063077633801e-02 6.854884836416046123e-03
2.742806707249955593e+02 3.902776400866420659e+02 9.001108140421815174e-02 3.221713344547449398e-01
1.915454204989291327e+02 4.952930508534362843e+02 -1.748235563386597025e-01 -3.096580078004215753e-01
1.129329282624004463e+03 2.286473607236044359e+02 -9.267133900360895963e-04 5.074057317036513234e-03
1.037187553823857797e+03 2.828778039445511467e+02 -9.754052693772405011e-03 3.551359536896318836e-02
1.047677439603549374e+03 2.706324404305466373e+02 -2.696613959360637594e-02 -1.108894397210931776e-01
2.335661894767556248e+02 3.519785568239053646e+02 -1.152266719879281587e-01 -4.225737549206167176e-01
1.013071135575423455e+03 2.608743665686550912e+02 -3.010325990401562738e-03 1.364422541534019296e-04
2.818728013355417943e+02 4.646524089309280612e+02 6.432526076524608394e-02 2.044957717482061010e-01
5.071164186233290820e+02 4.528101827628123601e+02 -3.142742814845454757e-02 1.133525354005695054e-02
1.214193262217295569e+03 2.254899711108903659e+02 -3.271989510247042422e-03 1.227376290556365587e-02
7.434915748447091346e+02 9.632296173705758520e+02 -2.774220614072072690e-03 -1.451625777196280213e-03
1.660905930875975400e+02 5.488295395066890023e+02 -1.657483011093272840e-01 -1.832245113907046696e-01
1.480405628540767680e+02 5.029585422051758883e+02 -2.309492983245252928e-01 -3.235947449111093999e-01
2.305516167898222193e+02 7.750999762657879728e+02 2.203574455384485573e-03 -2.502479210232483493e-03
1.094018431362162801e+03 2.030347629944232040e+02 -9.795420273986105500e-03 2.642614981052341869e-02
1.994284371045912110e+02 5.085226563637178856e+02 2.381155858144422960e-03 -1.899659993470511742e-03
2.683186620694808084e+02 3.876904079415132287e+02 8.084439842882219784e-02 3.047355243965817473e-01
2.514332980085986833e+02 5.331999325997007873e+02 1.775079711204133326e-01 -3.389345150373993532e-01
1.020308078494492065e+03 8.676919806286583707e+02 -4.605664263273397639e-03 5.586970755873585208e-03
4.871434441504728738e+02 4.756439312139009417e+02 -8.944608732772710291e-03 1.561644029876426039e-02
2.995381096792959852e+02 6.542999943863646877e+02 5.013399100311861228e-03 -6.765986068123563740e-04
1.199993560672662852e+03 2.541358949233355418e+02 7.201285114681715838e-02 1.224660558823877608e-02
1.069609511395291065e+03 2.180367135854813512e+02 -1.070269002416533201e-02 -5.477016992594683012e-03
2.947281308356008935e+02 5.388926032060098805e+02 1.516551320691592597e-01 5.155624819175644302e-02
2.133835722742444432e+02 6.496131775076489703e+02 -1.444281161824485238e-01 2.783425847799095298e-01
5.379235499129595155e+02 4.263898923286758986e+02 8.720666613948026280e-03 1.401472233915948898e-02
1.107225725830062856e+03 2.273395959705622147e+02 -6.644668271094067392e-04 -6.235803307045597113e-03
3.461157068322897317e+02 1.050855698285756262e+03 5.762667461622095894e-02 3.964151501947936196e-01
1.125956550841746775e+03 1.459411908531610607e+02 -2.873168780407729314e-02 1.922544150459888287e-02
1.106161315108300641e+03 1.814535281311218569e+02 1.545340529753615362e-02 4.848557617747004805e-02
1.147562834625316782e+03 2.132438390206004044e+02 7.231138013276444676e-02 7.309712824237105111e-02
2.528816046308950547e+02 3.801812574799356526e+02 9.316430328303169917e-02 2.811471879245943661e-01
2.476308138889401675e+02 5.345818814898365190e+02 1.912094731454859198e-01 -3.328001356254493559e-01
2.488955404371121460e+02 6.908319459729792698e+02 -1.341254593669778845e-02 9.757728539335123671e-03
2.533585555337945721e+02 5.473480803559671131e+02 2.138813435980739530e-01 -3.450125634069615144e-01
5.478978259366488146e+02 4.585609404998313607e+02 -2.030303189824415877e-02 -2.636536596731833826e-02
2.557222728039010349e+02 7.461067983903886898e+02 8.690937738497786719e-04 2.060772667204723105e-03
1.035758115362278204e+03 2.414627054970951860e+02 -2.257085407270348898e-01 -2.467016907202232434e-01
1.184613009522959828e+03 1.696886261457579508e+02 5.079461722347206054e-02 2.639930212358234177e-02
2.192848004048285020e+02 5.583634145056181524e+02 5.057853247358320634e-03 -3.450398418562491409e-01
1.107493789665195663e+03 1.719231744536436111e+02 -3.589100220993390183e-02 6.628876171888713198e-02
1.124615114556100934e+03 1.945866571727631253e+02 4.126328203118654996e-03 1.800790331722876975e-02
1.236877698921815409e+03 3.457626776837418561e+02 5.088915237718443230e-01 1.098968097351031847e-01
1.138094489940234098e+03 3.920814127833576208e+02 -2.861538102784285179e-02 3.057062184473912855e-03
2.671392874532302812e+02 6.242791322010757540e+02 -5.603377626443538373e-02 1.990941469276810705e-01
2.462040890662435118e+02 5.452156942875138839e+02 2.046576300653870639e-01 -3.189388562117053683e-01
2.685928021726653583e+02 3.693775004791577317e+02 8.619124393793481387e-02 3.324035651765135380e-01
2.629471941458457422e+02 4.056164708859062102e+02 1.111353048687944156e-01 3.028933963643855032e-01
5.229029830227088951e+02 4.607336327203527162e+02 -9.312201811580691959e-04 4.450582674587959947e-03
1.057843153226858703e+03 3.024465997906668235e+02 3.015743251706784304e-03 -8.695292661194920295e-03
2.018835669284134156e+02 7.016425599380365838e+02 -1.756416837513325520e-04 -4.834547973562414516e-03
2.616939454514434829e+02 3.705487533095376307e+02 9.537833953333213488e-02 3.264244870149806133e-01
3.243891157049806111e+02 5.164218579428301155e+02 -4.867796229863154307e-03 5.468410298564353733e-03
1.036537430771684058e+03 2.992351062486908404e+02 1.944503373511672750e-03 1.374933333114248223e-02
1.105659070006016464e+03 1.555665163931028303e+02 -1.413357470571036667e-01 -1.599570295141636012e-01
2.322302194076633270e+02 6.293287319207080373e+02 -5.237792422394563913e-02 6.054534447961563287e-02
1.187464275188232932e+03 3.542966335991638971e+02 1.266249952211840300e-02 1.796471917373343996e-01
7.852852954857605710e+02 9.530051847460568979e+02 6.743510754354742169e-03 -1.267419622195233193e-02
1.111714431515024444e+03 2.229922398876510954e+02 -1.411436168742547653e-02 4.551118123992894948e-02
1.124743392790477628e+03 2.420145997448026094e+02 7.113050455855765564e-03 3.855648827539815467e-03
2.182532472048560237e+02 5.846899177769911375e+02 6.544991182592199697e-02 -2.623987144723564091e-01
1.223313924970055041e+03 3.271304775659978645e+02 3.755418884840859284e-01 1.214093937501139892e-01
7.137850888047324815e+02 4.215975763150098032e+02 3.797743471472410284e-03 1.521046496935527523e-03
7.693492405920750343e+02 9.562408602617642828e+02 4.736259392649288342e-04 -2.355502241889913251e-03
1.233187704965916282e+03 2.821864243470798783e+02 2.962621976625951577e-04 3.584383974766346538e-04
1.063182259045721139e+03 2.084453585378903995e+02 -1.274092583921988993e-02 -2.184933648847093689e-03
1.032310047273953842e+03 2.186671827258705605e+02 -2.308586394720953949e-01 -2.979387336652441487e-01
1.031185625393071177e+03 2.259477978782248329e+02 -1.853396028804789042e-01 -2.984871780448336009e-01
9.704732895578829357e+02 1.710766624405993923e+02 -2.871810501426915602e-02 -1.946249008654034329e-02
1.172000293954657309e+03 2.050909102149424825e+02 3.198292309569764937e-03 -9.650206603801295135e-02
1.004969810547036786e+03 2.281427179013988393e+02 -5.243981274403303888e-02 -4.764600403126957595e-02
2.328800370363757111e+02 6.111156800695872562e+02 -1.672912469849281436e-01 2.595447565922228139e-01
8.307660709715182179e+01 3.472162428692406024e+02 3.821852992425416300e-03 1.216845083943290245e-02
1.029634372255577318e+03 1.612332718358335910e+02 2.231043974780047914e-02 -4.134151310656063866e-02
1.370846691490668832e+02 3.906936141795428625e+02 -1.353829078716376703e-03 1.443563378146980446e-03
1.181338627274674764e+03 1.819719658106012901e+02 1.036153186286702527e-01 -4.139432080112266654e-02
5.541317654845099696e+02 4.834904264138378380e+02 -4.144313436959146807e-02 2.548511530402110259e-02
2.483372254196081599e+02 3.567718794294603981e+02 7.544082448777736372e-02 2.527105355894735395e-01
2.650742240105986980e+02 4.135557258836344658e+02 9.329368233322146708e-02 3.010765059039781089e-01
2.566602726586762628e+02 7.000520388419071196e+02 8.817476809588468620e-03 4.629362799613601608e-03
2.132143978365070041e+02 5.469790314626571899e+02 2.231961662550321912e-01 1.067227815488879517e-01
1.161315813580584518e+03 1.819970177241637543e+02 6.314502394260139428e-02 3.920948639001599519e-03
2.784171650111220515e+02 4.057934165095502408e+02 6.313103667664372864e-02 3.343790988463101188e-01
1.124877581478964430e+03 2.144121964028935281e+02 -1.283664133623433658e-02 4.007428485096167781e-02
2.109318228204504351e+02 5.869882300126288328e+02 8.509867908306864570e-02 -2.225328043817909884e-01
2.618121133675629721e+02 3.561867916915308001e+02 4.901479425868019574e-02 2.910645517855021680e-01
5.026719602617833971e+02 4.684733770975183234e+02 -1.408558205298223245e-02 3.090965505158678982e-03
2.383715973903370866e+02 5.404132975680805657e+02 2.472750171912454498e-01 -3.897178766880444734e-01
2.616433229607316662e+02 6.684405480121566825e+02 -7.723410983420637239e-05 -3.085156513591728530e-03
1.092652462200833952e+03 2.956017709589561946e+02 8.381133866810340505e-02 -1.635585698924576711e-02
3.186719034766872483e+02 5.189606755685113058e+02 -1.109214746451930292e-03 2.992585420036511512e-03
9.921238435112198886e+02 2.001829733028958742e+02 -1.233320363525925410e-02 3.973430107898742042e-03
2.404017818858953035e+02 7.102776346837950996e+02 -9.353036217471571902e-04 -4.675181222716340427e-06
4.080893793013517552e+02 1.076259971601111374e+03 3.299429691516238793e-03 7.795657370493110257e-03
2.274073007455376967e+02 5.868333890489527676e+02 2.195264424314493923e-01 -3.460312451292876790e-01
2.888710520905310659e+02 5.199691520996626650e+02 -5.338055806249026453e-02 3.364955354299935530e-01
1.139714585211341273e+03 1.886904619675414949e+02 9.945441430871971092e-03 1.967178837580601039e-02
2.006421274569445075e+02 5.272640940988902685e+02 1.285274848255089641e-01 1.309608680718552520e-01
2.201452175064294181e+02 7.166377500549857587e+02 1.867432260376974571e-03 3.142559045356014581e-03
1.176272019274536660e+03 3.726210248643773753e+02 -1.109368229023659398e-02 -6.312218529009585785e-03
2.560826036271676003e+02 3.566982322545005673e+02 7.983467414904435455e-02 3.005561225502519362e-01
1.063949320493417872e+03 3.112114744414873257e+02 -1.828746515856761665e-02 1.000567399243010164e-01
8.098407722090050243e+01 3.243541137727687556e+02 -5.786155911216683996e-03 -4.975657696536022953e-03
1.091138277274267239e+03 1.915327747206335687e+02 3.260250433294963057e-02 1.116251888213918159e-01
1.994916163887296250e+02 5.323517309384968712e+02 1.612119169266962027e-01 1.238323835448553734e-01
1.122342551238333044e+03 2.062812713550769672e+02 -1.466515426214431202e-03 -3.586346140995957249e-02
2.149785027099224806e+02 5.401283354007908883e+02 2.054260081486606604e-01 1.073641724627028421e-01
1.027035646447565568e+03 2.412130552827263159e+02 2.813442777582762268e-03 1.737217078663274347e-03
5.355840374640805521e+02 4.392625293830979558e+02 4.530673293152401478e-04 1.607948306719541795e-03
2.844048578065879838e+02 5.148174622258341060e+02 -5.644860468179961621e-02 3.452585918816374333e-01
1.197775972928197916e+03 2.294727027102711645e+02 -4.365774216590706525e-03 -2.012150758407462575e-03
1.078221067365075669e+03 3.018824214455826791e+02 -2.055193293607555927e-01 -9.110613396524847030e-02
2.338720428315918127e+02 5.686858444058715349e+02 2.529714154645125723e-01 -2.912023765172233047e-01
2.198653515675122776e+02 5.920262731801727796e+02 2.094550154967105560e-01 -2.884823266732891578e-01
1.068088319321847848e+03 1.973606340870558427e+02 -1.877089107958256238e-03 -7.998185231418339890e-04
2.740279289837329202e+02 5.496051876165101930e+02 -8.885299347293867944e-02 2.939822939383578970e-01
1.065127263981240276e+03 2.155998332639387058e+02 6.552123316855568667e-03 4.495580740214367987e-03
1.144579189106969807e+03 3.630960973647578385e+02 1.823201091702901511e-02 -1.757102493610768895e-02
2.119285144136904364e+02 6.462518108594040314e+02 -1.315463123603371476e-01 2.989848398179226208e-01
1.030896772319685624e+03 4.450938939958497826e+02 -4.367710074676675938e-05 8.996752906879541302e-04
1.113008281463754656e+03 2.391228508547410456e+02 7.689601504909102277e-03 -3.016405310873859747e-04
2.586614450889510408e+02 6.946474818764519341e+02 -1.802271103336257558e-03 -1.904979696429099940e-03
2.830871287772330334e+02 6.173304508868581024e+02 -1.555471609599194324e-02 -1.112804583585717128e-02
1.105482768410538483e+03 2.085349062335458825e+02 2.316488698388954187e-02 2.380448358595303182e-01
1.091541427562351146e+03 3.584805928545861207e+02 -3.557316003058878101e-02 1.648776733922675125e-02
2.294553219271861337e+02 7.185454880121089900e+02 -5.757064899141553851e-03 -4.934718289991726209e-03
1.966068683215884221e+02 6.906089042344501649e+02 1.529246787074476071e-03 -2.596004678053705477e-03
2.529881397744639173e+02 3.385885734102792526e+02 9.167524525089576493e-02 2.732997221361549434e-01
2.798192336345228455e+02 5.466157576380999217e+02 -8.344885002359396509e-02 2.787516562142782761e-01
1.126272794072003308e+03 3.710649436861622803e+02 5.953196098824372479e-02 4.177006070660685411e-02
2.183426370427064569e+02 7.229475720016600917e+02 1.014095470204333556e-02 4.114121431187656858e-03
3.090616949411283940e+02 1.043191936701851773e+03 1.240509097081036322e-01 4.192148190153274223e-01
5.285641382860007980e+02 4.389359767839821416e+02 -1.253756031090206592e-02 1.343032896377539809e-02
5.368524007329351662e+02 4.650914248630750194e+02 7.864227827253265565e-03 3.393006440182043653e-03
1.131638694489398404e+03 2.448600002901844164e+02 3.636995902549850033e-03 -4.217615723413730040e-03
1.296149258918605028e+03 3.214332215874788972e+02 -6.205022596122494120e-05 -2.055076449002316095e-03
1.117636293140288217e+03 3.190818193432684211e+02 -5.028725178266595097e-02 9.415767992919824025e-02
9.645016521338637858e+02 8.659340825479530395e+02 1.029374950239753637e-03 -3.230934767578552344e-03
2.435023533456935922e+02 3.383099737986013338e+02 7.021809830221674431e-02 2.277276373885458727e-01
2.591417955383901699e+02 3.338073450840284409e+02 5.715037659281014398e-02 2.405944766760135523e-01
2.649472414054545766e+02 4.806187306475292758e+02 7.547081452746241814e-02 -2.261685496134748508e-01
1.121246951018265236e+03 2.295621879658500575e+02 -2.287554490424617559e-02 -2.107220917377593608e-02
1.188681938132955793e+03 3.438297339462842501e+02 -3.925656915144638548e-01 -1.923932254179967216e-01
4.970740948882390171e+02 4.682645155626736937e+02 -4.200163762370923842e-02 2.381861293666602195e-02
5.000363813211150728e+02 4.857227688892792798e+02 5.771668616179372047e-03 8.127468933230600975e-03
1.012576186489562815e+03 2.503940263588636981e+02 7.887064031897825234e-02 2.984418833837690008e-02
2.568533375091332118e+02 3.855250313353099045e+02 7.022969908497868341e-02 3.110364713655961455e-01
1.079169453635125592e+03 1.796010124252080402e+02 9.140005268175015185e-02 1.017676072305666313e-01
1.109327751881362929e+03 2.129124706129299796e+02 4.619233671292022336e-02 4.156071336186439175e-02
1.213574611483726358e+03 3.289230545011596973e+02 4.083983052105440437e-01 1.412141942213580581e-01
1.168367800545069713e+03 3.071783458297175002e+02 3.259115821003370495e-01 1.871348677105452718e-01
1.105242183460350134e+03 3.024087550938901359e+02 1.145114658068603842e-04 -9.198340123877489158e-03
2.067141871201254730e+02 5.991030884872773186e+02 1.688660903004893798e-01 -2.529070926285601484e-01
1.926849128745406858e+02 6.989607401935669486e+02 -6.487523974516420065e-03 -9.524621401112091934e-03
5.986966656305006609e+02 3.874913635936630385e+02 -4.702673737765868112e-02 2.209880794950182942e-02
1.137651323040362286e+03 2.482825918886722150e+02 -4.155546077232195011e-03 1.361112287650688771e-02
5.719732647902868621e+02 4.099776647367404507e+02 -1.912207209530980209e-02 -1.252395156159376993e-02
1.235862353096513971e+03 1.322682310869919604e+02 -2.777418543437666643e-03 1.291537999926706910e-03
1.025812770166949576e+03 8.703276154777835245e+02 6.105283023575478786e-03 -9.169472442995176692e-03
3.617304284499901428e+02 1.086497760143477535e+03 1.146070560067063426e-01 3.025775755130024058e-01
5.418554506659247636e+02 4.709941926109071915e+02 2.401360517243426168e-02 1.322192263057111149e-02
2.191155510375354822e+02 7.761753085829576548e+02 5.247796161245445699e-03 -2.552186873807534701e-03
1.044092990173486214e+03 2.194046473983983105e+02 -2.356307005302909780e-03 6.540534414482419498e-03
2.448654114990895323e+02 3.222880660894155085e+02 5.568704609859905647e-02 1.975974716429561295e-01
1.094779016122568464e+03 1.613237556372113772e+02 -4.194799374324634580e-03 2.712587092796154772e-02
1.308150285970250252e+03 3.452637253521742764e+02 3.017153667392021288e-01 -4.769388280592781054e-02
1.896091729612579115e+02 5.242584813212130257e+02 1.221539089562801716e-01 3.093256558999485928e-01
2.150622172653704069e+02 7.214687844871912148e+02 3.421173539991421812e-03 1.345813769546003917e-03
1.282298268668422168e+02 4.468723628630127678e+02 1.502372771626786507e-01 2.447166009488302429e-01
1.171088281337796843e+03 2.531742652674803367e+02 -5.792577825649468208e-03 6.698523243172341268e-03
1.272602434879167049e+03 2.982775706019991730e+02 6.126481924821286854e-03 -2.936249159987899381e-03
9.777502920289900885e+02 8.528271516085885651e+02 7.513573165826105404e-03 3.582479537424948686e-03
3.335406283472264590e+02 1.013787345877839584e+03 -1.275169814911320532e-01 3.457357920435584764e-01
9.950607306247998167e+02 1.858820379279452197e+02 -1.663615350506339741e-01 -3.113169800351780481e-01
1.049724508892000586e+03 2.278992355275702550e+02 2.769335081640999369e-02 -1.011663069192452087e-02
1.190668070867879806e+03 1.916957927892737814e+02 -3.889327912904065598e-02 3.721610026502955582e-02
1.072878431090448203e+03 2.296431529569324539e+02 -2.100504261650685406e-02 4.772061557504922447e-02
1.120432582546593721e+03 2.373429702884164954e+02 7.042985275377011863e-03 -1.407483440242188362e-02
1.138168730434377267e+03 3.175341893933734241e+02 -2.151068625146601229e-02 -1.109558163922325646e-01
2.716024320144852027e+02 5.854770760187329870e+02 6.375177413237209656e-02 -5.785641618387563773e-02
3.323476785059243639e+02 1.085845113073542507e+03 9.654584847243311008e-02 3.204582186855788883e-01
1.241400617331088370e+03 3.581474454359062634e+02 -3.671877764709144398e-01 -6.198982503278075568e-02
5.157220666950938721e+02 4.747736027995647419e+02 9.750300297231535114e-05 -2.316980332384693721e-03
2.715718723362473952e+02 5.775137312864417254e+02 3.436787549820578130e-02 -2.387751531962564386e-02
2.002596721161282005e+02 6.026585618984498751e+02 1.609982765288135997e-01 -1.436116311811076185e-01
2.763628083495947294e+02 5.089491649632406052e+02 -2.879892243893637099e-02 2.795003081917013521e-01
1.205720168297347300e+03 2.791863069730139273e+02 1.014618684218413164e-03 1.308502286212504884e-03
2.112583460051620534e+02 6.594746585567727379e+02 -5.719384448508323116e-02 2.723563625298687230e-01
7.560620571249063460e+02 4.506792044318541457e+02 1.470748384624404881e-01 1.199703318884609571e-01
3.562717939477937534e+02 1.088981378389478778e+03 1.195031660534673773e-01 3.097071231150804738e-01
1.090795346838087653e+03 1.879079742348070283e+02 5.882707525254565750e-02 -1.335732185213726608e-01
9.182632986230008783e+02 1.102623245643807422e+03 2.912967911087623995e-04 -3.814233678976151334e-04
1.081018014194570014e+03 1.899686222480220863e+02 -3.510943644725179370e-03 1.470072204398601996e-03
1.098395188362254203e+03 2.287904518456724361e+02 -6.385313259436383338e-05 -1.081812020558678700e-01
1.028525805891801610e+03 1.902144984715803275e+02 1.129657068649480949e-02 3.328677403518531114e-02
2.373244306758527387e+02 6.839479298625760748e+02 -5.526850567993997140e-03 1.920571610420359699e-03
2.377914439984104433e+02 5.809617680858962103e+02 3.413358062574239349e-01 -5.583815184000439080e-01
2.551906089199823100e+02 7.091377495307301615e+02 8.511619510784385056e-03 7.009135810106965339e-04
1.227315069543114305e+03 2.615756448726543226e+02 6.124541115451338780e-02 -3.285006369822492112e-02
1.173348201308475382e+03 3.497738647297011880e+02 1.767473628949619013e-01 3.312346248201957777e-01
2.630298185870619818e+02 7.075035958454775482e+02 1.160195593240474689e-03 1.019052561123812324e-02
3.666765113359218731e+02 1.072241499676121748e+03 9.595410137694501684e-02 2.598994722717306027e-01
1.018422442208020016e+03 1.764576295808923874e+02 9.441566888792726764e-02 6.942729129727213955e-02
1.999959141510025518e+02 6.676685369945216735e+02 -9.787929956788003760e-02 1.899653309744589180e-01
3.214841629080951861e+02 1.073793604729906292e+03 6.510119547065884582e-02 2.787840926586710455e-01
1.109933425219831179e+03 1.780829272892786719e+02 -1.956916994509531882e-02 1.567241967315774476e-02
1.986177196867816690e+02 6.205979883247980524e+02 1.124174449606864523e-01 -2.626026161398327119e-01
5.583619128977863966e+02 4.116598274493718463e+02 -6.982632741129587506e-04 -1.072641884995519969e-02
1.140732993679568835e+03 2.008607021783659548e+02 -2.678340805491328559e-03 4.072087029334789388e-02
1.029135005418052970e+03 1.776803676548005910e+02 -1.507668658632610459e-03 1.336026394991764914e-03
1.033702079379899487e+03 2.783418958193097410e+02 -1.419465020801971393e-02 3.385886257696187063e-02
1.844462486278821416e+02 5.061674181546137561e+02 1.190869367001487766e-01 3.138185379953124521e-01
5.913347261343540140e+02 4.785469459354478090e+02 -5.635344705602070292e-03 -1.097313511353951304e-02
1.014356053535847536e+03 1.655098495220246377e+02 -7.310125333984021645e-02 3.414342772377425977e-02
1.190863567992415938e+03 2.503089412419881512e+02 1.153800327862278740e-03 3.160914948157335543e-03
3.095842855363555941e+02 6.184411213414646227e+02 -4.092945879256374049e-03 -6.996036529665499576e-03
2.433635207016504012e+02 3.456742059330834422e+02 6.819699515948131341e-02 2.408063648866440309e-01
8.113384953864227782e+02 3.712705090992224655e+02 -5.709574464257420948e-03 -4.407298904923344189e-03
4.919564883457985616e+02 4.825097980501416259e+02 2.014215775112474828e-03 9.196477334614995211e-03
1.068636655760035183e+03 2.728026207829299210e+02 -6.684538692603733678e-02 -2.712060299885006298e-01
2.770044060480433927e+02 4.642854161812193183e+02 7.339504010303642134e-02 1.946990534227441005e-01
1.160856364360218322e+03 2.574359144736085341e+02 4.672470379343601418e-03 1.432661719553748013e-02
5.609205879967262263e+02 3.923256793287369533e+02 -5.230596591952171859e-03 -2.074255732600249758e-02
1.899239455746760825e+02 6.155773556391892498e+02 1.051144778045456224e-01 -2.587323277508281616e-01
1.051616389326122089e+03 2.996497877273317272e+02 5.192572095630017259e-03 -3.279824965520922089e-03
2.658196439880944126e+02 4.205091994399282385e+02 9.015201143272248696e-02 2.764452313936382466e-01
1.139739355883959433e+03 2.241950771274353258e+02 1.059103507242467185e-01 -1.217545167393469935e-01
1.722436023365723372e+02 5.470336850787356298e+02 -1.589796575649522758e-01 -1.515496519439722967e-01
5.588516918667797881e+02 3.980030026210764049e+02 -1.046467812734410384e-02 3.426185004761941877e-02
4.977480379012781668e+02 4.585312491577377045e+02 6.395621469576186734e-03 3.947484948043037539e-03
1.673106175543236418e+02 4.929908495289144525e+02 1.329349660134920563e-01 1.902351657413801911e-01
2.216814988192457179e+02 7.692427002727541776e+02 9.221748362016128978e-03 1.113325025293720891e-04
2.661314817611601597e+02 6.874230623408742531e+02 1.857191376973445305e-03 1.410013570518395438e-02
1.164851651598678473e+02 4.407182452867976394e+02 1.327327311625868256e-01 2.652349975176555019e-01
4.843522744879563788e+02 4.452878624849572589e+02 1.858929931287804996e-02 -4.033322112226840617e-02
5.117022483027516273e+02 5.055939455887235567e+02 -6.156946977889314609e-03 1.216891018201364874e-02
1.048563930129777418e+03 2.091125726579610102e+02 -1.109653514781216814e-02 3.692237425854254240e-02
1.204608864264612748e+03 3.063520242649695433e+02 4.274366141676317343e-01 2.445479159797931124e-01
1.129423725342954867e+03 1.913396509148039399e+02 3.214303148975022201e-02 -3.675231187471277722e-02
2.187689470505580971e+02 7.004571320996942632e+02 2.305951560507813261e-02 2.396360109244457387e-02
2.700440102485008538e+02 6.917562843919446323e+02 3.376328105340383606e-03 1.406649582760776535e-03
2.346179435848140145e+02 6.430112012987060552e+02 1.982703824240185028e-02 1.912022811663996111e-02
7.171322910127946670e+02 4.759631315032035559e+02 6.867104092407316784e-04 4.834580636166846412e-03
1.172905619535297774e+03 2.439793460859719971e+02 -1.295228608767339971e-03 2.450757768989990371e-02
1.130059201616796599e+03 2.142272028162749677e+02 -1.329059385752230649e-01 -1.117299237730152300e-01
1.183251280345612486e+03 3.344650798811073855e+02 -3.646461343446367187e-01 -2.196359066347387812e-01
1.188003781182898365e+03 2.068823686867090714e+02 4.172703935695932891e-03 -5.914930848605297678e-03
5.298261213011415975e+02 4.507621293522307155e+02 3.922339918847341476e-03 -7.301036631453357761e-05
1.173383182313541283e+03 2.108725781370287962e+02 8.888565577542455014e-04 -4.661480639864555402e-03
1.179565793242264363e+03 2.247756707243148355e+02 -5.066455200295368055e-02 9.851931778888625701e-02
1.305624109764500247e+02 4.403884490162087673e+02 2.891980909292357071e-01 2.962831924252343208e-01
1.029767795365225311e+03 2.463589310062133961e+02 1.203440585924801147e-03 -5.290525411599520875e-03
1.392941570332948515e+02 3.994778505751469311e+02 2.213925960599607071e-03 2.292430993949469420e-03
4.672379972934160151e+02 4.545506854588541046e+02 2.413077012582192857e-02 -1.143740663719868336e-02
1.084257480404660100e+03 1.624822033412785061e+02 3.417401088835805845e-01 5.693787587478843504e-02
1.189023070666974263e+03 1.762173944635898977e+02 -3.767482389423210815e-02 -5.261087876729957091e-02
2.731558464552734335e+02 6.230615662951137210e+02 5.648827196792619021e-03 4.660811356329489299e-03
1.177885190148150741e+03 1.874028862786959166e+02 1.110803156817883053e-01 -6.205267526979838660e-02
6.053880047519405707e+02 3.869773198565002872e+02 -7.100909307235618757e-03 8.632358564601403522e-03
1.039589355704647687e+03 1.883127895502505282e+02 4.228928273599018295e-02 -1.693214526538031062e-02
1.246400372108052579e+03 2.880714054581904975e+02 -3.886741345964690904e-03 -6.044173491773688518e-03
3.037793706048463491e+02 4.143228284798067307e+02 -1.800507441049779486e-02 -1.619981926120200172e-02
1.940868093511164716e+02 3.193960852105000185e+02 1.480553995417762227e-03 5.364367616345807601e-04
1.154683974403220418e+03 2.264298647402598021e+02 -6.950766713631632669e-03 -1.114595350708687781e-02
1.233313076186511125e+03 2.530986058694004157e+02 1.515257546711118800e-02 2.101478065847423374e-02
1.201936818284726087e+03 2.256874592517756071e+02 -4.112620937573720041e-03 6.335414587556926873e-03
2.191093517998722575e+02 7.447597032588387265e+02 -1.194561054485571670e-02 8.091853920286376164e-03
2.794184239026844239e+02 4.111279445041213876e+02 6.727990681171895637e-02 2.941962439559521192e-01
7.844842162380724631e+02 9.347763494423564907e+02 -6.029250627909732430e-02 -7.590495046170134263e-02
1.922814874368534959e+02 6.344541498608999746e+02 1.341428630688656365e-01 -2.785675383488898649e-01
2.348591417182930172e+02 3.191483383514402590e+02 3.442745679949218290e-02 2.508302212228158967e-01
1.036936733658595585e+03 1.981229023763673638e+02 5.557029865838620381e-02 -1.223284929226053919e-02
3.352556101920588389e+02 1.065244798173238905e+03 1.124596191627464797e-01 3.878979980522802573e-01
5.462733879943573356e+02 4.914332594551349302e+02 -2.032221951336155366e-02 4.332470081727907152e-03
2.476722106884597565e+02 7.310723304746925351e+02 -3.862744439164971844e-04 -4.850013795868001083e-03
1.033848473269024453e+03 1.757245693704357166e+02 -4.825820087414794957e-02 1.528836423429560292e-03
1.181250850817831633e+03 2.576730274705685702e+02 4.617571872145054962e-03 -1.230626439934280267e-02
1.096477693129018689e+03 2.760765828658838927e+02 2.833110894499791810e-01 9.946899731363806341e-02
1.158841971772324314e+03 1.938168200251755593e+02 6.112178226777655737e-02 1.916028919066479694e-02
1.307560813080096295e+03 3.667725443176331055e+02 3.391893322300512225e-03 -5.335254705801573648e-03
1.183311211044295419e+02 4.566990763814250158e+02 1.220402478375195027e-01 2.861999455929805647e-01
5.106849733253055774e+02 4.920301698073694752e+02 -1.012238127143435563e-02 -5.944195923669118829e-03
1.171054709630911702e+03 2.265050249353039646e+02 -5.828362623990470531e-03 -1.736266368829419407e-04
1.007714174257590571e+03 2.559418769488127623e+02 2.251608616208254643e-02 2.694204532307324998e-02
2.907932858476704041e+02 4.504908685916896047e+02 5.100869468051953681e-02 2.369681288027457866e-01
1.033737502133369844e+03 1.990157075425975677e+02 1.830080195385903538e-02 -6.591831323649088685e-03
9.905845012354085384e+02 2.288293543394057110e+02 -3.675870009154209861e-02 4.812717358087681245e-03
1.181274456362506498e+03 2.038544646527015232e+02 -8.053646229473087476e-03 -3.988014204984580320e-03
1.721378960441602999e+02 5.079950772162533781e+02 1.934202160009313443e-01 2.721825712658070828e-01
5.351723479816386089e+02 4.251452402054584354e+02 2.446970988188252455e-02 -4.815672795754254165e-02
1.997169267314765193e+02 5.812705263480669373e+02 8.289681592622591411e-02 -1.207533451323699741e-01
1.841106565942255031e+02 6.269551690196252594e+02 7.584336882738584862e-02 -3.032811098314984743e-01
1.185786361166320376e+03 1.728683598294223600e+02 3.511799325378771319e-02 -8.505784007603850450e-02
6.062716134719179308e+02 4.076136625875242316e+02 1.372314086824508866e-02 -1.185159121628173544e-02
1.144563971837721283e+03 2.622354288731741008e+02 -9.257270273760341561e-02 1.007086402138576003e-02
2.323056904809842820e+02 5.421520046778128972e+02 2.140404746729184515e-01 -3.860000752466733465e-01
1.142195068897512783e+03 1.926838886004922529e+02 -7.098444607132781137e-02 1.414033041124563850e-01
1.050096173844948453e+03 2.820517824462466479e+02 5.773574831649360339e-04 -1.570644093045151304e-02
1.170874217587600924e+03 3.023259387316271045e+02 3.414953695423719182e-01 1.663878169356621528e-01
2.587034245839379309e+02 7.171230487564270106e+02 6.667596138229327750e-03 -7.412152721203710444e-03
2.249413595925694835e+02 7.427387010356603696e+02 -8.578880882666528943e-03 2.299710716762698622e-03
1.256000925158894233e+03 3.016950063909908977e+02 7.068073043741777799e-03 -7.311158765212347373e-03
1.149060952409858601e+03 2.944658858740731944e+02 3.765118925558239571e-01 2.249724774141373396e-01
9.722136026264973907e+02 8.634486537701565112e+02 -6.212999237607479998e-03 -4.395074275076164654e-03
4.114803750822071038e+02 1.083923852859128601e+03 1.464954731171748924e-02 5.547029447320204944e-04
1.102752714885895557e+03 2.179079341642342342e+02 4.923263432002565609e-02 3.160876730159165732e-02
1.014542241422151392e+03 2.372603403723960298e+02 4.830180407211790566e-02 -1.315441163337490171e-01
1.134278889469741443e+03 2.604480844244742457e+02 4.840376060051962068e-03 -9.904919097604242273e-03
4.920284380417409125e+02 4.485890630230971396e+02 2.808969658972735022e-04 1.154837904068798477e-03
2.909804732269667511e+02 6.511776233320171059e+02 4.652136115527045340e-02 -1.964677180413076929e-01
2.514822750170490622e+02 4.233560647168027344e+02 -1.405816881536885166e-01 -3.691895612474418997e-01
1.022335233300887694e+03 1.842070920115057504e+02 1.285351506502179116e-02 5.543745191864427047e-02
1.079665040690763590e+03 2.153801206967279427e+02 1.092681737875850559e-02 8.242440110474143905e-03
1.325114997284878655e+03 3.323321801145673362e+02 3.308132307430995400e-01 -3.579268461198943652e-02
9.271672915864850211e+02 9.058701781674606082e+02 -2.196777612957092479e-02 9.728824239278194980e-03
2.432656838783092326e+02 3.089636673419125827e+02 4.108060103916080785e-02 2.339049245061713689e-01
1.144615753226929201e+03 3.169798511203968587e+02 -4.652452602231349488e-02 -1.174418236084964207e-01
1.013928247953571372e+03 2.120388914586743283e+02 -3.370830280716525552e-03 1.037710289339477121e-01
1.914341137549359928e+02 6.511792473295835180e+02 1.447014158856214927e-01 -2.622242449249498342e-01
2.624691194030698966e+02 7.381597524121496008e+02 3.084500265423861277e-03 5.778471127233652139e-05
1.155082798185345155e+03 1.465048708350828690e+02 4.797269703039330063e-02 -7.576615082877295737e-02
1.005360156498673973e+03 2.227178870159672499e+02 -1.875384778700544264e-01 1.539267802411629638e-01
1.088491237365072720e+03 2.602250621968679525e+02 2.955412900971586265e-01 1.917304959350036309e-01
3.115257859098430231e+02 5.517818215577123055e+02 -1.368851395248526191e-02 8.692899793759277516e-03
7.926590920775632867e+02 3.937946226606630944e+02 -1.005330884140676062e-05 -1.573810786535053373e-03
1.717398134174136715e+02 4.861299636744192867e+02 2.014684629205165944e-01 2.486771922315275385e-01
1.064362245050241427e+03 2.274242068726523485e+02 -9.949989683991589118e-02 -1.466637524674703763e-01
1.047473322966624664e+03 2.761888136111018639e+02 2.520272527369528046e-02 -9.343217595798158914e-02
1.160975975218542999e+03 2.358995081507337090e+02 -2.671471985835354238e-02 4.853850595342969199e-02
1.176992049115699501e+03 2.507101988987801633e+02 -3.542747488113182769e-02 5.732373889827613311e-03
1.049901431642931357e+03 1.839210467550432213e+02 -2.915409382989827408e-02 -1.932362629653847086e-02
2.601279395256279940e+02 7.542278599611452137e+02 1.626578566178154411e-02 -1.587101682446245832e-03
5.162281846968088530e+02 4.273060508691817745e+02 2.406814597121777546e-03 -7.852305564455762041e-03
1.141147176583107012e+03 2.449701017466304904e+02 2.445638889551909195e-02 -4.730040830418596326e-02
3.970931593125856693e+02 1.083328521231561808e+03 1.295504005308545925e-01 -8.972487839652163247e-03
1.049260742755465543e+02 3.985266988035828604e+02 2.206101596951392796e-01 2.606233638633901895e-01
5.741255405641769585e+02 4.972913770588364741e+02 -6.885389852862593141e-02 7.356717520862433857e-02
1.114964478923680417e+03 1.609199412359793371e+02 -3.266224071491511532e-02 -1.715886035099098428e-01
1.124448904492580141e+03 1.827718405491717704e+02 1.075560578750664117e-02 -1.039830285238098513e-02
1.064057823682359640e+03 1.975742921631185993e+02 -1.799763255577399232e-02 3.589002007452738591e-02
1.046597876314924633e+03 2.365102349069979084e+02 -3.457458047144582047e-01 -1.531743016314760231e-01
1.093350079467103114e+03 2.410305135490309567e+02 -7.227170705285905624e-04 -6.537463563258175646e-03
1.136590828198790177e+03 2.188789770492272169e+02 -2.002119775729422069e-01 -1.357769390034897251e-02
8.913100835369166361e+02 9.329217882316813757e+02 -4.032594346483620029e-04 3.363088808388933130e-04
2.555773300852640091e+02 3.494618447733545850e+02 1.064684244936033447e-01 2.741275201148896112e-01
1.260723348555633720e+03 3.935052957104041411e+02 4.483383721985360892e-03 -1.811144049213453400e-03
1.215029032022970341e+03 2.645626444769026193e+02 1.696677039970937717e-01 -9.693437344316391258e-02
1.252775428727564076e+03 2.773037582704318424e+02 8.772991566955304354e-02 -1.591267108537998132e-01
5.738421281620770742e+02 4.964828442113883398e+02 1.444123236643797895e-02 2.293566505031797986e-02
1.186816860709712046e+03 1.871120448818822695e+02 2.549115557736461937e-02 -6.107531200561847756e-02
5.933703630261674107e+02 4.147884217219169045e+02 -2.849216369501470295e-02 -4.586160078801308077e-02
7.016491142070676688e+02 4.386496246290153067e+02 -7.614685059116674390e-04 -6.532303110220665648e-03
2.425648207171618651e+02 6.035079820578048384e+02 -2.231607158414743164e-02 2.862198812641342793e-01
1.048362539863381926e+03 2.420435809901645428e+02 -3.327845832997595177e-01 -1.159314776486194548e-01
1.072177613994249441e+03 2.941700872335343888e+02 -1.902622105953745641e-03 -1.289963109563045107e-01
1.147659681507035657e+03 2.637235196751092303e+02 -3.084582136335377311e-02 9.065165104057622270e-02
1.229013696968438353e+03 2.462133912907289641e+02 7.237401324999609420e-02 3.388639376394848857e-02
1.215428824298789323e+03 2.851243532033086012e+02 -6.928137006882933990e-02 5.521178559090231253e-02
2.307631160040330087e+02 3.037158819801552454e+02 1.737183590691009777e-02 2.784148644242883663e-01
2.729603126420747117e+02 3.772897688354833008e+02 7.092983905510075182e-02 3.346040369269769887e-01
1.025032599266214675e+03 2.606316997563109226e+02 -1.387507189341314652e-02 8.375039690502823677e-04
1.253473190838335086e+03 3.035054130663851879e+02 -5.317433770057634727e-03 6.229052522056412189e-02
2.297942050745149345e+02 5.615329696734721665e+02 1.179954100941047884e-01 -3.223623342040489725e-01
2.502393948578478273e+02 7.154814314949231857e+02 -4.579987112300173599e-04 1.857552908876530101e-02
2.399426236391670102e+02 3.324169389283775899e+02 9.499841446910117781e-02 2.074749246447436801e-01
2.605741777170263163e+02 6.185867645034902580e+02 -1.302433108571321441e-01 8.277409582359733509e-02
4.641009669389234205e+02 4.561019798082131729e+02 -3.390548136284441370e-03 -5.368260088467175992e-03
1.070686893836617855e+03 3.403007888557792739e+02 -1.843790328160700362e-02 -8.381828014267846128e-02
1.192607863013874066e+03 3.279614279835828370e+02 3.474839307503780894e-01 3.268434420803745799e-01
9.510887800404793779e+02 8.927805352847288987e+02 6.646666775633006119e-02 -2.827428014464861486e-03
2.901906758141234377e+02 4.902923429993613809e+02 -5.245395600320040992e-03 3.141805605403424351e-01
1.147054506888000788e+03 2.212851668217984695e+02 -3.785697770398576550e-02 2.789383659114472169e-02
3.255197278925751903e+02 1.095842355681544859e+03 2.219353672462652249e-01 2.509152291005865565e-01
5.888915354994564950e+02 3.877663262630164240e+02 -6.757752998932523014e-02 1.674017713317918210e-01
1.076575234402848537e+03 1.548116771756165804e+02 8.589319985937683699e-03 4.978861260393652871e-02
1.009033049516932238e+03 2.011786333395093322e+02 3.209750274500193512e-02 8.114592476644459651e-02
1.045795592942260328e+03 2.593634326468514359e+02 -3.934235149138151644e-01 6.949264909115852873e-02
1.017483304453812366e+03 2.084392733593500111e+02 -5.904170632431202104e-02 -2.529485927970018255e-01
1.036886777807711269e+03 2.375796148574159758e+02 -2.653029728929796605e-01 -3.007650594337953343e-01
1.062607231821163623e+03 2.852442856788105701e+02 -1.235430767958563963e-01 -2.859723419168467284e-01
1.925093269200152406e+02 5.839410700646600390e+02 -1.221487879077617390e-02 -1.426489833820173726e-02
1.021046196082707297e+03 1.621349853222643560e+02 -2.098424920914762279e-02 2.664499389111153402e-02
2.481975485831629271e+02 2.948828962183812337e+02 -7.280788918365033169e-03 2.790630810242801865e-02
2.400154362021192469e+02 3.692619764189217335e+02 -1.188897668739170438e-01 -4.109877912297278946e-01
1.070456580363798139e+03 1.570200512359574248e+02 -3.959723673027638891e-02 9.911953163676673340e-02
1.093213717771188385e+03 1.754116085520592208e+02 4.483445469221384802e-03 -8.531090261884656962e-06
1.015850052798691422e+03 2.317849736304520150e+02 -1.138643855625093987e-02 -7.334749540625469522e-03
1.165646102249957721e+03 2.206944807654483043e+02 -5.436195101399390189e-03 -1.823073236776594566e-02
1.914534453345078475e+02 6.595809737744564245e+02 1.862287872746421491e-01 -2.810028526644284819e-01
3.858134389653937433e+02 1.095104424735455268e+03 9.603986705551145753e-02 2.940189294583666069e-01
1.856921889186312171e+02 6.467436591204185561e+02 1.433695142128982580e-01 -2.588783597609989329e-01
2.388421404996601893e+02 3.060812605879434045e+02 2.295039949272082574e-02 2.535302750650141879e-01
1.149067899083383963e+03 2.280483083600574332e+02 -3.535971839702748559e-02 1.056128493825303216e-01
9.306966777969270197e+02 8.818515462682477164e+02 -1.343035967162601761e-03 -6.376314338798785841e-02
1.145307192391451508e+03 2.790801475341592095e+02 4.927631794338606652e-01 2.547168408268798978e-01
1.061647300154907271e+03 1.889283593946328210e+02 1.090237051550650184e-02 -7.150488919006724176e-02
1.091061887076539278e+03 2.225996426784788014e+02 -7.800630605128685245e-03 -2.619081136541112631e-01
3.692480674657750797e+02 1.045859953702552502e+03 -3.871222738481369663e-02 4.152718806799323148e-01
1.165020796711022513e+03 2.302363713356562016e+02 -1.816478356153715390e-02 -3.361487918525243868e-02
2.524274653320366042e+02 5.599814405040702923e+02 2.146956122206431228e-01 -3.229235201090148166e-01
2.562760794778301943e+02 3.656515642186379864e+02 8.228601792111882307e-02 2.847358668494524014e-01
3.033459630394278292e+02 5.238376975813974923e+02 -4.066024655018866257e-02 6.271307342003962226e-02
1.095938470880416162e+03 2.128973132043021224e+02 8.115550847164091502e-03 2.043990816356426946e-02
1.004380387892014255e+03 1.827254672964681390e+02 5.567972024948630860e-03 -9.440885248692655607e-02
1.092738810482944018e+03 2.900107904918002646e+02 1.179279547722390936e-01 -1.095752489007729980e-02
1.076040005379022205e+03 2.953537495069448369e+02 -7.646312678402596846e-03 -1.803607420115958815e-01
1.217337212645596310e+03 3.969875244180071832e+02 1.648438167152669609e-01 -2.409489370095828364e-01
2.865882577600410173e+02 5.405150026751621226e+02 -1.410018860155713982e-01 1.146572937886155691e-01
1.305476797749759271e+03 3.493342143634171180e+02 3.927748923258811420e-01 -1.603304246670535574e-02
3.221038853100368442e+02 1.054529829256784751e+03 2.576635390208752499e-02 3.526853035318157636e-01
1.082235988463849935e+03 2.191671175307731403e+02 5.467955941089286398e-02 1.178522401091672833e-01
1.105499540308266887e+03 2.731596326316987984e+02 2.638249866033461899e-01 1.361893125644471070e-01
2.026876218346874055e+02 5.909216045664102239e+02 5.823189028887032492e-02 -1.466971754394670313e-01
2.150485865544228261e+02 6.587201373364761139e+02 -6.122386046337169319e-02 1.499940733721345509e-01
3.946099272402546490e+02 1.055522365583547980e+03 4.326857587523580406e-01 7.880316212698730283e-01
3.423109850426274079e+02 1.064859599489376251e+03 1.136030282500808397e-01 3.948595160578420860e-01
2.868071239826447254e+02 4.542786485155737637e+02 5.779667299985234014e-02 2.189895059341893102e-01
1.057296981324742319e+03 1.732819470047910215e+02 7.944909797044837074e-02 3.355134043292470891e-02
1.180451562768867689e+03 3.631688889898755406e+02 2.939648766376986785e-02 6.597497975690203020e-03
2.698182971453761638e+02 5.409691745613913554e+02 -1.263363412094368754e-01 3.331528880486379074e-01
2.869860920451820334e+02 4.372263054423995072e+02 -2.573949583117202469e-02 6.192588368097160650e-02
2.142320134734985118e+02 7.101008886739271020e+02 1.656755408752152645e-02 1.200505101243426551e-03
3.993876679582514839e+02 1.088847774334404903e+03 6.754681748386191786e-02 -7.705015585898324082e-02
1.204957242171234839e+03 2.063249410001747322e+02 2.514066856203304133e-03 2.454369798105001874e-02
1.155809532247264087e+03 2.689612175344050229e+02 -4.800416168202608497e-02 9.235130661616201830e-02
3.204789048610862210e+02 4.783821754957691610e+02 3.214820633074303574e-02 5.130701383966088103e-02
1.046794832369771029e+03 1.741968994077128059e+02 6.519459933660646210e-03 -3.402606237703712042e-03
2.025142816166093951e+02 6.776147108998809472e+02 -8.171711548759166832e-02 2.219011439469416869e-01
1.894079193131032355e+02 6.787613707496262805e+02 5.622219164017026177e-02 -2.019928064107758825e-01
2.494515553588620946e+02 3.612310330747848752e+02 1.143896309793308724e-01 3.082456702412278426e-01
1.084635781784530081e+03 2.019721044912438686e+02 1.625136213363020943e-02 -2.289764287408939392e-02
1.150186445033843938e+03 2.044066988780976999e+02 1.730720486342883779e-01 1.177551640118624510e-01
2.059406040978949761e+02 5.879449904349517055e+02 2.824744816890118262e-02 -1.300099851940173523e-01
1.980232197737275612e+02 7.152930549381387664e+02 -1.452128420604026360e-02 -2.564413569207492707e-02
3.267579302982263698e+02 5.528724271715404939e+02 -3.527436766430582741e-03 1.713888408676666683e-02
1.127103050812743959e+03 2.245984321422529888e+02 7.099015464576534373e-02 -3.971789254968764032e-02
1.236560178350536717e+03 1.349685611638543890e+02 -4.562238312720031004e-03 1.120326571641546386e-02
3.098471346750430371e+02 5.273767744636988937e+02 5.776285598187769210e-03 1.418298168848271777e-02
8.101891661813306200e+02 4.011306496859207300e+02 -2.413617606509887992e-02 -6.228442353907983481e-02
1.019837668902470341e+03 2.182705072420776276e+02 4.294532423930673762e-03 -5.013567844576859167e-02
1.044229785618491178e+03 2.526792913271584098e+02 -2.975531109788354667e-01 -1.468455476853394170e-01
2.178353850656092163e+02 7.704351065572279822e+02 -1.281431906638352304e-02 -3.834599127269385649e-02
4.019436057143303742e+02 1.065053561351898225e+03 1.590285921576463368e-01 8.633789650769595481e-01
8.355259139923263945e+01 3.399233844864446041e+02 3.138091525081356404e-04 -3.101591522525123761e-03
1.011358018407450800e+03 2.296290051529132370e+02 9.543328083218098612e-02 -1.188334065031155379e-01
1.131858027783209991e+03 2.194063926396520685e+02 -2.142038054109269285e-01 1.842481786231463595e-02
9.690170538302570549e+02 8.250160408100938412e+02 -1.382516008112588679e-02 -1.002726636340867117e-02
1.038355933956569743e+03 1.580612747222865835e+02 2.601026779288769797e-01 -5.093507851194631342e-02
1.008576386270420016e+03 2.782570952993190758e+02 -1.317024525094655577e-02 -1.049585932311661654e-02
1.313045390410598429e+03 3.311614166430184696e+02 3.221411313444106916e-01 1.276166402187159550e-02
5.629885056974493409e+02 5.013253720836634670e+02 4.811829741851982034e-02 -7.510646816662019942e-02
1.069819226910918587e+03 1.854323790947657926e+02 2.122719147589578054e-02 -9.722362859050263928e-02
1.130605792129625570e+03 2.224115087537840338e+02 -4.192354130996136380e-02 8.676857282628276657e-02
1.150723646473759118e+03 2.448968232951350217e+02 -1.124194730208387255e-01 1.880294458516871825e-01
9.900310774782658996e+01 3.975542837228667281e+02 1.851944582767977854e-01 1.910961114638301817e-01
1.096438333937718426e+03 2.972632666088942983e+02 -3.461847242736463270e-01 -1.700441333224220197e-01
1.129219329849362339e+03 2.405575916260509075e+02 2.459332201569976728e-01 -3.178556458148307229e-02
1.083962463216653759e+03 3.031328841137284371e+02 -9.354882572804651408e-02 3.021783255381522704e-01
1.266792871817469631e+03 2.607466936429770499e+02 -8.293632061687124246e-02 -1.448600694313881831e-01
3.562926152629626131e+02 1.033404356352743434e+03 3.156811217563447181e-01 1.530877720466858327e-01
2.495623961757844995e+02 3.301232887732207928e+02 1.862496987257767356e-01 3.157912067853002602e-02
5.022730911981000190e+02 4.386667481666689241e+02 1.805500775299820251e-03 -3.748689823199209247e-03
9.998238024177663874e+02 8.466643304427558405e+02 -1.000702064111180789e-03 -1.107675712494682330e-02
2.392338664411199147e+02 3.180166586706911858e+02 1.202937340056564608e-02 1.757446941712563215e-01
2.560123645836122819e+02 3.950364434843943400e+02 1.004347926560948678e-01 3.332222784119191483e-01
9.942266128240574972e+02 1.703711510023016444e+02 1.160865773389408162e-01 2.614467945932612003e-01
2.906627672376491205e+02 5.466312380187819144e+02 -1.561720743599456229e-01 1.840209603007679218e-01
2.165030706233630440e+02 7.414377511752800274e+02 1.521818571472408586e-02 -8.597757410416306117e-03
4.174250835345050632e+02 9.904791123287133132e+02 -6.153434287206399622e-01 -3.549100604494545563e-01
1.081935469734400385e+03 2.095427745321030102e+02 -1.458999991038061614e-03 7.411276482654573054e-03
1.006404820497034734e+03 2.480168208951818372e+02 5.845286940837825240e-02 -2.384728063740380530e-02
2.882918874118200279e+02 4.807490105912260105e+02 3.563517219348655979e-02 3.532326486094828910e-01
1.136502569834046199e+03 1.471756311411557476e+02 -2.426942799778631504e-02 9.148716082386534540e-03
1.121091585051573929e+03 2.490357435657749932e+02 2.819145176276484088e-01 -9.518655792506190705e-02
1.088833604615677132e+03 3.321310630840544036e+02 4.875130289780407744e-02 -9.778154363854477116e-02
1.265871971659494648e+03 2.039794834293556107e+02 -1.244303049423933771e-02 2.247294416801300446e-02
1.206156819768742253e+03 2.438382834207995700e+02 2.726832158890601931e-02 3.097470602545608284e-02
3.785722304946727377e+02 9.746187242864533573e+02 -7.510041438963620530e-01 -1.821545097452409723e-01
2.499722585530254548e+02 3.015931307158391519e+02 1.117077062280522753e-01 9.604080101621031984e-02
5.454124128778736349e+02 4.246697805241218475e+02 -1.334978842702515744e-03 -6.609574562544780728e-03
1.157225653523587880e+03 2.264191583375771870e+02 1.723524132338835266e-02 -2.619048950667619835e-02
1.259102085311100382e+03 3.437939120998118483e+02 5.541478735000385791e-01 -2.049526459852793192e-01
1.142094905597020443e+03 3.800664724672591319e+02 3.961854799815476280e-01 -2.203542640593654511e-02
1.829983588167039557e+02 6.601553369199676808e+02 1.821626853833968329e-01 -1.908010809409936559e-01
8.246759779548780216e+02 3.962177006694720376e+02 4.932164647532318036e-02 -1.857935789279679395e-01
1.107809599225261081e+03 1.496318756541258210e+02 -2.582489532383761000e-01 -1.834469795521044833e-01
1.006486827173797110e+03 1.810605882889674376e+02 -1.864063188622480938e-01 5.354898301316126652e-01
1.164864645915198253e+03 2.066743434843240834e+02 1.666986546136513536e-01 -4.739559843027052466e-02
1.204297525668491971e+03 2.000647659216296859e+02 -3.882274985137428025e-02 8.698238207066424921e-02
1.249233453303371334e+03 2.879176613107485991e+02 6.154153011484595620e-02 -1.597938203131093471e-01
1.146245894965460138e+03 3.712939920279627586e+02 -5.413248114246016138e-03 -2.157928828428339399e-02
2.673526771916426696e+02 6.974054331232661070e+02 -1.123604231214585594e-02 2.579570100100454441e-02
2.587193095145763664e+02 7.285020876089116655e+02 -3.676382893570462156e-03 1.671563157777882294e-02
1.019536908337247382e+03 8.062043441050674346e+02 -2.235723703654457408e-03 1.791654357407423915e-03
1.548590004763459547e+02 4.746388619772909010e+02 9.709038525038396483e-02 8.415261038524907145e-02
2.723348609633723072e+02 4.672078598791483728e+02 1.906236858460235578e-02 1.535939112834575626e-01
2.684773537745695080e+02 4.203093060895418489e+02 1.572233283221109446e-01 2.256530517138344294e-02
2.807536860509836742e+02 4.751663110204140708e+02 -1.915704130612994049e-02 2.139532175746410303e-01
1.003887825422884475e+03 2.097357875629882358e+02 -9.763720813657528197e-02 3.106363602321593476e-01
1.088796682436227456e+03 2.209253249419450356e+02 -4.373650727225708579e-02 -1.668428475094252406e-01
1.110697914208028578e+03 2.556448943956218898e+02 3.849452020079979775e-02 -9.748500706531260107e-02
1.172362363244058088e+03 2.418293905521781255e+02 -3.046075815433368916e-03 -9.300111726621906882e-02
1.854254056662190067e+02 6.761404741353721874e+02 -6.040467245564329346e-02 -1.822832891327976768e-01
9.434024125239996295e+01 3.348376541112562563e+02 -2.322755100036439507e-02 -1.762727983839340595e-02
1.512448963188267328e+02 4.833678306222178662e+02 1.127260596383905522e-01 1.506278011425479235e-01
1.123547275495776148e+03 2.373531079862963793e+02 4.229710294235441287e-02 -3.919854458253472368e-02
1.267559261563742439e+03 2.828783144552081694e+02 4.231464387698581908e-01 8.079576200830322630e-02
3.365543746657173756e+02 1.088984192316316239e+03 1.468463074359728504e-01 3.723391459136239923e-01
8.837498872769980096e+01 3.400770069778142215e+02 4.356881022355689297e-03 -1.801282371810468061e-02
1.035086962207963552e+03 2.628552129858501871e+02 -6.550870242982682612e-01 4.507624290851121596e-01
1.166658061081770029e+03 2.084203540366445111e+02 6.951229885411673581e-02 -1.674118912074836485e-01
1.293669900296426249e+03 3.487844008808148146e+02 2.735593608582576053e-01 -2.987391555168320001e-01
2.312363708131705096e+02 6.383965935696714951e+02 -3.760597484910401245e-01 -1.333679007123009796e-01
2.786750706765510017e+02 4.020563684703298009e+02 3.454981141923098992e-02 1.788777192176894404e-01
3.081147951236750373e+02 4.613541268600503145e+02 2.576654297854474862e-04 -1.018257153384638600e-03
1.016106743923233921e+03 1.842875807666134165e+02 -1.484658856452369946e-02 2.289868294312043528e-01
1.159299780516194005e+03 2.379967888095556816e+02 5.618178261192952397e-03 3.123865662503249110e-02
1.179491737663686536e+03 2.357790586362710030e+02 -1.246213099767373989e-01 3.783224001626876720e-02
1.271739803513116385e+03 2.745210870435172978e+02 7.009599954335499553e-03 1.078528482915089570e-01
1.209882145951336724e+03 3.387199164665065609e+02 4.372548256461413763e-01 1.615388978424789346e-01
1.135980319834189459e+03 3.891785431237332773e+02 4.703717996068917384e-01 -3.058402041416456996e-01
3.287236458356765070e+02 1.097136972979808206e+03 2.744101145524041607e-01 1.626054341725648444e-01
2.750005554445286293e+02 3.859583061482222774e+02 5.940453330744333016e-02 3.258372392763533298e-01
6.037784694450111829e+02 4.080102757855737536e+02 -9.645235460141066142e-03 -2.206175426806566975e-02
1.037912170816958678e+03 1.913968263792625919e+02 4.841822578782739583e-03 -4.812985356093690825e-02
2.831353616533797322e+02 4.182710178957946141e+02 6.155184722056598196e-02 3.434896045133844500e-01
2.894498631342490285e+02 4.634975251827827947e+02 2.280321063617899921e-02 1.721897613136699479e-01
2.949931438309633336e+02 4.879800273166979991e+02 -4.366888082279274386e-02 8.958189009575789896e-02
5.186752567115684087e+02 4.622385987764628794e+02 6.043186015051560389e-02 -2.579945439821169084e-01
7.053913635726812572e+02 4.142464107168438545e+02 -3.166048186498452571e-02 1.051089857123012478e-01
1.009609125136164721e+03 2.230888141481171658e+02 1.767185703880234937e-01 -1.034797979193636364e+00
1.082077255085438537e+03 2.807629320105394868e+02 -2.250359556721074836e-02 1.766780572841071262e-01
1.055994607506029979e+03 2.982518602293619097e+02 -2.549864465085344700e-01 -1.690389321012920332e-01
1.087140230460704061e+03 2.942462249511974051e+02 -7.089534296498338495e-02 -1.869426839509363558e-01
1.118898403581524235e+03 2.884423818433899100e+02 2.956680929334349339e-01 1.371377712242368395e-02
1.203778887616650536e+03 3.463629753848311452e+02 5.074145489061265835e-02 5.403725347330237128e-01
1.223096648445245592e+03 3.498132594412909384e+02 -2.062013118397013900e-01 -3.642749306703763068e-02
2.495051725442355348e+02 5.398182514219752193e+02 5.601108911380947575e-02 -1.768263350548977542e-01
2.384258605494369476e+02 6.213572430323168874e+02 -1.139443226338983095e-01 -1.214200786766165586e-02
3.689099712819153183e+02 1.030906076979191539e+03 1.702344799192966607e-01 1.793145020103565912e-01
4.073714641444352083e+02 1.080111389920363536e+03 -1.569961691741544596e-01 2.158163408857186882e-01
2.921535718618059718e+02 5.265064380295236788e+02 -1.146097351059438552e-02 -3.374816295172422542e-02
3.042776983326003233e+02 5.208326553741894713e+02 6.752299210788237360e-02 1.704986573164433139e-01
5.304344346807948796e+02 4.351655461554242379e+02 -1.425436246188382938e-02 5.797095864781454111e-02
7.676890900923108347e+02 3.846653552645831837e+02 1.540136176663509104e-02 8.933131645409275734e-02
1.249976660584987258e+03 2.501466308898361319e+02 9.482754426721839991e-02 -3.029693040512455582e-01
1.147686762502320107e+03 2.748697933992425533e+02 1.131961271854606821e-01 1.345986373218863719e-01
3.204115064582910577e+02 1.077187391834640948e+03 -5.894734004982637998e-03 1.767148452981928131e-01
8.919588305331186007e+01 3.597232585102348139e+02 0.000000000000000000e+00 0.000000000000000000e+00
2.793838531084310830e+02 5.163438991000188025e+02 0.000000000000000000e+00 0.000000000000000000e+00
1.897940203665567651e+02 5.296162364080425959e+02 0.000000000000000000e+00 0.000000000000000000e+00
2.512738802695639890e+02 5.322111842609912173e+02 0.000000000000000000e+00 0.000000000000000000e+00
2.886732446688321829e+02 4.372574692633089057e+02 0.000000000000000000e+00 0.000000000000000000e+00
5.610474633633499479e+02 3.939401146416149118e+02 0.000000000000000000e+00 0.000000000000000000e+00
1.069515528380328078e+03 1.862717602339454288e+02 0.000000000000000000e+00 0.000000000000000000e+00
1.012163781719299095e+03 2.019383464679395104e+02 0.000000000000000000e+00 0.000000000000000000e+00
1.137589870704775194e+03 2.100561082672537623e+02 0.000000000000000000e+00 0.000000000000000000e+00
1.112887803284480242e+03 2.207709255617048427e+02 0.000000000000000000e+00 0.000000000000000000e+00
1.191163474470240089e+03 2.503533626905362723e+02 0.000000000000000000e+00 0.000000000000000000e+00
1.209034638613528841e+03 2.631413886998917064e+02 0.000000000000000000e+00 0.000000000000000000e+00
1.138150861195025527e+03 3.911797810872555488e+02 0.000000000000000000e+00 0.000000000000000000e+00
2.448386904968739373e+02 6.334516233411503663e+02 0.000000000000000000e+00 0.000000000000000000e+00
2.131723623219343153e+02 6.672750669556443199e+02 0.000000000000000000e+00 0.000000000000000000e+00
4.929771035588213408e+02 8.310294711627017250e+02 0.000000000000000000e+00 0.000000000000000000e+00
3.205126048751669714e+02 1.099720470645546357e+03 0.000000000000000000e+00 0.000000000000000000e+00
