1.334305861204170469e+02 3.824917875972335537e+02 8.139850280368852390e-04 -3.635635448061987052e-04
2.524165986460616011e+02 4.638418849066540588e+02 -3.233087616161801642e-03 -4.254742841713679384e-03
3.093406335071630906e+02 4.770782820209568058e+02 -4.487062657533510274e-02 6.464927815777695916e-03
5.634277896054964003e+02 3.788613055326612198e+02 7.213251886608728226e-04 9.496047895226237623e-04
7.041018075383343557e+02 4.168616487699048321e+02 -1.474706829513157576e-02 2.442826860739768027e-02
6.343541247939880350e+02 8.220148829507874098e+02 2.810196377766368690e-04 5.448242589731271904e-04
9.123780929407097346e+02 8.060730843172800633e+02 -2.990527043786443966e-04 1.493406310892664334e-03
4.599373904238304931e+02 9.415920631349846417e+02 -2.182455366167205635e-04 -2.324841108833028977e-04
9.054744317006383199e+02 9.227992041777825989e+02 2.857083783844768018e-03 4.082677609491415613e-04
9.003590425238718353e+02 9.262806564938172187e+02 6.866175807533748769e-05 5.593390399549252791e-04
7.068234211979563497e+02 9.928682528864488859e+02 4.216424137135474717e-03 -7.082935301924624463e-03
7.151747493355123879e+02 1.011375223078551130e+03 5.827090912391374956e-04 8.926896622865164313e-04
7.049514315518426884e+02 1.023715770735674255e+03 2.745193579652784369e-04 1.200494782799321177e-06
4.816786558666804012e+02 1.099057228015860801e+03 2.213082473043967988e-04 -2.741290300802196912e-04
7.044277310989452872e+02 1.036525410212035922e+03 5.718204909832217141e-05 -5.786419658329352948e-04
7.518398833424283794e+02 1.067497838899907038e+03 -3.877830022247508168e-05 -1.315665163785146620e-04
7.455840153311083895e+02 1.071464400640760914e+03 -8.168664832089351808e-04 1.864539644276813504e-04
1.313349013958954288e+02 3.253624255714078117e+02 1.525846357758450008e-03 4.789475457503406105e-04
8.997910043596376681e+02 1.102129842491045338e+03 5.131295246775324044e-04 -2.835334929985416051e-04
2.478212189162775871e+02 4.981465969955439732e+02 3.996747604758561084e-02 6.685806797101671861e-02
2.444196077799157365e+02 7.554298908940608044e+02 1.394154911009077300e-03 -2.958605499655971114e-03
1.171098053009259502e+03 2.526042056806124947e+02 -3.968622924785809858e-02 6.577035355056828902e-02
6.390331823444910242e+02 3.756222564080296706e+02 2.369790993826778776e-03 8.723996360287184990e-03
1.260280588812878705e+03 1.956721097934728846e+02 1.377804235661111119e-03 -6.480897452524295166e-03
1.241384971755558126e+03 3.836352854281403211e+02 1.902600523541004337e-03 -4.330334540148412896e-03
1.178793096666149040e+03 2.332505767430551202e+02 -6.847834073197992498e-03 -1.131078442034775047e-02
3.392934834367185886e+02 1.073463835162571513e+03 2.792727603557489460e-02 3.767801221424610936e-01
3.600732183031438467e+02 1.083810244458029501e+03 1.212533599744809731e-01 3.547842945606297094e-01
7.154531722885571980e+02 8.818657781963108846e+02 -2.312160909227848997e-03 1.256227409909781850e-03
2.371516800422783717e+02 7.201454530655739745e+02 9.584408515156430525e-03 -1.270196822791842643e-02
4.112697316919847026e+02 1.088502992521666783e+03 9.715354782249033608e-03 4.648305481474957271e-03
2.490371703194591646e+02 7.172660185824652217e+02 1.417102607369783752e-03 1.520714994230144227e-03
2.542223121031257733e+02 4.264880615380277504e+02 -4.259603265318399196e-02 -2.644264823785685836e-01
2.532967597702730416e+02 7.528813908165302564e+02 2.936597708187356492e-02 6.045431764902679111e-02
8.296473128327930908e+02 3.051699111189043379e+02 6.878230996840732289e-03 1.076724153906052570e-02
1.430308996111237718e+02 3.923019674230644682e+02 6.193787061161825248e-04 2.639228303578285313e-03
5.696049211187098535e+02 3.794734623593221272e+02 -1.463640918484430866e-03 -4.284958303287004187e-03
9.319196509609955683e+02 8.429237710255696356e+02 3.150243748908644788e-03 -7.698815175068951869e-03
5.693406535909759896e+02 4.378954655149354380e+02 1.050280457927400867e-03 2.190014421086793148e-03
1.006475060188367365e+03 8.131506835015079560e+02 2.272354947695696362e-04 4.342100835480444915e-04
5.019124603091593713e+02 4.358120240821942843e+02 8.019737679892341518e-04 -1.091190541182814402e-02
2.431338648782613632e+02 7.426604662681399986e+02 -6.188089351764905315e-03 -2.684738958561352570e-03
9.801240186581155740e+02 8.278455815679127454e+02 -1.035955866026966798e-03 3.312422551291524780e-03
5.706782055834839866e+02 4.043628314907119261e+02 3.997309374543613541e-05 -1.258664637150289263e-02
3.063462159105094997e+02 6.561354658198285961e+02 4.205245099719471863e-04 -2.234992022733584341e-02
1.009335395657700701e+03 8.156879593830060458e+02 2.184401755303583010e-03 5.992277305332919819e-04
9.410113641180537343e+02 8.347482322264552295e+02 -1.242616803297141338e-02 1.612659141214930342e-02
1.004192022316791736e+03 8.368091831498438751e+02 1.114257119376257932e-02 1.047621317026580651e-03
2.324255299257939384e+02 7.238484251470209756e+02 1.829847476590720724e-04 7.503388250784560757e-05
4.816513974712406139e+02 4.383405060739452210e+02 -1.650208339782916617e-02 6.073937212536270440e-03
1.019147332884104458e+03 8.075111655766020249e+02 1.420051752840735581e-03 -6.200627921404279052e-04
9.607748952750652052e+02 8.352865598295588825e+02 8.327217959056202982e-04 7.615688996321692480e-03
1.213732213265175005e+03 2.549944112912609739e+02 1.097917943670341095e-01 9.812736121278761194e-04
5.490383554633381209e+02 4.422937444068180639e+02 3.582934234336024402e-03 -1.103468543461342145e-03
2.278043627416237769e+02 5.201025091244968053e+02 -2.224790067360079681e-03 -2.287545711508323382e-03
5.759915630081286508e+02 4.200351019095633660e+02 -1.770398688895826605e-02 2.266940670283317406e-03
1.035886065021657942e+03 8.594448024090085028e+02 1.775777980209892679e-02 9.017596256491274736e-04
7.318676532748122554e+02 9.220642681785361674e+02 -9.455258791651413933e-03 4.121583487759461462e-04
9.559627605346998962e+02 8.447830430066650251e+02 -5.132877279794850365e-04 -4.659009615273468005e-03
7.484150111321408758e+02 9.533527901888083989e+02 4.976326863589918860e-03 -1.047503787683266158e-02
2.658288751574291950e+02 6.668980063502568782e+02 5.294395185754043574e-03 8.144438317838936098e-03
8.247673958834047880e+02 1.102194747327431969e+03 -1.439256256295302124e-04 -1.242740707104783083e-04
2.436178860395654340e+02 4.955187926988004392e+02 -9.003427481639274949e-03 -2.758181646906578827e-02
7.494506619192691232e+02 9.594688674717417598e+02 6.488881056158095698e-03 -4.629141767683751449e-03
5.661421719978640112e+02 4.690355438215397044e+02 -9.858548169165827577e-04 -4.247828965916223241e-03
5.676027612552286428e+02 4.745561915386450664e+02 5.552004808375593167e-03 -1.787147739731712081e-03
1.204736467516393077e+03 2.311721988758613975e+02 -8.361250605343463482e-03 1.065033061990734980e-03
9.126390657209968822e+02 8.453497784973413900e+02 -1.031712133510159259e-02 -7.645100376245665859e-03
7.722841708182328375e+02 9.606861961821305158e+02 1.302466497460306625e-03 -3.944028640025952839e-03
7.748763877591500204e+02 9.421083897991106824e+02 2.038680879139173098e-03 -5.882951705293725311e-03
7.733876171971979829e+02 9.483363514437147614e+02 -6.155353076364647805e-03 2.511066490738488640e-03
9.845269412881638118e+02 8.675675568120403796e+02 1.598943535645057628e-03 4.862055181996594554e-03
8.003734606305780517e+02 9.519490896153846506e+02 -1.089219085939151758e-04 4.328075650427857862e-04
2.113944489328864904e+02 6.733626277320573763e+02 -2.402516389515981475e-03 -5.053560027631242256e-03
6.193821577903665911e+02 9.358344989498212954e+02 -9.647241245147597510e-05 -9.208961110926333973e-04
5.741654888250739077e+02 4.893229389959782907e+02 1.114633596436157481e-03 2.826860733732993684e-03
9.748340065385051503e+02 8.851012714049993519e+02 -1.845766513468171830e-03 -5.026783975786697483e-04
7.453391154679180772e+02 5.281693824522716341e+02 -5.857761594182143983e-02 1.087985612307780731e-03
7.848677189125888845e+02 9.416468592417896843e+02 -2.816622418048731272e-02 -3.163502253112097928e-02
7.952463737963162203e+02 3.811988364628335262e+02 -5.183631088586912504e-04 -5.453311487607863557e-03
2.361914458305450353e+02 7.005618922308287893e+02 -6.614750466646268472e-03 8.544984577061804851e-03
3.070360985449656255e+02 5.683183754549713740e+02 -2.180055745526206495e-03 3.393078413628335468e-03
8.081992659258955882e+02 4.205155849066024416e+02 3.932542095456726533e-03 2.506859606540112143e-03
5.903057485776829481e+02 4.033523121405110601e+02 2.864702547611109804e-02 -1.309657857013286821e-03
1.034509346171425705e+03 8.358645395890519012e+02 -2.223364731880882531e-03 1.167918943805137987e-03
9.925887346647092500e+02 8.207719378058677648e+02 -9.624382354147227939e-03 -1.707016097289100129e-02
2.272650566970962700e+02 7.264227632638773002e+02 -2.106011520525460489e-03 -5.755050053237775569e-03
1.278311074323766206e+03 3.726303822874231173e+02 -1.121295010014562547e-03 1.048283022388229492e-02
2.348525808965047190e+02 6.520542964342276946e+02 3.567239948096704270e-03 6.375103190700230800e-03
2.244287420844338214e+02 7.658433821619682931e+02 8.819040500428750951e-04 -4.450319581173341438e-04
7.334403756092160620e+02 9.802794421552636095e+02 -2.605645372826453053e-03 3.940571236314261046e-03
3.205228756585714223e+02 5.453359128524322159e+02 -3.691356038262206683e-04 3.242155280744474146e-03
9.871352808949252449e+02 8.314197930799185770e+02 -2.614867696299352264e-03 -4.669579216203718647e-04
1.049517567105944863e+03 8.542747995292562564e+02 -2.494201049240464280e-03 -6.317295226167381162e-04
8.275911498291412727e+02 4.017567735144730250e+02 2.431884687192869491e-03 2.101561588300354232e-03
1.018905356360256746e+03 8.319322635833569848e+02 1.478417578131808498e-02 6.648295241805021565e-03
9.473078919148812247e+02 8.371959944250747867e+02 -2.068559727092070775e-03 -2.856238612447768157e-04
4.657688064602626810e+02 4.553799599433817775e+02 -3.010217087683819334e-03 -3.954148212957565856e-03
2.682890181403572001e+02 3.007821526498794356e+02 -3.824991810923768915e-04 5.907814110658179615e-03
9.545581712407467876e+02 8.225880000174734050e+02 -1.775898826003237310e-03 -2.189025576376704869e-03
8.188788407819533859e+02 9.363181198481619276e+02 4.045771388882487933e-03 -2.780969932644547092e-04
8.213680601224125439e+02 9.449642284089444502e+02 1.404060342062648202e-02 -1.447109085181366890e-02
5.492958570708080970e+02 4.338114899709925680e+02 1.276615043267350161e-02 1.249661805982416572e-02
7.290630364211980350e+02 9.378347101528968324e+02 -3.320255714885152198e-02 4.447701086511494234e-03
9.315416897747638814e+02 8.583611311491879405e+02 1.643549169092342610e-02 -1.125030574668570670e-02
1.078152542466478508e+03 2.032009849149073943e+02 6.303201423024082373e-03 -2.332087485906458348e-03
7.537123094400982382e+02 9.713013375959875475e+02 -7.061375122773798016e-03 -5.803693331908070865e-03
1.030383643988964423e+03 8.256918436471943323e+02 3.779541256657430962e-03 1.230996067846771864e-03
3.852754747974013867e+02 1.079927091895475996e+03 5.910692278425385554e-02 2.892775110695216534e-01
1.021623089702753077e+03 8.149814287115214029e+02 9.511570705207854359e-03 -1.524801386099710688e-03
1.048710679133451777e+03 2.181215586813852951e+02 -1.046787276431929287e-01 -9.338532670322580165e-02
9.585873281319064745e+02 8.818537055594124467e+02 3.456255539881657873e-02 3.593845229620050430e-02
8.180359905873596063e+02 3.800251290987033599e+02 -4.084427485297352500e-03 2.976434525438358646e-03
9.715947287903079541e+02 8.887208384089341280e+02 -3.815922263140579442e-03 1.028376814071571771e-03
9.065338086420242689e+02 8.403602203649504645e+02 2.791142199334269072e-03 -1.569374125245636895e-03
5.795545933545857906e+02 4.671864606607390442e+02 1.519490020406339195e-02 -1.663428651141547407e-02
7.948515414663686443e+02 9.212879659771831484e+02 -3.340262297648799797e-03 -4.870828200730759928e-03
9.623701930700644880e+02 8.484318072355476943e+02 3.090104636775736508e-03 -5.110488453311464591e-03
1.924560027898895953e+02 5.878227401369932750e+02 -8.467701618845168039e-04 -1.870451021897571314e-02
2.324278596585933201e+02 6.912734413128788447e+02 -5.497061894347140751e-03 -3.921638687715320315e-03
4.924905714571790440e+02 4.484026715763480411e+02 -6.181698394554208977e-03 -1.968364450203132540e-04
8.331945231737632866e+02 4.124797159314654209e+02 -1.743318605586990705e-03 -1.642273901945309810e-04
9.669242932327256312e+02 8.761960109029381556e+02 -3.565366062572804945e-03 -2.386365230823586040e-03
8.099001568552972685e+02 8.940454619653331747e+02 -9.188036065507271602e-03 2.959407113435911108e-03
9.690831918713348614e+02 8.247613548771653313e+02 7.162113831048436130e-03 -7.011260776219405653e-03
2.063507458112013069e+02 5.154885548366095236e+02 6.496471209067855232e-03 2.032071690229875563e-02
7.907405556922628875e+02 8.842680684587850237e+02 -1.571086391377456148e-02 -3.235352579172240915e-03
1.192475662957318718e+03 2.103481490716279438e+02 -2.204339132720291392e-03 -6.343135751591836256e-03
8.143145215948098894e+02 4.030148528033315074e+02 3.009430432943379849e-02 -8.077826965596064668e-03
7.679183461481591166e+02 3.844247078648295428e+02 7.201307236639445560e-03 -1.160033917552529513e-02
2.258336659028256861e+02 6.859967012405520563e+02 1.011282538184890599e-03 -2.980829297099928804e-03
5.607536515837790603e+02 4.183206092374153968e+02 2.948311551389820855e-03 -4.816142889027186756e-03
9.492942344201570677e+02 8.562658524697729945e+02 -3.034504031693314140e-03 -6.803845037177663063e-03
3.374061520856971583e+02 5.527389144243160217e+02 -3.993455814966159582e-03 3.094519439359558546e-02
1.115441445249557319e+03 1.800950453308875012e+02 1.104720086483428239e-02 -1.785039665689328731e-02
7.188044210025932443e+02 9.517100384372271265e+02 -9.026280546166135996e-03 1.000572759095584748e-02
5.112542838679545412e+02 4.391712997459403027e+02 -2.118821910981426694e-04 -3.421969628311896834e-04
9.963540227848833410e+02 8.729321094654569606e+02 4.092491125465860108e-03 -4.025508636940199059e-03
4.803968299110097178e+02 4.675531743233914881e+02 9.300527458165534431e-03 -4.301314403278974109e-03
8.776627908265692213e+02 8.741290174802836646e+02 1.369837534797859434e-02 4.066002520316672544e-03
8.013897294304690604e+02 9.383389297806760396e+02 3.564199956658154920e-04 -5.804742106705015371e-03
5.340994578624428186e+02 4.136918008856073357e+02 -1.161967094477215148e-02 -2.024372288789918345e-02
5.211992435553263476e+02 4.432419875635699782e+02 2.473747979438890767e-03 9.244332179160227522e-03
3.262564444263009591e+02 5.358972696592596776e+02 -4.976403143402448673e-03 -3.080211121218466054e-03
7.442039847697224104e+02 3.950633588421221134e+02 -2.365734431074799707e-02 -1.483453513930663333e-02
9.978856218652198322e+02 2.478023371522408240e+02 1.004327641162107432e-02 -6.599260925503302490e-03
8.507948953920694066e+02 9.314600215005551718e+02 5.554924114289185900e-04 -3.244832659251781757e-04
6.301361564802879229e+02 3.840486841146196753e+02 -5.577742253844107092e-04 -4.443133621515527780e-04
8.160974328168244938e+02 3.635362340144063182e+02 -5.217647774349760698e-04 5.251693730494281804e-04
8.576278862618453331e+02 1.101654036052975698e+03 -1.803855754581103915e-04 7.092354853446721213e-04
9.290719160724883068e+02 8.382351887418078604e+02 -2.330456188931271082e-03 -5.923477107404945090e-03
1.156023930904722420e+03 2.342632762348386848e+02 2.764460129922347020e-02 -8.206131041708322749e-02
6.035500689520298465e+02 4.336605479522194173e+02 1.358591949588567292e-02 -2.553036540115891095e-03
5.080358197642745495e+02 5.077205364301421469e+02 -1.844281117538097356e-02 -9.368840261001338404e-03
5.442864965763609462e+02 4.063943610594373581e+02 -1.134259675589842364e-02 -5.339277906393749898e-03
2.383386604703907210e+02 7.407419818912574101e+02 -5.376932656057725308e-06 -1.189074256395128469e-03
2.325587987624117545e+02 6.531947679552068848e+02 4.015028578078722390e-03 1.057079213304666296e-02
5.441729695090614314e+02 4.742160586159856166e+02 -7.625844191489696174e-03 -1.234044619536464257e-02
2.535129638489611068e+02 5.715551462842624915e+02 -4.337379386106673951e-02 9.570926587853947898e-02
7.531584940484008257e+02 8.452457005080973431e+02 -3.811087556783550800e-04 8.427912690019120695e-04
9.770318599687626602e+02 8.453915122071214228e+02 -1.186092357211281957e-03 -2.004257274831102928e-03
5.460187739602030206e+02 4.830061583061540773e+02 -1.007183324732338495e-03 1.012929960259020996e-02
3.214749924627284940e+02 5.298230912289845946e+02 2.588313066923146350e-03 -1.429358934659164719e-04
3.132624177837893171e+02 4.696530878935933515e+02 -7.848096544285787166e-03 -5.361170957553890518e-03
8.826683666175287044e+02 8.768162665117141614e+02 -4.859451770137116627e-02 4.938706643760593790e-02
9.340404733452849086e+02 8.664835401908117092e+02 1.173233785818347981e-02 -3.683438744811871716e-03
3.594458613847244237e+02 1.022118128889467812e+03 4.082539166304826467e-02 3.589204645619114564e-01
2.694286618066679466e+02 6.077105861155930597e+02 -1.163773095803108948e-01 2.511444216666084972e-01
1.063631927997082812e+03 1.800195726911663314e+02 -1.297891141986369859e-02 -4.047188500081093029e-03
3.209361702561760126e+02 4.799081443116383525e+02 4.446524395326256415e-03 8.100289025616581873e-03
9.713263859144992693e+02 8.292991255072229251e+02 2.550605810159653833e-03 -1.106162706124036617e-02
2.477372110426097152e+02 7.398497783493061206e+02 -1.638348970166168470e-02 -2.256209072051530359e-02
2.216328611518588616e+02 6.869345948250399942e+02 7.254856407309708162e-03 1.301959195267621619e-03
5.058095039096966161e+02 4.427513210357666935e+02 3.415049065536815854e-03 -1.055153608024790579e-02
6.341209202648334440e+02 4.160631547227141596e+02 1.966259921949959633e-01 4.286916335579170068e-01
2.767852464462583271e+02 6.723556509684793809e+02 2.654028064644463510e-03 3.213861307513791055e-03
5.906097794660532827e+02 3.800150786875664721e+02 -3.524120085179818784e-02 5.840654175632425255e-02
6.115224850527444005e+02 4.277754181770007449e+02 -5.879232786875747581e-03 -4.947283460540297974e-03
2.993270945104686689e+02 6.139051687324946442e+02 -4.537069843543054329e-03 2.853666251157261583e-03
4.756043546338427177e+02 4.657144110416501803e+02 -5.892774918910199597e-03 1.904363026137661542e-03
2.222620387789872325e+02 7.532040160506301163e+02 -1.560281181049209213e-03 3.860145595088325561e-04
2.596248565338581216e+02 5.602784737952014211e+02 -8.793743189481588451e-02 3.183013896128098486e-01
1.008050924673430018e+03 2.083281831435591585e+02 -2.979518996075269238e-02 3.698261477152238463e-02
1.222086704968379991e+03 2.583784680727240470e+02 6.274339372834723816e-02 9.663474224483067573e-03
3.734690184805252215e+02 1.085911930158764790e+03 4.134960380518537537e-02 2.630257036916718305e-01
5.679604629480256790e+02 4.296850935887923129e+02 -7.115122767451190905e-04 -3.038837195360613933e-03
1.234632803601343085e+03 2.609527711082745327e+02 5.659625645572161426e-03 -1.737622368593612528e-03
1.016113066051830629e+03 2.749229639696434333e+02 2.416055370909672619e-03 6.286459805465657164e-03
1.829853892060343128e+02 5.350828911418228699e+02 -3.171584380539896331e-01 -1.650246992860299744e-01
2.077022352303778518e+02 6.993893779134924671e+02 -1.771157431228616817e-03 7.949575495643167525e-03
5.479602765693581432e+02 4.092191388449512033e+02 1.260019825631298815e-03 -6.529118224628602599e-03
2.750072809909325429e+02 5.233597437231402409e+02 -7.237317672036282235e-02 3.431503569370041862e-01
3.539935141834820911e+02 1.059868456883422141e+03 -1.736900285315882628e-02 2.960038170382370271e-01
2.476140946049417266e+02 5.074421173396636959e+02 -3.203341144927493792e-03 1.278287959144896666e-03
1.022111591848052853e+03 2.824740097508839654e+02 -1.278229695087657568e-02 2.323903005547003561e-02
1.134505392307005650e+03 3.151959485510736840e+02 4.074578346943114743e-02 -5.824963896257110557e-02
9.992670296812405013e+02 8.236341824351770811e+02 -1.878627010752651622e-02 -2.947809112625051839e-02
3.130299962669125193e+02 5.554243585801181098e+02 -6.592204692707929158e-03 -1.149342955495785169e-03
2.272020916698210158e+02 7.013719822434426305e+02 1.270656754355336008e-03 -3.672404322935900450e-03
2.965867402388018377e+02 5.690092466962896651e+02 -1.051191517480769104e-02 -1.642221691821138529e-02
1.053933864356828508e+03 1.864290879937146030e+02 -1.264452113358145550e-02 5.775936863424778467e-02
2.661208234120858833e+02 7.384099305962474773e+02 3.897143383451046137e-03 6.532961230631020681e-03
7.851238811581562231e+02 4.014466777895348173e+02 -4.614622776374078389e-03 -2.014034482344485844e-02
2.259226520750262921e+02 3.087653419637716752e+02 -1.062792300509668164e-01 -4.064426342098402811e-01
3.117206303664444249e+02 6.108672748956852274e+02 9.748516812853250460e-03 5.524465357917497828e-03
1.031274400300604839e+03 8.543101282832819834e+02 5.053316977493144992e-03 -1.468616186739967518e-03
1.155117480124182748e+03 2.237732275434549649e+02 1.165533012181861096e-02 4.180720400970467515e-02
2.552293086014160508e+02 6.414629214688668526e+02 1.923263528703449219e-03 -6.456616892937700435e-03
2.720402840667464375e+02 6.528284260928493268e+02 8.574244879497146732e-04 -1.888109197424644569e-03
1.210828957778887798e+03 2.180516942331635448e+02 9.102045895009597265e-03 -1.297702178155359966e-02
2.539655630639963420e+02 4.083611022866844564e+02 -1.064503494144091872e-01 -3.436624907452309752e-01
2.239861289784115286e+02 6.220300898338219895e+02 -1.869586231911210539e-01 1.898314573034480812e-01
5.887973962313539005e+02 4.499518335348122378e+02 -2.204332923994264254e-02 2.454928335432646561e-02
2.372160004428303353e+02 6.942510048292466536e+02 -4.176174614849852834e-03 -1.843441010659361331e-03
2.677908748666335441e+02 6.307584780323350060e+02 -1.319657520783980298e-03 2.276342500477308243e-03
3.216988306713917609e+02 1.070747999555731212e+03 5.144946042802212710e-02 3.051215082727328776e-01
1.208657265180245531e+03 2.082033202606837392e+02 6.339880147755471481e-04 -6.870385824789134246e-03
1.002717518970057768e+03 8.761432994841328536e+02 2.366826083405135488e-03 -4.524422957651590138e-03
2.674652604258874362e+02 7.169749923564858136e+02 1.666733279208947732e-02 1.659262451916881931e-02
5.927240186979147438e+02 4.855208430797548544e+02 -7.968814283143242638e-03 7.170110876873507988e-04
2.640018810664177522e+02 7.256618228868778715e+02 4.967109664402086233e-03 7.344838023920538528e-03
2.287750566149357212e+02 3.254890953774170725e+02 -1.204619513849294332e-01 -4.372196349448774222e-01
2.640652626800726921e+02 6.176537643434583060e+02 -1.175344698838357294e-01 2.728688414279482055e-01
1.268423874245197567e+03 3.941459276763471280e+02 2.069320557103481329e-03 -3.458567465569634992e-03
9.436430686335958171e+02 8.552041418437823950e+02 1.234119262640339049e-03 -4.213865118315718132e-03
2.545374248590466379e+02 6.868906268793487016e+02 6.512700829488841069e-03 9.563951201609804595e-03
9.328407743041026379e+02 9.061611877869719365e+02 7.207355231033412378e-03 -4.164409867382688236e-03
2.187264071187079253e+02 6.755533363546030614e+02 2.037394895029196254e-03 -2.439123167498632224e-03
1.240978445539007225e+03 2.774354148514462395e+02 -1.121059362926959306e-03 4.688214487218671234e-03
2.813773722075209207e+02 6.472590425008688726e+02 6.537062825789054926e-03 4.620483095676366884e-03
1.008341506521289489e+03 9.275523963062689745e+02 -1.325640149560166497e-04 7.477852436817791521e-05
1.080952174619769721e+03 2.926209739936325036e+02 -6.900599502335191815e-02 -1.150492851990043419e-01
9.521262532413558120e+02 8.972566142860018772e+02 8.766000945769573255e-03 -3.710602816400382104e-03
2.341973919022320842e+02 6.785628881433718789e+02 7.621104289778103495e-03 2.430617509536556198e-02
2.524933350391893612e+02 6.715933645737751476e+02 1.092304798386451933e-02 -1.339276810954581100e-02
1.299981604007244641e+03 3.049122705007765148e+02 3.162124447857026302e-03 2.161205206444418228e-02
1.074829532216246207e+03 2.066999107105437474e+02 -5.281556404741485911e-02 -2.226364514572160003e-01
3.788390374811119159e+02 1.076968313165057907e+03 8.689841886620688904e-02 2.902413960718361330e-01
2.574109482191286133e+02 6.740908338726934517e+02 2.920703592969790103e-04 4.036027656112120988e-04
1.013284360542962190e+03 8.530275195343399446e+02 -2.220650328260742167e-03 -2.457762721646624023e-03
1.394750132418485862e+02 3.882565370431422025e+02 4.946825518186302641e-04 -2.625428702551384219e-03
2.231027793549286002e+02 6.501383926490094609e+02 -2.219993681513504069e-01 1.679479795814717014e-01
2.792594264114617317e+02 5.084556396886187031e+02 -2.671542675037609157e-02 2.805911692136016100e-01
2.956423178034507941e+02 5.625805599676410793e+02 1.476471443960226688e-03 -8.427954852502824931e-03
1.284662205645053291e+03 2.990560295288018438e+02 -4.544447651529246422e-03 6.588583537398398637e-03
2.213015286969250894e+02 3.113178075686448665e+02 -1.183653524683796199e-01 -4.149286417921145276e-01
2.506625888183606605e+02 3.977706596197731415e+02 -8.127433684035365036e-02 -3.292300730352419325e-01
2.520186314454274452e+02 6.315672103751932127e+02 -4.214387859674546821e-03 -2.125616375770048201e-03
4.430203715731673810e+02 1.087478207196305220e+03 2.254818798124600537e-02 5.919719107835293148e-03
2.392748823635151894e+02 3.667448718560268617e+02 -1.370409235124359637e-01 -3.613529765075957911e-01
5.217427705218040046e+02 4.685636094127693809e+02 -4.061486390830197635e-02 7.162038109380872977e-04
2.680489714712765590e+02 6.799033152991098632e+02 1.974797247376135613e-04 -6.962995816687871879e-05
7.350933543604465967e+02 9.295918455741104935e+02 1.772036719776314342e-03 3.509725070587970362e-04
5.064775351270166652e+02 4.847380145056738456e+02 -9.092201262251476887e-03 -7.940963117948290559e-03
2.308591772934172468e+02 7.369303046380929345e+02 -7.200709833948801958e-03 1.352189881035568237e-03
3.086178256996247455e+02 6.444649793413544785e+02 -7.067254262067601588e-04 -1.060818110451606025e-02
1.202069185263133022e+03 3.854861237924796455e+02 -1.152325202629342175e-02 3.812959700034712369e-03
2.267844810771568120e+02 7.496720213726148359e+02 7.206211615130761992e-04 -5.167248136969403854e-03
1.038593919509143689e+03 1.714358397270507339e+02 1.587555132589003881e-02 3.159809466162506741e-02
1.197225561773727804e+03 3.821430118581980082e+02 8.733729189696819856e-03 -1.055590570193782989e-02
2.802513377962757204e+02 4.664802666961294335e+02 3.252549429933791064e-02 2.095783249608404175e-01
3.730206378652209196e+02 1.076713011334759130e+03 8.175828957148902065e-02 2.417761425502672201e-01
2.411046954246993721e+02 6.395337192909126998e+02 5.182855700992253711e-04 2.805569684080119752e-03
2.976907482666973124e+02 5.428522634968106786e+02 7.901967359627141974e-02 -2.401799856350425935e-02
1.727186425680977209e+02 5.420328694051913772e+02 -2.779649843666992526e-01 -1.041612709361540712e-01
2.631495236375155287e+02 6.923273272834666159e+02 4.471872676718492007e-03 8.212681068869749634e-03
3.202747873081839316e+02 1.055373890014108383e+03 8.019057321096248470e-02 2.943036110844057252e-01
2.533660835658940016e+02 4.960226746097545174e+02 5.845537553696967224e-04 6.438358787499739826e-04
4.357544208295236103e+02 1.091957302465906196e+03 1.183067170703871324e-02 2.977626848566597081e-02
2.381998597957942820e+02 6.195937862590440091e+02 -5.540123508750564169e-02 1.872343051003428141e-02
2.401658007777513717e+02 6.282000720301099363e+02 -1.128486014076708621e-02 1.433718338800379563e-02
2.400621964728728699e+02 7.255831460684246395e+02 -3.304174459852935678e-04 -3.578793943689777182e-03
3.620958292659979634e+02 1.074172151935027614e+03 2.401733240998564153e-02 2.507367157474083008e-01
2.803918814787163569e+02 4.497521138462896033e+02 4.827976567743674091e-02 2.339906609435238594e-01
1.000303349493664768e+03 2.242225086930162092e+02 -1.489524400097473091e-02 2.552550222393471652e-02
2.625197712249114375e+02 4.524973625303535414e+02 -5.009068543036095111e-02 -2.225809749280468208e-01
1.016717506208907139e+03 2.640293786043610567e+02 -3.408356444101447863e-03 1.931824180013620067e-04
5.416020499960505958e+02 5.075073020226410563e+02 -4.268397878247177230e-02 2.954270995919254170e-02
2.440829764706062690e+02 6.880371521203006751e+02 1.167347882375618755e-03 1.853619041000708484e-02
2.414747587918596139e+02 7.015659005259618652e+02 4.777074409374373887e-03 1.183536813137757958e-02
2.534537630916376827e+02 6.218273296811540831e+02 -5.805740534505177824e-02 9.409563686149498285e-02
1.043363441852041433e+03 2.003034761833070263e+02 7.721749973996446838e-03 -7.402913645721424796e-03
2.756753557738711038e+02 6.960366570443031833e+02 -2.147436887056674876e-04 7.992562148216968143e-03
1.153624562982623729e+03 3.637758248103287997e+02 1.228147346926399854e-02 -6.916706010797227591e-03
3.200142241691045228e+02 1.092737241425269531e+03 8.643736086953077158e-02 2.829589007689634061e-01
2.427544178142023839e+02 5.097240914400451288e+02 7.900095765672904627e-03 -1.201084607470980989e-02
2.605453637937292228e+02 4.448988852084866039e+02 -2.371717526060896503e-02 -2.720178180656039335e-01
2.893395726478922256e+02 6.003111507554880291e+02 -1.131571772913388292e-02 -2.601497583488465021e-02
1.102637898188537747e+03 1.943774691285821916e+02 1.925142451641882399e-02 2.352604736948015959e-02
2.716796732898101823e+02 5.501919104358059940e+02 -1.098946562630331858e-01 3.286917946702848092e-01
1.137128148026264398e+03 1.855769661029034125e+02 2.764643359206941237e-02 -6.256382961787308739e-02
2.587564511044838582e+02 4.172328725868928245e+02 -8.138276534634093784e-02 -3.523126537479505105e-01
2.506131623421877919e+02 6.442509362130874706e+02 7.471496252830462509e-03 -1.827861168668291555e-02
1.179074247522826681e+03 3.584892421339889665e+02 2.759783385612545395e-02 -2.279434002015464159e-02
2.467305710745607428e+02 6.068564026841939949e+02 -9.324981446806815399e-02 1.545209637597294849e-01
6.039464176808827460e+02 3.986005547454522571e+02 1.179198499465939536e-03 -1.517567639936741883e-03
2.751678184876903970e+02 4.585470774225677246e+02 3.539968172159073390e-02 1.896535695857662629e-01
2.436344771176098050e+02 7.199956087855474607e+02 -1.802597194418719588e-03 -3.606213880144954788e-03
8.650221190914434146e+02 1.102203409300242129e+03 9.282871587800508185e-04 -1.331847107099513438e-03
2.890862498870303057e+02 6.140573900800782212e+02 -4.139324130347172073e-04 7.878735140518147023e-03
2.126019058663592602e+02 7.552334670159107191e+02 -4.470434371823742495e-03 -1.105106764699971544e-03
7.242674974770850440e+02 9.661533644716921572e+02 -4.254249268101510705e-04 -5.340489802431037762e-04
2.857876170041660657e+02 4.788783801669966351e+02 2.942641294567965513e-02 2.611189272527757455e-01
2.805024450084926571e+02 4.317729067953399067e+02 7.320985584169366345e-02 2.855348265232554583e-01
2.459337339990756561e+02 7.622015702719319279e+02 4.691706898386887800e-03 -3.693148145097132490e-03
2.664262466526453750e+02 5.466393632942648537e+02 -1.084708855405641797e-01 3.091766379130989062e-01
5.586241930294123677e+02 4.963378514154556456e+02 -2.266592789766995811e-02 2.561592276434186341e-02
2.662114452198421191e+02 6.559166092235441283e+02 5.958724074836051904e-02 2.374975179836635170e-02
3.241283586027292927e+02 4.961317248774327595e+02 -1.697651078547263159e-02 2.681895888408892138e-03
2.877637238694201756e+02 5.191714057621912843e+02 -4.585986777696986205e-02 3.059890181265830789e-01
6.787465725467717448e+02 1.024120518699356580e+03 -4.016277842250172772e-03 1.453830662750542520e-02
1.134454232258716729e+03 2.109629993701976218e+02 5.852159989035048832e-02 1.865229253102446833e-02
2.170204348951039037e+02 7.654035872386442634e+02 -1.376225097505363870e-02 -2.002242317878471720e-02
1.052358772319965055e+03 2.314576618240022867e+02 -3.047015681700436796e-01 -8.407331597242355403e-02
2.380381413543854023e+02 7.653715187115573144e+02 -3.269726176626105985e-02 -2.734356913574944605e-04
1.120865089406695688e+03 1.892231473524439878e+02 1.383968041397232521e-02 1.052213348373130623e-02
1.182608854348091427e+03 2.080340252545605040e+02 8.955261712000070831e-03 -3.066699743920586405e-02
9.300041203792518445e+02 8.983869678337457572e+02 -9.756682254479159128e-03 -9.645498294824139673e-03
2.720889445155552835e+02 4.170039321388907751e+02 7.456274270286726569e-02 2.935636695018293829e-01
2.894169410068807338e+02 6.409977921162103485e+02 7.486264637699242830e-02 -1.763255712730351921e-01
1.171275428481375684e+03 3.441580124305747290e+02 7.678008945244398087e-02 1.190440470035223491e-01
1.171246111628455765e+03 2.330329759217913477e+02 4.224761787149378285e-03 -5.665261309474652930e-03
2.074828583999961324e+02 7.265097765641055503e+02 -4.332019182827322721e-04 2.450956885927508232e-03
6.814024991107742153e+02 1.018189515421884153e+03 -2.492361114139042631e-03 7.554427157508666543e-03
6.105816512440096631e+02 4.244803147381763324e+02 -1.728266509937186231e-03 1.335682758277732460e-02
4.935144577741995704e+02 4.547639519667887953e+02 -5.661610560872025119e-03 1.015812680750491619e-03
1.161349183020767441e+03 2.496744336699541122e+02 7.973822127624851860e-03 -2.503811566441527248e-03
7.422922033401123088e+01 3.200869380875651586e+02 -4.553673224283966668e-03 8.408747903261109408e-03
5.749768470846332775e+02 3.949601481172666695e+02 -2.511713159209747609e-02 4.510753700399748774e-03
5.207118841947332157e+02 4.251390381313604507e+02 -3.387789841705925002e-03 1.861869425397344457e-03
2.826464337873720183e+02 6.781190789355952120e+02 -7.411217655079654909e-03 -3.025723672837359393e-02
3.190755213608435952e+02 5.678328381207165876e+02 6.238945982072616886e-03 1.262842064491424311e-02
2.426516793351133288e+02 3.853925931683946828e+02 -1.092158020489364390e-01 -3.525908289286915354e-01
1.181816458117279808e+03 3.715478411670750347e+02 -6.957762599554236267e-03 1.641395544089506442e-02
2.673276231786360313e+02 6.480472323583400112e+02 4.505004905385280589e-03 2.365654127136325099e-02
2.812174495651834150e+02 4.904167679261481112e+02 -9.992968686689062893e-03 2.829723135956023206e-01
1.020145728305985131e+03 2.030311772092160254e+02 -1.277938723613548933e-01 -1.588764150798158414e-01
2.934274884552190770e+02 5.974048328416855611e+02 9.647843050008151830e-04 1.424030864373520633e-03
1.147516278901012129e+03 3.556147765927274804e+02 -9.549087653921210089e-03 2.110702589486224828e-02
2.795730980738512699e+02 4.052784183105183047e+02 8.563625771110068563e-02 2.814222927713750932e-01
1.862014741085216656e+02 4.689077168100052404e+02 -6.685217424274042530e-02 -4.431757091219789002e-01
1.136143105642989212e+03 2.237787494149770566e+02 6.382692427333080953e-02 -4.316362765092972287e-02
1.038403898425758825e+03 2.822718912840857115e+02 8.475274993410457716e-03 8.333946479458608295e-03
1.049830512808753838e+03 2.698389257374809063e+02 5.808042747163415578e-03 1.838165404973324257e-02
2.263060133305987449e+02 3.258986770629362013e+02 -1.162521158942174809e-01 -4.188529855641976996e-01
1.013063722722536681e+03 2.608985836338856643e+02 -3.568436008811992285e-03 1.222926809638260996e-02
2.828712802727887379e+02 4.809119837864491274e+02 4.337972923271912057e-02 2.342012510643839696e-01
5.073593446105086855e+02 4.521858611539128674e+02 7.282904485872349065e-03 -6.454458090871920822e-03
7.436484327161963392e+02 9.631744828822480713e+02 -1.622442269910724178e-03 -5.419014342895943186e-03
2.301590025955465251e+02 7.751132776382125940e+02 -4.495979995970973003e-03 -6.330775185917877955e-04
1.093850385735417603e+03 2.025822408789009330e+02 7.878504581804638904e-03 1.080611961653950466e-03
1.988805345718251942e+02 5.083785734373508376e+02 -1.872364488193760217e-03 1.523170067349216734e-02
2.727196146929556448e+02 4.032705156718570265e+02 7.180886971996593149e-02 2.763810417800267594e-01
2.594589509448022113e+02 5.091096334480771475e+02 1.547423761710982337e-01 -3.774844957848396132e-01
1.019836319469629757e+03 8.659115855223973313e+02 -7.486042518452774679e-03 -1.272424894053564987e-02
4.873104546080745081e+02 4.750858197047962790e+02 -5.478134541681581489e-03 6.595052122185559099e-03
3.002913701175441474e+02 6.550252435366078316e+02 1.426357999981510243e-02 4.512988345522494192e-03
1.071615792369341079e+03 2.192013827018323013e+02 8.939653816917211490e-03 2.177066027556575842e-02
2.956367040682191032e+02 5.391609793258818399e+02 2.630707322425160366e-02 -2.272253952495216500e-03
2.041257208917155594e+02 6.680107502490512843e+02 -1.487869092471363619e-01 2.800539623576482895e-01
5.373911382501369189e+02 4.258151238576149353e+02 -3.010348145699251639e-03 5.011429564525756407e-03
3.493651402441958567e+02 1.074729531435085391e+03 3.517088277313893535e-02 4.009283603603253643e-01
1.152236935294613431e+03 2.126141680074907470e+02 1.010418306800219546e-01 2.767529437519504476e-02
2.583660737571045161e+02 3.972066218595812757e+02 8.076515335396564077e-02 2.932201377261831610e-01
2.548173526743789523e+02 5.108946853856375583e+02 1.568715954117998190e-01 -3.695441491561471392e-01
2.490451988111088895e+02 6.827856782157309681e+02 -8.079172493864354709e-03 -7.778311656311596989e-02
2.619279739212825007e+02 5.215561391657818149e+02 1.643222652445704424e-01 -4.017642405787529847e-01
5.480300356691524257e+02 4.584999707788248315e+02 3.954574124521167446e-03 -1.603189537525165744e-03
2.559193999431363125e+02 7.455749444355803917e+02 1.236190836743900805e-03 -7.023928322253299161e-04
1.028286663411538939e+03 2.257692051586994069e+02 -1.616210715840112333e-01 -3.223377835301907135e-01
1.179701611048225459e+03 1.676576909728637190e+02 6.970661270802023558e-03 3.051089695049702898e-04
2.390104413850996252e+02 5.361506660443076271e+02 2.121892948090199349e-01 -3.707155305803564449e-01
1.107725271575552370e+03 1.713432225990734423e+02 1.997947074761160027e-02 1.093053397594720075e-02
1.126641551866889358e+03 1.919109104786582236e+02 1.401213805872592554e-02 -1.668920026007540344e-02
1.139532326666752624e+03 3.886589645370795552e+02 8.709578058345202739e-03 -1.516556561716585032e-02
2.677880215112401743e+02 6.241259408355706455e+02 5.082950712116400711e-03 3.118174981774236593e-03
2.552744854166362813e+02 5.219896851974829133e+02 1.744426928639554453e-01 -3.604958089647616881e-01
2.677156833045309554e+02 4.206721061151715730e+02 9.445994710443364473e-02 2.757636747266564159e-01
5.235126268244640642e+02 4.606313638403125879e+02 7.935604187461722109e-03 3.139725557113508432e-03
1.057857661767082163e+03 3.030898318689772282e+02 -1.701044592925544463e-03 9.153322185472736322e-03
2.025338134618767469e+02 7.015870135793570626e+02 1.025656342080331733e-02 -2.074021368973109555e-03
2.641488759358269931e+02 3.894323055271810290e+02 6.405322318341398480e-02 3.259076636564727791e-01
3.245326330813846880e+02 5.161865592737542556e+02 -3.858113215265816277e-03 -3.320046103444928079e-03
1.035697992208186861e+03 2.983226056387757694e+02 -6.678214844435001116e-03 8.744637654747113714e-03
2.319765973524254719e+02 6.287147262210564804e+02 -3.672214956649798908e-03 1.033910796656915240e-04
1.187668532417868846e+03 3.537067341167088443e+02 1.691793670312279757e-02 1.449270948475628665e-02
7.846424361786675945e+02 9.539022770036243628e+02 -8.802241334571121387e-03 7.112527631056989215e-03
1.111133366204629738e+03 2.229198021031747601e+02 -2.240946364038494051e-02 8.294450097497024429e-03
1.124879651884694795e+03 2.406245644575090807e+02 8.248489737579262765e-03 -7.866675658544187988e-03
2.299060334070300087e+02 5.684831112756182847e+02 1.458622984503128162e-01 -2.582041318888797510e-01
1.241950565586860648e+03 3.369651960892921920e+02 3.533433562145631979e-01 1.568396561138203360e-01
7.105058952350852906e+02 4.211421780348327388e+02 -3.107736488712335016e-02 -1.067359683124699012e-02
7.691944102313739222e+02 9.562792554353300147e+02 -1.460942783884128845e-03 1.881342008019682181e-03
1.025739901755289111e+03 2.112624053375997732e+02 -1.500303093775307850e-01 -1.804342701171020857e-01
1.025610242386245545e+03 2.237125211048784195e+02 -1.153782555350355149e-01 -1.177278194536788003e-01
9.709514869563407728e+02 1.696740503102425635e+02 6.887321458407313912e-03 -1.148153377519324503e-02
1.181024338643414467e+03 1.849137520840035904e+02 1.183700299820884538e-01 -2.928535340040778756e-01
1.003441041463354622e+03 2.274916070920923516e+02 -5.328443374853825479e-03 -6.153322119604467087e-03
2.206696532721250321e+02 6.217816527555299899e+02 -1.897133181476494124e-01 1.779556604045221258e-01
8.302935255807845749e+01 3.467791024542910918e+02 -1.810025619934874097e-02 -2.538053658889962913e-02
1.029474926064247484e+03 1.612511026651772568e+02 1.219596921994860542e-02 1.400090521085609573e-02
1.186047075240768208e+03 1.720903699444543520e+02 7.457501984454030508e-02 -7.411716065870771475e-02
5.540648226235945231e+02 4.834238124785249511e+02 -2.029634491119656874e-03 -2.194041887415970008e-03
2.539900798996700075e+02 3.807451146935963493e+02 9.118022953433575772e-02 3.375018078590307780e-01
2.696407344025852240e+02 4.281657461320158404e+02 8.661628464672149752e-02 2.551665047571987088e-01
2.566827211632754029e+02 7.006966123201981418e+02 1.282865292871452571e-03 8.415693852520918575e-03
2.209061650389481315e+02 5.558173650924372851e+02 1.634086907820802570e-01 1.062382559655766778e-01
1.169891888713219714e+03 1.801601640760338512e+02 1.355978113997907963e-01 -2.497218382669216113e-02
1.128940736150012526e+03 2.118570434743577948e+02 4.368408754114152387e-02 -3.081290934441248755e-02
2.193814026443320984e+02 5.684865944721385631e+02 1.091482685591768642e-01 -2.526003009974518432e-01
2.671300811324516076e+02 3.764644116405168006e+02 7.446335744333285045e-02 3.211620415083212832e-01
5.032150710439446470e+02 4.677189869856355244e+02 9.393651870962881067e-03 -5.136240505514773520e-04
2.473850447934014483e+02 5.207872273803726557e+02 2.063153921192714124e-01 -3.531567469558231087e-01
2.617735864483580031e+02 6.685023758744021052e+02 5.994390926835057101e-03 -1.458596477942988292e-03
3.188293505356464834e+02 5.191745531362932979e+02 8.332064261716062153e-04 9.677440167783204691e-04
9.921260888882596873e+02 2.001990869054066309e+02 2.990708318650219400e-03 -3.782549765891853912e-03
2.392316477610010850e+02 7.096831467396748394e+02 -1.385806135017548027e-02 -5.563281157329169439e-03
4.054258063388882078e+02 1.084039378995707466e+03 -6.323378839518155325e-02 1.046600912145887602e-01
2.345017654778808662e+02 5.584985938146544413e+02 1.624296380202334966e-01 -4.384408515120356564e-01
2.839376370186206486e+02 5.389665934387141988e+02 -9.373388701932175437e-02 3.115144116544789621e-01
1.144885995091946597e+03 1.934394302282932756e+02 6.588552301612857209e-02 5.756311232557796004e-02
2.094723956787010763e+02 5.316528622608791466e+02 1.378059688867122323e-01 6.126316672281752890e-02
2.201922027856410864e+02 7.167735623439232313e+02 3.733413411614582358e-03 1.005665377702501858e-03
1.174468168986426917e+03 3.728878317835524285e+02 -3.881785813542133062e-02 -7.170790061661478677e-03
2.599086719064732165e+02 3.776133557796721902e+02 9.018418980934854445e-02 3.409541234175484936e-01
1.063481476088830505e+03 3.108951874207022001e+02 7.906145461265173466e-03 2.968276499185526843e-02
8.106401502902275524e+01 3.244766965077388932e+02 1.344815199761589938e-03 1.209658337214446211e-03
1.092103866272653249e+03 1.914793816304537017e+02 2.866600931975197067e-02 -5.058789801905017036e-02
2.072984233500453968e+02 5.360596143453648210e+02 1.586741182530098382e-01 7.628460364373769453e-02
2.217354355760579381e+02 5.407070071501379971e+02 1.564901765229277930e-01 3.242400863748436113e-02
1.023738299029169525e+03 2.375827836022949100e+02 -1.981799021701018473e-02 -5.623078240966188773e-02
2.788434803911143831e+02 5.331046192971343771e+02 -8.186501681920801965e-02 3.159390476890443500e-01
1.197570428717188634e+03 2.283530634382780988e+02 -5.418179386609127055e-03 -1.178639412494344660e-02
2.391047145875990338e+02 5.493261986718284788e+02 1.449680120827759877e-01 -3.516342686691890651e-01
2.373523671467803808e+02 5.667364743504052740e+02 2.634703376219142412e-01 -3.617964406076074613e-01
1.068742049046150896e+03 1.972184617433828748e+02 3.839054433946879896e-03 -7.455492451832202057e-03
2.681094647773850284e+02 5.649976872096788156e+02 -1.034250344682355188e-01 2.722112674519389652e-01
1.064821103669176182e+03 2.158540030615071714e+02 -1.173812706111216362e-03 4.601259881361770797e-03
2.055476243165661288e+02 6.610338141022913305e+02 -1.024031702535661836e-01 2.392520575351941015e-01
1.030860930928515245e+03 4.450419330791548305e+02 -4.730015942564788438e-04 1.544555480192306464e-04
1.114865173077996360e+03 2.355287744886710470e+02 1.524420196592067914e-02 -4.396791575049805584e-02
2.589277694299082668e+02 6.946725120587532274e+02 5.311195663687226162e-03 8.148930887052689524e-04
2.828840559738321190e+02 6.165194890232086209e+02 4.053511867896146537e-03 3.391178384691052785e-03
1.102757956110991472e+03 2.167631392779209420e+02 -4.363409947547038786e-02 2.330217817847476947e-01
1.093062554255389841e+03 3.478155224572053612e+02 1.085392113754375665e-02 -8.297394399997330694e-02
1.953398100028323370e+02 6.909491857421821805e+02 -8.997471397595512010e-03 4.963331756353044945e-03
2.587836558128853994e+02 3.594108639737973476e+02 9.691283434916039830e-02 3.241924481315662798e-01
2.748215822891270363e+02 5.651382900790207486e+02 -7.141490036886551096e-02 3.055469027922941283e-01
1.143145196889529416e+03 3.816671913030941141e+02 1.850004922715934308e-01 9.978458480975235800e-02
2.175858633534332967e+02 7.235490719417986156e+02 2.177627121408429872e-03 1.053040130768119476e-02
3.128915573607565079e+02 1.056455990603305054e+03 7.389211760051572764e-02 2.789311555710639046e-01
5.369220646507399124e+02 4.654224853558886252e+02 1.487394505172440207e-02 2.138149795394829120e-02
1.131039207167450968e+03 2.458282553306171678e+02 9.637411980954968755e-04 -6.079334441817998459e-03
1.293319333908298631e+03 3.245082916882637392e+02 -2.159957009558584676e-02 1.631322787748351599e-02
1.119881655020476501e+03 3.143036659950865328e+02 2.214092319406004913e-02 -3.687767093734660440e-02
9.645505360707074942e+02 8.663771942677677771e+02 1.529497003348702063e-03 1.405846629551780374e-03
2.508554173586304046e+02 3.578588384851703950e+02 1.006706121897078671e-01 2.698873466760315365e-01
2.598669453986018993e+02 3.499710516856350182e+02 4.274327141417522125e-02 2.603538891724649362e-01
2.664290858844030936e+02 4.677621201101341626e+02 5.362156719567481855e-02 -2.155579294406566593e-01
1.165639716274678221e+03 3.333590828748962167e+02 -3.766913802997459149e-01 -2.088885168446758811e-01
4.972454649880492639e+02 4.680242358284182842e+02 -7.328650886619254281e-04 5.752808611335618293e-03
1.008195931750158366e+03 2.555314955745656675e+02 -1.560765992352197880e-02 7.543977152219148719e-02
2.630873188228412118e+02 4.023012523543219459e+02 9.243335232031847648e-02 2.935070729664241984e-01
1.081758978792380958e+03 1.881471805677426232e+02 7.320944798842370094e-02 1.196159426677171622e-01
1.111681423932059715e+03 2.106803390378290715e+02 3.508755099368508767e-02 -1.645731096596587256e-02
1.195697588742580592e+03 3.185415226263665431e+02 4.436846429273688663e-01 1.580145014282018368e-01
1.105171687385474570e+03 3.027111274817246453e+02 9.296817241008311803e-04 -2.334577954526805693e-03
2.155516538560602271e+02 5.832282471729236022e+02 1.625388668884842347e-01 -2.570497634338261284e-01
1.938713542387044697e+02 6.995623326529480437e+02 -5.068973365434930635e-03 9.044005515015173663e-03
5.997112037053476570e+02 3.873019102962660440e+02 -2.787461179744551987e-02 1.595475567979510664e-02
1.141628013196930169e+03 2.419347244181880967e+02 3.933866191299568993e-02 -5.474042744661927751e-02
5.716193473504602025e+02 4.101839237317893208e+02 -8.133105633093988540e-03 1.778898140220336538e-03
1.238293944373861905e+03 1.274674470715007288e+02 2.665602420955173746e-02 -5.066375807933204412e-02
1.025526022058415947e+03 8.705886151397081676e+02 2.501022504022762643e-03 -3.962054472376531564e-03
3.722401082698623327e+02 1.097989509040555276e+03 1.270358376357319241e-01 2.239773121917046916e-01
5.398422301845118909e+02 4.693186704973673500e+02 -8.634079473371331732e-05 -2.003748443020849680e-03
2.184400770044823048e+02 7.756544447894661971e+02 -4.119075193485887722e-03 -5.361418249894950826e-03
1.035842844175807159e+03 2.175771170080071215e+02 -8.092937716308387652e-02 -2.132748627345233683e-02
2.501858286087381771e+02 3.421548948575333498e+02 8.867122537832003437e-02 2.563623301037483149e-01
1.094998429837720323e+03 1.618130735021037481e+02 -1.359603564883580563e-02 1.125360984414050351e-02
1.979204404836752644e+02 5.273963449166952842e+02 1.290042734996821872e-01 1.286395504596745121e-01
2.151295411910570010e+02 7.213226477564427341e+02 3.512830696442195786e-03 7.372238290019036489e-04
1.271401827069364572e+03 2.974780721571226536e+02 -1.323749200381114759e-02 -4.041823451799056444e-03
3.078035583044081704e+02 1.019924379833792159e+03 -3.658853502649203615e-01 1.890705693719108293e-01
1.049734799757781730e+03 2.282937001010536164e+02 7.761931767663104650e-04 2.638153731517926814e-03
1.176596154385200634e+03 2.053169692402877047e+02 -1.745828944503662883e-01 1.868944932599949371e-01
1.138176826278973294e+03 3.175785792984953559e+02 -1.207475746742818663e-02 -2.846008982647777602e-02
2.776593041196214813e+02 5.852661364281871101e+02 6.809982312247518654e-02 5.963015848391982864e-03
1.219839937884660230e+03 3.582667514104962265e+02 -3.720108821142271149e-01 -2.618919981578884254e-02
5.159047044735107193e+02 4.749177773797881059e+02 1.464661394659895824e-04 4.131781351080656035e-03
2.776864808051459477e+02 5.772778756398513451e+02 8.372965224496473069e-02 -7.814363708744752725e-04
2.065648275170339900e+02 5.915626184415735906e+02 1.283217266234786269e-01 -1.556119199516647067e-01
2.692065519529534754e+02 5.267040203199812822e+02 -9.513074921735079070e-02 2.915505502993809284e-01
1.204852462044818139e+03 2.799174726636407513e+02 -2.234415892633136256e-03 1.995188558317516000e-02
7.621410084657693460e+02 4.559855817733429149e+02 8.711276519966867915e-02 9.399316441974545078e-02
9.182257248884033061e+02 1.102595840164166702e+03 -4.922068506274545653e-04 -5.428710907120031220e-04
1.097632613954899398e+03 2.286176689855972768e+02 -7.479598589284115924e-03 1.162681971696022908e-02
1.025595780071959098e+03 1.949524469561328033e+02 -2.902018373160359169e-02 4.587039135312418608e-02
2.375882826375481045e+02 6.848574946450867174e+02 4.077755116128400914e-03 8.799953887852674309e-03
2.547599424062455284e+02 5.477194588657973782e+02 2.873415585128253347e-01 -5.581486699813381636e-01
2.546652631424756237e+02 7.090005462499245823e+02 -2.677903786834554250e-03 2.232949116666919313e-03
1.176097605966478341e+03 3.496629653728259655e+02 7.739450924906249307e-02 1.204062882405242535e-01
2.628784563851589837e+02 7.077244683141049109e+02 -4.004633679735637199e-03 5.970187070067484864e-03
1.020134748521633583e+03 1.735703550335473722e+02 7.766530364216744919e-02 -8.750704005037512889e-02
2.050255291060368279e+02 6.056931284383834964e+02 1.018215719453719054e-01 -2.462648015873842022e-01
5.586884501825729785e+02 4.119215677019932400e+02 -7.384228039335097955e-04 1.531302602590432424e-03
1.039983762736369499e+03 1.619983586541865179e+02 1.154323075988243213e-01 -1.617070985867663790e-01
1.034882657376246470e+03 2.763384241312071481e+02 3.618389668498920349e-03 1.171581108587196711e-02
1.903984453946842166e+02 5.173271450348553344e+02 9.781501975265123605e-02 2.218856442758325720e-01
1.021313796579412269e+03 1.615677803841465163e+02 3.014994909706319656e-02 -7.882045086860486535e-03
3.104544273821536535e+02 6.188108553253451873e+02 3.018250047884998583e-03 -8.928405361991667913e-03
4.916653459966853461e+02 4.823903761151741492e+02 -4.631538399420682441e-03 2.892313341953697652e-04
2.764260611832800123e+02 4.809274203266267591e+02 1.048838713377268222e-02 2.229990264156938851e-01
1.160671528968959137e+03 2.569111447519103990e+02 -1.782198739779502702e-02 -6.568113834260197806e-03
5.621077047028848028e+02 3.937680027190023679e+02 1.138950997446189217e-02 8.566586557092272652e-03
1.962367115668643009e+02 5.993045398720430512e+02 1.118061436340275355e-01 -2.628143762410447559e-01
1.140349228237647367e+03 2.214811454333724612e+02 4.528706989427149637e-02 -8.451846476712676637e-02
1.639568545374411315e+02 5.286900938914266135e+02 -1.434720825867734917e-01 -2.681912640564495520e-01
5.587187645935238152e+02 3.983471020876094713e+02 -2.924898430596795627e-03 -1.362561631355116388e-03
4.980559437552647069e+02 4.580253993793842824e+02 4.784671994985787227e-03 -7.522830122310763395e-03
1.762579817744739898e+02 5.082704093557931628e+02 1.740414242368663045e-01 2.673155444771969091e-01
2.670005886821921877e+02 6.882126819798328370e+02 1.155496353537683284e-02 1.366084721994321668e-02
1.043915620778196399e+03 2.192950272197404331e+02 -3.694924587532816274e-02 1.113155632707114873e-01
1.230023224262006352e+03 3.188416431603918682e+02 4.058974062628510904e-01 2.416229354045753008e-01
2.194503730483526454e+02 6.980899321812169092e+02 1.992773877757169493e-02 -5.752784374278847868e-03
2.701310574228400583e+02 6.920819656371203337e+02 4.836966666697896703e-04 1.824694383773507733e-03
2.349768279293226669e+02 6.421919212949186431e+02 5.888742812976432463e-03 -8.217156618310681934e-03
1.173502552060107519e+03 2.436990502187800303e+02 1.276063270286541262e-02 -7.372492900824488375e-03
1.161811398882428421e+03 3.264690887534980561e+02 -3.547001323065299694e-01 -1.948368169343766831e-01
1.188150036552214260e+03 2.063734387747764458e+02 -2.286419453254650376e-04 1.716003780631023055e-04
5.292850752448116509e+02 4.508029693484536438e+02 -3.559303104790421772e-03 4.624590790836189650e-04
1.172651199154560345e+03 2.099238991786058932e+02 -1.110350734522696017e-02 -5.659416628449747549e-03
1.179419461312168551e+03 2.247631961629655564e+02 7.733451782517270076e-04 -8.363127033574231650e-03
1.389762986268668499e+02 3.981134558865610416e+02 -1.284542574026799897e-03 1.162059925460166843e-03
1.190240663696191632e+03 1.749555420286180265e+02 8.571533821490411823e-04 -1.914274144349597390e-02
2.728847517915652929e+02 6.231088381811729278e+02 -8.877269396425438181e-04 4.429459365542918158e-03
6.055948687708497573e+02 3.866112140972069255e+02 2.992958111277213996e-03 3.656091834819441208e-03
1.040426220037199982e+03 1.918015061065756299e+02 1.965315823352482491e-02 1.416135740115825881e-02
1.246332084023536027e+03 2.892579378365493881e+02 -8.469904939192479318e-03 1.203345245013204279e-02
3.040715641087603558e+02 4.143535656608549971e+02 1.445200882280667232e-02 2.913380507814819411e-03
1.939901117477310493e+02 3.193882123254389853e+02 -9.502413961866854530e-04 -6.622026657116140622e-04
1.233094204366268741e+03 2.531140489424739997e+02 1.748315682097749055e-02 -6.139916414786293457e-03
1.201824971329072696e+03 2.261190302835306909e+02 -5.799250358053865571e-04 3.867296008409219820e-04
2.196896095818691492e+02 7.450887423236872564e+02 3.379577558361727008e-03 8.260617234129475836e-03
7.857139145780507761e+02 9.388276566561066829e+02 6.093767180800568894e-03 3.595553029972597264e-02
1.987607132377550556e+02 6.153750723427866660e+02 1.097887456117051797e-01 -3.048603466796748762e-01
2.412280071807937247e+02 3.359232693571206028e+02 7.724813041693126547e-02 2.669755181079903616e-01
1.037980233059792681e+03 1.991227326087860661e+02 1.186862736263981019e-02 2.695986548331185729e-04
3.373264927037083112e+02 1.086752508904505930e+03 4.958287764131651121e-02 3.631555643328283622e-01
2.479445785606866934e+02 7.308195861619507241e+02 5.788223222389836040e-03 -2.961370536088835277e-03
1.034504306473869519e+03 1.753260537237672452e+02 1.112829852829263187e-02 1.457836667641954249e-02
1.167538690007558444e+03 1.935302700690377833e+02 1.304263887282644807e-01 3.757441800548061255e-03
5.106013473019114599e+02 4.926300299415851782e+02 -3.184361934790675992e-03 -8.525007780365127796e-04
1.171045110988581882e+03 2.264353595236462695e+02 -4.539784654293770906e-03 2.972533953086136348e-03
2.931902279020931132e+02 4.637489623292789247e+02 4.412727780325131910e-02 2.296273781072999953e-01
1.033479258572291883e+03 1.989402804627021055e+02 -8.444988914701266614e-03 9.660240807529352908e-03
9.915618828559998974e+02 2.270578947859625032e+02 -4.146665733634279961e-03 -1.102907284263041597e-02
1.807477789485568564e+02 5.161727174309593238e+02 1.621401117390202373e-01 1.859178381333512486e-01
5.344070624796415814e+02 4.254984976050169507e+02 2.366967838040659206e-03 -1.904593870998913183e-02
1.978055468104923875e+02 5.781359733806459644e+02 9.874448362591752709e-04 -7.968139688940518994e-02
1.915211055054408291e+02 6.110339104439095763e+02 9.283332761186323390e-02 -2.766244256755994169e-01
6.068648711204472193e+02 4.072621844298731730e+02 8.847700371605621283e-03 -5.330026289717950880e-03
2.432885456095897325e+02 5.262158733770228309e+02 1.894196466569335879e-01 -3.041846725458411949e-01
1.049568828039281698e+03 2.827837973629330008e+02 -6.677671883677915171e-03 5.479508380972220039e-03
2.592568380665108521e+02 7.183031025031301624e+02 6.970952357821963777e-03 7.942765341956129280e-03
2.262526688604706351e+02 7.431549491707688730e+02 1.297506766811248879e-02 3.482055371061577691e-03
1.251215797808658863e+03 3.094684469031875551e+02 -5.160735777791961715e-02 6.774013712486415262e-02
1.173158534714978259e+03 3.052272330491377943e+02 3.949105871299909976e-01 1.860607829838536176e-01
9.735776755349886571e+02 8.631877223747901553e+02 9.640482950822563610e-03 9.451014168484791859e-04
1.016670589393727596e+03 2.311683071837625505e+02 1.709018110757527451e-02 -9.768804957053955906e-02
1.132729041935533587e+03 2.637405194076366115e+02 -1.434332147970629814e-02 2.524127265484769900e-02
3.001947810323252952e+02 6.362411188924356793e+02 1.103781788139183012e-01 -2.564519748741013738e-01
2.464836083349748037e+02 4.033238418744763294e+02 -9.952377255616444429e-02 -3.510916254809471337e-01
1.022267713616345304e+03 1.840057362108856012e+02 6.259000178098887875e-03 3.526148883783700866e-02
1.985732827829436928e+02 6.336839402837470061e+02 1.260364659915121088e-01 -2.837705841041189281e-01
2.621444138895577112e+02 7.384509738299242372e+02 -3.710385726882991803e-03 1.561983454344539879e-04
1.153851490106951360e+03 1.442749969724742982e+02 -6.391778249062464098e-03 -4.693714096943873287e-02
3.121954498939029463e+02 5.521733682798854943e+02 1.031067717778371036e-02 1.746693522185600173e-02
7.927170778140227867e+02 3.936997966780129445e+02 1.168345464198900559e-03 -3.148184668825053552e-03
1.813762901021121081e+02 5.031312864091311781e+02 1.675283258104781348e-01 2.671332141947426742e-01
2.600379014018356543e+02 7.537565853481653448e+02 7.596800665786047728e-03 3.377470329837706231e-03
3.979553697430294505e+02 1.083923701422851082e+03 5.154493959427235150e-02 -1.277660599100389517e-02
1.167127669095115152e+02 4.164835228073591225e+02 2.024457054527849520e-01 3.027885887511134189e-01
5.744125227253985031e+02 4.969080542762054620e+02 -2.600940342156466550e-02 3.222443893425838701e-02
1.108637604379604909e+03 1.466459162664274345e+02 -7.574944936982319632e-02 -2.240220739666316241e-01
1.126141175609022184e+03 1.814738385039301818e+02 1.567754569777036339e-02 -4.528030071732795647e-03
1.064957467392380522e+03 1.960679657777864691e+02 1.816976682901008406e-03 -6.508445256002070960e-03
1.033117861868475984e+03 2.269568088035063624e+02 -2.776164437281574138e-01 -1.393530034414132701e-01
1.136922985237463990e+03 2.154449193978043127e+02 -7.797995330582413454e-02 -2.069662103144230200e-02
1.214319175264012983e+03 2.687296534671801282e+02 5.627566584880156625e-02 7.203713557159274056e-03
1.264351140183848656e+03 2.826017094977584065e+02 1.194739362905972435e-01 4.881687542810465158e-02
1.185916012035165977e+03 1.869720576203513929e+02 1.162530259984627737e-02 -4.161921075417934768e-02
5.912533513400218226e+02 4.162128674297304087e+02 -3.232595470445846775e-02 -5.182973650184773649e-03
2.420326877618099957e+02 6.119647227422981359e+02 -1.996396167342173646e-03 1.899157699598716942e-01
1.027939637430228231e+03 2.435802043080938972e+02 -3.251404222223889806e-01 -6.124690793280444107e-02
1.147750766425583379e+03 2.646105895360137197e+02 -2.653283739049368348e-03 2.057316591123983102e-02
1.216093580523139963e+03 2.823133242363128375e+02 -2.874224855620265834e-02 3.852139870961611076e-03
1.025158782799950814e+03 2.621310787518488041e+02 -4.169976224609331719e-03 1.057758882998516801e-02
2.439376403822675741e+02 5.387305338852854675e+02 2.147273457409939468e-01 -3.488363586266154948e-01
2.447167563264122236e+02 3.486189728481393217e+02 9.373146039489044234e-02 2.411817280255658669e-01
2.583374770586758586e+02 6.222437872425776959e+02 -7.770314990559350210e-02 6.758866157604143110e-02
9.483655528473108234e+02 8.897970948682842618e+02 8.184721849609036606e-03 -1.207333685384371497e-02
1.147628659819993118e+03 2.210464672655329821e+02 -1.108944581970618994e-02 9.817655496908290341e-03
1.077004608811573462e+03 1.601900363687355764e+02 5.630226542446660834e-03 7.240491210809624212e-02
9.955646390566407717e+02 1.912595155655081101e+02 -1.165602308040620677e-01 -7.252839964478043078e-02
1.049755763621305960e+03 2.617857409627162042e+02 -1.285437636237709291e-01 7.723832540060268648e-02
2.520521169950423825e+02 3.023734619455721599e+02 3.520847590323256809e-02 8.549232039000470573e-02
2.328978711777255057e+02 3.446566152239026906e+02 -1.187331234279637576e-01 -4.104540656974048352e-01
1.073481319352669516e+03 1.638616942220644432e+02 1.387378497950539705e-02 1.079756810219252988e-01
1.093903951075769783e+03 1.756057307220172277e+02 8.654005631875983165e-03 1.918538566903659663e-03
2.064627001927341325e+02 6.356362591577139938e+02 2.242043082820456834e-01 -3.511468472869702651e-01
1.934577257540527171e+02 6.311476998100206401e+02 1.350031740393743129e-01 -2.595109370083787392e-01
2.438744893643308842e+02 3.241951547313519768e+02 5.987287318067482239e-02 2.828441906155972352e-01
1.149524012036063596e+03 2.277299805253790055e+02 -9.322384492974140208e-03 3.838962920444702331e-02
9.305382425444089449e+02 8.832034260334856981e+02 -2.129430860984002274e-03 -1.146346289791459576e-02
1.175351034665328143e+03 2.899308026740915807e+02 4.976412560445238609e-01 2.094887254219776340e-01
1.060268067189412022e+03 1.896769257226445973e+02 -1.006026037547945971e-02 -1.955788218578053544e-02
3.595813520204717975e+02 1.063888058099478940e+03 -1.144233799849627697e-01 3.442594224957106763e-01
1.099679263431029312e+03 2.088853607090965454e+02 4.236670347646204204e-02 -3.470058641558766005e-02
1.224325734398697932e+03 3.960687492409149968e+02 1.339703353342627523e-01 -9.692594718529790043e-02
2.854969976504004876e+02 5.600977789510207003e+02 -6.260983227840380416e-02 2.497991943050160424e-01
3.257765619704196070e+02 1.069545115537900756e+03 4.863404665754463702e-02 2.866010892222142226e-01
1.082102017129640217e+03 2.237569696608313734e+02 1.756276703194405847e-02 9.088178058208246091e-02
3.933039396832832040e+02 1.082257827870627352e+03 1.363038774250436014e-01 5.647008061708185256e-01
3.447407836487567465e+02 1.088796646538950199e+03 6.592495119708614848e-02 3.975277343850532330e-01
2.889286948952221792e+02 4.693826484444811626e+02 4.300294258871292796e-02 2.405788418996402944e-01
1.061452095123110212e+03 1.680944485616003021e+02 7.272566852144826677e-02 -4.557589988758300320e-02
2.644421738261764858e+02 5.558302723460786865e+02 -1.018468172831420437e-01 2.761742714016274247e-01
1.918863479684187041e+02 6.655202068305816283e+02 4.593595206436856815e-02 -2.148847091050068991e-01
1.086545586129226876e+03 2.004179318585417491e+02 2.712022976943232952e-02 -2.499431799335399829e-02
1.154498690739413632e+03 2.042546618521161577e+02 1.024664996518743210e-01 3.383252602705676126e-02
2.101406089642160850e+02 5.784183482363271196e+02 5.737719207805278693e-02 -1.500802536473143933e-01
3.267950883348291313e+02 5.532695111119435296e+02 -6.003280300941536392e-04 9.712424030261204017e-03
8.093014913521319613e+02 4.005001132402749704e+02 -1.738321540597509429e-02 -2.485636369933248019e-02
1.020346223762631780e+03 2.182247774048448719e+02 7.317218143516200125e-03 -1.444398122271606417e-02
2.177900739032290574e+02 7.722017343859380389e+02 -4.096873504903373459e-03 1.065867505347106031e-02
1.070273492678572893e+03 1.849967666868487584e+02 1.098511996465276717e-02 -2.975106224658858808e-02
1.128937584682348188e+03 2.166256859104308887e+02 -3.133347841845761372e-02 -5.063064233534362441e-02
1.107285951595853959e+02 4.174086440456946434e+02 1.929643306204805453e-01 2.972808410207682384e-01
1.264978708395443846e+03 2.595963080792756159e+02 -4.239765632217266933e-02 -4.817777965982591309e-02
3.786034502870506344e+02 1.050437673460859742e+03 3.588858360987464691e-01 2.537038077558544935e-01
2.457817101782072200e+02 3.336548916195039283e+02 8.971045784127719414e-02 2.436587114850878311e-01
2.614455297127594235e+02 4.129925913184065394e+02 9.252916025318086435e-02 3.060597601358798214e-01
1.000686909747809864e+03 1.818746850057742392e+02 1.093546077844863851e-01 2.056698122982868471e-01
1.011741610297241095e+03 2.526308018597766250e+02 8.317743205302238763e-02 5.783944642798830721e-02
2.860202569869786657e+02 4.979031461366240592e+02 -2.477223542912379214e-02 2.978926024290592944e-01
1.265883561519831574e+03 2.035858073899650265e+02 -1.912868133249250903e-03 -1.722232074644836075e-03
2.554103028646412668e+02 3.217614246803927358e+02 9.389900112851248815e-02 2.989400390948154795e-01
5.457066640087206224e+02 4.254858604857274713e+02 3.937554416581124858e-03 1.047006537207931243e-02
1.154832105737150641e+03 2.272905192703905186e+02 -3.104169199830939321e-02 8.215007721688639269e-03
1.291803454474960517e+03 3.443678890394659220e+02 5.464365601740923672e-01 -2.366904459414082701e-02
1.966289223607779206e+02 6.437291045853078231e+02 2.202021561026947793e-01 -2.609161158452223406e-01
8.226876500118295326e+02 3.944704669859461887e+02 -2.135873540421796141e-02 -5.150242104007897448e-02
1.009715458098558543e+03 1.854926750822951078e+02 1.949382480198502340e-02 1.398140727806256589e-01
1.163259400092681744e+03 2.094095310257109190e+02 8.820103374286450502e-04 3.230330795834471941e-02
1.205722800631471728e+03 2.011167421699681483e+02 1.481496377808590691e-02 2.745428670064435639e-02
1.145634998679499859e+03 3.727640300442492958e+02 -9.500410958610570195e-03 1.791778762062433070e-02
2.668286164894746548e+02 6.972891572647254179e+02 -9.091730361278190647e-03 2.024016449562233370e-03
1.020110138341294146e+03 8.062437836423648605e+02 7.869610957288841052e-03 8.193725838785732721e-04
2.741542898991320953e+02 4.369495453143910595e+02 1.019812169285216896e-01 2.473641421502981996e-01
2.763343863897611072e+02 4.918698393474310819e+02 -6.724347046575891718e-02 2.708110892296197170e-01
1.089984858273619693e+03 2.234704957196543660e+02 1.232770263550264644e-02 1.780041172991071383e-02
1.889027191694999317e+02 6.585197364975691698e+02 4.403053122993792062e-02 -2.805735875127264300e-01
1.629037628586817732e+02 5.012643294201977824e+02 1.857902829451309468e-01 2.828491553131007863e-01
8.829488191876156122e+01 3.402488908771990737e+02 -8.176594364258424992e-04 9.667720769124861111e-04
2.258459006677454397e+02 6.622854614916403762e+02 -1.158610399450198530e-01 3.498281896620465958e-01
2.838249044189403776e+02 4.184419640101896789e+02 8.188588922285432170e-02 2.658459097838203888e-01
3.066472396657032959e+02 4.596242624262092704e+02 -2.255795585881252563e-02 -2.669162645550718707e-02
1.015311031979181053e+03 1.903684343458309911e+02 -1.338376749039210840e-02 1.111659650211322542e-01
1.137328831381407781e+03 2.924049512805334530e+02 3.066259060108547652e-01 6.355096457953672562e-02
5.281037080783326019e+02 4.343713090549179583e+02 -3.805218269977492240e-02 -1.094024489049436402e-02
8.892012989591825090e+01 3.604698307693886932e+02 -4.520543563829658440e-03 1.223888949432589031e-02
1.211271177858329111e+03 2.618996476927485446e+02 3.666457778361097153e-02 -2.035640995316658625e-02
2.463159282241192614e+02 6.328189357496497678e+02 2.421701192205449188e-02 -1.037192772951800804e-02
1.699314306478847811e+02 4.940474224682041040e+02 2.111058995447786801e-01 2.426921452199839735e-01
1.254734969067265411e+03 3.236411448059133704e+02 -4.284965028159982980e-02 2.561405069588564287e-01
1.272035758260093644e+03 3.064116331179882877e+02 1.707627716599139159e-02 -7.065068065963278632e-02
5.307614444347919971e+02 5.036053226806701559e+02 1.451533186442096213e-03 1.076421146631124232e-02
7.861729782314870363e+02 4.082145786108584957e+02 2.021222069000271071e-02 -3.118222801351382828e-02
1.189508304492400384e+03 2.258317789909052067e+02 -3.576848545017359549e-02 4.366838593266040430e-02
3.896373583099712050e+02 1.054888339087275654e+03 3.349058352876606581e-01 3.899542829441412506e-01
2.455336669492148758e+02 3.049509623103826357e+02 4.504102753867692682e-02 2.782880280451605071e-01
3.030228280311380331e+02 5.230852765997709639e+02 -5.445403998688210824e-03 3.045864326741777248e-02
1.098184967278519025e+03 3.169628412193461031e+02 1.709664790814992563e-01 1.875092033917005185e-01
2.409483677775849912e+02 6.239814795015978461e+02 -5.491786191650236543e-02 2.664506531092276920e-02
9.409025923756948941e+02 9.053175177887907239e+02 2.691500418273319595e-02 -5.798703702915494057e-02
9.933984833325549744e+02 1.806445954292877616e+02 2.268117159398944441e-02 -1.799368075690545854e-01
1.073048173962554984e+03 2.009804897662706935e+02 1.446205237934350407e-02 -2.879255725520936740e-02
2.088132535176502529e+02 6.876493162375347765e+02 1.617859236352511484e-02 -1.123122416830061102e-02
2.647612181467815731e+02 4.348098231866583205e+02 -7.694562364028094403e-02 -3.254080166626295290e-01
5.934320727455548194e+02 4.583971813846852115e+02 1.912895012485478149e-02 3.365033661997048758e-02
5.121808428269501974e+02 5.025888037695362414e+02 1.441073767519314560e-03 -3.541832261665107950e-03
1.052299400314727109e+03 2.057179117184127790e+02 4.305137266328108031e-02 2.018757463638373370e-02
1.190564188256970738e+03 2.312949296141826494e+02 -2.889956080870585350e-02 -4.901444157850360500e-02
2.506715357141179936e+02 5.694282349896247979e+02 -1.190947014039517582e-01 1.514759819946663033e-01
3.250282271938148710e+02 5.027367413261169418e+02 -1.768613224569735506e-02 -1.321383725764316806e-02
1.079761907561014368e+03 1.873850699772042958e+02 8.005942154648197639e-02 4.334723824579986284e-02
1.104513951614437701e+03 2.011311098779573001e+02 2.362463387034177686e-02 -4.257557004177991988e-02
1.125749844408334184e+03 2.100482991010437388e+02 2.226099234505609162e-02 3.323661033509951040e-02
1.248772437011773491e+03 3.371495406967577537e+02 2.972479204925307927e-01 2.439402403049274470e-01
1.135707034240195526e+03 2.533552680912213759e+02 -2.330826063545233390e-02 -3.302312093652440828e-01
1.180900978990841168e+03 3.627564631112980464e+02 -5.545679030442092830e-03 4.125034143621174321e-02
1.199866706312407359e+03 3.055460455797233408e+02 4.536507337982129684e-01 7.217453905465118225e-02
1.091289738882579968e+03 1.882981506112020327e+02 3.775473268881342215e-02 -3.728216831416091004e-02
1.138944208120612302e+03 2.456715665035783047e+02 -1.005914684788876932e-02 -6.643793008984175651e-03
9.355678943794246152e+02 9.090176817195211925e+02 -3.825962676107792608e-03 -3.198486394351220813e-02
1.514945761449463077e+02 4.547032230206531267e+02 7.731466107807879150e-03 6.898657812430475204e-03
1.766491161151838014e+02 6.332197124961695636e+02 3.281110871376206883e-02 -2.055048427988734328e-01
2.684600324843733006e+02 4.525277674592551875e+02 -6.447423859997651607e-02 -3.145647938540878097e-01
1.178389872936478696e+03 1.986482132355380372e+02 1.285953636683904999e-01 -1.112816502455774431e-01
2.317100984629604454e+02 7.125694873660894473e+02 1.083242998727527301e-01 4.303596769109099829e-02
1.001933877827007905e+03 1.837249904925049577e+02 5.168828275824798035e-02 5.190375888981837299e-02
1.132673124796080856e+03 2.016085384906201909e+02 9.552167555779819685e-02 -2.245993524086958501e-02
1.171979408627484418e+03 1.678734052669145171e+02 5.114196329476351083e-02 -1.111709465769905592e-01
7.891848871329317490e+02 8.875427077287943121e+02 -3.005617264822198556e-02 9.749485200267787172e-03
1.103351812794451916e+03 2.722075537599279755e+02 2.189158850507889609e-01 1.648081873789402074e-01
1.138425018514774592e+03 2.228872201628616381e+02 -1.380829709556160786e-02 -6.863629066540650157e-03
1.055970766739212650e+03 1.788567952704459003e+02 1.383877323210125077e-01 -1.014120542645994272e-01
2.356807731168915723e+02 3.203681826135047572e+02 9.282474239518903603e-02 2.360739286225574662e-01
1.124767855022307685e+03 2.668053966037735449e+02 5.413986973586643048e-02 -1.995125060612205556e-02
2.689222701898631840e+02 7.096146283467580815e+02 1.752256891011581515e-04 8.985864331169154257e-03
1.993819968572372545e+02 5.165492239234094995e+02 -3.853654109324280291e-03 4.811731680716526197e-03
1.154669882722537523e+03 2.486759039591552209e+02 3.230640608780515483e-02 -8.885706188854808341e-02
1.095253922835001049e+03 3.381709882158418736e+02 -1.206433213253049197e-01 2.218345715871195556e-01
1.284193628468860197e+03 3.266060439821212071e+02 3.136933260589879757e-01 1.796568529594634867e-01
1.887350265607013569e+02 6.708636850931193294e+02 4.627484662893543987e-02 -2.239335954502565951e-01
7.838145906740309101e+02 9.594289879480140826e+02 4.039532397613828339e-03 -2.141817614911571167e-03
1.275546933948928427e+03 3.544840955501888971e+02 -5.648753716938301750e-01 -2.712009863650962638e-01
1.059416471329467186e+03 2.273765156893669825e+02 -1.782379119827172051e-02 3.443377854202003124e-02
1.587232699202536708e+02 5.312334794787199144e+02 -1.126041611024592853e-01 -2.795763230246130493e-01
1.131755177852086263e+03 3.342733924799474039e+02 1.549206775691022442e-01 -2.327389814857578065e-01
2.867183239753309749e+02 6.241107611087915075e+02 8.675786366723059473e-03 1.726991743189082093e-02
5.036639892408106789e+02 4.689691478448702355e+02 1.952324913971195241e-03 -3.295757794148044401e-02
1.220719814369521828e+03 2.720251348820971202e+02 8.533962289368139664e-03 -3.055959858201233795e-02
1.323587818449829001e+03 3.344228701387691558e+02 3.827970121005327409e-01 -3.152914686139822453e-02
4.055760470099548343e+02 1.083856480852871528e+03 -9.790894773533870277e-02 6.671753390611917522e-02
1.069668256021837124e+03 3.418009028112513761e+02 -1.954357001575443911e-02 2.422586576313139756e-02
1.221328648042886016e+03 2.522435732734329861e+02 -1.111924888315659055e-01 3.636669564511162966e-01
1.127356923032606574e+03 3.351248600159076432e+02 7.049563429744568066e-02 -7.897078148704711476e-02
1.160891341340351119e+03 3.717174741306060923e+02 -6.543990271072491760e-02 5.361600807274334579e-02
2.169562401593028937e+02 6.602682386110362813e+02 8.995500491605431734e-03 1.305898248055351908e-02
1.072032402593457618e+03 2.194680934599780358e+02 -7.912447878087341957e-03 -3.716322410050858227e-02
1.000794717055135720e+03 1.988038804116860661e+02 -2.315330051201338890e-01 -1.484678175059733207e-01
1.032022389332015109e+03 2.336873207505454957e+02 -1.712680926079950539e-01 -1.667919559036702692e-01
1.128411896863831771e+03 2.392195720485954951e+02 -1.863170919449096130e-02 -8.521804994298985692e-02
2.448377971173711387e+02 7.100432938320243466e+02 -9.513123140077168680e-03 -2.001685295821891352e-04
2.916254972918565045e+02 5.194059318679910575e+02 -7.200740565379550040e-02 3.015546330040179135e-01
1.117098793106234325e+03 2.403879729916015151e+02 -5.275119572814384455e-02 6.202236458187654344e-02
1.178637779152076973e+03 3.683321024199320277e+02 -1.134801989849579112e-01 6.315512788036027614e-02
5.163586197324201521e+02 4.366045010056316755e+02 -1.226642884304141035e-02 1.151463984326817069e-01
5.023368742462628802e+02 4.820213879922480942e+02 9.768267053499890551e-02 -1.468165695204923793e-01
8.816647588783008587e+02 1.100623332927770889e+03 6.399901577687217014e-04 2.745170191630563750e-03
2.096031620452590971e+02 5.211384686452561255e+02 4.377717195924351462e-02 1.363077020536028749e-01
1.246969242449602461e+03 3.665030025683090003e+02 -3.371742530308188823e-01 1.294223192772264164e-01
1.699110512189002691e+02 4.716171880538326491e+02 2.019644025490284489e-01 4.379180469024258060e-01
9.926963939115559015e+02 2.447771546576070421e+02 -9.483226062548055779e-02 3.478992437917232672e-01
2.501903665811582869e+02 7.130236202902993909e+02 1.315551491631576121e-02 -9.021595933108983445e-02
1.963857254582196958e+02 5.300439429890344627e+02 8.211065665679190273e-02 1.024295911356603028e-01
1.028328673938407292e+03 2.385118430696151108e+02 5.560165036238937097e-02 -1.389480750206016912e-01
4.122783755924334059e+02 1.083344303658691388e+03 -5.896522291133633742e-02 -6.265345663049284863e-02
2.946442445179819174e+02 5.273910971379377770e+02 -1.054003082317121615e-01 6.079226586801463744e-02
8.114186988979627131e+02 3.715901502540345973e+02 9.571149240343856945e-04 2.692720526697809941e-03
1.101782321199959142e+03 1.631117565370750242e+02 -1.013745337575317346e-01 -3.301443800872568279e-01
5.187281532801750927e+02 4.571650564867802018e+02 2.206641286086660769e-02 -1.723246341900124545e-01
1.103217196454101895e+03 2.271695137208238293e+02 -4.955789551873177046e-02 9.260192378099700583e-02
1.145499837150999156e+03 2.087627109706107547e+02 9.499031539075143693e-02 2.182917186634264761e-01
1.210476955385320480e+03 3.436989290969521562e+02 -1.230788988554768065e-01 -1.578049540107397397e-01
3.261666368456636746e+02 1.090207783698358980e+03 1.726399516252917488e-02 2.446056686380533862e-01
2.501252775887384132e+02 3.374571844775668410e+02 8.518172496556640494e-02 2.202055575701382939e-01
9.303180883121005706e+01 3.618056400849208103e+02 8.036140099849831131e-02 -2.963457063356932375e-01
5.173784343876668572e+02 4.939977777171270077e+02 -1.221746508281285060e-02 -1.567970628801141075e-01
5.295769344582271287e+02 4.989471864977787732e+02 2.535816805386905369e-03 2.178059502983623746e-02
1.119681401422457611e+03 1.980609132080656991e+02 3.001291632225589617e-02 -1.896653318904165803e-02
1.009824225824164273e+03 2.489467091556693674e+02 1.343840465402894868e-01 1.300234852241944628e-01
1.136478357286280016e+03 2.389910409964015230e+02 6.516656842510516745e-02 2.863481701198312274e-02
1.277078810941703068e+03 3.132928090841808739e+02 -7.164673475323560248e-02 9.811552302888607024e-02
5.597172763432427018e+02 3.903615091754514879e+02 -1.696610323375807514e-02 2.163164480544082710e-02
1.123094947733971821e+03 2.578829667593119552e+02 8.707435646302656707e-02 3.053112942451048362e-01
1.165508498548015723e+03 1.538343616611221591e+02 4.130616948289571322e-02 3.064822623038026064e-02
1.147988112579229664e+03 1.986589873181401060e+02 1.852228239809483035e-01 -1.407172942323302312e-01
1.164338194765209664e+03 2.318648778731438824e+02 -3.103045147160628237e-02 4.788980204377708133e-02
1.099036893089491969e+03 6.604218441739349146e+02 -5.329306886778795160e-04 -1.033458841845003896e-02
1.204544455158847541e+03 2.540656757839489899e+02 5.232512672174038926e-02 -5.841584218730607597e-02
1.160871781986144015e+03 1.390702579573720641e+02 7.162684663093506210e-02 6.055639278109172657e-03
6.721563054955909138e+02 1.084993350440644917e+03 -2.325277683068149859e-01 -6.546377988537167569e-01
5.299782601366089239e+02 4.261468934823384416e+02 -9.737763451777358553e-03 -3.290334967237320413e-02
6.049396909090760346e+02 4.252753977015673286e+02 8.526838159225875666e-03 2.648625190886377823e-04
4.837335798283971258e+02 4.487667057240444706e+02 3.162132749176552182e-02 2.891717433634901496e-02
1.215209976527997924e+03 3.499121889053915311e+02 7.852654835133679456e-02 -1.669317330683048328e-01
4.343333937962270852e+02 1.028519703931199501e+03 -5.662558448047950721e-01 -4.363029839969282397e-01
2.722085979518562908e+02 3.896600305136973930e+02 6.697181277938636657e-02 2.842107340676799931e-01
1.029334315699249601e+03 1.781241888855135755e+02 1.904860800769234835e-02 -2.619276684263484659e-02
5.591195730924904410e+02 4.989529997111879425e+02 -7.690879875746672867e-02 1.655308552677698178e-03
9.845605464867020373e+02 1.731406538292681034e+02 1.363914579867298582e-01 2.173457832175145765e-01
2.516076737588975902e+02 7.091755257586561356e+02 1.958893828649763830e-02 7.618697729418500222e-03
1.165259535051477314e+03 2.219135147705673887e+02 -2.307382821510672172e-02 5.185759563689890800e-02
9.993362024661557825e+02 8.336890365840720278e+02 -7.327645890708673303e-03 1.137159589922918587e-02
1.955207311912757291e+02 5.345478547794467659e+02 3.964184976141717220e-02 -5.091125199108622462e-02
1.107535456428093312e+03 1.788214144005422668e+02 -1.167094063787822537e-02 6.273139926907194720e-03
1.009550615761571976e+03 2.326651577227491430e+02 1.438555428489962651e-02 4.397207037268597261e-03
1.125821749395707229e+03 2.112601637081585579e+02 7.532756374650438624e-02 -2.181232716542843564e-01
1.099186351735133258e+03 3.012689462033505379e+02 1.741466558715324409e-01 2.370237387498674575e-01
1.182364369441374492e+03 2.511426438852125216e+02 2.471943287437423087e-01 1.492417644487397110e-01
1.045213318532035146e+03 1.810795702491585075e+02 -8.861601871959626231e-03 3.230362374244363788e-02
1.159714675905340300e+03 2.010878778360319075e+02 3.068382901889944031e-02 -4.820932659434300493e-01
3.002345170856237360e+02 5.503061958292104237e+02 -1.700840764131244728e-02 -2.896455399748527546e-02
2.767684592086150701e+02 6.592784114119672267e+02 -1.046129842224525694e-02 -1.188357503144074796e-02
2.549760647601250980e+02 7.107166065023154715e+02 -1.828929755106066535e-02 5.161200461309497015e-03
2.279760946681897167e+02 2.943638931847730191e+02 -5.757458122833547520e-02 7.654550598467935174e-02
2.622403571591579521e+02 4.321185322591604177e+02 -8.883588192380997839e-02 -3.224492181385549827e-01
3.192091670470579743e+02 4.757090841183367615e+02 5.987800120657027492e-03 3.344507419679487725e-02
5.182424241951745216e+02 4.610255823748244666e+02 3.243768610786190720e-02 -1.118836178280027127e-01
1.073611705523894443e+03 1.687368396688055725e+02 1.322970191393437744e-01 -4.893497149660017698e-01
1.051965217925858269e+03 2.979722300725875925e+02 2.304589063359685497e-02 -7.579663717682549873e-02
1.191435544633228119e+03 2.327422079784046502e+02 -4.553977141675602525e-02 -5.879120742932464339e-02
1.164117294623458520e+03 3.736405636091225801e+02 -8.998433841398423283e-03 4.518671306400179333e-02
1.044477038896635577e+03 1.722956044141037353e+02 3.456797893719946724e-01 -2.714987024473961008e-01
1.050206805425742687e+03 1.750280491819874555e+02 1.236295367090406161e-01 -2.755515673613994632e-01
1.041999768727324636e+03 2.020505928856081823e+02 -4.763427665178217828e-03 -5.367188784943740382e-03
1.081493579375667423e+03 2.658132502183323140e+02 -5.905617527641879999e-02 -1.083516215799174148e-01
9.270961341002526979e+02 9.060694246329694579e+02 4.651112461147022259e-03 -1.406702888433149657e-03
5.587250050215639021e+02 4.270600647449155645e+02 -2.801276780769512698e-02 -3.299255189095414570e-02
1.133980574359731690e+03 2.542191772910003067e+02 -1.217670173898081215e-01 -1.545031798514072130e-01
1.281848543443510380e+03 3.235715694232803799e+02 3.575938303443503274e-01 -1.200223705384928508e-02
1.291501923163298216e+03 3.345542567186935230e+02 9.787737380718551650e-02 -1.364801190156177679e-01
2.768560588691735234e+02 6.339914904533434310e+02 1.961111348322625708e-02 8.409665013968085912e-02
2.254686133766826686e+02 7.167309348865301217e+02 2.748951941637959098e-02 -4.854045906053475710e-03
9.960412733212700687e+02 2.023542249577150756e+02 -2.086135773634640971e-03 -1.973122401447715071e-02
1.049613776865399814e+03 2.061692421952877794e+02 1.108868834201250445e-02 -4.946909053052851030e-02
1.101914707518751584e+03 2.395739921395284853e+02 -2.411255705590939838e-02 1.046073939871059941e-02
1.072580141107906684e+03 2.689860320457979697e+02 -2.484218296121105951e-01 -2.853565048939423199e-01
1.081379361589991277e+03 2.892928131529720304e+02 2.957567627936616428e-01 -3.408849682113336277e-01
1.235536656656401647e+03 2.838986267775508168e+02 2.234276051016282488e-02 -6.490470081721994022e-02
9.682994033346192282e+02 8.247740079923368057e+02 -9.800215015826115733e-03 -3.908644620782279928e-03
2.461386399644619303e+02 2.914397889827325798e+02 7.835351901131085497e-03 3.220060541087974570e-01
8.820049470875044051e+01 3.633482673687869351e+02 1.122765553475157246e-01 -3.258903959963959096e-01
2.792336137009659751e+02 4.458047189041720344e+02 -6.262565125985967984e-02 1.431953014244271571e-01
1.902795339228120497e+02 5.350421226137817712e+02 1.263921859224955424e-01 5.998794348310335783e-02
1.087270692736424280e+03 3.399497826518700094e+02 -1.637186997430717383e-02 -2.613207637259999314e-02
1.167058193461578639e+03 2.088519059224570640e+02 -8.344353629468059808e-03 -3.032940250224906362e-02
3.625251870693341516e+02 1.030637352433959904e+03 6.225811061199711810e-02 3.016680351661496506e-01
7.352953015947815629e+02 9.825132100014761818e+02 8.744797573389936560e-03 -4.637831853358420631e-03
5.658757536293786643e+02 4.655364338781973288e+02 -1.677617373905542766e-03 1.892841644927433431e-03
7.172008401113843092e+02 4.757051236818739994e+02 2.297132236728057983e-02 2.099821083591409121e-02
9.928569021551280684e+02 1.875767850207939489e+02 5.802838622520829076e-02 1.018807326600365687e-01
1.024160291213909431e+03 1.946357409184951734e+02 8.404740561776303381e-03 -2.641957176773375437e-02
1.132442713980610279e+03 1.954973301160496248e+02 2.153924372032840762e-01 -5.900983397285131105e-02
1.029298741847037263e+03 2.652134406822750066e+02 2.043752176928137487e-02 -3.196262131578774812e-01
9.726592254277081793e+02 4.512614090237892697e+02 -3.776526722318025806e-03 2.162255429671362805e-02
1.203014050380352728e+03 2.189680040723523575e+02 9.702330342447980024e-03 -5.867863210503607672e-03
1.299416856948225586e+03 3.133773968561096694e+02 3.476365407589748074e-02 -5.852686667013400068e-02
2.240279655494623512e+02 7.218285379331185823e+02 2.267375828068907140e-04 1.634342155615410097e-03
2.077247879735892298e+02 7.343331844025445889e+02 2.480992243172088375e-03 -7.302251719765577055e-03
3.112782162676356279e+02 1.071148716255455611e+03 3.603921062601888464e-02 9.985622041379181579e-02
1.151392597561358343e+03 1.910870459642586923e+02 1.386789397202619623e-01 8.915389933091830144e-02
1.296941203776006205e+03 3.289623976429070922e+02 4.565630876424847662e-01 3.264788136367542670e-02
2.484229908493321943e+02 7.659182463870899937e+02 -2.618232209337634318e-03 -2.441575581872257317e-02
3.549586511480462150e+02 1.069831215776709541e+03 1.055513445715348525e-01 1.054422620701188917e-01
4.996055373582157131e+02 4.926212628554293929e+02 -1.089125027616293789e-02 1.234201399000956628e-01
1.113068692070026373e+03 2.208314577458391454e+02 1.803464759091689684e-01 8.097895263877161187e-02
1.128987471392887301e+03 2.229304489026417286e+02 -1.289855056675403566e-01 -5.738843889924523101e-01
1.060879868875249713e+03 2.597173854294349553e+02 -5.988083737426879577e-02 -4.731544504675058715e-02
1.181266552702323679e+03 2.166415303563175030e+02 4.996308380037943753e-01 -8.400739055653017040e-01
1.148084774683096157e+03 3.634373388784984513e+02 -3.712347251104499146e-01 7.911435116866666339e-02
1.243722102010790422e+03 3.604631443382889415e+02 -7.731239799891732878e-02 -8.387016808827259251e-02
9.776702633591435188e+02 8.527021615102036094e+02 -1.010681575408196170e-02 -4.511821735011128411e-03
1.403420308945044326e+02 3.899593895209881111e+02 2.950811126378383165e-02 6.906900335879129216e-02
2.082288899125042292e+02 5.379204084488504805e+02 3.474272174012327241e-02 3.109745923521103350e-01
5.199118588349476795e+02 4.494722651077406681e+02 1.520668688446846772e-02 -1.777506747722412683e-02
7.539984346584008108e+02 4.719523919626872726e+02 5.460112562147401150e-03 8.647720245726731036e-02
1.095947255923056446e+03 3.110999010534500258e+02 1.677818171932301539e-01 1.193219880133256083e-01
1.259068011217780850e+03 2.928488187744802644e+02 7.018685476032260340e-02 -4.433842132393550628e-02
1.274128179286354452e+03 2.876582908901252722e+02 2.413219574678748813e-01 -1.987050238098433397e-01
2.881786509584735541e+02 5.082799573102366253e+02 -3.334463419547871454e-02 2.640218496915248680e-01
4.916032013085596759e+02 4.480857216057339087e+02 -1.115888616742008151e-03 -2.139538536213844364e-02
1.169909782910146305e+03 2.167042732167824965e+02 -1.902971884296026164e-02 1.425223952357238810e-01
1.211158706831782638e+03 2.580899044504164976e+02 -3.655545146287814823e-02 6.331937380495641920e-02
1.127811777105364399e+03 3.420315264950326650e+02 -3.989456772722276001e-02 8.886721418984475096e-02
1.964515302913506218e+02 6.499313975967551187e+02 9.003383530095934728e-02 -3.635944845321351648e-01
2.587953382470705606e+02 7.286211344622622619e+02 -4.723757889069345357e-03 -2.257596689548790891e-02
1.069850669492665475e+03 2.729799342906359243e+02 -3.828138520032098313e-01 -1.554011696372109841e-01
1.071236150574488875e+03 2.956830699532687845e+02 1.463917783242626135e-02 3.469007011157524637e-03
2.163244003292666662e+02 6.695122371505314050e+02 -2.370493037127611655e-02 -9.269410139881983923e-02
2.750309248871949990e+02 5.286177235157874748e+02 -1.267041402134964356e-01 9.118336421413460180e-02
5.156842440978552986e+02 4.864949511020864179e+02 -4.054701003069567655e-02 8.733318486098369526e-02
1.137445143355678510e+03 1.932449905937509413e+02 2.954683781736093875e-02 1.573860253108762264e-01
1.119518109332110043e+03 2.084139552198406591e+02 -1.661021480287672714e-01 -3.662901432692820120e-02
1.076504067563696253e+03 2.953415038961306323e+02 -8.083141996048652522e-02 -8.343424765320150982e-02
1.159963977661033368e+03 2.280357015006063648e+02 -4.636476259420305862e-02 1.033877385582059050e-01
1.195476644113455905e+03 2.522051639814496014e+02 6.308525383706183043e-02 1.327291135583209269e-01
1.236250761682388429e+03 3.493755961035576547e+02 2.851240750363103760e-01 9.504445250792059596e-02
1.267893502448889876e+03 3.749455215211029326e+02 -1.451844262733629765e-01 -2.836679007193197433e-01
1.986798319226759304e+02 5.969252111542650709e+02 1.755860852283603821e-02 -8.484252206335440860e-02
2.513104786367340751e+02 7.040990546933429641e+02 1.129707427811581580e-02 1.436572188022182742e-02
4.326662441564463961e+02 1.028431598389697228e+03 2.224671033252434340e-03 4.309840129008079938e-03
1.800693054755822402e+02 5.168482721438648468e+02 1.398791226118518694e-01 -4.021881847630766060e-01
2.497551569027173741e+02 5.297693276734056553e+02 -2.655845214430030410e-02 -1.386669761790528810e-01
1.004339354547230187e+03 2.470351484673610969e+02 -3.191833523752052315e-02 7.495011974221910123e-02
1.049589878789978457e+03 2.700435251403409325e+02 2.192206198662915995e-02 7.310180177555025693e-03
1.181057895427087260e+03 1.814673980291054534e+02 1.261435626288971434e-01 -1.341139048720876303e-01
1.188673322239443678e+03 2.621597600781479400e+02 9.136161849284007985e-02 8.005933956354738257e-03
4.316680326516969899e+02 1.026908454420970429e+03 1.402475092969410753e-01 -1.388429667939021783e-01
3.933508162608174530e+02 1.092229108439636093e+03 1.448600261141308465e-01 1.046133406733815718e-01
3.528514468977107867e+02 1.099093316827538274e+03 4.506011560886236111e-02 -1.903631423026013181e-01
5.492623452649617093e+02 4.117273104512181021e+02 -7.588664364485945939e-03 1.265813085941545069e-01
1.103284003607594968e+03 2.074951850666759867e+02 -1.636137326407454962e-01 3.020088364978808573e-02
1.014172162387069307e+03 2.394877473552446929e+02 -3.766926807524365733e-02 1.561173028799203166e-01
1.261384632524187737e+03 2.004739646857255764e+02 2.383933738049866594e-02 -5.804313758539100115e-02
1.190129918053209849e+03 2.498792350593329274e+02 5.161348911118087551e-02 4.499948415931006446e-02
1.122835145727573945e+03 3.413858441437256488e+02 -2.467778360710326524e-02 1.605278386157730705e-02
1.598129951423497062e+02 5.957216432370668144e+02 5.879591714436097766e-02 -5.516412346594279370e-02
9.937760062123982152e+02 8.209725382905606921e+02 1.972804287981944071e-02 -1.035630428346697406e-02
9.230945999829392576e+02 8.908538112858635714e+02 -1.452516697251364118e-03 1.335659352548645984e-01
1.157733959436431860e+03 1.414255423483651839e+02 -2.301542106147280720e-01 3.931136800321866076e-01
1.046659671285049171e+03 1.720972728115723669e+02 1.646930849052523627e-01 1.539647192149686816e-01
1.097788129108263547e+03 2.075338070329041784e+02 8.882624645968917321e-02 -4.123236631041038436e-02
2.314048275015960883e+02 6.460898660935441740e+02 2.654199026002856954e-02 5.196702723543467073e-02
2.134511740353143239e+02 6.522313849316012693e+02 1.007597874135512939e-01 -5.654887292394050746e-03
2.011320881306975537e+02 6.590355751102893009e+02 2.297506952383798762e-02 -2.746813532710348227e-01
1.250360632098521023e+02 3.758345736639022334e+02 0.000000000000000000e+00 0.000000000000000000e+00
1.621907922831550479e+02 4.718134583701342990e+02 0.000000000000000000e+00 0.000000000000000000e+00
2.493481084292373851e+02 5.298519048206508160e+02 0.000000000000000000e+00 0.000000000000000000e+00
5.021110522717357867e+02 4.371463287865285565e+02 0.000000000000000000e+00 0.000000000000000000e+00
1.014300079977123914e+03 1.655310852129678381e+02 0.000000000000000000e+00 0.000000000000000000e+00
1.002269234917186282e+03 1.980588125836825384e+02 0.000000000000000000e+00 0.000000000000000000e+00
1.222560886549236784e+03 2.570759710280680110e+02 0.000000000000000000e+00 0.000000000000000000e+00
1.203842822490836852e+03 2.977031407878864684e+02 0.000000000000000000e+00 0.000000000000000000e+00
1.232163776230232770e+03 3.536586101060232181e+02 0.000000000000000000e+00 0.000000000000000000e+00
1.547407431766261254e+02 5.797197277107749187e+02 0.000000000000000000e+00 0.000000000000000000e+00
3.342621209697936138e+02 9.498168552523646895e+02 0.000000000000000000e+00 0.000000000000000000e+00
3.133516729652023969e+02 9.728838358567132900e+02 0.000000000000000000e+00 0.000000000000000000e+00
5.047931467753295465e+02 9.887931048601820976e+02 0.000000000000000000e+00 0.000000000000000000e+00
