1.347894765181005710e+02 3.847251889433430847e+02 1.245471230810502386e-02 2.305672262337233117e-02
2.525266074059098003e+02 4.643069781881009135e+02 -1.103188416355988487e-03 6.491908459313120751e-03
3.092026943065854994e+02 4.782235317120461673e+02 -1.401014760639136131e-02 4.366178315789025211e-03
5.635217526302908482e+02 3.782958184818131713e+02 3.122564360692780313e-03 -4.076414019823009979e-03
7.073241636877633027e+02 4.145786460021615198e+02 2.243961359897976918e-02 5.491106570355324540e-03
6.343383226177390952e+02 8.221063838685970495e+02 -1.620709784755589643e-05 7.801220164297000036e-04
9.123762290711541709e+02 8.060346100573191279e+02 -2.954133412215626821e-04 3.412639870327105712e-04
4.599524295729548271e+02 9.415842763755923670e+02 9.313024534522171629e-05 -2.453044686084881760e-04
9.055260684422752320e+02 9.227393685129319465e+02 -6.382333897611058631e-04 4.571224080172494003e-04
9.002286683019742668e+02 9.263464148905761704e+02 -7.316525579678661998e-04 5.261917244707087563e-04
7.073415092276458154e+02 9.928018686082612021e+02 -1.941302162107252970e-03 -3.075080420272246259e-03
7.151067522312273468e+02 1.011356725612930290e+03 -3.699607858573354929e-04 -2.126753999330656744e-04
7.049675264504547840e+02 1.023703349256699312e+03 1.039324254513825704e-03 -1.801514562461901169e-05
4.816966921747043671e+02 1.099036633753293472e+03 3.087291005993681283e-04 -1.874592099887528490e-04
7.044460377919508574e+02 1.036516930924384269e+03 1.460935580737869155e-04 -5.015735490396404156e-04
7.518296904797049365e+02 1.067492353552344639e+03 -5.233721686041948717e-04 -6.414052355142816362e-04
7.455112781584733739e+02 1.071492969493485816e+03 -4.330768460121281493e-04 4.896070367391471825e-04
1.309444641583494047e+02 3.249315401889854229e+02 -5.750417901601782671e-04 -1.040215587392644440e-03
8.997498044351698354e+02 1.102207131008953638e+03 -4.577218055916577985e-04 8.999219088007809732e-04
2.468140422590907122e+02 4.941269959665463034e+02 7.135309593564335105e-03 -1.381369413735005804e-02
2.434424032877826960e+02 7.553187397247262425e+02 -1.266468794111063473e-02 -5.825206070198873931e-03
6.396630569522981204e+02 3.745030848154689238e+02 1.377413271160602901e-02 -2.060920368632137775e-02
1.260372671855514682e+03 1.957123903321996750e+02 3.716623880426604839e-04 -8.496086506394846328e-04
1.240997471623990577e+03 3.840487705603148356e+02 -1.926909550115626533e-03 5.146707801676293423e-03
1.179285242511102069e+03 2.353804833264261731e+02 3.389605674020359453e-03 3.213320762681447229e-02
3.626498054530850936e+02 1.099723642017605471e+03 6.578356355476326633e-02 2.405340421250664606e-01
7.153334769803890367e+02 8.815903801800537849e+02 -2.761897188060003904e-03 -4.352851192323322770e-04
2.366383380754857626e+02 7.197012115791551423e+02 -7.645096342490896417e-03 -5.626998898764673171e-03
4.172141686863951691e+02 1.090427876792230336e+03 5.802056189897072946e-02 1.113539732159777099e-02
2.490887920189759086e+02 7.171514867061847553e+02 1.534264882574988597e-03 2.507040134976633479e-03
2.467657684462318457e+02 4.057359579384847734e+02 -9.332577659195843978e-02 -2.947198640648526213e-01
2.502153484267969361e+02 7.471697571030261997e+02 -1.768455673767268393e-02 -3.835464452485175951e-02
8.295294081982954140e+02 3.048429460010034973e+02 9.051263831278816979e-03 -2.676845836368998109e-03
1.429040981344980707e+02 3.928088672615506880e+02 -3.058803258353340153e-03 1.195586088494502092e-03
5.716931408428822579e+02 3.803038081874075829e+02 2.153239199942212981e-02 3.423239305784073205e-03
9.315737882677132120e+02 8.431419488210744930e+02 -3.798703573742800727e-03 2.858265232770697706e-03
5.695242573855659884e+02 4.374290113885965638e+02 -4.859125767115803659e-04 -3.993177514727525891e-03
1.006569156567113623e+03 8.129959391702449238e+02 8.064483576239725102e-04 5.325723049639750082e-04
5.021954099499268409e+02 4.374047332794746126e+02 2.712319344098967997e-03 -2.092617911236319215e-03
2.433829292275332818e+02 7.427853492249359988e+02 -1.621495722154764297e-03 3.989497328826465024e-03
9.802859488337913945e+02 8.277528171525289054e+02 1.423266801583453764e-03 1.963053687471092400e-03
3.072369244531818708e+02 6.574821099528029436e+02 -2.168769545769104319e-05 -5.834567311903991055e-03
1.010351652858299417e+03 8.154911024506194508e+02 9.291513897589611520e-03 -1.357659820537309749e-03
9.410298420868405174e+02 8.345429524599999240e+02 -9.111993004630180443e-03 -1.880916662694199701e-03
1.003440564670051913e+03 8.366528771364223758e+02 5.285338762118414052e-03 -3.572074775016373296e-03
2.323187232318711324e+02 7.240318464065070430e+02 -1.758946634748387425e-04 2.518050287699000016e-03
4.821645957642858775e+02 4.374445202821438556e+02 1.944725850493812108e-02 2.295537777934605894e-02
1.019098863942865137e+03 8.077856894371115004e+02 4.431167146112604291e-04 3.835842146146421685e-03
1.208447183688970881e+03 2.542767704923925294e+02 -2.156156595280509999e-02 -2.962124709746027582e-02
5.489526754731738265e+02 4.421835702902137655e+02 -7.567102118803694885e-05 -5.821127107896974934e-03
2.279239605979081489e+02 5.200232005249145004e+02 1.201060963429181590e-03 -1.003438664392798316e-03
5.761738641844875701e+02 4.202620125703474514e+02 4.100457308937837178e-03 4.360695655491056769e-03
1.036344315522345596e+03 8.591966744980824160e+02 2.146383787577755067e-02 -3.352354675641463014e-03
7.318227446934611180e+02 9.220860251368321769e+02 -2.491301037835991303e-03 -2.861576769898627279e-03
9.559915872528293903e+02 8.448771866961565138e+02 8.339176368434270787e-05 1.536504434645646249e-03
7.479286512855759383e+02 9.528505727892485311e+02 -6.302292438701920414e-03 -1.142816469823651308e-02
2.657560647241838296e+02 6.667390421473069182e+02 9.810090895554578021e-04 -8.835140240692696467e-04
8.247403018417230669e+02 1.102234656866104842e+03 8.766268634421931025e-04 3.922883492717542278e-04
2.437553237474392347e+02 4.958826252416695866e+02 4.591250939025464869e-03 8.343385794024236156e-04
7.497246452633787612e+02 9.580680879277758777e+02 5.292972660308715646e-03 -1.054645018822643332e-02
5.657320424962857714e+02 4.680501610556261767e+02 -5.592445266343740173e-03 -1.600312043404870932e-02
5.671732520819998626e+02 4.750794254279834945e+02 -4.433230875325436075e-03 -5.006536969998220000e-04
1.204183925274203148e+03 2.311622495790123537e+02 -7.641283633687418961e-03 9.603241942535519675e-04
9.110971798753677149e+02 8.464095100829207468e+02 -1.293306488868199884e-02 1.221923801208189136e-02
7.720915812610573994e+02 9.598647505921503580e+02 -9.108690119398155875e-04 -7.475389898954205165e-03
7.750317442875325469e+02 9.422272175820395432e+02 -2.305516724239097155e-03 -4.303123865128381104e-03
7.732699699023504536e+02 9.488122417925579839e+02 5.586921355776248207e-04 4.908473019886604519e-03
9.844367172385655067e+02 8.675532701821703085e+02 -2.500557391917171499e-03 1.644874988342773670e-03
8.003240430096410591e+02 9.517138469847747047e+02 -1.144882514328702736e-03 -1.584230011435285718e-03
2.113401079443715389e+02 6.734230204942763294e+02 -2.187059329500725194e-03 2.835028772197027529e-03
6.193947236161066030e+02 9.358546526084113566e+02 3.717573065837358952e-05 -2.795644912118792186e-04
5.733350416861761687e+02 4.893818172147180121e+02 -8.817202008376309741e-03 5.697264692061577594e-04
9.749212700519718737e+02 8.852302469764268835e+02 -2.113117515794121683e-03 4.342480512013034851e-04
7.457840407342773688e+02 5.280873570634660155e+02 -2.578938419797526319e-02 -1.398682237221003134e-02
7.852450402057216934e+02 9.423355220054183974e+02 -4.824779518813638278e-03 -1.878904073905934835e-02
7.957842457683663042e+02 3.824188061070305480e+02 8.076720282667005160e-03 2.488788394803314458e-02
2.355835539769188358e+02 7.007551234772358839e+02 -7.833818176422790644e-03 3.741674765586878570e-03
3.084852177596918636e+02 5.676258282184599011e+02 1.682122751121328807e-02 -9.458155755460706516e-05
8.080141602536471055e+02 4.206284137342162239e+02 -3.137867654002115831e-03 4.997351971045384863e-04
5.902049927832140384e+02 4.032400473282732491e+02 1.306627204532542471e-03 -2.095314949990619621e-03
1.034188955920524677e+03 8.360815421200053379e+02 -1.985109974911399965e-03 1.398218992126023380e-03
9.941820762625687848e+02 8.225098408709369551e+02 2.683936668457289135e-03 1.468456050065807504e-02
2.272704924477081647e+02 7.267599190897096832e+02 -1.816717373312465170e-04 1.565838689003558586e-03
1.278739992963261102e+03 3.726017050823376167e+02 3.776309425377056325e-03 3.828337710600782009e-03
2.348313818044736365e+02 6.522637126618931234e+02 -5.851947026461867124e-04 4.060969825710200403e-04
2.258249112070542139e+02 7.657339907588822143e+02 8.483366527608686772e-03 4.414372171631479602e-03
7.334059647795434103e+02 9.799248189034897223e+02 -4.697044677112277751e-03 -8.467140644460423998e-04
3.205324496661353351e+02 5.456643320634582324e+02 5.049203430049525008e-03 2.516704864875815638e-04
9.891762298859897555e+02 8.325941440996476786e+02 1.511393098631643762e-02 1.437962173203105945e-02
1.049828748817951919e+03 8.550134466694433968e+02 2.427712610009585218e-03 5.011447411242001861e-03
8.266113541487402472e+02 4.011136837464117093e+02 -8.985382786981476605e-03 -8.966347072049360781e-03
1.019033856130527852e+03 8.315584486366238934e+02 1.256207221222166957e-03 -3.903780015826390035e-03
9.462276257167407039e+02 8.362999107603542370e+02 -1.203064314383914431e-02 -9.478512414982178530e-03
4.646514485384377622e+02 4.545671677613079851e+02 -9.187764809194792076e-03 -6.993343453349989448e-03
2.682583159291210109e+02 3.007459476847595283e+02 -5.059495043409211346e-04 3.651791446120816655e-03
9.547638459118418268e+02 8.228323362155537097e+02 2.864992468416723177e-03 3.775353842903620555e-03
8.183744169646305409e+02 9.355834003319878320e+02 -7.237194693903568031e-03 -6.658718147824708306e-03
8.211953962936418066e+02 9.450877346196342614e+02 7.202342680505416589e-04 3.423299502135633728e-04
5.489455201149263530e+02 4.330458248822577616e+02 -2.837954687918519629e-03 -3.066618493846817728e-03
7.303345460431829679e+02 9.374443897850596841e+02 4.440202063643473710e-04 -5.703356788257728759e-03
9.303022117789349750e+02 8.606174578957442236e+02 2.837679319335314337e-03 1.156071852918188689e-02
1.077652479048718305e+03 2.037227901836485273e+02 -5.584297989035705116e-03 4.461701451986647103e-03
7.540586967370137472e+02 9.717585764004679731e+02 -2.191675416995194151e-03 1.438654504408311708e-03
1.030452046305788826e+03 8.260199994548011091e+02 1.638006554147446690e-03 4.413533653013753180e-03
1.021826866815258086e+03 8.152036530784492925e+02 1.020685068003966169e-02 4.501634276106649714e-03
1.038596998700746099e+03 2.149532433349396570e+02 -1.714126721516041063e-01 -8.380670833155375032e-02
9.547350041110772736e+02 8.761258312109205235e+02 -4.140943728146109781e-02 -5.188626956806607904e-02
8.177883974663241133e+02 3.805633872213677478e+02 -9.111862565260248417e-04 6.203204708301632113e-03
9.715977190530518328e+02 8.888155053775797114e+02 -3.761774211432899681e-03 4.023941292838670476e-03
9.052272388226429030e+02 8.408661786382399441e+02 -1.178692107108904319e-02 3.546255361208417237e-03
5.780243012561134037e+02 4.683231804877348168e+02 -1.129978004099025345e-02 1.491844594047315314e-02
7.904343826012193404e+02 9.230452613511984055e+02 -4.685610954509409481e-02 1.883205533158953740e-02
9.624933324672873596e+02 8.484427594226532392e+02 2.838268645344367916e-03 3.494241919075549100e-03
1.930861898736714579e+02 5.894518518369330877e+02 2.146195087223899158e-03 2.157701151632089413e-03
2.322750239481546544e+02 6.900042994395822689e+02 -1.170030591365581706e-02 -1.858137713248981041e-02
4.930163494113795082e+02 4.488597748762813353e+02 2.555978846490319662e-03 1.266988221896279271e-03
8.330349839513028201e+02 4.127152492425037167e+02 -1.352657500379422307e-03 -1.507028964796279643e-03
9.674598637913279617e+02 8.763180806067264257e+02 5.645830147105328906e-03 -3.848940792868188986e-03
8.094731146467480585e+02 8.943902215876088349e+02 -6.203488430129921322e-03 2.084234955362370724e-03
9.690738798783403354e+02 8.250873139729586683e+02 -2.733375288103431430e-03 4.435218378224961219e-03
7.913482461738969960e+02 8.841256157985123991e+02 2.914290325657921139e-03 -4.486690534702007273e-03
1.192274412996702267e+03 2.110174823452091175e+02 -5.282924214333713578e-03 9.714919892571055940e-03
8.133392550538366095e+02 4.021719154069973001e+02 -2.798905981810188501e-02 -1.723087831622776081e-02
7.674450531141836791e+02 3.854315848165247189e+02 -3.507668344936838885e-03 8.564611726849353027e-03
2.256459991860335492e+02 6.863759443177834783e+02 1.659326616651197149e-03 3.166619414808355924e-03
5.595537286778987891e+02 4.183277978746053805e+02 -2.320094828522735637e-03 -6.653081514479376127e-04
9.491564446755153313e+02 8.562707250661245553e+02 -3.704945673072672645e-04 3.344688943503335964e-03
3.381158212221330928e+02 5.536854957072478101e+02 1.150220719199861706e-02 5.164455272201488867e-02
1.120013452983235311e+03 1.839298323356146341e+02 5.381891014879032487e-02 2.548268884534971024e-02
7.178898675476978042e+02 9.519722382170348283e+02 -1.056834643401035126e-02 4.447122368527842325e-03
5.111279055204527140e+02 4.392896078470080283e+02 -3.454505137033220892e-04 4.369114312411700573e-04
9.955142330815127707e+02 8.727905619741079590e+02 -7.577122139806116707e-03 1.471953138984825188e-03
4.801701634261917775e+02 4.681555000705490102e+02 -7.744942527307499200e-03 3.587196901215106409e-03
8.825488643933830417e+02 8.719888641043716007e+02 6.288906026908408498e-02 -1.615598886049196548e-02
8.016973385972780761e+02 9.386375870169221116e+02 6.026841598116847512e-03 1.496300007697935058e-03
5.346844556985761301e+02 4.154900960759495661e+02 -3.200765472226998771e-03 -7.492608977919631118e-03
3.262319765583152957e+02 5.358578561633713662e+02 -2.386626216247291973e-03 2.960086798145429316e-04
7.446351177557854726e+02 3.955922384846803084e+02 -1.342093135307739424e-02 -7.484635815193550583e-03
9.981210700135917477e+02 2.490063607730055821e+02 4.539282576532437628e-03 2.274802690261076843e-03
8.507641386626919484e+02 9.315381112122948934e+02 5.344730846497377846e-04 -4.880353478958820366e-05
6.299830669114807051e+02 3.837720760096582353e+02 -1.820625592936176915e-03 2.393106098881756828e-03
8.162257781542913335e+02 3.634490284183713129e+02 2.395067871927971954e-03 2.515922190723088634e-05
8.576475164995118803e+02 1.101638404381027840e+03 5.424701630567826775e-04 -1.531201968632693361e-04
9.292269987401759863e+02 8.383638682229066035e+02 -1.089622788215072690e-04 5.187150327198858249e-04
1.156302287032718596e+03 2.339695381450313221e+02 2.309769620368759113e-03 -2.159907695271115827e-03
6.028785017382861042e+02 4.340963293538430889e+02 -2.429913872296454811e-03 1.342735645463639417e-03
5.058156320020642056e+02 5.101164715322890402e+02 -3.312916118448194086e-02 1.167799397032832573e-02
5.447858969971703118e+02 4.076183190408123664e+02 -1.677964705743644456e-04 -3.178401768527219264e-03
2.379201244128788062e+02 7.397229043016782271e+02 -2.221962250909727092e-03 -6.546810390204882424e-03
2.327175468159692286e+02 6.532331124985690849e+02 2.160475896075841808e-03 2.764379221062962608e-03
5.418628674794375684e+02 4.777272432240035300e+02 -2.120220010432703056e-02 2.776830828300978424e-02
2.434573620038191279e+02 5.878187196917422170e+02 -1.405233296155013745e-01 1.994971564841528100e-01
7.531658084228658936e+02 8.452391715731657769e+02 -2.705587005538750631e-04 -4.672336928350806517e-04
9.778000892889865554e+02 8.457032466057530655e+02 6.532460098544944256e-03 2.540701517874719047e-03
5.450009969010234272e+02 4.831454106774124853e+02 -1.215240239872909453e-02 3.460320833748554807e-03
3.215019471013633279e+02 5.298793991457741868e+02 3.625353976412997760e-03 -3.010735475653394770e-03
3.136562573653320101e+02 4.693529270486293967e+02 -2.667720436432876978e-03 -1.183889301281939449e-02
9.340316979762606024e+02 8.671442927030593637e+02 8.520164852083695478e-03 7.860445713930911543e-03
3.639823144204283949e+02 1.039221149033868869e+03 8.750035531101847674e-02 2.733968086901716887e-01
2.682342051818628761e+02 6.081768395928548898e+02 -1.013856350613083317e-02 3.446617107113182643e-02
1.063211172011583358e+03 1.812410854791527868e+02 -1.577913192983879326e-03 1.110829636264573303e-02
3.241044989944289796e+02 4.765899882422106089e+02 2.751602955810661735e-02 -3.738328219332578972e-02
9.715237685468849804e+02 8.293085600029504576e+02 1.058245657429666888e-03 -1.486672972354390748e-02
2.475888050394513868e+02 7.401333918538832677e+02 -6.094680589669250817e-03 -8.687528558646203866e-03
2.205039937911064953e+02 6.877660949166669297e+02 -4.159394335328731214e-03 7.208515117816538184e-03
5.056815892201848328e+02 4.432553646300418677e+02 -2.169194203313419209e-03 -3.018191148198796480e-03
6.425663553520078040e+02 4.478513084249589156e+02 1.443294507611142807e-01 4.276817161888750163e-01
2.772194553976178213e+02 6.732749747079553799e+02 2.278050113334144638e-04 3.033449393185920148e-03
5.872515114509785690e+02 3.790492054284115966e+02 -1.674237736456729575e-02 -2.517046509826392428e-02
6.117384910088128436e+02 4.277975894231803409e+02 1.931070052321929567e-03 -4.161420491023404267e-05
3.042752601173785933e+02 6.113780767692503559e+02 4.668563136549955250e-02 -1.717551842282341243e-02
4.764482319972348137e+02 4.649175714995435555e+02 1.271319049753304696e-02 -1.399813337614731756e-02
2.223555589352084496e+02 7.531864231438521529e+02 -3.026092612763945679e-03 2.824147574924068798e-03
1.219163707678891797e+03 2.592376514113005328e+02 -4.710556248226629994e-02 3.035817022529475190e-02
5.679569310077789623e+02 4.299112125117262622e+02 -1.257573086704859115e-03 -9.422769166113845879e-04
1.234556803858143439e+03 2.620072502147317550e+02 -2.459393585794633543e-03 1.309243739056811275e-02
1.016182766907923678e+03 2.743107777203542810e+02 3.306333737731899283e-03 -8.884333372094207343e-03
1.668202282187517653e+02 5.172058342993329916e+02 -2.244827120593303749e-01 -2.432457245193646589e-01
2.068638306089303001e+02 6.971413013718731690e+02 -1.928830221473924050e-02 -1.316755044732160866e-02
5.485092093117509648e+02 4.102227086976234887e+02 5.842306441261844140e-03 1.393692027615469134e-02
2.663019434127983232e+02 5.441281356723052340e+02 -1.178018650673324647e-01 3.074598157716869617e-01
3.461999566565453961e+02 1.085368387972810524e+03 -1.104077054508393052e-01 3.368820629522144561e-01
2.477338294451338925e+02 5.069748613436352684e+02 5.832830189808027588e-03 -5.937456784995830301e-03
1.023714303812624507e+03 2.812647119234432580e+02 1.078409791710728885e-02 5.735725344787750979e-03
1.129555005964414704e+03 3.075540444094054919e+02 -2.574578378247643212e-02 -9.582737823740160310e-02
9.989812825476379885e+02 8.246092102039556266e+02 -2.229972908257832863e-03 9.767231376496182671e-03
3.126097307841966426e+02 5.535850509248250546e+02 -4.273412562417550770e-03 -1.505482789157595869e-02
2.267644989107730282e+02 7.010940801178589936e+02 1.477731334607270634e-03 3.898614150764590706e-04
2.971658143319154419e+02 5.690763477114260240e+02 3.437627359334225093e-03 -1.762610372173248287e-04
1.051517026939498464e+03 1.860339883152400944e+02 -2.662396661739110937e-02 -5.178831561759035182e-03
2.663531827486041834e+02 7.382337835363107388e+02 2.596754100750331418e-03 -4.510300483857328409e-03
7.847383430439309677e+02 4.040040504827763925e+02 -9.146263657467304520e-03 4.772978069271436447e-02
2.191118187888385762e+02 2.918930925910456153e+02 -9.367274681119679147e-02 -2.872318047288325848e-01
3.114816529405038636e+02 6.099130485515057671e+02 -5.782722736481977523e-04 -1.303009649847588179e-02
1.031513887483011104e+03 8.544716211818414422e+02 2.035981320959042839e-03 -2.804887007932217648e-03
1.154600674610463557e+03 2.273623411378709989e+02 -6.137300372081358826e-03 3.413100122224031752e-02
2.551066961190892926e+02 6.414681133227867349e+02 -2.938340241708527548e-03 -3.794978104465236875e-03
2.729007342371386926e+02 6.514958115652087827e+02 5.828096720079830456e-03 -1.606893295886515846e-02
1.210404167148176612e+03 2.183331641033401809e+02 4.511660069044977871e-03 -1.455432967275815774e-02
2.466665419304188163e+02 3.830835074445836881e+02 -9.941975485018210434e-02 -3.448695951267939375e-01
2.169164174250327051e+02 6.415887657098438694e+02 -1.250065659350311498e-01 2.563687538755697881e-01
5.896688961448144255e+02 4.477749750594028342e+02 4.549574720962176050e-03 -3.764285375992734023e-02
2.374459774763353721e+02 6.940764378016751834e+02 1.174393525513330473e-03 -3.104293148541305281e-03
2.661931237204626655e+02 6.341333649570522084e+02 -1.484544262039115374e-02 3.376089489271711513e-02
3.241483085298068545e+02 1.097040723100525383e+03 5.977336662962193237e-02 3.568700083349783392e-01
1.208415092208996157e+03 2.086662902175056900e+02 -4.593941039342332492e-04 3.856470151037406837e-03
1.002666467105953984e+03 8.761451201247795098e+02 1.001503169161446511e-03 -7.532789900537999227e-04
2.669484993540924620e+02 7.170347132083250017e+02 -1.396774196027279584e-02 -1.430753988734293327e-03
2.636618864328926861e+02 7.253387209350262310e+02 -1.506955196639477631e-03 -1.514192614011578703e-03
2.227043324526749188e+02 2.964795374089183611e+02 -9.685480955268147008e-02 -4.184170081478375547e-01
2.637282026796797254e+02 6.173535037649014612e+02 -2.003391603838143922e-02 4.070157934301512487e-02
1.265821789068258340e+03 3.949108867776273541e+02 -2.363896053367116681e-02 4.778892049763712978e-03
9.438274105861810312e+02 8.551474557424863860e+02 -2.185115653034726615e-03 9.520781676777608643e-04
2.538459989151000684e+02 6.858468749173036940e+02 -5.251344595909822159e-03 -9.078344925150853839e-03
9.336107957739382073e+02 9.063116005355516336e+02 9.060930762862061741e-03 -6.025088426264965441e-04
2.188374428774330909e+02 6.754966611220819459e+02 1.584698480898920781e-03 -8.950513415021476389e-04
1.240629472426055599e+03 2.775762134487823118e+02 -6.790706878296032777e-03 4.897391513692231184e-03
2.812830327121413916e+02 6.474091266395104185e+02 2.834696864391110602e-03 3.478135529589827975e-03
1.008226466687858647e+03 9.275099578384506458e+02 -1.000440032389588417e-03 -2.391889796840722165e-04
1.072852455428159374e+03 2.697188577854258256e+02 -8.287766152481780557e-02 -2.875780901289171076e-01
9.522209121949942983e+02 8.971541746953727170e+02 3.724647448786463921e-03 1.017312381294673343e-02
2.336251846074058562e+02 6.766008379565544146e+02 -1.252575762346832752e-02 -1.783893084113474803e-02
2.516858944491506520e+02 6.710353369837059745e+02 -1.912985519593934144e-03 -7.609093144018930395e-03
1.299711878231607216e+03 3.128085275734689503e+02 1.285308828613833127e-03 9.608827116249196720e-02
1.072945557720762281e+03 1.915033200797343511e+02 -3.090065083489603945e-02 -2.711925722201532496e-01
3.776583354310640175e+02 1.100025999528368402e+03 -2.052674771620655817e-03 3.278499623847960232e-01
2.567311126139728685e+02 6.723522521502883365e+02 -1.523821269916308084e-02 -1.842221914812691361e-02
1.013165627499076663e+03 8.531289566339963812e+02 -1.894414633832387047e-03 4.920530313128356793e-04
1.397478023587723044e+02 3.897869126239654634e+02 1.908211914239376413e-03 1.498826363255451911e-02
2.321087806399579279e+02 6.681555942745716266e+02 2.689565439996049329e-02 2.921999896033657951e-01
2.734238144731228317e+02 5.281101623486160861e+02 -7.553566068774406062e-02 2.914268927331783443e-01
2.941184602412619711e+02 5.680999939621506201e+02 -2.102256669742234851e-02 4.057770995041434792e-02
1.280595290096412327e+03 3.009696221868928205e+02 -4.664434800359249650e-02 2.183579216700077402e-02
2.437483587837421624e+02 3.713091939938392443e+02 -1.035955997281206714e-01 -3.746094214273393841e-01
2.521523810195350848e+02 6.329386604222931965e+02 -4.091184343191724485e-03 1.085648544627623203e-02
4.420149614300185590e+02 1.085778931844420640e+03 5.632477956631232012e-03 -1.502848626985877137e-02
2.328108850738912281e+02 3.400062094920720597e+02 -1.090584830686734674e-01 -3.773849107252466029e-01
5.215170776811387441e+02 4.698177338680364414e+02 -2.135162227317674577e-02 4.003663583177111823e-03
2.679611103626771751e+02 6.796566676320684337e+02 -7.742655045823391285e-04 -1.914241365163956484e-03
7.340848384146770513e+02 9.297216968863303919e+02 -9.525365063259504453e-03 2.261679648838010176e-03
5.072365241536615486e+02 4.853497483839714164e+02 1.924818703438596016e-03 1.266047599605572317e-02
2.300997257385798491e+02 7.373962959617936122e+02 1.736888241499729248e-04 -9.322254974505887748e-03
3.091515524823944929e+02 6.452868391768814718e+02 5.214080806441339332e-03 -1.800842722938868256e-03
1.202105879655963918e+03 3.851461795509047761e+02 -3.172701172863778406e-03 1.480551617751279039e-03
2.257310638882823923e+02 7.497358395198273229e+02 -1.027484669533651300e-02 1.884643325390900721e-03
1.037128583119177392e+03 1.775026393740370736e+02 -6.789029446403813117e-02 1.210665274491228988e-01
1.191507480768261985e+03 3.861338428952270192e+02 -4.878785921146748528e-02 2.515125768391866107e-02
2.788771263562971399e+02 4.879045958210523963e+02 -9.526083977754418522e-03 2.873224578741170876e-01
2.413562303549585408e+02 6.398980061044593413e+02 2.048756920636874129e-03 4.576127880109242575e-03
2.979885421026286849e+02 5.421615221786604479e+02 -1.150591811625532694e-02 -1.444474415739428405e-02
1.605982852419784024e+02 5.226243288552154809e+02 -1.804139086044561080e-01 -2.584573862206192563e-01
2.630111003645112646e+02 6.917551679419848369e+02 4.312526985096169253e-03 2.154057198721251280e-03
3.271119381271609541e+02 1.077085902525926485e+03 8.840091814237954759e-02 2.929578494164670199e-01
2.534112625235421206e+02 4.951396650105664889e+02 2.811304446080137385e-03 -6.315473137940353851e-03
2.243122731664203116e+02 6.294134518815261572e+02 -1.556157330350995127e-01 1.099742162508945409e-01
2.400167765767870378e+02 6.282743602351825984e+02 -1.499388877757925362e-04 -1.540653534218585881e-05
2.398645072580878548e+02 7.256723743447032575e+02 -2.872597954650743177e-03 -5.907475538353114397e-03
3.818867885289108699e+02 1.091718183452613630e+03 1.979768434963325996e-01 2.472902408457306744e-01
2.802358484829035774e+02 4.688404918989044177e+02 6.655308744897600170e-04 2.510637953616040030e-01
1.000623864283024204e+03 2.242601779955836889e+02 7.219848799985640296e-03 -3.812680283695810048e-03
2.562377800514004207e+02 4.303845228954741060e+02 -6.166968058488746240e-02 -3.002840085805378312e-01
1.016565699681261208e+03 2.642621176373045273e+02 -3.468529175418975923e-06 4.865936501390267154e-04
2.431548316027153191e+02 6.877209507917849578e+02 3.829612856931855370e-03 -5.040566734526755188e-03
2.414449395064670796e+02 7.008001079330560970e+02 3.290265401536017660e-03 -1.076986365719316378e-02
2.530901368378702898e+02 6.217721460605235961e+02 -1.177216870604243584e-02 1.805428626965020072e-02
1.041404763711102987e+03 1.989296520403599970e+02 -3.464352624756555487e-03 -3.750306498720041432e-02
2.769256864823076967e+02 6.974431168749315475e+02 9.957460879583308541e-03 1.356718878387953159e-02
1.153079215364425863e+03 3.634681364025265680e+02 -1.200797874424880743e-02 9.165838052704674763e-03
2.427708994329854022e+02 5.101857804215469514e+02 -4.808133602996732432e-03 9.837417700919554378e-03
2.546511955108025802e+02 4.196081131540682350e+02 -7.775120536488984435e-02 -3.292632009512503344e-01
2.907367388158056087e+02 5.999786533134589490e+02 1.092847187036588563e-02 -6.541741288223834778e-03
1.103325414473974661e+03 1.953034337598810168e+02 3.505755708390394677e-03 9.559257516548539876e-03
2.688887400084589672e+02 5.689117596339420970e+02 -4.774123801662358973e-02 2.640940074809766669e-01
1.145116314645527837e+03 1.844168755927281609e+02 1.100321602484227446e-01 -8.513875541717765005e-02
2.506784529267820005e+02 3.918254111979330787e+02 -9.494847422803134873e-02 -3.527452745591646011e-01
2.502059436463533189e+02 6.450591664511663339e+02 -3.407996500039635075e-03 -1.277245175839031473e-02
1.179213416629487028e+03 3.585451811964547915e+02 -4.617408473794706088e-04 1.645915146394996134e-03
2.449123722673965347e+02 6.114410446942072213e+02 -2.342508672039442935e-02 5.174326049302523101e-02
6.043099083678001762e+02 3.988086273935580834e+02 4.507631141852317877e-03 2.447609618090749485e-03
2.719669253633793460e+02 4.811288064480974072e+02 -3.700594067744968768e-02 2.760988253549448435e-01
2.436044841394268587e+02 7.209833117960191657e+02 -3.703198327616350274e-03 6.958899721426085698e-03
8.650220474492471112e+02 1.102272277566001321e+03 2.511104191954824437e-04 5.496534205157880615e-05
2.901827821742475066e+02 6.138493546519764550e+02 3.445094893956958046e-03 -1.752184880254362837e-02
2.132214111549145343e+02 7.559089771270006395e+02 9.287768850523468939e-05 9.219599555975866237e-03
7.242591424935108080e+02 9.661407724439098956e+02 5.301176567260458116e-04 -1.469792042270104447e-03
2.812782838029409618e+02 4.978593767714300498e+02 -5.042119272352037912e-02 2.810071325607033654e-01
2.826929306269984181e+02 4.435201783903644355e+02 5.518044509464309355e-02 2.211864135316033708e-01
2.460484982130518574e+02 7.618648197599171681e+02 3.590767826077491051e-03 -2.942942525266679151e-03
2.631216420811273338e+02 5.657325550047687557e+02 -5.576693656718528791e-02 2.881440541577436898e-01
5.564655870486554932e+02 4.940561291941847344e+02 -5.002354134946116609e-02 -4.431604436944109812e-03
2.645214449473297691e+02 6.561219327842502480e+02 2.070240797520837839e-02 4.153413263262193192e-03
3.263482117372196285e+02 4.946929555825761327e+02 2.198797732207687095e-02 -1.095660359288391957e-02
2.795570158957797275e+02 5.408625113221810352e+02 -9.473660138027330258e-02 3.040057776324716632e-01
6.787456100988115395e+02 1.023919952068117595e+03 -1.468301747302188428e-03 6.376545250505202909e-04
2.179314183803222420e+02 7.652392106935511720e+02 5.556910438085674482e-03 -3.870813684745083409e-03
1.049464591456125163e+03 2.289583939293179924e+02 -1.223490828523730312e-01 -4.847490750300088164e-02
2.375404691920651601e+02 7.652496037924094026e+02 -9.209411723342291259e-03 1.503249952395548268e-02
1.128735826121944683e+03 1.886819966310845302e+02 9.479067906560056933e-02 6.837790076043620026e-03
1.182043900553934009e+03 2.111751016309424074e+02 -3.033064672209628918e-03 1.117402096551358033e-02
9.319380781189514664e+02 8.997163669918018059e+02 1.292038468063472743e-02 1.464985723101666637e-02
2.771745514149916403e+02 4.333953069995449141e+02 7.673353358226639442e-02 2.419765770058974752e-01
2.992905091507856241e+02 6.269828615710757731e+02 1.089267017785483377e-01 -2.252118307838120725e-01
1.178963586133432727e+03 3.362461604734661478e+02 9.141235946217331210e-02 -9.937245815526334070e-02
1.171304811034329987e+03 2.340182182215200726e+02 3.913136659760015068e-03 1.644929083944013035e-03
2.074804234339169113e+02 7.265382717205584413e+02 1.143875188159487917e-03 -3.457255101911958914e-04
6.820135852790800755e+02 1.017639530351109329e+03 4.536144116825946253e-03 -3.687868362134179376e-03
6.109069088158827299e+02 4.239639295886168497e+02 5.243185711318045297e-03 -1.795403174925792270e-03
4.934217741990183299e+02 4.546639514684831056e+02 1.592403086585863527e-03 2.194030544242510893e-03
1.161126817503812390e+03 2.505404560805308734e+02 -8.879027617231348554e-04 5.908617131772831051e-03
7.483435076819934295e+01 3.195732067061069870e+02 7.326309170850739405e-03 6.318242738585706439e-03
5.738551841650477172e+02 3.953458107390460441e+02 -2.650061807187937754e-02 7.861451760263234514e-03
5.196031420754874262e+02 4.233570320933592370e+02 -7.834122734509334218e-03 -1.586000750000554627e-02
3.183065286840712815e+02 5.675971475905223542e+02 -4.883544307196895605e-03 6.069873241004993892e-04
2.351467011474914841e+02 3.595685015019253115e+02 -1.209051236526297035e-01 -3.658488092579478268e-01
2.674679316417160635e+02 6.472223877269730110e+02 2.753915600392404638e-03 -2.700167826228517740e-03
2.791642846021088644e+02 5.095963682611410945e+02 -2.460850024890712945e-02 2.753346581980690155e-01
1.011544767207806217e+03 1.954916247891146384e+02 -1.143365490770329035e-01 -1.230794292360918307e-01
2.937382403493083416e+02 5.966373084633321469e+02 1.360247906267441059e-03 -2.294934283732386320e-03
1.147633975663074580e+03 3.554605093493736376e+02 3.247653646039367053e-03 -9.474615116868007059e-03
2.847441277819189622e+02 4.222291780572007838e+02 8.971692730249242187e-02 2.444229521229520086e-01
1.138907571651343233e+03 2.244494454877307419e+02 8.374479000204557155e-02 -3.238710537353802627e-02
1.048471369915800551e+03 2.692699761317440448e+02 -1.327479379230257772e-03 1.329224463218380003e-02
2.199902238853880760e+02 2.967525551538898299e+02 -9.660943458627621605e-02 -4.072689251547947920e-01
1.013222375707197898e+03 2.606101599291620232e+02 2.079805371614825392e-03 -2.513320232035222077e-03
2.779496191591858860e+02 5.036959045411181819e+02 -5.385537955218598627e-02 3.041241249960018322e-01
5.070118261064827152e+02 4.520777076907062906e+02 -7.861230323823234153e-03 -6.883164856562286153e-03
2.302147644773981199e+02 7.748465632907472127e+02 -3.238238050052400212e-03 -3.000312690416406108e-03
1.095438611700619958e+03 2.017166951360846667e+02 -7.165424771873142758e-03 5.940220581728321292e-03
1.991370770807560007e+02 5.087839308307738406e+02 5.329239684647235110e-03 9.305421878989949755e-03
2.661981705368397684e+02 4.829598641755185895e+02 1.109894068300406184e-01 -3.710350846256083579e-01
1.020141275441322250e+03 8.661186580070534546e+02 1.137183113163844992e-03 -9.696542108129209414e-03
4.884086768161067198e+02 4.744943991873374216e+02 1.144417342191565018e-02 -6.683224634777148142e-03
3.010917788073559791e+02 6.562575593317385483e+02 -7.898413926646204392e-04 5.131556145408134109e-03
1.073652656136297765e+03 2.174813083495750163e+02 3.401091697601754671e-02 -3.124530681815832454e-03
2.954424805595965040e+02 5.393132214502085162e+02 4.128830169654317504e-03 -1.426252145067634803e-03
1.930979965678618839e+02 6.849517015141440197e+02 -1.443702515209279724e-01 2.642525601152979631e-01
5.376270462780976231e+02 4.253950697925246232e+02 2.446350884173229337e-03 -6.678358712520656749e-03
3.470617374661595136e+02 1.096401492830691495e+03 -4.217828881318346282e-03 3.255651794083094797e-01
1.153160020037065351e+03 2.161933240411481449e+02 1.767800518296729073e-02 3.858840791718510382e-02
2.668676986592046205e+02 4.139917472987089013e+02 1.151845807959790968e-01 2.521374349857072872e-01
2.618673540134789732e+02 4.857202969304441353e+02 1.031013996062833810e-01 -3.530554948378664126e-01
2.497517836523319374e+02 6.822570680153149851e+02 8.698940210036193790e-03 -6.494080533907818642e-02
2.676282650172657895e+02 4.977245543429449981e+02 9.718142259501771907e-02 -3.656008516944610487e-01
5.477327285196848834e+02 4.587135571802779737e+02 -3.242006898403815285e-03 6.548712529665142302e-05
2.558795426312305210e+02 7.452064387875687999e+02 4.627270564528748568e-03 -1.467761186616074395e-02
1.028538067810514804e+03 2.249244375323845588e+02 -1.701959869705440068e-02 -3.785420266185109822e-02
2.489565152598024724e+02 5.149008804885792188e+02 1.983529082222794393e-01 -2.918313664600648005e-01
1.108603987782242712e+03 1.730277645635420924e+02 2.643525385586838194e-02 -7.561237983558517783e-03
1.134409146807396382e+03 1.936268914268193271e+02 8.270505927569024585e-02 5.966076187915536031e-05
1.139813844858818356e+03 3.892209441507104088e+02 1.240015809897987258e-02 -2.060451936696752750e-02
2.679313478421219088e+02 6.258264363940735393e+02 -4.656301315429856556e-03 1.577160126614199007e-02
2.618646664257248631e+02 4.961716410682022911e+02 1.060892292978195678e-01 -3.735724668856782449e-01
2.734393527486121229e+02 4.376310087200603789e+02 6.840268325835256735e-02 2.297517483463942523e-01
5.230699864064777103e+02 4.604070587525736755e+02 4.968025854258494717e-04 3.151676692086181290e-03
1.057884825230723209e+03 3.028348829419352910e+02 -1.895748045338376334e-04 -6.899844296232895665e-04
2.023290028147289092e+02 7.007933586974561422e+02 -3.161621630320244226e-03 -6.331312254838840532e-03
2.701623138006024192e+02 4.082413844725502940e+02 6.718094920117408109e-02 2.800467885422948111e-01
3.244562722771729568e+02 5.183491496437684418e+02 -2.647758604105025174e-03 2.821153447312009163e-02
2.329548822242323922e+02 6.284495169445701777e+02 8.408792399086113117e-03 1.759042196144631294e-03
1.186714226647156465e+03 3.541751099470483268e+02 -1.027947507365599075e-02 9.988997446289251542e-03
7.841310726191479716e+02 9.544747633571519145e+02 -8.620570546112153038e-03 1.755262386270579900e-02
1.112284703654477653e+03 2.209741683666859444e+02 7.915309890805554902e-03 -2.354963496320252453e-02
1.125599565329499455e+03 2.420303389533552263e+02 9.219535720126485409e-03 2.026505301518112621e-03
2.422329489564773723e+02 5.445978712891317173e+02 1.874099828176796212e-01 -3.344894933870098397e-01
7.100025772953534897e+02 4.256161483260211753e+02 -5.927843227118388680e-02 5.983961358665431524e-02
1.017834978070519014e+03 2.043926415900363907e+02 -1.261761554496989290e-01 -1.001491158108289287e-01
1.026644213692550693e+03 2.189586282888058690e+02 8.221990823538380053e-03 -2.182120528807574705e-02
9.706498282676259350e+02 1.691655372776964157e+02 2.316031365108026790e-03 -1.429494954309340135e-02
1.185854519113738661e+03 1.861230254204107553e+02 5.119660271951276959e-02 4.201403483504594256e-03
1.003195758176835398e+03 2.281834195423491565e+02 -8.957812168399968342e-03 4.477513390911677833e-03
8.342770207406071847e+01 3.505181720911768366e+02 6.322947392316852384e-03 4.287234165927839707e-02
1.029957813068042697e+03 1.603651244883959919e+02 -4.351193829700488597e-03 -8.894627337052905119e-03
1.185423551514595829e+03 1.736482352175594031e+02 2.154552165060216046e-02 -4.393502693404055526e-02
5.539741828608856622e+02 4.835037550862360263e+02 -6.018384950653619080e-04 1.957966485387786608e-03
2.601782869600364734e+02 3.980106491553232217e+02 9.035701364438221417e-02 3.268427111356905779e-01
2.740949509400971920e+02 4.429436422674953633e+02 6.109167827821918029e-02 2.062246134962578414e-01
2.573999308695254626e+02 6.998890909331145167e+02 1.152114555854230268e-02 -1.147013628693876325e-02
2.277688509604121805e+02 5.634178612017578871e+02 1.015575149894840101e-01 1.215262329394061758e-01
1.171617013973468147e+03 1.793019898639829535e+02 6.231318642803086033e-02 4.306428418830604565e-02
1.133577220683441510e+03 2.116149925687523705e+02 8.292789085150238659e-02 -2.080367221546087358e-02
2.332477059196739901e+02 5.468639463311803866e+02 1.905039810882865614e-01 -3.105929682262785207e-01
2.735756666241762218e+02 3.978116563721014813e+02 8.340550487291086001e-02 2.958872415384369847e-01
5.040167383404902353e+02 4.709177199446734221e+02 1.022399909280828460e-02 3.772027985395357691e-02
2.569989724346638127e+02 5.102486842955722182e+02 1.394925122010008123e-01 -1.908973424779955574e-01
2.616437030958628043e+02 6.685453727357455591e+02 -1.724140402103276277e-04 1.102321287296017778e-03
3.187855677917972343e+02 5.190823069263320804e+02 -8.243786579873475101e-03 -9.109584868507353272e-03
9.929519509990891493e+02 1.988921815959136268e+02 4.705325089944516030e-03 -8.184997584678084873e-03
2.385930498241818896e+02 7.098105166887348787e+02 -6.179198106504526014e-03 1.623073273897194472e-03
4.060585240866871004e+02 1.097897961549966112e+03 8.312758582385615380e-03 1.867853550546590968e-01
2.384515828605246384e+02 5.326869905888528365e+02 5.820508551187062590e-02 -3.906626134504596060e-01
2.807744035353391610e+02 5.581481565831561511e+02 -4.723363945569730021e-02 2.948226274050381734e-01
1.154391244709416924e+03 1.900646554308410714e+02 1.132341607063441918e-01 -5.318483501944588909e-03
2.232099733222145801e+02 5.376152891317011608e+02 1.762795435155196377e-01 9.649941478444519494e-02
2.204488115617195376e+02 7.171994299177139283e+02 2.666140891257033022e-03 4.860496467197681324e-03
2.649217272291626841e+02 3.971274881812091166e+02 7.020630504641668657e-02 3.030966775555180015e-01
1.066904885505190123e+03 3.078062538256658058e+02 2.697215456648544007e-02 -3.131530872747303323e-02
8.127962135170680824e+01 3.241265876838444910e+02 3.261567450271295448e-03 -1.423917960280932917e-03
2.127162831479166414e+02 5.414905876411792178e+02 8.737734294783476574e-02 5.144318780158116389e-02
2.250083046517513594e+02 5.514246331048152570e+02 5.763175456646740108e-02 1.132490598522069708e-01
2.752419794468985401e+02 5.542248059924584140e+02 -5.865815468976873920e-02 2.978164776184133999e-01
1.197056347970788011e+03 2.269493103283721211e+02 -1.988981852818061304e-03 -1.377889650317197512e-02
2.417531380104684047e+02 5.373661774347619939e+02 1.270653164669068302e-01 -4.278371629388283415e-01
1.068276665541044622e+03 1.968040507300573552e+02 -1.556156077419860399e-03 -4.228241911899919929e-03
2.649465055636160855e+02 5.812312160940563217e+02 -6.062044565902512117e-02 2.286629077090218398e-01
1.064921057728282676e+03 2.159994231381502914e+02 2.558794657376199568e-03 -4.081446993287536282e-03
1.973090594838601533e+02 6.791353849422999929e+02 -1.038650594671596539e-01 2.646552913481481362e-01
1.030862978533576097e+03 4.450336540506337997e+02 3.127656508456878957e-04 -5.784350164531989113e-04
1.116815784711366859e+03 2.365930418318650652e+02 3.514938316956125325e-02 -1.596549576734927062e-02
2.586727646105810550e+02 6.945116304588501634e+02 -5.803177824246307350e-04 -3.204518102923358154e-03
2.856406821610671045e+02 6.182006105048112659e+02 2.859409269324609051e-02 1.418245806478870934e-02
1.107382386634421209e+03 2.211899679178627309e+02 4.465850151272170859e-02 3.756876342994994872e-02
1.096010497664435206e+03 3.495267375332800270e+02 6.132028749333369444e-02 -7.833427230499162564e-02
1.950701339042453242e+02 6.908556683733802402e+02 -2.389425677997233932e-02 -3.782568592047784103e-03
2.670280561442291400e+02 3.819987473812946064e+02 1.073503516219552062e-01 3.199459667603279933e-01
2.701575710449024541e+02 5.816875733922126983e+02 -7.475780853313283847e-02 2.624771014087571852e-01
1.174671630216947051e+03 3.817147869044659956e+02 4.266795222141908095e-01 5.580549216071432894e-02
2.177951774340964448e+02 7.235930114460825280e+02 7.502088778971150677e-04 7.808151852457578639e-03
3.187865163757055029e+02 1.077831183819409489e+03 6.267983424214325361e-02 2.802418822432555801e-01
5.370659891132669372e+02 4.659665485779077585e+02 3.193827907860548668e-03 5.482712009902480574e-03
1.131132549870930916e+03 2.460112873424324675e+02 -4.646924250331415512e-04 2.649806910921084432e-03
1.310904928900670939e+03 3.281206672458621370e+02 1.464487694359890568e-01 6.814029882305067121e-02
1.110686327457875905e+03 3.048541523115742962e+02 -7.731637134402757905e-02 -1.212718814120427174e-01
9.656153361826872015e+02 8.661731376104395395e+02 9.141826725689191496e-03 3.780732902845836043e-03
2.574387936693102006e+02 3.807885500857621537e+02 1.053459366192939922e-01 3.253935865915877912e-01
2.605185681856374913e+02 4.490828207188909005e+02 -3.367198529409643620e-02 -2.517580255895387475e-01
1.147225013874778597e+03 3.299867363830210820e+02 -3.056223794462024079e-01 -6.150019156428576661e-02
4.973244519057702178e+02 4.688147116887574271e+02 -3.815257563081167480e-03 8.797195451041482650e-03
1.007560016238483172e+03 2.565784394569931806e+02 -4.249773125213035345e-03 9.992289105128683221e-03
2.687818993521660786e+02 4.192357415614268916e+02 8.332877111107868384e-02 2.453675208852899026e-01
1.077527693468573489e+03 1.937956731659539571e+02 -3.158420344392301460e-02 9.301399312190028468e-02
1.225293910005448197e+03 3.259820342979965062e+02 4.313256397932032082e-01 1.356991112451568782e-01
2.054737103092188875e+02 5.641545271068400780e+02 -7.338664703359068509e-02 -2.736746483436650612e-01
1.942275455792658363e+02 7.001168968760804319e+02 8.170644083212110290e-03 1.263577180860141723e-02
5.970524946848878471e+02 3.902794442019861663e+02 -1.685364334564000421e-02 1.382302502739686176e-02
1.138751100649790260e+03 2.459438282033164285e+02 -2.739798200772077669e-02 2.776532163922170240e-02
5.717172618716654142e+02 4.101530393022799785e+02 -8.440696855109533665e-04 9.877955274939070537e-03
1.025003483273135544e+03 8.713610168919228727e+02 -7.180176892675397930e-03 7.233567474971474252e-03
2.186740341727818020e+02 7.755637614249313856e+02 -2.025518908155980507e-04 -7.445955757238026385e-03
1.029641566447012337e+03 2.152363710581186922e+02 -1.141021682375671087e-01 -6.166945956226360659e-02
2.568663921441028037e+02 3.665949277880053501e+02 9.725823556712358264e-02 3.218275175774656938e-01
1.094842724143573832e+03 1.610912938889408395e+02 -7.499766980880948238e-03 1.722051677199154876e-03
2.081667368663289608e+02 5.330263208054770985e+02 1.366267046329627810e-01 7.011774632338969859e-02
2.140372484082089102e+02 7.212373659347922512e+02 -9.733323969231101949e-03 -1.615235008859311309e-03
1.272088337071379556e+03 2.925267513009599156e+02 -7.742278592480366858e-03 -7.705571563344214281e-02
1.172893786589146430e+03 2.119887098839064095e+02 -1.230132604443411742e-01 1.534531092515353523e-01
2.833881890896408891e+02 5.837899174486631182e+02 8.593452808832191536e-02 -4.403601899558354064e-03
1.208881690743378158e+03 3.552549946166150789e+02 -2.087319913755706635e-01 -1.455527382972719545e-02
2.825333515353767098e+02 5.780746439168066217e+02 8.946743840344047183e-02 4.789865255419824101e-03
1.961298752572812987e+02 5.679752298438149865e+02 -8.906832982303049262e-02 -2.950214306668302311e-01
1.204685231804504156e+03 2.780964285032142129e+02 -9.580295397366324697e-03 -5.521488775782067669e-03
7.614691272536233555e+02 4.546361300437704926e+02 1.647612097440399881e-02 2.509440502096158335e-02
9.182477336988682737e+02 1.102570896373902769e+03 6.853924597446238269e-04 -8.684962606074094187e-04
1.027109277818357668e+03 1.945571396223339775e+02 -3.869419330448460505e-03 1.521465110477966849e-02
2.370443184368402285e+02 6.842716818324552150e+02 -3.748079277060149643e-03 4.085444498799114567e-03
2.679147108021920189e+02 5.116282805846346946e+02 2.184582943433970026e-01 -5.178951689016435544e-01
2.551893203149932958e+02 7.108090118715614381e+02 -6.441446781046592613e-04 1.719326103298472047e-02
1.179636189583969326e+03 3.494442368208196399e+02 3.597817571330599179e-02 1.295852939522162007e-03
1.020293587879197617e+03 1.728189401688183295e+02 2.973687020845219246e-03 -1.602552342392030496e-02
2.138489526755300005e+02 5.888605322118681897e+02 1.372796571809505317e-01 -2.317911512124877227e-01
5.600195298784758506e+02 4.133813407372227289e+02 1.768806139203112429e-02 1.793330562907552439e-02
1.033820737253833613e+03 2.761199227799837104e+02 -1.113695443911800163e-02 2.289713449881268926e-04
1.988288595752073888e+02 5.217650802656074802e+02 1.009169609279034346e-01 9.543593821266506405e-02
3.105013060583647189e+02 6.195271636849864763e+02 -4.339083784037092392e-05 7.872549999605650160e-04
2.750835866639017695e+02 5.017720956664318237e+02 -3.261822805962137639e-02 3.019877279788232838e-01
1.161464380935582085e+03 2.578098713198060068e+02 1.233369400011670794e-02 6.506241930295719213e-03
5.615428620704997229e+02 3.940775990785703016e+02 -7.569390085582019829e-04 4.797476459847673999e-03
2.067281762058453580e+02 5.874830100880628834e+02 1.393644819515881816e-01 -1.953069778400364775e-01
1.545332839402535114e+02 5.055937495289107915e+02 -1.229629985056155117e-01 -3.186119707500293385e-01
5.585675075421394240e+02 3.975469577469916658e+02 2.390390249092438294e-04 -2.219004929069868896e-03
4.983344392408853309e+02 4.587621027638723490e+02 5.192313624633296959e-03 9.725379551889883328e-04
1.809946700099682175e+02 5.148560837390427878e+02 8.308591043311590318e-02 1.435959915255203001e-01
2.189861499572228070e+02 6.977947047308557558e+02 5.408768532503538222e-03 -2.397579405629756289e-03
2.703196755525382855e+02 6.918876002397615821e+02 1.198035351531569551e-03 1.821408913277010279e-03
1.174017873833664225e+03 2.446205894511447809e+02 8.392139682394255534e-03 1.164283229167406043e-02
1.142445128458515228e+03 3.245925338822932531e+02 -2.938813080931802491e-01 -4.971464977420802372e-02
1.187560893508436266e+03 2.071027339327116863e+02 -8.133768443866134373e-03 9.144931382668447517e-03
5.297088765686066836e+02 4.502778804541856630e+02 -7.855033073477862230e-04 -3.211911228323281308e-03
1.178555378796100285e+03 2.252022519597591099e+02 -9.748477007273286324e-03 1.049027328099890605e-02
1.390754255672620161e+02 3.982053857401144796e+02 2.128997953247049532e-03 5.625356001054556375e-03
1.189917683037618872e+03 1.752557207593787894e+02 9.692410050612837100e-03 -6.443853239411993956e-03
2.724475146791938869e+02 6.225634092522632272e+02 -9.079721107087665791e-03 -1.316611211630533710e-03
6.050964311003511966e+02 3.864269767921014136e+02 -4.258933179845272692e-03 -5.033599766427909565e-03
1.038023090702470881e+03 1.914076386927864348e+02 -5.397099886788127125e-03 -1.907803873555820036e-04
1.246944117393638635e+03 2.884410473452957717e+02 -1.827012815904862156e-03 1.109135519579798612e-02
3.003162840934426185e+02 4.093902947202458904e+02 -3.458707021330567621e-02 -4.737682001304939494e-02
1.939361305538762963e+02 3.191504853426414456e+02 -2.588292871832486154e-04 -2.400145398310807743e-03
1.188312903082206276e+03 2.504474396125049509e+02 -1.353965468173136955e-01 2.495436502379531907e-01
2.195251101450552937e+02 7.450912335216969495e+02 1.001643285311029337e-03 1.308625592620352640e-03
7.861841368834423065e+02 9.361909974475848912e+02 1.671745247837843869e-03 -7.438394097032031797e-03
2.081481986341353831e+02 5.992406772832508750e+02 1.327295268647236404e-01 -2.427547087233871137e-01
2.489288393800623851e+02 3.589959724499705089e+02 1.054589098820822024e-01 3.155416373595585355e-01
1.037962676517991213e+03 1.977443409748668728e+02 2.395574716256485687e-03 -9.105805709638297579e-03
2.473469704609898372e+02 7.314560001137595009e+02 -5.268509398785179570e-03 4.493240334820463797e-03
1.035490488842152445e+03 1.732985081406257279e+02 1.791488683819456073e-03 -3.572559257881999240e-02
1.168053412581824659e+03 1.931755618776653876e+02 4.104828311295761339e-02 -7.230166554717412306e-03
5.107032786420796242e+02 4.916283877623123431e+02 6.406473995211583918e-04 -7.184976652183087086e-03
1.171280926266532333e+03 2.261475645547914439e+02 -2.029198335391568049e-04 1.452425444776310644e-03
2.954281067750336547e+02 4.896089465108321974e+02 3.764487379735294986e-02 3.271236634375276897e-01
1.032451693160315244e+03 1.994558907344322449e+02 -8.764957622782159480e-03 3.616993939123412920e-03
9.936989984108635099e+02 2.207617670489583190e+02 2.536198893418677852e-02 -7.536916561653134172e-02
5.350149762173091403e+02 4.267875286016329142e+02 2.675712740988904579e-03 -2.148593128318266026e-03
1.973916989549344123e+02 5.784978374256334064e+02 -2.971980640047255581e-03 -1.663685952961723238e-02
2.001749919304448042e+02 5.978191557593193011e+02 1.306516003159555461e-01 -2.086248246517441451e-01
6.064356318031869932e+02 4.069317960239833951e+02 -1.565719700686326373e-03 -9.565223804214487840e-03
1.048670896700144340e+03 2.842755112130451494e+02 -1.266220945229062055e-02 2.585782690298198822e-02
2.595598525852146850e+02 7.194354931119955836e+02 7.398285293780951927e-03 2.504869932846475605e-02
2.261235024402271279e+02 7.429726070603910557e+02 4.588254512275916075e-03 -6.219129765228071337e-03
1.200676465399777499e+03 3.195908506999269889e+02 3.966240482788549460e-01 1.831704175863262674e-01
9.757682132056302180e+02 8.660438869903716750e+02 2.594418107261421691e-02 2.382315357227516792e-02
1.019607896444285871e+03 2.294255226146057680e+02 3.761909097235531518e-02 -9.222726177347283227e-03
2.384648442409891516e+02 3.780841046450920544e+02 -1.167663106412558383e-01 -3.477140136314623708e-01
2.024059330771378598e+02 6.171004230586831909e+02 8.677470255552230394e-02 -2.440456338345367293e-01
1.153679627184821584e+03 1.449425168924408069e+02 -5.769011786176832073e-03 1.345921506803271148e-02
7.929042425702464243e+02 3.935096896948559788e+02 2.005251956234133104e-03 -5.443033596452664068e-03
1.854421181956928706e+02 5.127208504615313132e+02 8.715867454995812613e-02 1.742896731426323842e-01
3.988120441914202274e+02 1.087147577007645850e+03 2.460619694354231057e-03 2.781856409552293033e-02
1.276761707961581465e+02 4.429237147068860168e+02 1.632886465622759853e-01 3.420918668909304072e-01
5.739834521049954219e+02 4.969816147492260257e+02 -2.516940479316161043e-03 -7.731590077152965972e-05
1.133073213294080915e+03 1.824965479537605404e+02 8.644038460852693229e-02 -6.435610655040647186e-03
1.063025896930510271e+03 1.965438782781241969e+02 -1.569370893163284097e-02 -2.021253643281082681e-03
1.211923088985659433e+03 2.699009788036015038e+02 -2.450162319663300864e-02 8.081679392205387558e-03
5.905332792588061466e+02 4.167742278706497814e+02 -1.143824938760914893e-02 -2.285412558007514773e-04
2.394959571542223387e+02 6.225227780232033865e+02 -1.056075696127261980e-02 1.294605004649764246e-01
1.147296035836851388e+03 2.649566929637158523e+02 -2.547341592833275801e-03 2.758761439457601151e-03
1.215920069534354980e+03 2.833750565240841297e+02 -3.567200558449042189e-03 1.545597255652648820e-02
1.025614926798953320e+03 2.634977345215704645e+02 8.629784987274749519e-03 1.869389711902946435e-02
2.513219497389702326e+02 3.723110994565161036e+02 7.765399662738479980e-02 3.151107553037659770e-01
2.579683938629723343e+02 6.219987849411561456e+02 -1.456857469378911203e-02 -4.666422408390509709e-03
9.470393893558803029e+02 8.903197674798987009e+02 3.267595824373565380e-03 9.573131445834649061e-03
1.147596236862472779e+03 2.215171087357391855e+02 8.874978609619214864e-03 -1.090008143551536303e-04
1.077410199070694716e+03 1.697446566327524238e+02 6.193646025266307843e-03 1.250523190357410441e-01
9.981779327817723697e+02 1.851096877669808123e+02 -2.621494762835446107e-02 -9.193582321330383278e-02
1.044165832733359139e+03 2.601952776822195119e+02 -4.027060616288571926e-02 3.704956074247687641e-05
2.573668628464188259e+02 3.224596975673049997e+02 7.855657529135572081e-02 2.859865680142695266e-01
2.253075858019867610e+02 3.131945599973630010e+02 -1.082208276428541088e-01 -4.343576386501560305e-01
1.096370518559342145e+03 1.750753121994156345e+02 2.378572348092942296e-02 -2.848862335682015787e-03
2.184685187413657843e+02 6.034177411602233860e+02 1.896659869318281788e-01 -4.519123284742858626e-01
1.975035584322227180e+02 6.128392618119634108e+02 7.578045012278093739e-02 -2.643131705246857255e-01
2.491629508203903924e+02 3.449280831852082088e+02 8.097198364977135909e-02 2.902938380327528267e-01
1.149291720520640183e+03 2.274136859134307258e+02 7.201760267552083979e-04 3.280034670392422812e-03
9.316733922084797541e+02 8.827083000271128412e+02 1.172665850783282185e-02 3.274087321590804511e-03
1.205824762959976397e+03 3.032072136693157631e+02 4.434663756573902216e-01 1.820134809302117740e-01
1.060908999040774006e+03 1.892441675073531258e+02 8.194065546644700368e-03 -1.947895794116007856e-02
3.612474734318088849e+02 1.079159681323640143e+03 -3.498071487116634348e-02 2.247168014957113269e-01
1.106045121327811557e+03 2.304940801057376234e+02 9.997854683823978461e-02 1.725750240331216101e-01
1.225119058707240356e+03 3.968861226016330193e+02 3.017430697510273697e-03 3.327201895603710408e-02
3.296001268582641615e+02 1.095357599506102360e+03 7.336905829359831321e-02 3.486581737449391261e-01
2.890507580798513345e+02 4.905330131373688118e+02 2.042379009428500411e-02 2.847421993423226438e-01
2.568308065079086759e+02 5.765588172986978179e+02 -1.096796018239854092e-01 2.688541590327355735e-01
1.990166525484497129e+02 6.443434000601304206e+02 8.736164122386370912e-02 -2.672971246566120396e-01
1.086631151553228392e+03 2.016641820943904406e+02 -4.914497553470775597e-03 4.533060848086818695e-02
1.153493031691412853e+03 2.057714899719588288e+02 -4.916050333581506969e-03 2.327338334135862705e-02
2.104859782541605000e+02 5.547086352944002101e+02 2.479030128921691153e-02 -3.162568785160765894e-01
3.267352855068037343e+02 5.530603830007336228e+02 -2.285307641756443870e-03 2.764500619056015681e-03
8.098158581896304895e+02 4.025133928296614840e+02 3.468096618706626236e-03 1.880273611688533866e-02
1.013525945232431582e+03 2.115132494714835047e+02 -6.158974152417343029e-02 -7.564331081727371231e-02
1.067149797164595611e+03 1.884163393073381485e+02 -2.854541539724579982e-02 3.421090266859278667e-02
1.216223152995421941e+02 4.423245037705780760e+02 1.707203481743911067e-01 3.595390741975229010e-01
1.265365941076624040e+03 2.587818643357364294e+02 7.689279256278541176e-03 -1.078735649603983562e-02
3.851479867239200416e+02 1.074899197904265293e+03 1.645581738209221934e-01 3.269551245463128697e-01
2.832803695301082030e+02 5.164252964986110328e+02 -3.254725285258792955e-02 2.691045664327639808e-01
1.266087563859877037e+03 2.036689166530146053e+02 -1.647221265973640393e-03 3.246912560642964581e-03
2.625059333163225119e+02 3.458241802209120124e+02 9.498549282829998885e-02 3.256715968981325204e-01
5.457007343080736064e+02 4.252228925848941685e+02 2.198630337756689399e-03 -1.749025501629211611e-04
1.308657128722309380e+03 3.490628723191772451e+02 3.289921443218816743e-01 5.381077007092528036e-02
2.164505134680646279e+02 6.162823018160653419e+02 2.664842186441215843e-01 -3.545575556548862250e-01
8.224428393651789975e+02 3.955331607857676772e+02 -1.950903258095157064e-02 -9.971799724594505865e-03
1.162724696150651425e+03 2.102906244911658007e+02 -1.098263199091123465e-02 3.923648783104105586e-02
1.205627030157676018e+03 2.002574658540896735e+02 1.092349967550737544e-02 -2.306338221250436513e-02
1.147170214080032110e+03 3.713262153324000678e+02 1.096245979657973005e-02 -2.045286116445723616e-03
2.673195752407689270e+02 6.971125684872743022e+02 8.567860558374863333e-04 -3.798293804932357642e-03
1.020161463359250092e+03 8.062312880979477541e+02 -2.882089535978818624e-03 1.157285470241623719e-03
2.782557622680943155e+02 4.511476464575500245e+02 6.821305782957641506e-02 2.217305485848593827e-01
2.740967119665006066e+02 5.132456842693089811e+02 -4.356560908185357073e-02 3.011239845229828349e-01
1.975676696071185461e+02 6.320329742035389700e+02 1.036502189866189000e-01 -3.637725881720555443e-01
1.723248801924303564e+02 5.133684344907304649e+02 1.442294997240984589e-01 2.014802464717249941e-01
2.267470489894008097e+02 6.737880769755054189e+02 3.545941243081749544e-02 2.317477237462526318e-01
3.048065920755870479e+02 4.589905097630132218e+02 -2.821531886107574855e-02 -1.172309832823189082e-02
1.153361583082970810e+03 3.039677720842462918e+02 2.591566880025495956e-01 1.281920054148605326e-01
5.287962737826160264e+02 4.342522618032618311e+02 -8.916627614826887205e-03 -6.160479758971920856e-03
8.917807773968328888e+01 3.607561435305205464e+02 -3.542797580869538540e-03 2.470103910797665555e-03
2.457708739238937596e+02 6.322752319563338688e+02 3.210346235730434945e-03 -4.199674647315086544e-03
1.792250444793918689e+02 5.054921047118251067e+02 1.594436458704392157e-01 2.021828229538779054e-01
1.277596291797861340e+03 2.993590861251091155e+02 6.793241687783974081e-02 -8.747604499189710892e-02
7.860996100667686051e+02 4.087974175241291164e+02 6.728970655637234958e-04 -1.432465308033613978e-03
3.933057248882129215e+02 1.080014045270085489e+03 1.220576472393636452e-01 3.766107193680094389e-01
2.509837962347349674e+02 3.261755591652992052e+02 7.060406224312060219e-02 2.914198839710250288e-01
1.107441390874515264e+03 3.379708561725586833e+02 1.398516452855612380e-01 2.983378747977014633e-01
9.443719233032218199e+02 9.004795634047831072e+02 2.520011204128625587e-02 -6.463868898124293383e-02
9.916049516829822323e+02 1.899852905149672040e+02 -1.396543345164769946e-02 8.639550076555894964e-02
2.086029299638728673e+02 6.882675166657086265e+02 -1.318928102383079256e-03 2.089901844139675606e-03
2.585104661326080873e+02 4.119307370416862568e+02 -7.532238106365118924e-02 -3.268113693325300217e-01
5.923449136715405530e+02 4.563835583147387638e+02 -1.209048383811077085e-02 -8.172857491161937896e-03
5.120737783280992517e+02 5.025499137090859563e+02 -6.094958582302256744e-05 -2.657002539499804528e-03
1.190094479288924958e+03 2.334911385023983144e+02 -2.015677508253058484e-02 7.496161781073349111e-04
2.380892954779313868e+02 5.861075240984184802e+02 -1.695559130874974008e-01 2.062016136630004937e-01
3.254798178681145373e+02 5.035067792453768902e+02 -1.811185894481614740e-03 6.311912929823726079e-03
1.125389646337348495e+03 2.167142640054087792e+02 8.711207914226035479e-03 8.925066741436084305e-02
1.227274724483816271e+03 3.134170286968519576e+02 4.248478099527013829e-01 6.479028622557717054e-02
1.087424986601518640e+03 1.966973419162558514e+02 -2.953933872240127947e-02 7.537866874264888273e-02
1.759046533720151047e+02 6.327320200116886326e+02 -3.281954178849520384e-03 -6.258909039747259651e-02
1.130676412900287460e+03 2.097863501917135238e+02 4.158869404690367956e-03 7.007171396202575842e-02
1.056380244264014209e+03 1.798965511257480898e+02 4.510891900863588794e-02 -3.192256698621979971e-02
2.412747221972462057e+02 3.416630589283367954e+02 8.383705907360392007e-02 2.963829481604195459e-01
2.687348141573578459e+02 7.094274480321879537e+02 -1.041761655390829270e-03 1.915266782635392361e-03
1.160201917070725358e+03 2.369098489792239093e+02 6.130961146450857741e-02 -1.402968321067737389e-01
1.101151799719619930e+03 3.382337673772717039e+02 7.068266027762871995e-02 -4.218654322285642078e-02
1.955841360183105451e+02 6.483483692716556561e+02 7.741468211567463509e-02 -2.911888161345438375e-01
1.059693040881433262e+03 2.275224383985794532e+02 6.986694573576038986e-04 9.248857338914746179e-03
1.481127302973430346e+02 5.096117763908696361e+02 -1.343616345214225516e-01 -3.018427014900306737e-01
1.157623171224199950e+03 3.739033600258071033e+02 -5.002689681400804972e-02 1.895507533946624162e-02
2.173214875684807907e+02 6.610855335609560370e+02 4.787216394520170393e-03 8.488315038182845523e-03
9.965670744920341804e+02 1.929396212986702324e+02 -1.121662153392660455e-01 -1.009135968120935256e-01
1.032964569154014498e+03 2.331399308563719899e+02 -4.385093957503924389e-02 -4.222304385563863116e-02
2.852961985526129070e+02 5.419773170651832288e+02 -8.632555087401252991e-02 3.147123613005134435e-01
5.034024963532627908e+02 4.821608779090614689e+02 4.429439176501354797e-02 -4.704507123157741777e-02
2.070085621329129140e+02 5.229686776268493986e+02 -1.225255031296667435e-02 5.995789846787091121e-02
1.804519326502386320e+02 4.946729078816977108e+02 1.659981350780921627e-01 3.619326123493783465e-01
2.515913397936169815e+02 7.132503633601302226e+02 1.795638659948167390e-02 -2.479735710101863347e-02
2.056172605395518076e+02 5.339741381692241475e+02 1.173004457007987555e-01 6.970356892044275721e-02
4.167756313394301628e+02 1.083256870015882214e+03 2.815418467240407216e-02 -1.923620085952996300e-02
8.116372814416668007e+02 3.714715249479301633e+02 2.503895526296432555e-03 -4.411135852744420597e-04
1.207151079867420549e+03 3.450075240543810082e+02 -6.854645141234849692e-02 -3.043442062743423673e-02
9.475303901096675929e+01 3.591250056443134326e+02 3.969402714289227418e-02 -1.081835708889104380e-01
1.125053719908130006e+03 2.034566287094123709e+02 6.409014906303174552e-02 5.106860040032904641e-02
1.009405750554947645e+03 2.457355465633680751e+02 3.203656188365518881e-02 1.765083578414206045e-03
1.276791651558436570e+03 3.119386814924528721e+02 -2.239556757136066875e-02 1.246745840648995872e-02
1.148277593534354992e+03 2.025024235472904479e+02 5.179001636472668757e-02 3.426356561495643143e-03
1.203284653570841328e+03 2.555625952587704717e+02 -4.253773068556140284e-05 1.009992152405702562e-03
1.161281725148237456e+03 1.439712921399112133e+02 2.212215736134352101e-02 5.419692350468451741e-02
6.707887987914441510e+02 1.080107134918787096e+03 -7.221124059358610681e-02 -2.144396225321860971e-01
5.302017710040167913e+02 4.263789145216030647e+02 1.008703420517992127e-04 -5.346224494865079585e-03
4.835323119412564665e+02 4.488527104373017096e+02 5.373927366067198820e-03 7.849810311488231510e-03
1.214234301845275013e+03 3.438612254751055843e+02 8.172928054418463970e-03 -1.056897995411810037e-01
2.772090919308764683e+02 4.086475906609681488e+02 7.040551700425594361e-02 2.742415995900223669e-01
1.028774689328995919e+03 1.801546160011945403e+02 -1.753907715298267745e-03 1.626790123061135074e-02
2.510524849126366576e+02 7.092929650487228628e+02 -1.815667561455332722e-03 2.997924940612190468e-03
1.168849032216147634e+03 2.154865910529245525e+02 3.540555537734035862e-02 -6.114190337687367555e-02
1.107103021428365992e+03 1.815606605714324076e+02 -7.301271945558276445e-03 3.241093965425534407e-02
1.009578669531846117e+03 2.350682913171799839e+02 3.261292584117437849e-03 2.820776501251904059e-02
1.102185334379527148e+03 3.036746399825194089e+02 6.970025511456222345e-02 7.581955768939187268e-02
1.190555269201608098e+03 2.538066322133133212e+02 1.436408827002382538e-01 6.079931918384220979e-02
2.991830288033161764e+02 5.494047853951240086e+02 -1.540955416333185217e-02 -1.602077990854787123e-02
2.772660204755218274e+02 6.576464399247811343e+02 3.674933261248136858e-03 -2.108037083586879537e-02
2.344010475545929353e+02 3.166071601354867084e+02 6.399720449709128678e-02 2.728836633310297577e-01
5.177738034282037916e+02 4.638705945856946755e+02 5.858396599425632701e-04 1.226598053049029677e-02
1.053741642349407357e+03 2.917370517642903565e+02 2.494370550798415825e-02 -8.660377329216795150e-02
1.161710679734882206e+03 3.762898992538596872e+02 -2.965802127951963976e-02 3.921305876466436857e-02
1.069122012943588743e+03 2.569808663604846402e+02 -1.559695183673524832e-01 -1.230312727240757131e-01
2.780679614823135353e+02 6.358085938197176574e+02 1.769593097506166196e-02 3.564829128963998423e-02
2.258219635500905440e+02 7.151118868906335138e+02 8.788136252823687544e-03 -2.008338855453995972e-02
1.049167100268216245e+03 2.051159790410873143e+02 -3.644863237800070790e-03 -2.043808832647392437e-02
1.097085956086154511e+03 2.472218464417585153e+02 -6.195439366655295516e-02 9.378125198088274606e-02
1.061534451153436976e+03 2.436551824730848068e+02 -1.719900450533391190e-01 -3.498853510401736533e-01
1.234302383087125918e+03 2.841890306097876078e+02 -1.137129738124833742e-02 -6.666955161289977484e-03
2.509542162102354439e+02 3.108173869617169203e+02 5.987317644618398577e-02 2.834350076620720804e-01
2.799924451641655310e+02 4.577590548255933527e+02 8.931278147853357881e-05 1.667399943721273592e-01
1.170273134165292504e+03 1.972160385651105798e+02 3.798546902634448302e-02 -1.463392705777252778e-01
1.029398126594112227e+03 2.658028269324431108e+02 4.002438105395795045e-03 -3.612965548850059078e-02
3.626662797853008442e+02 1.087742471220302377e+03 1.095392760371247248e-01 2.370709758036753101e-01
9.785118297701746997e+02 8.522874384732524504e+02 9.501329990435991232e-03 -5.763663703370368492e-03
1.260354177170929688e+03 2.921911323611872149e+02 2.368795886194127384e-02 -1.297940748569914940e-02
4.920060466605248735e+02 4.485682461799539738e+02 5.130313398026019323e-03 4.321517879027219483e-03
1.127971610715921088e+03 3.420954126361102681e+02 -1.551017708232086279e-03 8.908527797487224981e-03
2.088502343026471806e+02 6.265018857180543819e+02 1.692070241351074644e-01 -3.373334190964374368e-01
1.057183046841175383e+03 2.457780807966447583e+02 -1.969013916251230456e-01 -3.701876383133477777e-01
1.072447829327008549e+03 2.955856616377433284e+02 1.709886604623989115e-02 -1.007819387611986854e-03
1.145742515084881461e+03 1.957421582020561459e+02 1.126014122438633996e-01 4.378796979812780987e-02
1.160160722082237726e+03 2.280142063646310078e+02 -4.677252235554381571e-04 6.605914090875633464e-03
1.196982878710228078e+03 2.505456713010514136e+02 2.428881154609977347e-02 -1.327796150142110734e-02
1.219168041274649568e+03 3.682690071529721081e+02 -6.593517774080950300e-01 -1.079313849563656447e-01
3.515235675910121813e+02 1.077046278323403840e+03 -1.550863303058318959e-02 -3.082228523424978550e-01
1.261299361371297209e+03 2.004959264226758648e+02 -1.883991883428965189e-04 -2.084488709669650962e-03
1.123944688251484649e+03 3.407528488643294509e+02 1.418505716560814617e-02 -8.011464764540629849e-03
1.700161583528352764e+02 4.807416186721768554e+02 1.102164235166229328e-01 1.257487366484867086e-01
1.017367534737205574e+03 1.626611260022297643e+02 4.320358817016421715e-02 -4.042196071462075824e-02
1.086615735616861684e+03 3.333227970911573266e+02 5.038377405961195349e-02 -8.776685831019384598e-02
1.801919295586420162e+02 6.528875221886975169e+02 -5.738760420579629845e-02 -2.768953229963228568e-01
1.130710625676831796e+03 2.266056333997663614e+02 7.057975987086994793e-03 -7.630462123774555024e-03
2.768129837037959078e+02 5.978346741042809072e+02 -1.698605419889408219e-02 2.189460405701459597e-02
2.573280439009838574e+02 7.328676018047019625e+02 -1.456841036456748770e-02 8.710821500616857532e-04
8.376288901379230367e+01 3.355741362729161779e+02 2.981174278965342643e-03 -6.210630215019233985e-02
5.353798794900505982e+02 4.393568507921610831e+02 7.502634019829201861e-04 2.140421642570967346e-03
1.137406599033886323e+03 2.888482912348758873e+02 3.060373077926549223e-01 9.779447206768268619e-02
1.893560098431924530e+02 6.542309023046082075e+02 1.177289772916435134e-01 -1.335256711285323361e-01
1.100414584056668673e+03 1.506024484584022218e+02 -1.895387779010699048e-01 6.779513070177808909e-02
1.187338568850735555e+03 1.936414095648172804e+02 9.243038196477279533e-02 -1.289907220966775570e-01
2.486154371332977462e+02 6.175888680190879541e+02 -2.086123082167958692e-02 4.432035640595518439e-02
2.138432899549987098e+02 7.095008639242597610e+02 -4.411957442249389225e-03 -1.394618619397350323e-02
1.482650162474556907e+02 5.189331047378059338e+02 3.606706587710777068e-03 -5.842524569571292889e-03
2.555016947848086488e+02 5.240972261614564331e+02 1.245344277168561886e-01 -2.874582771695486372e-01
3.546043767083212401e+02 1.087494836299978260e+03 -2.700109560479783608e-02 -1.871575942756318334e-01
1.044988022990040008e+03 1.655805281754888654e+02 2.917908188636886280e-02 -1.493977820204417384e-02
9.730713978366503625e+02 8.682814908462356698e+02 5.475983953230567636e-03 2.525820633150033245e-02
1.263052246639313125e+03 2.946181333573698566e+02 -5.206396618195362203e-02 -1.504631397769187473e-01
1.281096779751603663e+03 3.412690909250488858e+02 4.233839465407419067e-01 7.783454744169952810e-02
1.834061241252192644e+02 6.423987040639126462e+02 7.743864504012148986e-02 -1.998406828625605702e-01
5.333727527721779325e+02 4.119243920681354325e+02 1.017305004410311471e-02 -7.223282637753192410e-05
1.259761382946596541e+03 3.942577854660764842e+02 -1.209450071431346016e-02 1.240165257167022764e-02
1.157534622354727617e+03 2.652905919879823955e+02 3.459450078239569709e-02 -5.933076755607373520e-02
1.894475583043024756e+02 5.847392885662576418e+02 -1.633401850652944562e-02 -2.831599190524987722e-02
1.080165967895158019e+03 3.600464337426893735e+02 2.490523636604740493e-02 -4.130765939746710441e-02
1.193239954127191140e+03 1.837274398977505143e+02 9.048459606411612954e-02 2.180785155101909109e-02
2.619241117090390958e+02 6.453361433422580831e+02 -1.154640909209959758e-02 1.061325971392368742e-02
2.222768603639860885e+02 6.669748657767393070e+02 1.171342870103309584e-02 1.397705183145432281e-02
1.714631561011225074e+02 4.896983864350916633e+02 1.598934671139151664e-01 3.141898774382623771e-01
2.680177603837743163e+02 7.081354134286896169e+02 -3.232164724929314972e-03 -1.039350646604377546e-03
5.162487699703289081e+02 4.370513631528979204e+02 -4.349522065062796927e-03 2.085990195731032490e-02
1.142582363586063138e+03 2.414346674389327916e+02 1.265809732609867767e-02 -1.952775497238391084e-02
1.133492337933117369e+03 2.634437710770432659e+02 -2.950128250863838855e-02 4.951143949074620493e-02
1.123023539387789242e+03 2.667390241244081039e+02 -1.314390986912609104e-02 3.640862306977261237e-02
1.157484552168880555e+03 2.503257837260721033e+02 1.529386657616255835e-02 -2.074555415703116523e-03
1.140118976614603525e+03 2.752790224736346545e+02 2.163696194628011299e-03 2.183774854287414413e-01
1.113745745858979035e+03 2.075839805761928858e+02 -1.948449460112737230e-01 -4.559185148141811639e-02
1.087999965699017366e+03 1.852125161326503360e+02 1.004659405875827360e-01 -1.729704256621359126e-01
1.076556776855135240e+03 2.251394861548962751e+02 -9.420716238022543501e-03 -5.038121863411531079e-03
7.702193097016621550e+02 3.978597921242557049e+02 -4.093203362937820650e-04 -5.965201186688104916e-03
1.226970626864266251e+03 2.438602424507654689e+02 1.126398813864719177e-02 5.738309593735881758e-02
1.180280264887252315e+03 3.626782843678639097e+02 -1.607788018008268023e-03 5.446793011593203081e-03
1.192147495606777966e+03 3.746633433624075451e+02 4.037586527474877340e-01 -1.820738322498436923e-01
2.214864313960198672e+02 7.687341699429870232e+02 -4.380560396655255005e-03 -7.712769615359320319e-03
3.955757898673633690e+02 1.095357962231414149e+03 3.366479228285516045e-01 2.849870785090979353e-01
2.633732279053648426e+02 4.107665305173982233e+02 8.988454945530664764e-02 2.384860973432746389e-01
1.257609075517703786e+03 3.321319305403779936e+02 5.528437923670684873e-01 -5.433155672182590767e-02
1.045632813348495574e+03 8.532134212539911005e+02 -1.125075512265297922e-02 2.393200485111803433e-03
1.094206854257228088e+03 1.892314919415605345e+02 2.785159722950917779e-02 -1.196881125296928444e-01
1.110331454211055416e+03 2.033223738637197755e+02 1.062878387074256969e-01 4.046720841950423447e-02
1.871086835728382596e+02 6.271136916655880214e+02 2.735898898312439931e-01 -3.234847401246764287e-01
5.420077707653256311e+02 4.853479128305620520e+02 -2.492773152557927266e-02 -1.687312955388304420e-02
1.005568499230237080e+03 1.912076539672353022e+02 4.015714335857360068e-02 9.949773098880869415e-02
1.292176848462694124e+03 3.425380756519086276e+02 4.311889051980364873e-01 9.853559440601884767e-02
5.308293773923044228e+02 4.873919711630671259e+02 -2.812137050947840708e-02 -3.960620173670523908e-02
1.008536782597547813e+03 1.743726532917428074e+02 2.273805842537089950e-01 2.004999737252922132e-01
1.043792141707435121e+03 2.189293749752718270e+02 -4.491869261343264634e-03 -1.859277286863014137e-03
2.157917884366412977e+02 7.695188824390789932e+02 4.565299904262315293e-03 4.913528187544638796e-04
2.808135041298057217e+02 4.161638728643176819e+02 5.837531872662436727e-02 2.360647274560311037e-01
1.081479239256658730e+03 1.888238869818853232e+02 -6.675762659656789277e-02 1.205181246162220776e-01
1.157072808081897847e+03 2.272179437928609786e+02 5.615544608297980134e-02 5.750972338244339510e-02
1.828939969193840227e+02 6.311083552784548374e+02 1.757317786743389509e-01 -3.235302999768399634e-01
2.734341751162037326e+02 6.835273687291256692e+02 -9.322482060797808402e-04 1.171642020937908868e-02
1.238586463263811766e+03 1.269020925736783170e+02 6.585453253673244356e-02 -1.353386996565069389e-01
1.929748250623312060e+02 5.220352794931548033e+02 6.536562626876403492e-02 -4.152900126133544922e-02
2.389776460075316606e+02 2.996421478086014645e+02 6.665468661879003776e-02 2.740459329574433389e-01
1.144466047978957704e+03 3.640849428400967440e+02 6.609158549771074545e-03 1.931908312028495639e-02
2.775006778751719025e+02 5.790101155937179556e+02 -7.306867406006234411e-02 2.577762851471200323e-01
1.153711904929164348e+03 1.997507799634407775e+02 3.326304023774857843e-02 1.270689860450407715e-01
1.039644546455398995e+03 1.774688680073267903e+02 1.909324028547785407e-02 -5.574122022578787555e-02
1.043608726128981743e+03 2.000129780186518929e+02 1.205157772641836725e-02 -7.237231496228682497e-03
1.120222944946928010e+03 2.127667803559595825e+02 -4.992794665837652079e-02 -3.931197751639910198e-02
1.200676606934453275e+03 2.270274479719398073e+02 -2.423971516449873256e-02 2.592866676973997267e-02
2.571232686442164663e+02 3.505861435617094912e+02 8.380454544894098967e-02 2.897340681119291994e-01
1.371470907656474481e+02 3.906827848201482993e+02 1.432451441958606706e-04 -6.809055592392433340e-03
1.737997890275688633e+02 4.759664417014312221e+02 1.924828076225853501e-01 3.394881881521709110e-01
1.066194150017518950e+03 1.684919097103897059e+02 3.909255780524745205e-02 1.834924142377127032e-02
1.152793434452893962e+03 1.842708641633835782e+02 -3.508760611035515592e-02 4.133954368448024275e-02
5.072993000133584474e+02 5.102813014523395623e+02 -5.244440024952091994e-02 -2.883186587447678778e-02
1.045329567631520831e+03 2.275920109931327033e+02 -3.931937574363603832e-02 -7.031750425551552830e-02
1.069725969716871077e+03 1.646668623814017565e+02 3.132450662813238834e-02 1.628805602540816522e-01
1.181432065274437718e+03 3.719328261755590574e+02 -6.412929582732912644e-03 -7.511853655652303563e-02
1.098431681991466348e+03 2.274851585304958803e+02 2.845508827518146520e-03 -3.154836709027773745e-02
1.138401916873923483e+03 2.143400243944443844e+02 1.244916989815630405e-02 -3.942864703771654239e-02
1.213119628309523705e+03 2.249692121913104756e+02 -2.902521523666716161e-02 -4.538154524843121540e-02
1.560272301847369363e+02 5.388048844235902379e+02 1.718145794634231421e-02 -3.016354001872548762e-01
2.366762628595122635e+02 6.753401814690918172e+02 5.339739316239942857e-02 1.730624221059894330e-01
1.647187699561526131e+02 4.881899854879623035e+02 2.000887961325972242e-01 4.002889287790765138e-01
2.909190119971104309e+02 4.704953427236218886e+02 5.366959312366326174e-02 2.498836565058777381e-01
2.461031737627943698e+02 5.285654244690905443e+02 8.284522175397412980e-02 -3.187583090468706359e-01
2.125377913442335682e+02 6.641848788369072736e+02 1.143891755281067901e-03 2.980047984675238126e-02
2.847697073646975809e+02 4.506551845426345722e+02 7.078845235271237490e-02 2.634160250838172290e-01
1.126081742324087600e+03 2.505323677569443817e+02 -2.235568958482667123e-02 1.220942666294989459e-01
5.593149706262955760e+02 4.965336854621993439e+02 8.276532755495469643e-03 1.788774938778056600e-02
1.027245616186477946e+03 1.958494111762373109e+02 -1.454324274973422225e-02 -7.292144148832388484e-02
1.110340208072549103e+03 3.199794717407316966e+02 1.010832274592269597e-01 2.548789956208376561e-01
2.592656540963509428e+02 7.529843870704995652e+02 -1.244680684309455720e-02 -2.223136763356908102e-02
8.913382012489610133e+02 9.328881432043139057e+02 8.247450074350126670e-04 -8.717646961629186772e-04
2.532464728469448971e+02 5.026727758623752607e+02 1.092978081237342552e-02 -2.403211553858961881e-03
1.097380157543651649e+03 1.633647000197300088e+02 -7.967843372465757690e-02 -9.870799226734688903e-02
1.895477631082307539e+02 6.702676861807451587e+02 1.612433293659985556e-01 -2.036423557237517779e-01
2.602143961585286434e+02 5.480974557195526131e+02 -1.180273893286903353e-01 2.640837718681586788e-01
1.034243629058142233e+03 1.807618549479381329e+02 4.117990850393955966e-03 -1.002985322588282739e-04
1.115643574705692799e+03 2.335031085325143465e+02 1.213120927003311957e-02 -1.003938136351815481e-02
1.284775339517165321e+03 3.447698177214902557e+02 -2.727173339722621104e-01 4.340083729309303640e-01
1.983975937166140113e+02 7.152905968636683838e+02 9.695329291748322476e-03 4.853616410959678447e-03
1.059960433420722211e+03 2.866426086450607613e+02 -2.489219260908058784e-01 -1.168690853301679600e-01
1.159929857601618551e+03 3.005155993174018363e+02 2.692788532852852801e-01 1.715479514191577404e-01
2.520858417225543349e+02 5.783920308791585967e+02 -1.175809368764461037e-02 2.707493211375064934e-01
2.123652073992534781e+02 6.454308111402523309e+02 -8.325106333632857625e-02 3.223975104830732463e-01
1.045698815358526190e+03 1.832882847157714536e+02 6.342216654545816679e-02 -1.757451764769319422e-03
1.268196691025652854e+03 3.030951939339860814e+02 1.347326874545367315e-01 -1.606869057710763604e-01
4.670399126393980964e+02 1.100223224062848658e+03 8.475537539360609995e-02 -2.141272741262541246e-02
2.629706201753975847e+02 4.305543730305932399e+02 -9.916974951821766471e-02 -2.388922871782272472e-01
4.918521625273293125e+02 4.826083014400452385e+02 -2.529076035903883492e-03 1.940926233406582366e-02
1.018075985324935573e+03 2.166676699337351124e+02 3.065871848002643674e-02 3.665893723377659091e-02
1.147117504794564866e+03 2.517605748585029914e+02 6.543888811193894484e-02 9.737549705142187206e-02
5.589308793943629325e+02 4.989620647134456135e+02 -3.729462723261652295e-04 6.863746742109945974e-03
1.006545800606697185e+03 8.344377189834771116e+02 1.164373695982725415e-02 -6.951513767424308265e-02
1.157507544780583203e+03 2.218828585021670676e+02 -1.089406054550181580e-01 1.389976334765506694e-01
1.170658264693366164e+03 2.522506341935620924e+02 2.453886658631745238e-02 -8.647003957283913578e-02
1.930932323691708064e+02 6.775356929195543216e+02 1.939235715000378890e-01 -1.925722922867862397e-01
8.299063423973814224e+01 3.457599302143219688e+02 6.074031691256128601e-02 1.428151926946749362e-01
1.274832560095992903e+03 3.096231288377820192e+02 2.473633981331228165e-02 -2.193589950066827943e-02
7.178323483100971316e+02 4.766747144282658155e+02 2.905434483821838637e-02 5.601895408598364656e-02
1.299717037643869617e+03 3.510930681407658653e+02 2.967625157898131083e-01 -1.203775370063024375e-01
1.157685371399818735e+02 4.572356120287029739e+02 -1.368888140615053262e-01 -3.297362313410537871e-01
5.179663462355829324e+02 4.175040954201703016e+02 2.110079787058459500e-02 -5.644776865391149152e-03
2.441844393187153059e+02 2.902669575547409409e+02 -3.189915143095767291e-02 1.584616160694380937e-01
2.735035133099470386e+02 4.508592617681010779e+02 3.168874492019568834e-02 1.889429544300860186e-01
6.365675229549055985e+02 3.849638556289718849e+02 -1.624240961150746898e-02 7.066213650235653176e-02
9.917368715829105668e+02 2.275927422108275948e+02 2.994344074770793895e-02 -1.480689033230220275e-02
1.255958321387000069e+03 3.216947118050702557e+02 3.053709414699739000e-01 -6.800259627683402641e-02
1.271645434821581830e+03 3.450824612844866692e+02 4.335642660757059730e-01 -6.931593690868709245e-02
2.231307040127618109e+02 7.042600653436032871e+02 2.198992250144549132e-02 -3.269921353720661727e-02
1.180324010797566871e+03 1.822999637174992529e+02 -6.929412859123355167e-03 9.724620077166529208e-02
1.264222885179756531e+03 3.216897244088211210e+02 -2.601469332386993072e-01 3.406320654620306754e-01
2.535341324092714217e+02 3.569015783118443892e+02 1.295286756874734768e-01 2.311525862991215541e-01
5.150438577554730273e+02 4.876672036539541750e+02 1.114366849019786214e-02 2.927822945874985344e-02
1.194855851073257782e+03 2.681273500476586946e+02 -1.888940933716704842e-03 1.749254107248978951e-01
8.208266037582146168e+01 3.504028018994220588e+02 4.061707944982865387e-02 2.592469962636064634e-02
2.550455135996200511e+02 4.072399632983490392e+02 -1.530157879177828917e-01 -3.185101515864691701e-01
1.102706271347009078e+03 1.827794287088028398e+02 3.298687224182336123e-03 2.712444771648628988e-02
1.203746914653331032e+03 2.153400131423230732e+02 -1.408004695571645100e-02 2.637133231761350227e-02
1.119965135808250807e+03 3.149390805303532943e+02 3.354210734988870568e-01 4.097029708337214249e-01
1.104804026384754934e+03 3.289337693269887950e+02 1.734873764545017683e-01 6.785904420964400385e-02
1.297185771171695933e+03 3.314686247923243059e+02 -1.002518183166173013e-02 6.729413818896563815e-02
7.064201328871854457e+02 5.828361894221469583e+02 -1.215565885094823219e-03 8.712301051370255692e-03
2.677602779751200615e+02 5.115728777278044390e+02 1.891844120620372882e-01 -4.525665445024432132e-02
1.083705768015053764e+03 1.840418463327363270e+02 -2.941929820508448756e-03 1.838913701365640918e-02
1.121675559965105094e+03 1.793526321148253828e+02 1.078898115408926245e-01 6.507902961596362737e-03
1.094524221770911481e+03 2.022907986534833071e+02 -2.979143133891491019e-02 -8.452168141595640949e-03
1.103132892688090806e+03 2.158646263795566540e+02 3.463195347758094567e-01 -3.257354517778103808e-01
1.107424049095593091e+03 3.296889879011949915e+02 1.167891979012810333e-01 2.622816847509739091e-01
1.841073721536154153e+02 6.303642904285241002e+02 1.378557346622399649e-01 -4.221745667680558700e-01
5.205094636139397153e+02 4.405237943691006421e+02 -1.590396110689198256e-02 -1.564865818212979320e-01
1.314144376884942631e+03 3.282193951016585061e+02 4.494297412527658020e-01 -1.447942461422485338e-01
1.227792490488463955e+03 3.570982141569697319e+02 -5.053553397825453208e-01 -1.838415760810562516e-01
8.973385500214851618e+01 3.734444020280475911e+02 9.580693929881553203e-03 3.250985385660796014e-04
1.492230828522171180e+02 3.993865612804413558e+02 5.451969404718839951e-02 -3.183993139325341087e-02
5.158167619649638027e+02 4.268126476196420072e+02 -6.782532167884862406e-02 2.971733031445751294e-01
1.179569980066798280e+03 2.433566978727019432e+02 3.857074115659189523e-03 1.490222940943416140e-02
1.351434989846606413e+03 2.610768044626975666e+02 -2.241638178975335904e-02 4.849670070386006421e-02
2.214077594744580608e+02 6.045737564841890617e+02 1.084108998673577323e-01 -2.677102823409743260e-01
2.444130357476996096e+02 7.102410355546546725e+02 1.197645897642966471e-03 7.174086292846166245e-03
3.116275166495274220e+02 5.503870810772568802e+02 -6.404749537258187971e-03 -2.174263458906959198e-02
2.766100553322372662e+02 4.254719165025867369e+02 1.674556624865957133e-01 1.887258516024061805e-01
1.145041584096641827e+03 2.448372698514997126e+02 2.203933671381719250e-02 -3.340477277937736744e-02
2.985305730052265289e+02 6.191157602863142984e+02 -8.025620098324992568e-02 -1.764001052406172221e-01
1.850486167887829367e+02 6.680223075112000970e+02 2.217793002222521181e-01 -1.410677328871798863e-01
1.880174106447003624e+02 6.751715509978804448e+02 2.236881534630299484e-01 -1.327765568617422787e-01
5.073325174695131068e+02 5.067412633017051462e+02 4.740581740307447944e-03 -1.076828008837082962e-02
4.669960060509320670e+02 1.100301741937980296e+03 3.158493793705474673e-03 5.879931408003358229e-03
2.570984412700848338e+02 3.862869809185148142e+02 9.436037765419769130e-02 7.199929662354113968e-02
2.763046292171320033e+02 4.879393635861980556e+02 2.927387280367708695e-03 2.203655848495925107e-01
1.159373735917469503e+03 1.456884452632421016e+02 2.283886888546931004e-01 5.591377817845000209e-02
1.096881673109039866e+03 2.153691560565353598e+02 -6.190834999785822801e-02 8.413383458617675059e-02
1.864319400118991439e+02 5.194505097491870629e+02 4.353991471036996325e-02 4.012547308212788266e-02
1.124402944964899007e+03 2.770216202156526606e+02 -4.133425100682567438e-02 7.326216332157287070e-02
1.139202880027767833e+03 2.852265912625800865e+02 8.021343077545377287e-02 7.250445470022176542e-01
1.154242444179321637e+03 3.035235286478228431e+02 2.818314440728879045e-01 2.590018853007147182e-01
2.415200419456272130e+02 6.746949446037863254e+02 2.024717878850879060e-02 -1.554512203044093079e-02
6.801567067148230308e+02 1.030270755535188073e+03 2.929061023312821629e-02 -2.092695821844851520e-02
1.516589094554100825e+02 4.544417847665824866e+02 3.493560176094660796e-02 4.428392139983543252e-02
5.025180513794192620e+02 4.390786557903443850e+02 1.579477634574004766e-02 7.104533644985622232e-02
5.217215666099504006e+02 4.700644234291640373e+02 -3.886683932221331184e-02 -4.914224913632096736e-02
1.102690146743619380e+03 2.071306757177416671e+02 -1.451514617051543610e-01 1.654618019324118339e-01
1.117124290001606596e+03 2.421069434737605093e+02 -4.834342787835339827e-02 1.209879376624371644e-01
1.159603058432049465e+03 1.922872741238310539e+02 -3.637253096924268903e-01 8.076400496150369923e-01
2.230101693733170407e+02 5.454906326123698364e+02 1.316512976394449141e-01 1.353516994525989503e-01
2.349319168656876968e+02 6.520911766360453612e+02 -2.251068349812044428e-02 2.002685220204512145e-02
5.595274712540060591e+02 4.130701257108684104e+02 3.295814761682436256e-02 6.438792567327311644e-02
1.008807652338182152e+03 1.634219170468141442e+02 -8.923201622764054264e-03 -3.004755508359835403e-02
1.006969969711044769e+03 2.101898960618961496e+02 1.045080614677544872e-01 -1.060422151516746680e-01
1.079048388859822126e+03 2.235948929299841836e+02 -2.151419952565447602e-02 -4.831722312150787957e-02
1.071548858867888157e+03 3.430227687353323631e+02 -3.609951119642573758e-02 9.000277261527855899e-02
1.214032946141099274e+03 2.525883974354831309e+02 -2.271527508816006957e-02 -2.162945872824195703e-02
1.210806655928774262e+03 2.979238002396323850e+02 -1.443884257815852834e-02 1.067156942404068332e-01
1.552456974870788144e+02 4.850973003553696685e+02 2.645504270933827229e-01 3.151139634596613059e-01
2.564368681332067013e+02 5.054735210513827610e+02 -8.670435120545031413e-04 -2.188242591805646953e-01
4.933662829704488786e+02 4.543838072811215056e+02 -1.539216466659354410e-02 -5.735247143737372440e-03
5.048255161141614167e+02 4.631346753571511385e+02 -1.781779369832747761e-02 1.657039441288361559e-01
5.159144362906909009e+02 4.749817727666147107e+02 2.926809465789877510e-02 6.736518501122645830e-02
1.015221201430894666e+03 2.740035061461445025e+02 5.953988701624742148e-03 -4.985264286187884863e-02
1.587603048272428907e+02 5.548676681588825659e+02 -3.886906694786110283e-01 -4.550153827179125865e-01
2.945270116048995988e+02 6.153628791631628019e+02 2.627570707827923610e-02 8.461618514816866832e-02
2.129217005890019436e+02 7.559617802435628846e+02 5.425300755858112473e-02 6.370220312813519581e-02
2.810848223060971236e+02 4.332865630463534217e+02 3.662376866054728453e-02 2.269743533577184280e-02
2.546791518352828803e+02 5.130714996624898276e+02 -2.724483979811509471e-02 -8.596731059446938161e-02
5.125745590733371273e+02 4.814659115683923574e+02 -1.109601765432444154e-02 1.501654214010272881e-02
1.104120202599405047e+03 2.004597233395309672e+02 -3.550773708172982879e-02 2.326023001319157402e-01
1.118185992278527465e+03 2.342141034666404664e+02 4.857182112675673125e-02 -9.027140581893888793e-02
1.267030950033502677e+03 2.853005035868820869e+02 9.758050650009408855e-02 -2.153211727046198121e-01
1.246653640574634665e+03 2.889794773820806881e+02 -3.493949551466357661e-02 -5.169947629582338777e-03
1.839465153425133508e+02 6.372945811985688351e+02 7.768090134483429665e-02 -4.988435395108581361e-02
2.318058386452115087e+02 6.417182421684645988e+02 -3.768437361316046008e-02 -1.189388445670829242e-01
2.023948995549695837e+02 7.009616867292161260e+02 -2.442311746915493131e-02 -8.225720409484438278e-03
3.450809190870215843e+02 1.100082351706872714e+03 -1.311271365326547311e-01 1.853615035197435645e-01
2.500850557931903779e+02 4.092310552545309861e+02 0.000000000000000000e+00 0.000000000000000000e+00
2.987319792653327681e+02 5.221932272879647599e+02 0.000000000000000000e+00 0.000000000000000000e+00
5.062194272402737170e+02 4.439680371548653284e+02 0.000000000000000000e+00 0.000000000000000000e+00
9.991561235473541274e+02 1.772397660678088869e+02 0.000000000000000000e+00 0.000000000000000000e+00
1.092221258443992383e+03 1.756907923067341244e+02 0.000000000000000000e+00 0.000000000000000000e+00
1.225115254837634211e+03 3.260196250170805570e+02 0.000000000000000000e+00 0.000000000000000000e+00
2.459084240037664983e+02 5.454175051577695967e+02 0.000000000000000000e+00 0.000000000000000000e+00
2.437313691372031599e+02 5.475355468305631348e+02 0.000000000000000000e+00 0.000000000000000000e+00
2.531092447748614518e+02 6.217872234057674632e+02 0.000000000000000000e+00 0.000000000000000000e+00
2.177152213620742316e+02 6.614652958338402868e+02 0.000000000000000000e+00 0.000000000000000000e+00
4.323778583609750967e+02 8.250232261259168354e+02 0.000000000000000000e+00 0.000000000000000000e+00
7.884272930179093919e+02 9.213010638055727668e+02 0.000000000000000000e+00 0.000000000000000000e+00
9.684307904490960937e+02 8.251116421706996107e+02 0.000000000000000000e+00 0.000000000000000000e+00
3.177036061612038793e+02 9.925685527082415547e+02 0.000000000000000000e+00 0.000000000000000000e+00
3.051591011751972360e+02 1.005000772166598836e+03 0.000000000000000000e+00 0.000000000000000000e+00
7.333465918203622778e+02 9.799253239745469273e+02 0.000000000000000000e+00 0.000000000000000000e+00
