1.337286235251844175e+02 3.822538616607644144e+02 8.042420820962177790e-04 -5.557530631901977337e-04
2.524679757277456247e+02 4.644376509068976588e+02 -5.571369694584771054e-04 7.421122758279859524e-03
3.090089274531610499e+02 4.783535517219420399e+02 -1.145644716126132008e-02 8.177080088923710174e-03
5.633755410515825588e+02 3.786496874876938250e+02 5.906376634649661023e-04 -8.829287497741290141e-04
7.060511018485252634e+02 4.139804794034936890e+02 1.593663235379752519e-02 -1.416100963146364224e-02
6.343619325805127573e+02 8.219757237422371645e+02 4.609093041167262829e-04 -4.156646889779301107e-05
9.123425684242312173e+02 8.060834391288450433e+02 -8.402803503571757782e-04 1.292363327426602690e-03
4.599350538489393898e+02 9.415427743643356280e+02 -2.458222844316059049e-04 -4.352840486422558338e-04
9.054754112074515433e+02 9.227486084115350877e+02 -4.905480034177334830e-04 -1.317169349112200390e-04
9.000864986941764982e+02 9.262114303976080691e+02 -2.881409131853363437e-03 -1.017700861544960092e-04
7.076939006963070824e+02 9.925441815189278714e+02 5.216970463917809143e-03 -1.014380954079637659e-02
7.150992443950613051e+02 1.011435667718461787e+03 -2.026443955236852080e-04 2.712923868827628771e-04
7.048836783268517365e+02 1.023781739993332621e+03 -3.895268042213339611e-04 7.874090102308004555e-04
4.816251049241986379e+02 1.099034750132874478e+03 -4.567201958465294553e-04 1.948552816168440857e-05
7.045036476300564345e+02 1.036480918569196547e+03 3.838859062564705174e-04 -2.263973494679009956e-04
7.518829590065406592e+02 1.067440921791358505e+03 5.275863628887489170e-04 -1.162785161361423085e-03
7.456363271135833202e+02 1.071447029221130606e+03 6.187043427495731666e-04 1.556085179403777661e-04
1.310113400604865319e+02 3.247924833218065714e+02 -1.950525547393829962e-03 -2.868899589615092702e-03
8.997609137476799788e+02 1.102198980679856732e+03 2.739529112848614230e-04 2.255207986205403812e-04
2.459068389262100993e+02 4.897376234630077647e+02 -1.245755441077968026e-02 -7.439424805377066463e-02
2.433836530580617250e+02 7.553119664961151329e+02 -1.401203408468716487e-02 -4.795256809903450206e-03
6.390905165167740734e+02 3.755978061796276393e+02 2.964298281131725731e-03 6.400855102697278198e-04
1.241341585467680943e+03 3.836755189919201143e+02 2.630374458276222085e-03 -4.574164264530880195e-03
1.179101847519711328e+03 2.354033422151374566e+02 2.247491372449220235e-03 2.953188111412022310e-02
7.154250329839643427e+02 8.815250701747247604e+02 -1.494237225197049199e-03 -2.033459152680914400e-03
2.376173642439783862e+02 7.199878985811963048e+02 -3.678419310853706103e-03 -9.930327381964908565e-03
4.209544622827253875e+02 1.090385490661345557e+03 9.689841985598748875e-02 1.401516015404229328e-02
2.489364530315834543e+02 7.169203429810087300e+02 -1.313710864550476616e-03 -3.406678626161595887e-03
2.476446740107763560e+02 4.017975445535429913e+02 -6.631761068346454790e-02 -3.085546598277318364e-01
2.503297044595651357e+02 7.474077595300126404e+02 -1.971171354696258510e-02 -3.888151237150747064e-02
8.295284592649924207e+02 3.048158584742839139e+02 2.964327887579571146e-03 -4.125287457611085252e-04
1.429783535123581260e+02 3.927472746926368927e+02 -2.894972790946410794e-03 9.299902798547333592e-04
5.719639026407636493e+02 3.802499097137160220e+02 2.525898121829603035e-02 7.995929416333548076e-03
9.315344785510507108e+02 8.430508211658142272e+02 -5.210119228389984043e-03 3.512185570324582399e-03
5.696093467779794537e+02 4.372705043861327567e+02 9.985202438109368542e-04 -2.473455749387846320e-03
1.006631435861201226e+03 8.130261112632692857e+02 1.689583386823554452e-03 -7.870605947983217235e-04
5.023542199396183605e+02 4.384564407586594257e+02 2.831117536722090565e-03 6.521592830364003786e-03
2.432651434230827192e+02 7.423414607567198118e+02 -1.732763156291587756e-03 1.063436084919966744e-03
9.804155662285103290e+02 8.270867398614353760e+02 -8.316562639895955450e-04 -6.857175419591696533e-03
3.072456306469678680e+02 6.578479409551395065e+02 6.009925073282046393e-03 1.509115539154929145e-02
1.010583122724453688e+03 8.157764678104604172e+02 1.235181794191199042e-02 9.972004485426073060e-04
9.411354414298621123e+02 8.345371377302835754e+02 -4.469456231188112180e-03 -1.944504774965340925e-03
1.003523594464558300e+03 8.364575403961800930e+02 3.310689972388647807e-03 -8.116616298248164121e-03
2.321668543324552161e+02 7.239188667595348079e+02 -1.892470131036703886e-03 2.295629712217296409e-03
4.820536329475574462e+02 4.376419706230477118e+02 1.474370191485291706e-02 1.604090145467197692e-02
1.019675434825834714e+03 8.074437840531278425e+02 6.117514871437037226e-03 -1.870823663272975550e-06
1.208317804090281697e+03 2.537952307528225333e+02 -2.406281302289766527e-02 -3.512169694160136024e-02
5.487282758476169420e+02 4.422897466380391052e+02 1.015835643699736614e-03 -5.106604029129127760e-03
2.278375798003865498e+02 5.200292973559968459e+02 5.301064333908956771e-04 -1.501296907348444155e-04
5.761872624533516500e+02 4.200138568819296552e+02 1.093395571119079156e-03 6.383056619235598361e-03
1.036791902794007456e+03 8.591042897853001250e+02 2.184198148633285236e-02 -5.382687067857083382e-03
7.326448634233657913e+02 9.223442357553608417e+02 7.383149233664700745e-03 1.961168207893897956e-03
9.559443568911308375e+02 8.449432421811260383e+02 -6.303659298746334830e-04 2.393820027599317425e-03
7.479745530046666318e+02 9.529631448065848645e+02 -6.614369724376398425e-03 -8.405493085881584822e-03
2.657522821004752132e+02 6.668642990506148180e+02 -6.799288140070016957e-05 2.625432311422420863e-03
8.247480021123517417e+02 1.102211294066062919e+03 -2.704411393869131527e-04 -4.422127724072846041e-04
2.435077968556448980e+02 4.958412845573154186e+02 -3.208756476954697742e-04 2.491038578420787068e-03
7.498390195022229818e+02 9.582027873936189053e+02 3.902677869629121547e-03 -1.101093153133120631e-02
5.651131042974481034e+02 4.689549682620097428e+02 -1.132196928722351004e-02 -6.413021864715920915e-03
5.673329735488075585e+02 4.747638928114099599e+02 -3.654942297913240084e-03 2.019786045346084070e-03
1.204544023244351365e+03 2.311829080169309805e+02 -3.260689789304607126e-03 9.699626228457801543e-04
9.114115607837957214e+02 8.460065538427833189e+02 -1.060088981472461639e-02 7.209910580809714489e-03
7.721671240986649991e+02 9.598973729080586281e+02 -1.152850772989562952e-03 -7.172137673271460588e-03
7.748586367841023730e+02 9.423319510031599293e+02 -1.043837759114845352e-03 -4.049475233380303227e-03
7.737136172432923331e+02 9.486508926813874041e+02 -1.281712683547507614e-03 7.455473947698460294e-03
9.845079962610179791e+02 8.674755755837211382e+02 -5.536518349941562311e-04 -8.497065519874679807e-04
8.004299832531274888e+02 9.516853814534761113e+02 -4.570791603780457969e-04 -1.665387254384354020e-03
2.110589323007255871e+02 6.733449793461677473e+02 -4.393146945149044649e-03 1.989210434754964387e-04
6.193915985088891603e+02 9.359238482268747248e+02 9.357736456706226402e-05 2.881422299151831581e-04
5.736044627224642909e+02 4.895342974498614126e+02 -7.022272755999564575e-03 1.519286218696140741e-03
9.748501311749452043e+02 8.848246175601484538e+02 -1.793971925575767613e-03 -3.072950191924766952e-03
7.461067029080655857e+02 5.275826697596492068e+02 -9.219583868161412496e-04 -6.619654394707239105e-03
7.848956569604104061e+02 9.423306262642113325e+02 -3.036126974561198771e-03 -3.308036909531735393e-03
7.960069659763114487e+02 3.824423184205576831e+02 8.800837860678823940e-03 2.075855198594725448e-02
2.355827444463367613e+02 7.007896788889760273e+02 -6.605102444727564519e-03 4.170320177391064441e-03
3.089976048228043624e+02 5.686528838122259231e+02 1.944914500386189446e-02 6.895615547588283649e-03
8.080695657499985600e+02 4.205373371498956203e+02 -3.632037012481656620e-03 1.047582050534969032e-04
5.901852840105939322e+02 4.035262890250261307e+02 -1.395463009957173105e-03 2.281705835497011177e-03
1.034265056100730135e+03 8.360633868138277194e+02 -2.479360927892041312e-03 1.598157215323568660e-03
9.942714610284101582e+02 8.225138997854254512e+02 3.698543749381693301e-03 1.552660837829661009e-02
2.272523647154664843e+02 7.268988888945020790e+02 -4.721427386092308994e-04 3.749730356866850904e-03
1.278782978953722022e+03 3.725933222276831884e+02 8.739834206340170789e-03 -5.573190557443283375e-04
2.350229240167625449e+02 6.520280075681877179e+02 3.196028257643954845e-03 2.605553095799051968e-05
2.254328352602130963e+02 7.657416730304303201e+02 8.390817200394156197e-03 2.766690168793574205e-03
7.331605361037981083e+02 9.798402432883285655e+02 -4.241819997794141878e-04 -4.504783141607668351e-03
3.202819091234109692e+02 5.458818139207214699e+02 3.021591833360297123e-03 4.487666704620204595e-03
9.910540708520267117e+02 8.332413505628787789e+02 3.508768102434858815e-02 1.977452392328913483e-02
1.050041786060966160e+03 8.546115839375797805e+02 3.316676403362027112e-03 2.550568904141100116e-03
8.265349877498474598e+02 4.011024868262962855e+02 -1.007341746668037608e-02 -8.821719752309982107e-03
1.019152029905184577e+03 8.313074096455940207e+02 2.512554644540884383e-03 -7.820130461255974177e-03
9.456121915813776013e+02 8.363618960313357320e+02 -1.354142353268163700e-02 -3.503354892620453871e-03
4.645010494386002620e+02 4.541681512414616577e+02 -1.015499219277957686e-02 -1.547949085380144474e-02
2.682520664904396881e+02 3.003393920960193100e+02 6.185461525580766146e-03 -6.674162902275177292e-03
9.546652065698814340e+02 8.230408076595567763e+02 1.631581344555559218e-03 7.303978644590597945e-03
8.186763513602567173e+02 9.353129102108255211e+02 -2.982123944629264719e-03 -9.485741278713068908e-03
8.204549302131998729e+02 9.459159453010008747e+02 -7.346402118582098274e-03 9.188906413725710098e-03
5.489505996413934099e+02 4.328565206171444970e+02 -2.264559988315574968e-03 -4.262337424995846398e-03
7.302730474668819625e+02 9.373309957586552628e+02 5.602279947637644510e-03 -7.005844993529697536e-03
9.301972795024405514e+02 8.608712863022700503e+02 -6.565114820216309734e-04 1.343444758930164087e-02
1.077673767091638638e+03 2.033928775725996729e+02 -6.061634683059273845e-03 5.479511957322912193e-03
7.542207644889508629e+02 9.714817338758186906e+02 -9.735810451290786982e-04 3.980986498886117798e-04
1.030591016134756956e+03 8.261531559861651886e+02 2.580686550552602643e-03 5.279808663317453465e-03
1.021967109162831093e+03 8.152052974758312303e+02 1.291109411817169435e-02 3.630046267947156704e-03
1.038231259464980440e+03 2.136948258613925304e+02 -1.640597684361655151e-01 -5.780036285585821859e-02
9.548917995576462090e+02 8.766142406749625025e+02 -3.867803381464036266e-02 -5.089891039867464745e-02
8.176426233917386526e+02 3.803235657188466234e+02 -3.922938568068572163e-03 5.236374742017994161e-03
9.715003558366892094e+02 8.889885342480166628e+02 -4.910896958647592396e-03 4.040148790232426720e-03
9.050650663742635516e+02 8.410528325280572517e+02 -1.355592748624945103e-02 7.062768228854227753e-03
5.778091039902856210e+02 4.685579143809863467e+02 -1.399890395816332823e-02 1.551711191153923308e-02
7.902275031617482455e+02 9.227542410743392338e+02 -4.626960193022704171e-02 1.374292193015482465e-02
9.624088305507790437e+02 8.485390956272115091e+02 1.785245997599070166e-03 2.731456503619312647e-03
1.930783028943339161e+02 5.896407903808428728e+02 2.380770386408114642e-03 4.961897808030780142e-03
2.323058886417690303e+02 6.896659090808147994e+02 -4.818947433166147556e-03 -2.271358172452838178e-02
4.930016628961026868e+02 4.484161717517237093e+02 2.440904376204109782e-03 -4.345810879220215702e-04
8.329862494898648038e+02 4.129673826149297042e+02 -1.285058850717267845e-03 3.619732926110130061e-03
9.675559866165604035e+02 8.765062329725396921e+02 5.313276764821797497e-03 3.172432633571606623e-04
8.094894608306633472e+02 8.943934340355339145e+02 -3.962760422646935746e-03 1.985233773528099956e-03
9.691260743998348062e+02 8.250267449614217412e+02 -5.909578293087611222e-04 4.823486195147266495e-03
7.913091386251550148e+02 8.840612313499609627e+02 6.602092204223544702e-03 -3.229857645315310777e-03
1.192521904546659925e+03 2.107365655874100128e+02 -2.567993967913665201e-03 6.742718980038629219e-03
8.135233584208948514e+02 4.023842481820833541e+02 -2.905909185960583660e-02 -2.789539756574552914e-02
7.675164313095394846e+02 3.852632537470619809e+02 -5.202414656943603506e-03 1.143595263482441102e-02
2.255871310985835123e+02 6.861700683131115284e+02 -7.372572060172378886e-05 5.851098091742381241e-05
5.593707122916077878e+02 4.182525474772385223e+02 -7.698746098389173780e-03 3.851900302023106726e-03
9.492501069539662240e+02 8.561628095350741887e+02 -5.689661413511977418e-04 1.821619668028166220e-03
3.381846144442670266e+02 5.536531644739217199e+02 6.839300937448151638e-03 3.444208731954435943e-02
1.121377794768582135e+03 1.832563421018740826e+02 6.539820193699039108e-02 2.569469882230142679e-02
7.176802121756193173e+02 9.520387335648887301e+02 -1.277880873769642912e-02 5.265450242455419969e-03
5.111138454501420370e+02 4.393034029588100111e+02 -1.386889317002599771e-04 1.368751571287882968e-03
9.954772174999358185e+02 8.726716093216195986e+02 -8.501448048124561618e-03 1.957346742006613974e-04
4.801345240411900477e+02 4.679009327786419021e+02 -5.850545160877001355e-03 1.338052515216144652e-03
8.828528293901449615e+02 8.717109733797942681e+02 5.989842391854138109e-02 -2.373234583888794366e-02
8.020243195996002896e+02 9.385688632802647362e+02 7.445003815238880260e-03 1.244559682141014147e-03
5.348609321355244219e+02 4.156372241062235275e+02 -2.715698633775252228e-04 2.097166479949586176e-04
3.263240082332944212e+02 5.358835760191484496e+02 2.052282978702846250e-04 -2.104609420205696968e-03
7.446133782153849552e+02 3.957261987087363764e+02 -7.109865988989458839e-03 -4.939667860719847842e-03
9.976154775290776797e+02 2.498610663360377373e+02 -2.149566177412326907e-03 1.595242799378675941e-02
8.507022747625267129e+02 9.315615934795357589e+02 -5.997003001442466905e-04 9.013469164862123600e-04
6.299566862121645272e+02 3.836111825398326118e+02 -1.804991741627562461e-03 2.070606284106172191e-03
8.162085129358998756e+02 3.636878505366252625e+02 1.511926146107644671e-03 2.672809125641324984e-03
8.576925381650172540e+02 1.101643668556083867e+03 1.217080560664807491e-03 -1.280104530782283584e-03
9.291124693059390438e+02 8.383186790312923904e+02 -1.509212538965107580e-03 5.257564878601812342e-04
1.155912475228085668e+03 2.350036580516824927e+02 -2.137347313955255401e-03 1.275837222809032313e-02
6.028722232617442387e+02 4.343691686785501247e+02 -2.013380379417588437e-03 8.807311937035516847e-03
5.064316696110138878e+02 5.086710570523354704e+02 -2.950896170701168206e-02 4.834738928860421621e-03
5.444372409414851290e+02 4.080101170780775419e+02 -7.101697125639619065e-04 3.428295545553161280e-03
2.378079709083661442e+02 7.393729687790387288e+02 -3.955289388785828905e-03 -1.032888090095288036e-02
2.326676677807637361e+02 6.530091919980874309e+02 7.308138272231635285e-04 -4.222057170886503279e-04
5.418072280414057786e+02 4.776605194577290945e+02 -1.915060117833396539e-02 2.658376579681782925e-02
2.413939272704122629e+02 5.899112000896436712e+02 -1.540899635294697423e-01 2.075099538397089660e-01
7.531188210814514150e+02 8.452520706552028287e+02 -5.967468997528833051e-04 3.366482800390825734e-04
9.776021307424117595e+02 8.458022809342714936e+02 3.571854021039585179e-03 4.739656154094185406e-03
5.448154347921414455e+02 4.831668015020009648e+02 -1.521179644093495313e-02 4.586790147547306282e-03
3.214516603166712230e+02 5.298164849140721344e+02 2.290196170498226200e-03 -6.906829681939948918e-04
3.139090506753204863e+02 4.694177409434752803e+02 1.526635788343017964e-03 -6.901761326486898461e-03
9.341352950408804645e+02 8.668643470424221960e+02 5.479353825233662829e-03 4.632901641656698294e-03
3.662141037459624613e+02 1.040704484981234145e+03 8.957068223261252515e-02 2.502247699841730344e-01
2.679576851813143321e+02 6.081573165446845906e+02 -1.449299747172357739e-02 2.249902399762616911e-02
1.062638000082286908e+03 1.812903853693111387e+02 -6.968192454786559763e-03 9.206161817345310389e-03
3.241249816589154307e+02 4.765881823296145399e+02 2.793812066987933287e-02 -3.525842365657169686e-02
9.714697046240710279e+02 8.296348188069738399e+02 -2.464302044291564586e-03 -4.354189396143746775e-03
2.478158061496563960e+02 7.406428344642276898e+02 9.133917328113913314e-06 2.016040793135982865e-03
2.206276400663071797e+02 6.874253618966738486e+02 -5.310625008258167828e-03 3.705504356846609209e-03
5.053038415069760845e+02 4.433638717874902113e+02 -8.820755878438227976e-03 -3.378328213280424024e-03
6.438706539181199560e+02 4.509518484998469035e+02 1.312110780712870961e-01 4.384048515456253070e-01
2.765116138012802480e+02 6.720041794769705348e+02 -5.012446104672670967e-03 -4.439620067087882149e-03
5.884783546860884371e+02 3.770141308860485196e+02 -6.246654054542310694e-03 -4.235250652043429098e-02
6.117483988902929468e+02 4.277458200965534729e+02 3.013481403403341259e-03 7.140979254971413981e-04
3.046364973225442441e+02 6.116257620154642609e+02 5.166806376539760659e-02 -1.345894437910788270e-02
4.762782335600799115e+02 4.648677713171659889e+02 1.014575412889236368e-02 -1.053739527959342108e-02
2.224140512681862560e+02 7.529340025783109240e+02 -2.091371934552783540e-03 -4.062853173266349027e-04
1.217734012319169324e+03 2.595630220035327511e+02 -6.037799199489739949e-02 2.260213885753867974e-02
5.679669521881513674e+02 4.299863102369939156e+02 -9.075050946718631962e-04 1.218803998603386254e-03
1.234584719830342237e+03 2.620497177440557834e+02 -1.161889445448101516e-03 1.226218323445592284e-02
1.016405393153066825e+03 2.743337548579602299e+02 -2.257701800524703362e-03 -1.098294672462289158e-02
1.637021153874133859e+02 5.144191182074951030e+02 -2.320126629487187231e-01 -2.602251026402729317e-01
2.068242986744219820e+02 6.967912931397389684e+02 -1.894802768959825620e-02 -2.049970427406444182e-02
5.480333878731252071e+02 4.104387353156538438e+02 -9.915484821679248096e-04 1.997249929907846111e-02
2.653872960912242434e+02 5.476424681313056908e+02 -1.113658595111730598e-01 3.139793174492220840e-01
3.452165247412119697e+02 1.090122762964700314e+03 -1.307375399195749299e-01 3.586016174097310105e-01
2.476764037781316858e+02 5.066541300715796297e+02 3.993016921688566020e-03 -1.203942083499034109e-02
1.022905866164335293e+03 2.820383277756389475e+02 4.049249752930642737e-04 1.770508359498990103e-02
1.126681351693442366e+03 3.082311301695870043e+02 -6.020428076257897804e-02 -7.751343492393820978e-02
9.988440881700746559e+02 8.248215252666653896e+02 -3.751527439432477545e-03 1.141471995982772276e-02
3.123873495113670060e+02 5.526313558006871745e+02 -6.277410748438823698e-03 -2.405093501360652114e-02
2.265307789682075850e+02 7.019267572134569946e+02 -1.867158520347589291e-03 4.050115842717039345e-03
2.971488613974495934e+02 5.690629263435238272e+02 3.475617325431029202e-03 5.240074325895578700e-04
1.052423021613094306e+03 1.860636816678532739e+02 -1.041497435928456783e-02 -2.965683695400386441e-02
2.662917728395877361e+02 7.381304801954338473e+02 1.497420140047230281e-03 -4.787076895433195825e-03
7.849539919608225773e+02 4.035121306205386418e+02 -6.448466772158639032e-03 3.805382873166884838e-02
2.182494261690810617e+02 2.918479033579006909e+02 -9.263251751659083710e-02 -2.566182720070697143e-01
3.115313532404718444e+02 6.086934120441605955e+02 -1.220073777546693385e-03 -2.160185141895224273e-02
1.032123603720111305e+03 8.542239946450918069e+02 9.041067671928025226e-03 -6.711076407026045527e-03
1.154348028165470396e+03 2.279162687599612696e+02 -1.246349220603198971e-02 5.155637816126711764e-02
2.548387405519056870e+02 6.411533056187253123e+02 -5.039755596880745279e-03 -6.669791056551595439e-03
2.728185622240536645e+02 6.509239368269757051e+02 5.677990346355565703e-03 -2.322867547393298385e-02
1.210329542315542312e+03 2.184837854084940716e+02 5.047922696015724048e-03 -1.719445805724633194e-02
2.447715087795603779e+02 3.799561202813159753e+02 -1.022045149474700015e-01 -3.475990400095427812e-01
2.160227232328015532e+02 6.435311725709750590e+02 -1.009731730744523603e-01 2.811712047735247522e-01
5.891004073201361280e+02 4.476485059776338176e+02 1.374048960486214761e-03 -3.871220085970226293e-02
2.374702572284017208e+02 6.940027562489661932e+02 2.363015659082381113e-03 -3.127517764084478645e-03
2.656558206176266026e+02 6.346693205632093395e+02 -2.111192751738200785e-02 3.865502414399737269e-02
1.208410020366966137e+03 2.086269348968397708e+02 -1.100902562434880093e-03 1.814431147553227913e-03
1.002595540412295577e+03 8.763422196977862768e+02 -1.157928977554907807e-03 2.954572294981409018e-03
2.668626151424634259e+02 7.170171572305118843e+02 -1.278319299785778823e-02 -1.531730397890905798e-03
2.635437275799021677e+02 7.251655209374109745e+02 -2.980063100966221304e-03 -2.385363597286954424e-03
2.216754537603943049e+02 2.914144958315004601e+02 -1.006119996653807858e-01 -4.344073603466208633e-01
2.639301460063756508e+02 6.171858247656704179e+02 -9.887077651911784296e-03 2.147937771737455301e-02
1.265716137166221188e+03 3.954914727000817720e+02 -2.460090326767970861e-02 7.373730332311438131e-03
9.441311322824878971e+02 8.549582673476933223e+02 5.330290660278685574e-03 -3.311961565217832592e-03
2.538136566694032297e+02 6.854565711653198150e+02 -4.618563059838974062e-03 -1.047196972213482354e-02
9.340082742580466402e+02 9.068731106070991927e+02 1.188095195091632035e-02 3.137189823764676561e-03
2.183829433177822921e+02 6.752378514055186542e+02 -2.616909330934522569e-03 9.227786528916311331e-04
1.240770148931574113e+03 2.775308070077045386e+02 -2.102569217782675453e-03 4.163748597613678264e-03
2.812418813351272888e+02 6.469350884328266602e+02 1.125129374213879605e-03 -3.568717256173093485e-03
1.008231367610376651e+03 9.275031018612723983e+02 -1.735247067829120016e-03 -3.137026668458803400e-04
1.071710544987850199e+03 2.655611002702709129e+02 -7.427644639787697733e-02 -3.165216125542537062e-01
9.524043213086360993e+02 8.973748394010873426e+02 7.412719224992606049e-03 1.103467892170835376e-03
2.333739614097863182e+02 6.765821086547962295e+02 -1.115173729851397233e-02 -1.761114444117187205e-02
2.516010381408387389e+02 6.709755325327885203e+02 -2.560593941379380161e-03 -9.261543604892641737e-03
1.299626393593282955e+03 3.133232164413102510e+02 1.107325163691640036e-03 9.300467958207538077e-02
1.072675380522397290e+03 1.884026180217455817e+02 -3.946315598383341033e-02 -2.596319162144044013e-01
2.565032893941642556e+02 6.722855125074321450e+02 -1.493622904067334889e-02 -2.467468850144235309e-02
1.013237040984763439e+03 8.529523872710848309e+02 -4.392387506609654059e-04 -2.356064225876810907e-03
1.397037480527814353e+02 3.896714216400993678e+02 3.995141330762234455e-04 1.104781913136996564e-02
2.317218416046657978e+02 6.687006865294406452e+02 5.131138493430628666e-02 2.584671585787166603e-01
2.738036915315300917e+02 5.309344014709390649e+02 -6.355403055354291730e-02 2.937148880824732577e-01
2.938831526319654586e+02 5.680030910781280227e+02 -2.299645860087125640e-02 4.072188395712438708e-02
1.280503401222516004e+03 2.984561030629760694e+02 -3.728769675294103109e-02 -9.474094105162114005e-03
2.420740145889511439e+02 3.686875357665956585e+02 -1.058543274360387032e-01 -3.629796206160151306e-01
2.522444033401019965e+02 6.326211457049987530e+02 -1.702140051259893889e-03 8.032777009006087168e-03
4.420782193432748954e+02 1.085345202798494711e+03 2.832094113620593680e-03 -2.244897893181830445e-02
2.318206584851510001e+02 3.367680506051241878e+02 -1.089920022504735214e-01 -3.712367694958797482e-01
5.215241154347698966e+02 4.700654553953895061e+02 -4.901506718830646835e-03 6.970006237045907153e-03
2.679511896151049655e+02 6.794262020700066387e+02 -1.587710411041767236e-03 -3.650897507398413386e-03
7.341608591002873254e+02 9.298092702990727503e+02 -1.085885761132417485e-02 3.911627392692097575e-03
5.074322192778039948e+02 4.858501941205235539e+02 5.333956384997308280e-03 1.587828538364397316e-02
2.304425829830836108e+02 7.370978417590105209e+02 3.811765299586807130e-03 -3.307361340061746105e-03
3.097204329969293894e+02 6.462258715710497654e+02 1.094317718564869792e-02 1.731798548462843562e-02
1.202111564810013533e+03 3.850261867243795564e+02 -1.115441536818828974e-03 -1.977692363620107193e-03
2.256424374975828471e+02 7.497213082152009065e+02 -1.025753226180581464e-02 4.802236914036320248e-03
1.036888158998336849e+03 1.779978095446684847e+02 -6.255087358713938561e-02 1.110144437798490646e-01
1.192080244108758961e+03 3.857684729611877970e+02 -5.000728087132769867e-02 3.521440486612208848e-02
2.786542770522860337e+02 4.906570685354976717e+02 -1.227896102970042584e-02 2.872018690369143590e-01
2.416701639208630752e+02 6.399782834295100429e+02 5.718599928834667591e-03 1.686779410281608179e-03
2.979714027150441780e+02 5.420750036343407601e+02 -3.318668969248590554e-03 -9.920485333771799849e-03
1.595084150817354782e+02 5.186151484161588314e+02 -1.761573215731744857e-01 -2.746505745374392959e-01
2.630396988468719996e+02 6.916135371402197052e+02 6.761857693110153063e-03 -6.775662345199355866e-04
3.272528645740877664e+02 1.081588132744802579e+03 6.662243487459035274e-02 3.177224753641156307e-01
2.535157568520604059e+02 4.953757349171714282e+02 3.350883565925394467e-03 -3.813165411614109421e-03
2.227644863085251359e+02 6.311892722195742635e+02 -1.697089198268205978e-01 1.340361348832254107e-01
2.403580224508596643e+02 6.286779295471889100e+02 2.787319367955221755e-03 6.867528995467362535e-03
2.400200714648383951e+02 7.262156480834172498e+02 1.245673294632898250e-03 4.430847101657086305e-03
3.854388546730796747e+02 1.095114296598864257e+03 2.302632846921119636e-01 2.605227647719438600e-01
2.808855897643393291e+02 4.727463477829342651e+02 -1.413026178740307229e-03 2.691787052539273972e-01
1.000457653289338168e+03 2.245610831633375710e+02 6.040019655148792625e-03 3.550843143306065507e-03
2.552538478256136329e+02 4.255000232032046483e+02 -6.682579360679033464e-02 -3.206268919539993489e-01
1.016659584752837645e+03 2.639575622597030247e+02 -1.789427018710478380e-03 1.080379628158898179e-03
2.431743850841596384e+02 6.876980803106853273e+02 7.587669247151674137e-03 1.419236944629443612e-03
2.414687676405098955e+02 7.005171672427792373e+02 2.544441497422109295e-03 -1.414918435081726975e-02
2.528535100792306594e+02 6.209414147992072230e+02 -6.804198911564776804e-03 3.816984416585451293e-03
2.763896107344157826e+02 6.968941575478131654e+02 5.539483263057921360e-03 9.082691520507744920e-03
1.153060957118375882e+03 3.636377072521661376e+02 -5.277630227789750772e-03 -5.169108213788329437e-03
2.431814735269011578e+02 5.104928143628490034e+02 2.599244358642838638e-03 1.029871450627652986e-02
2.542653195691481471e+02 4.166342707108376544e+02 -8.189845754067913430e-02 -3.401663104826506134e-01
2.903957214560650755e+02 6.001090987056780932e+02 8.825088271361671011e-03 1.337403977218080736e-04
1.103245393596208487e+03 1.958126779359251088e+02 3.899592928742139954e-03 1.158466749881492154e-02
2.676404417030736340e+02 5.701936193557404522e+02 -4.907916134234346223e-02 2.523343524428717788e-01
1.146393362631966966e+03 1.847965361130318911e+02 1.304731513831857981e-01 -8.830337005898875047e-02
2.492719911929895318e+02 3.891999993422305693e+02 -1.087570354637748676e-01 -3.469615023144277388e-01
2.502318819632996565e+02 6.450004230211110325e+02 -5.368288170654302895e-03 -1.238320478672327515e-02
1.179274336301597032e+03 3.581928216534789158e+02 1.828523853184901068e-03 -3.934117466182178793e-03
2.443993570546036267e+02 6.123759381924638774e+02 -2.664320397190967846e-02 5.302748054265350036e-02
6.042984630705448126e+02 3.989648662704150865e+02 3.948498537173429808e-03 2.826403355064791706e-03
2.723922424237989617e+02 4.836475556343723952e+02 -2.461069277145587833e-02 2.860088078423984048e-01
2.429414831033957114e+02 7.205257361686012700e+02 -1.113631158916649454e-02 1.007168510083451297e-03
8.648263673899042487e+02 1.102337097203539543e+03 -2.083340854539420493e-03 5.280519295176940194e-04
2.896015985610361554e+02 6.141561076880286691e+02 3.492791003651800081e-03 6.243649406771942072e-03
2.121680481809698335e+02 7.557741701880349865e+02 -7.459130186507502598e-03 5.020806288723520840e-03
7.242615779269038967e+02 9.661331795599585348e+02 8.906308925820622465e-05 -6.853971015275554845e-04
2.812096562146424503e+02 5.007665154809960200e+02 -5.100262961184060667e-02 2.765078767643507907e-01
2.834749847061092964e+02 4.450842965681857777e+02 5.096374843209433569e-02 2.037202976220752748e-01
2.459530964754170839e+02 7.620388453875012829e+02 2.631100498224542717e-03 -1.062623801542508534e-03
2.630411043878455644e+02 5.687132230132878021e+02 -3.708159768643275178e-02 2.834172773661559619e-01
5.560668623523902170e+02 4.940836164472730729e+02 -4.073163943947108456e-02 -2.107254993455909969e-02
2.641544832653530079e+02 6.565133282360168323e+02 4.192692491209086352e-04 1.353620325901847346e-02
3.258703463928610518e+02 4.942253675491297713e+02 1.629208880962659117e-02 -1.715399872079563515e-02
2.788115990129061856e+02 5.437075521154843045e+02 -9.866440791586734982e-02 3.053676920776513537e-01
6.790497107343791185e+02 1.024105348685773606e+03 1.709982982350597433e-03 8.210258518910549521e-04
2.179938725882509800e+02 7.650739834001608415e+02 9.173511298933538158e-03 -3.419407089385197336e-03
1.049517393344639686e+03 2.289774739509268784e+02 -8.462373446488104245e-02 -5.754177827218860675e-02
2.376210565140858080e+02 7.654250588935367432e+02 -9.102476233478439677e-03 1.019832500058008400e-02
1.129746985256167818e+03 1.889720091594884366e+02 1.008652044579591428e-01 7.777029267372210716e-03
1.181714535257683565e+03 2.117017224607771197e+02 -9.680086897954577954e-03 2.874397410827293081e-02
9.325588467998659326e+02 9.004117036714652613e+02 2.216653289239126773e-02 2.321742419870827245e-02
2.771420614318316780e+02 4.344656246390400156e+02 6.306995217365209128e-02 2.308595084422965515e-01
2.980380796343578140e+02 6.246073453477771409e+02 9.311805727321204040e-02 -2.206655671034905286e-01
1.181833840192250591e+03 3.332277931704454090e+02 1.088728713921182645e-01 -1.227144742528352150e-01
1.171244200706658376e+03 2.342592245785049272e+02 4.508043709487501941e-04 9.593047118435511778e-03
2.074935298468406302e+02 7.264523596905770546e+02 1.501010377209598731e-03 -6.209918475822561075e-04
6.820221418875350992e+02 1.017597241631110364e+03 4.016719881587285136e-03 -2.697497879290215814e-03
6.110652750082824696e+02 4.240173267258637679e+02 6.917842214655741534e-03 -4.601856275961394883e-03
4.935648643334230314e+02 4.547977554557813846e+02 2.244518830867257408e-03 5.879454630446323505e-04
1.161040257957566610e+03 2.507069191604677769e+02 -2.754967791257639364e-03 1.044919047919785904e-02
7.470290040365607354e+01 3.198800564970281926e+02 7.304851009336776370e-03 7.122541435082871235e-03
5.738289097645831589e+02 3.950529685700631717e+02 -1.972859923403638693e-02 8.159692138506351861e-03
5.190762304535624025e+02 4.228748020125374865e+02 -1.440549311183589830e-02 -2.140653522077445511e-02
3.182530943057159902e+02 5.680789306600357804e+02 -6.765672323591515047e-03 4.611054858399949927e-03
2.348527953295328530e+02 3.558682350819398721e+02 -1.120934229681798538e-01 -3.550384240861119700e-01
2.674526640638786148e+02 6.468528952872044329e+02 2.732615144479117776e-03 -7.969018434026354375e-03
2.778627937586167036e+02 5.135570006004458037e+02 -3.980758003716415583e-02 2.845158234017324816e-01
1.011412127478598677e+03 1.948376573969551657e+02 -1.052448262543224100e-01 -1.182663608318287318e-01
2.938907566350745810e+02 5.969447263887557256e+02 2.502469052106983012e-03 9.480589041848559977e-04
1.147829614664535939e+03 3.553468039475255296e+02 1.404250903544722231e-03 -1.108025357767825026e-03
2.853873211147719644e+02 4.240352739800397330e+02 7.526667182575821902e-02 2.400211289464518061e-01
1.138675332116489471e+03 2.242822749313860413e+02 7.876421990082316249e-02 -3.123302245245356337e-02
1.046774894441748074e+03 2.749880760702515659e+02 -2.646712580686914548e-02 6.521305619617405458e-02
1.013490932187337762e+03 2.602589379329834287e+02 3.159923886171484963e-03 -2.831065931342107832e-03
5.071071508896610567e+02 4.517401673165610418e+02 -6.630027815343636499e-03 -9.618873200845473939e-03
2.302086575675062932e+02 7.752693657583641880e+02 -1.118550727977269017e-03 3.551692888789706286e-03
1.094730999188917394e+03 2.025033042174047182e+02 1.346119333020126714e-02 -1.417327819685210329e-02
1.992858920468023314e+02 5.085431138244799172e+02 8.329726719824579254e-03 2.827692897678596527e-03
2.654287316360393447e+02 4.795509994225290029e+02 8.296362583525472567e-02 -3.753973867136595199e-01
1.020029641079000498e+03 8.664991865540742992e+02 -1.167232380344058089e-05 2.356106976888008592e-03
4.884088012725178487e+02 4.741975331123315414e+02 9.485609831148562182e-03 -8.276931449331349430e-03
2.996135874976901050e+02 6.541016929980618215e+02 -1.363669569984114413e-02 -1.203685810221463877e-02
1.073450710085966648e+03 2.174419901894694362e+02 3.346073678358152392e-02 4.467160704088750161e-04
2.953143803910574547e+02 5.390375227579166904e+02 3.694007298579976301e-03 -1.097893195554269568e-03
1.915270851373971652e+02 6.871176507024958937e+02 -1.397039638343152701e-01 2.609148959178074212e-01
5.374330967157375198e+02 4.250516109533575104e+02 1.394300588501236901e-03 -9.201532039241448746e-03
3.471606149529017102e+02 1.099358668106776577e+03 7.310614624590907641e-03 3.157671681249685225e-01
1.153162055604704165e+03 2.156946600805321452e+02 1.466948222102050503e-02 3.681807809427380118e-02
2.681518247917611006e+02 4.173478417520461221e+02 1.166304972774702270e-01 2.535813245540384231e-01
2.614930886327936150e+02 4.820615297868308744e+02 8.464941906379745695e-02 -3.606339712657418706e-01
2.496460162691260223e+02 6.821013215224430724e+02 9.575106817952655155e-03 -4.662568412849247418e-02
2.679982831865441426e+02 4.947882915595549775e+02 7.800041929060468060e-02 -3.679439577140025119e-01
5.477327121328049770e+02 4.585729395356214013e+02 -1.941647220679208318e-03 -3.777141084822120871e-05
2.553087106372756239e+02 7.451391105044575625e+02 -2.090773808154243810e-03 -1.469904754228447061e-02
1.027944615278834590e+03 2.264653046080427998e+02 -4.001508698953366513e-03 2.261269840722312727e-03
2.501140904103054936e+02 5.125383789171736453e+02 1.705066971921678498e-01 -2.831807909976253868e-01
1.107604266688294047e+03 1.748960194951113465e+02 8.575335051401983266e-03 1.323447275784065541e-02
1.135185023514062550e+03 1.941494474055613750e+02 8.894197034564427229e-02 9.402492436240911591e-03
1.139531631199777848e+03 3.892815917339000293e+02 1.023384318725922837e-02 -1.570218133446076719e-02
2.669973244069822726e+02 6.265063473963326715e+02 -1.553558156369843832e-02 2.087283847041218610e-02
2.616988233197167801e+02 4.932860037932324531e+02 9.724818815992941623e-02 -3.647674336677284579e-01
2.739436828423237671e+02 4.397984364972583080e+02 6.707068904671643905e-02 2.368293446225358256e-01
5.231048612610877626e+02 4.603603830145044640e+02 8.687879884935611154e-06 4.403089560052721001e-03
1.058402289769726622e+03 3.014343412023146129e+02 5.452699013833601019e-03 -1.462766075887220532e-02
2.022157621058741483e+02 7.006711253907647006e+02 -5.234899177099636494e-03 -6.774802871065037715e-03
2.704980904305789977e+02 4.104989023783033986e+02 6.629478245590048058e-02 2.759993073577907130e-01
3.244267111937790560e+02 5.182536108522198219e+02 -3.496261741206423568e-03 2.774959342719392902e-02
2.331729403405536232e+02 6.289483291459558814e+02 8.265814780166988104e-03 -1.869667221593871494e-03
1.186626702103147863e+03 3.547881295621303366e+02 -8.960999708344191336e-03 1.327601629381462874e-02
7.841923715224296529e+02 9.546227443152110936e+02 -6.992697972775951780e-03 1.660883262803905178e-02
1.113158079103538284e+03 2.219519920202234573e+02 -9.862947346141707691e-03 2.587396975165309407e-02
2.421510050997553378e+02 5.401672999701523850e+02 1.713234520786738047e-01 -3.420155456713660502e-01
7.103659955324844759e+02 4.267157251710601713e+02 -3.967561775756045517e-02 7.170917758841288681e-02
1.017650926809344128e+03 2.022710195341088024e+02 -1.085005364877207890e-01 -1.115319503077602248e-01
1.028325890547674817e+03 2.163396764265133072e+02 1.578201049292687549e-02 -5.134155525987698504e-02
9.705642583236561904e+02 1.691153104121995057e+02 -5.577803488085019551e-04 -8.348418422748060327e-03
1.187104018381974356e+03 1.873073337268876344e+02 5.442484594012660798e-02 3.460486543937212750e-02
1.003200224349170071e+03 2.284722768502412578e+02 -4.290586782597547409e-03 6.950562829602366377e-03
8.170190593171082583e+01 3.499244698786425829e+02 -1.356834134443801396e-02 3.109953415463057036e-02
1.029867934123563828e+03 1.604922361981022902e+02 1.734598766148283660e-03 -1.015886325941443152e-02
1.185187290067289723e+03 1.743787171796013524e+02 -8.565174418451830529e-03 2.361938093366745123e-02
5.539191376495190298e+02 4.828834933577310267e+02 -1.492050061940945185e-03 -3.736540031085122757e-03
2.614014986044244324e+02 4.022708957427041696e+02 9.557662770856553691e-02 3.197926345840513829e-01
2.754015623802304731e+02 4.450920967259939403e+02 6.543744235158058253e-02 2.354203565568070144e-01
2.570172019098551459e+02 6.994921685066163946e+02 8.918373104070089624e-03 -1.417591406722056198e-02
2.308826204370171808e+02 5.646764761350790423e+02 1.190813476111224345e-01 1.195195726063165015e-01
1.172770855989505890e+03 1.795210128766049138e+02 6.913932346237562643e-02 9.077333305855132817e-03
1.133369125745705105e+03 2.116041851621490935e+02 7.166978192914470747e-02 -1.136463014625525153e-02
2.349032231478811639e+02 5.441964376418926577e+02 1.880200826245045642e-01 -3.063368622112776496e-01
2.758297118283211944e+02 4.005484345099403640e+02 1.091503709036104885e-01 3.076857531362823250e-01
5.039542642595004054e+02 4.709320984690328373e+02 1.044152427959718285e-02 3.922179311685493330e-02
2.577296021471795484e+02 5.096396206387390748e+02 1.222271679751368717e-01 -1.682801100970943431e-01
2.616441421194854797e+02 6.686245925316291050e+02 1.138320564746096632e-03 3.446548286437928731e-03
3.188045448371443626e+02 5.190459010417531545e+02 -1.531400660400489104e-03 -3.362572481637020935e-03
2.384762851895995652e+02 7.096673574864914826e+02 -5.073629812224482623e-03 -1.083017814864595751e-04
4.063871298373502441e+02 1.100305469193740464e+03 1.814042676009664651e-02 1.965610650657564906e-01
2.797785836632397150e+02 5.618555442402256404e+02 -5.740175362119273594e-02 2.908400560336404927e-01
1.155378211101527768e+03 1.891367474134634961e+02 1.056408133166170521e-01 -1.880561400526258031e-02
2.246912302666275707e+02 5.384064748231141948e+02 1.747334074392497827e-01 1.036772676100876228e-01
2.206369328941309504e+02 7.170949853516733583e+02 4.976266789648972969e-03 4.069807276377474664e-03
2.654184541487895785e+02 3.982327271386271264e+02 6.484928180091657779e-02 2.754891764947824395e-01
1.066684425896861512e+03 3.085438226939965034e+02 2.957911466973029563e-02 -2.595542282071196249e-02
8.140717555867767885e+01 3.244490009073350052e+02 4.756097786539618087e-03 9.162768202041787118e-04
2.153494316797877275e+02 5.411932097514439874e+02 1.082133593977741837e-01 4.501190788255821779e-02
2.250310998416772463e+02 5.529361766106312643e+02 4.828580844797764060e-02 1.368887102068802042e-01
2.748061255749450993e+02 5.573797987833630714e+02 -4.713773844392362550e-02 3.000023786518833946e-01
1.197099264829193999e+03 2.265002354585208195e+02 -3.745338962724165544e-03 -1.563188406370109515e-02
2.421614162222039397e+02 5.331400284243264878e+02 1.049779531661731019e-01 -4.264960508318582089e-01
1.068150100221758294e+03 1.971413482705837907e+02 -3.758675506038109803e-03 -2.228242503610380898e-03
2.640494350801214409e+02 5.839519804302367447e+02 -6.191509036014930523e-02 2.350680739416970422e-01
1.064878925459695665e+03 2.166234661066793592e+02 -2.762119189409900904e-03 1.020046541805411447e-02
1.962641386473858915e+02 6.812175967821427776e+02 -1.043691908828648512e-01 2.649361229260324135e-01
1.030896000108846692e+03 4.449692120957235488e+02 -3.001886373473134414e-04 -5.460039193535251491e-04
1.116902541125579319e+03 2.362926273688813978e+02 3.294508586916683468e-02 -1.282978393237527506e-02
2.584820696393833259e+02 6.943241090358499150e+02 -4.913666480631784066e-03 -5.392647696129246673e-03
2.853556332940644893e+02 6.181955339451469627e+02 2.496316450133640938e-02 1.486117989522071046e-02
1.109311795408935495e+03 2.234618584225498239e+02 6.566771348963748589e-02 6.563038982029514856e-02
1.096411259005371676e+03 3.490511605738043386e+02 4.066731755006904037e-02 -1.140641677718160288e-02
1.951817526675320948e+02 6.913427633959516925e+02 -1.303324553323690314e-02 4.741909363212138198e-03
2.676018551156593617e+02 3.845341900765436662e+02 9.740633753674073081e-02 3.249523186553121556e-01
2.694010791442121331e+02 5.838423143971901936e+02 -7.186178794164178874e-02 2.507556459985751940e-01
1.179583911654078975e+03 3.794570347217534731e+02 4.479597486158852226e-01 9.609715157844422873e-03
2.179806027319989994e+02 7.239468375464171004e+02 3.598538667530014421e-03 9.530911726690844202e-03
3.210700764712000250e+02 1.081442118710936484e+03 9.311402856242227688e-02 2.888652406205901579e-01
5.369886598570129763e+02 4.659915044476502430e+02 1.442515228760466199e-03 4.507117937684557325e-03
1.131439470105898181e+03 2.457324437500368788e+02 3.571450854568604567e-03 -5.550149322020685172e-04
1.314362938992180489e+03 3.284734073835206800e+02 1.828715863672650821e-01 6.468788917330001165e-02
1.108181946932730398e+03 3.078561512705517202e+02 -1.016883426415200048e-01 -9.726393529548307826e-02
2.576633996204219557e+02 3.839098286835783824e+02 1.013848285785881875e-01 3.398563423827712926e-01
2.602873917613953836e+02 4.428957017955741549e+02 -5.212708970265618469e-02 -2.894769099965655568e-01
1.144627586334134321e+03 3.290963618698394271e+02 -2.861778653387921922e-01 -5.683443572693046980e-02
4.972484606821792568e+02 4.689334982332098889e+02 -4.635692734825737869e-03 8.725701909088568950e-03
1.007695306898272861e+03 2.558867572640168930e+02 -3.860093765596691717e-04 -4.074293387699614265e-03
2.700051686658059111e+02 4.223027112219764945e+02 1.010528298621862359e-01 2.506581773812923131e-01
1.230315853083752017e+03 3.250888015673647260e+02 4.411760055638030975e-01 9.337536114183327129e-02
2.026993498685172881e+02 5.609406917936288437e+02 -1.024726200610396321e-01 -2.763943620107304211e-01
1.939116571174137107e+02 6.987510375439770769e+02 2.206841724433100498e-03 -2.845996938081853892e-03
5.953666586523388560e+02 3.890202142891482140e+02 -3.868010366434168623e-02 8.292053875630128051e-03
1.138761363266638909e+03 2.459149385346236159e+02 -3.227426461247130673e-02 3.402449455139595902e-02
5.716933117309405361e+02 4.103962999852184907e+02 5.620179160825842981e-04 5.562910233826493661e-03
1.024908196841781773e+03 8.715600413294524742e+02 -6.248770719483866427e-03 7.423547296871175170e-03
2.186561225101134767e+02 7.760417085524533150e+02 1.113881702521986490e-03 -5.309279772653566860e-04
1.028638680231018270e+03 2.160098107906099472e+02 -1.156325961127333685e-01 -2.053171145643046050e-02
2.585148007608030412e+02 3.692765000393450805e+02 9.717951049582618239e-02 3.319199439577860677e-01
1.094280000400519157e+03 1.607493923299159633e+02 -9.871561290713606884e-03 -6.949725034384399321e-03
2.141905886357183704e+02 7.211222636343446766e+02 -7.789438890589305518e-03 -4.001736942373639722e-03
1.272025480735462452e+03 2.912133487575338222e+02 -9.706972181974568570e-03 -1.009451900024577325e-01
1.172970063533193525e+03 2.110187068812592202e+02 -1.026179282116707753e-01 1.358580668370017175e-01
2.840791756904016552e+02 5.842090436102045032e+02 8.076363744380547771e-02 -5.931505153566291738e-03
1.208070203034011683e+03 3.575690239636989531e+02 -1.894124821453692931e-01 4.444644592494754087e-04
2.835017604284716981e+02 5.781814151397162505e+02 8.714011235699919977e-02 1.880313028602745989e-02
1.927243325344140885e+02 5.658420741947425086e+02 -1.356256466506159386e-01 -2.984577037988185300e-01
1.204913300222719272e+03 2.784751119244777442e+02 -5.607142076785136264e-03 -1.540465809227953287e-03
7.608420779241067748e+02 4.549441149981086596e+02 -3.656221507442004078e-03 1.427850769905748829e-02
9.183312966321633439e+02 1.102665802312757251e+03 4.764810338237661152e-04 1.217153844380044298e-03
1.026284683450060584e+03 1.958196477006747500e+02 -2.325396224605671275e-02 5.158735818774250192e-02
2.370036997685066069e+02 6.840762455880922062e+02 -6.085962042338580007e-03 -3.832157321108743426e-03
2.680281381472381099e+02 5.062654627577204565e+02 1.936019731372989050e-01 -4.945407311017991359e-01
2.553007981522468413e+02 7.106478030402070090e+02 -4.374250421272511441e-04 6.447240290783318130e-04
1.182039128102088171e+03 3.484927456228005553e+02 5.565771363684788448e-02 -7.327093280753835779e-03
1.020383031428998493e+03 1.727566595671765697e+02 8.221017604876461587e-04 -6.672557925296328241e-03
2.145001139798776251e+02 5.850031237890734701e+02 1.293372463577790454e-01 -2.454109388020242477e-01
5.589917177432134849e+02 4.129877405772000429e+02 5.519656880104469726e-03 1.265327084982262318e-02
1.033828998746913385e+03 2.762061860787570708e+02 -1.494055321211025002e-02 1.036112966693562495e-02
1.997625621595219911e+02 5.237420349751389494e+02 1.064619797014555863e-01 9.078198105065565793e-02
3.106424915550306878e+02 6.195727195032203554e+02 3.273131039866212198e-03 4.595152222473098888e-03
2.752639639769319615e+02 5.053131017695492915e+02 -2.183194153912096022e-02 3.150637598906032011e-01
1.161932269649114232e+03 2.578724393831188308e+02 1.767191722344682928e-02 8.465667919285626425e-03
5.611922585112359911e+02 3.938326635990894147e+02 -1.014703603029694541e-02 4.711357390915667243e-03
2.081069905773630921e+02 5.849770293990879964e+02 1.442222347300433083e-01 -1.937072522269426278e-01
1.520658517348475698e+02 5.030366545777844749e+02 -1.403861868404972790e-01 -3.106268527965785342e-01
5.585247267193324205e+02 3.973115923539115784e+02 1.861351615368878705e-03 -8.128783625197526230e-03
4.981340113175201054e+02 4.584674456466085530e+02 1.532690061003675165e-03 -9.515712563685641955e-04
1.815309393300197485e+02 5.145342249841754665e+02 6.686239165388668804e-02 1.233842753856499580e-01
2.190861938362351964e+02 6.978988454704879132e+02 -1.378895114268376869e-03 -2.206468536983400891e-04
2.705112444712631827e+02 6.918777817343594734e+02 3.500743513789435213e-03 1.735052679666998629e-03
1.174682644832750611e+03 2.428784268467972822e+02 1.334458678880395474e-02 -8.711567050055194286e-03
1.140109028591568403e+03 3.216160603174979542e+02 -2.824309439282761680e-01 -5.776723526708502088e-02
1.188014230574523253e+03 2.067952071646238039e+02 -1.998225400151262127e-03 2.127703987569437138e-03
5.296234733310169531e+02 4.504959499961541951e+02 2.414242622348460455e-04 1.236743622896348434e-03
1.178944898995527183e+03 2.248050232664890871e+02 -1.732006643112639441e-03 3.193868474809706190e-03
1.390340776894145449e+02 3.982397000234285542e+02 7.741518876986051021e-04 4.683690572232314712e-04
1.190163808454210539e+03 1.750942655785127613e+02 6.726524838439776159e-03 -2.570957582644730222e-03
2.728843243031897714e+02 6.229340477323424921e+02 -4.343073691857306066e-03 2.574702934547495273e-05
6.054280491338998900e+02 3.866821050195990210e+02 -1.063349963171483651e-03 1.146004641784634497e-03
1.038000558059383366e+03 1.915845282088807835e+02 -9.107769973957373019e-03 8.138194185519724219e-03
1.246705094323409867e+03 2.886977951109413425e+02 4.794855382744283960e-03 -4.254748284603294094e-03
3.006252263622749865e+02 4.108439407927417619e+02 -3.217996371227800634e-02 -3.315037483812972169e-02
1.938571382198628044e+02 3.191563926729208447e+02 -2.734774956518502137e-03 -2.407148154597309360e-03
1.187908450951278155e+03 2.505601330141641370e+02 -1.370101218763213891e-01 2.472753874232513083e-01
2.193032998224315122e+02 7.449836868143195261e+02 -3.423351459125929808e-03 -4.494235049530360786e-03
7.861407656491338685e+02 9.359585464235583459e+02 3.406557646119628881e-03 -1.717863099237871768e-02
2.102625057690879089e+02 5.969715943689902815e+02 1.457478671481355070e-01 -2.446768291885131619e-01
2.498991317083891772e+02 3.632608888401820195e+02 1.091243565999468756e-01 3.295359846157880912e-01
1.037727605877911401e+03 1.983208215301393409e+02 1.976724413925514431e-04 -2.567176932811912355e-03
2.474905983779184737e+02 7.315145615760060309e+02 -5.664194450099332805e-03 4.512061541280411488e-03
1.035364969748378599e+03 1.738053324225659821e+02 -1.127462547345761679e-02 -3.075183820462060375e-04
1.167982320082042179e+03 1.934111065723758145e+02 3.157308925307402564e-02 1.555448734358697190e-02
5.104787086546275532e+02 4.916889776085901076e+02 -4.450908543715443601e-04 -1.039407149435158176e-02
1.171253141209239857e+03 2.262460972326769877e+02 -8.774028848404101435e-04 -1.022377408131120357e-03
2.954561573577778972e+02 4.947699843176242780e+02 3.285235286172154962e-02 3.563913781126363256e-01
1.032851443775262169e+03 1.987836460852393827e+02 -1.101401252765412016e-02 -4.250698312669011145e-03
9.923052216996944708e+02 2.259680158089084046e+02 1.236083349293732973e-02 -2.258632742678058636e-02
5.350823162455595821e+02 4.266087653788313787e+02 3.461801445318501719e-03 1.417269924518065483e-03
1.974987813352273349e+02 5.783699312351218396e+02 -1.337005096259401976e-03 -5.704762459999127705e-03
2.031702121144586215e+02 5.957087397874612407e+02 1.504402521094081457e-01 -2.039722453229160237e-01
6.068183801343390087e+02 4.072352702965778803e+02 6.696690117660361857e-05 -2.348197852765593601e-03
1.048783241761018189e+03 2.820915734190655826e+02 -1.192339384206747219e-02 5.993834463923927887e-03
2.594576790927773686e+02 7.187664135649355330e+02 5.057124438191393408e-03 1.658542920300884460e-02
2.261789435373064805e+02 7.430348660214879146e+02 7.521203055117126751e-03 -7.694447259598404063e-04
1.203800588930928143e+03 3.204869117113378252e+02 3.798022710887398734e-01 1.894867094033740318e-01
9.761126416220433839e+02 8.649220459340291427e+02 2.770413166220886750e-02 1.520907588509643436e-02
1.018819442888675667e+03 2.312999340355521554e+02 2.511168551267707952e-02 1.420974558793783316e-02
2.381096734948555422e+02 3.739951905851709739e+02 -1.051049311745457793e-01 -3.589406090663407878e-01
2.049032923228505183e+02 6.142814669305610096e+02 8.860431308850329202e-02 -2.461990143603221548e-01
1.153586239664724644e+03 1.449608220088452981e+02 -9.116919414405982858e-03 1.595057431518201452e-02
7.929875383301020975e+02 3.934530400109345010e+02 2.082068190730697581e-03 -5.592335775907256341e-03
1.860999412332307941e+02 5.129061601860919382e+02 7.616018873327216887e-02 1.647068825147188775e-01
3.984556640798439844e+02 1.089046976292796444e+03 4.133479742598289083e-03 5.103993487112140626e-02
1.291595582812916803e+02 4.457518081254680737e+02 1.648741718540869539e-01 3.423615088777707260e-01
5.740044480753773541e+02 4.970618697142054998e+02 -3.773907501665847274e-03 2.495578134488427588e-04
1.133800236372655036e+03 1.823093798222909641e+02 9.508235076755272575e-02 -1.015547285549902451e-02
1.062793349098028330e+03 1.972060773952763668e+02 -2.082219034293689847e-02 9.084652296935743707e-03
1.209252128715835624e+03 2.726399442246493550e+02 -4.594954422631786911e-02 2.711212182600437545e-02
5.905948977133680273e+02 4.165895963548414898e+02 -8.344322507355173002e-03 3.917174731639372180e-03
2.350381069311594331e+02 6.191391571877395563e+02 -5.058227393520820653e-02 8.209494824880962660e-02
1.146713245202632606e+03 2.658125687525117087e+02 -1.068501200652147848e-02 1.436449135149929328e-02
1.025403346466628136e+03 2.625954152481852475e+02 1.592341068580350669e-02 -1.188522061082462888e-02
2.526566315110531775e+02 3.766732223840699021e+02 8.552911937444165891e-02 3.298328984368779637e-01
2.581011896378934125e+02 6.218974178384335119e+02 -8.021378165830185536e-03 -6.233907225751494224e-03
9.468219683900213113e+02 8.912117349149018537e+02 -7.282638993328333999e-04 1.770220079439097094e-02
1.147580601709044458e+03 2.219077023766030834e+02 1.033544923683225002e-02 2.855917847527523340e-03
1.077385818829171967e+03 1.722949804621883629e+02 -1.852585263622590897e-03 1.397264629334011299e-01
9.970837285051640038e+02 1.833572005980140887e+02 -6.030129656669442305e-03 -9.080651548371651560e-02
1.044789085344491468e+03 2.582732819596903937e+02 -4.611467650422559905e-02 -2.335223793152867849e-02
2.592824589611818169e+02 3.244386190596628126e+02 9.264951879053416606e-02 2.725612403635943037e-01
2.238518973561062353e+02 3.097335211316874961e+02 -1.091248513880372639e-01 -4.340189570738164360e-01
1.096528623186982941e+03 1.747134119454480867e+02 2.798072059936157832e-02 -1.073978444628158335e-02
2.196109384467047789e+02 5.989131161449975025e+02 1.847745507669995568e-01 -4.441073444143373017e-01
1.991391426205696575e+02 6.099950974155323138e+02 8.252508251202902989e-02 -2.598898275120016255e-01
2.495072975235848958e+02 3.476867255528738951e+02 8.169578052322022665e-02 3.031037878852597123e-01
1.148614635902070631e+03 2.287987496845433100e+02 -1.011388658363364043e-02 2.231275928413438067e-02
9.311940842326771417e+02 8.835473786808943260e+02 1.262289163127328431e-02 7.370725001774504868e-03
1.209745753439935925e+03 3.060367495541703420e+02 4.406645833682639735e-01 2.018701757069034097e-01
1.060631302904579115e+03 1.884851055801088080e+02 9.047037816002341179e-03 -3.663508372051154510e-02
3.596328598894425568e+02 1.082051814294809219e+03 -3.934664685393986228e-02 2.269770844700090551e-01
1.105822325143444232e+03 2.303018644194934552e+02 8.663364194771613902e-02 1.841560408258265946e-01
1.224929175986522523e+03 3.971629189903781025e+02 -3.999163441903874627e-03 2.230660416208561647e-02
3.308418189785644472e+02 1.098748887022752569e+03 6.814716599737295766e-02 3.591012236728340912e-01
2.882977410203245086e+02 4.940457184168545268e+02 -7.260997511459866584e-03 2.830665356028843616e-01
2.549075377317192022e+02 5.792561050079218603e+02 -1.170323699867845263e-01 2.787844993672220495e-01
2.022457340146657714e+02 6.414248707091916231e+02 1.104793905914111113e-01 -2.770440873058487852e-01
1.087130161735053434e+03 1.994804065206494101e+02 4.260506828501039317e-03 1.165453460128172171e-02
1.154220106152485187e+03 2.046721634500855487e+02 3.860082073319657560e-03 5.179614126243641328e-03
2.087316515053771298e+02 5.518007602175258626e+02 -2.325609083348552202e-03 -3.260345294122420357e-01
3.268696919546691220e+02 5.532707603568254626e+02 -7.282153137667942778e-04 7.415924888409610588e-03
8.095407897326766715e+02 4.034025863304041195e+02 1.512181196790827586e-03 3.190743384036207747e-02
1.013013152962060644e+03 2.100489111960353057e+02 -6.609449042247600437e-02 -9.136882852930096333e-02
1.066631701349593641e+03 1.890909527755706279e+02 -3.963049591032196534e-02 4.403404373305007391e-02
1.233333184004990528e+02 4.459932758184739896e+02 1.743555743460624141e-01 3.559897041441791865e-01
1.266759984860166242e+03 2.589840476898148154e+02 2.171468104089930434e-02 -4.587209357951694405e-03
3.861151898403158498e+02 1.078161823156557148e+03 1.321387607457732982e-01 3.324191257912380015e-01
2.824503553770130679e+02 5.202092648123987146e+02 -4.349933307162977270e-02 2.682105901908268808e-01
2.621410536948561116e+02 3.476596788160268829e+02 7.645529318438572253e-02 3.192774169071930790e-01
5.458427090561365276e+02 4.252645368274868360e+02 2.381290503158557670e-03 5.470864631428241269e-04
1.308455623254641978e+03 3.494988354444997185e+02 2.816179965379527750e-01 4.956541083290833677e-02
2.189216126691722195e+02 6.116836745601351595e+02 2.779188239405966931e-01 -3.697274489096976646e-01
1.163127793125191602e+03 2.095713816858607856e+02 -2.118194633909513424e-04 1.328049187409958802e-02
1.205279432119980129e+03 2.003537869949488197e+02 4.998414622389078278e-03 -1.782668988624722464e-02
1.147187624045604707e+03 3.714259996346411867e+02 9.887052683545857409e-03 8.615010435564142031e-04
2.673436232263309194e+02 6.972708260399510891e+02 2.995254103768279271e-03 -8.086426472460732937e-04
1.020172982151865767e+03 8.062469337150151887e+02 2.505383740146210580e-05 9.985236301467425874e-04
2.769515929390972246e+02 4.527626878355421240e+02 3.763869511325850653e-02 2.091459464800406454e-01
2.737633045047143696e+02 5.160477387441378596e+02 -4.298768121957616956e-02 2.954708963384432008e-01
2.003043150788886351e+02 6.287408031036547982e+02 1.199840104053715023e-01 -3.670334956540464710e-01
1.721357677494681013e+02 5.129821263881441382e+02 1.306314379570854833e-01 1.727887032352724006e-01
2.267785784157430840e+02 6.734441016706302889e+02 3.788646817148947493e-02 1.929649333331997230e-01
3.050237976118937127e+02 4.592773313152035257e+02 -2.702737088946722752e-02 -1.630931957342368968e-02
1.157297353975845908e+03 3.052305704469505372e+02 2.608731520657860403e-01 1.336762223084277945e-01
5.287121014943988939e+02 4.341969795707518074e+02 -3.053579798572650123e-03 8.265053337082138964e-04
8.809681440949287889e+01 3.594061982950096876e+02 -1.540699252150053329e-02 -1.596998432063570159e-02
2.459078501115266135e+02 6.326294293270040043e+02 -2.274532845396296161e-04 -7.849247509821313806e-03
1.801663904773523655e+02 5.056099915068903101e+02 1.422717274160442136e-01 1.731083522451597467e-01
1.277033198740871512e+03 3.005355169972975773e+02 6.036627286609230064e-02 -7.403905914258536447e-02
7.863422235164650829e+02 4.086985826393754451e+02 4.479596675714044365e-03 -1.165095292057374918e-03
3.915737040112617251e+02 1.082427188915208490e+03 7.278233457686938968e-02 3.662357054778936916e-01
2.519021090118820894e+02 3.280381310122359082e+02 7.485301084281896500e-02 2.788638745740235625e-01
1.108984668620369803e+03 3.415236928051572249e+02 1.499152598749598775e-01 2.967733629480162061e-01
9.437551399807183543e+02 9.002025409509363953e+02 1.959743395451427408e-02 -7.529570199537627406e-02
9.914450317291269812e+02 1.902903381771363343e+02 -1.440705954131668576e-02 8.119620430271973222e-02
2.091016454004939931e+02 6.882514256034530717e+02 5.031472240136004338e-03 4.350739018626440836e-03
2.559037877859088326e+02 4.074051787942424312e+02 -1.043760542336579222e-01 -3.378634738235087864e-01
5.919706601090716731e+02 4.576740019435003433e+02 -1.111947117177499757e-02 -3.755938513659382721e-03
5.119740439595456678e+02 5.026265622436037575e+02 -1.281660122364572472e-03 -6.790203560447679015e-04
1.189810437338049724e+03 2.343128005634721376e+02 -1.671661030229980652e-02 1.050125483038811397e-02
2.362334563034386576e+02 5.879265749528968854e+02 -1.769182058527241641e-01 2.095728946027045625e-01
3.253564756517758383e+02 5.036004172764077111e+02 -2.903679783334591792e-03 3.557332341224739725e-03
1.125477457877338111e+03 2.184286521095726812e+02 6.889208665381717136e-04 1.119549874191880512e-01
1.232187449357121750e+03 3.137593619195291126e+02 4.102088066974514113e-01 8.400950704481428832e-02
1.087649918117173456e+03 1.971722008835014890e+02 -3.041386705563982676e-02 7.438913499814839292e-02
1.754173802857859812e+02 6.326639967050588211e+02 -7.528571166407366580e-03 -2.719580588221349321e-02
1.129734911885687552e+03 2.124218905447700365e+02 -1.877431297947902700e-02 1.069809690277308822e-01
1.056191842570582139e+03 1.792290327627066802e+02 2.587207312621382649e-02 -2.135771698224564821e-02
2.422926348250433932e+02 3.445771353860426984e+02 7.825874402242655181e-02 2.975533910322827880e-01
2.688847740676737317e+02 7.095163459436654421e+02 -6.697389723964340073e-04 1.693105889310320784e-03
1.161191544922887260e+03 2.364627226021375179e+02 7.312352456380839805e-02 -1.523487962570654608e-01
1.104363822427865671e+03 3.342537468886194461e+02 1.020005066041782260e-01 -7.486723521009759630e-02
1.958673468369817101e+02 6.432794432450770046e+02 7.153964630220564780e-02 -3.182067199961896020e-01
1.059878517789699799e+03 2.272393255712992755e+02 -2.939965156901782478e-03 1.380549858379845167e-02
1.443786720184371291e+02 5.073912869748075991e+02 -1.667489947541526407e-01 -3.012781642373963953e-01
1.157350708850454339e+03 3.740865641205668339e+02 -5.064501110433357323e-02 2.221189912111951048e-02
2.178499786938697014e+02 6.613036656939515296e+02 9.854586258881291652e-03 8.124069281999110950e-03
9.953785602790925395e+02 1.925998262934263323e+02 -9.539324279057724565e-02 -8.730226050160479201e-02
1.033304203347076736e+03 2.329019504567297929e+02 -1.699409198398474374e-02 -3.612026973500705174e-02
2.834682793906630991e+02 5.437689685615329154e+02 -1.051172351525945792e-01 2.947922361807371883e-01
5.035333116209885702e+02 4.816163649325939673e+02 3.648709061527124348e-02 -2.930959521521144667e-02
2.075412839578129081e+02 5.238916481273133741e+02 -2.154867270941803609e-02 2.529580504020230089e-02
1.808554103160729767e+02 4.976744758849985715e+02 1.444254972572056595e-01 3.423943277550435815e-01
2.515241685774107623e+02 7.133748555175441197e+02 1.381357128290451423e-02 -1.558240939232291566e-02
2.080461561802699464e+02 5.345674267033707565e+02 1.353570862365560679e-01 5.960068821034406050e-02
4.193193639041250549e+02 1.084891773809220012e+03 6.302278227219225426e-02 1.000863201571600310e-02
8.115049397861236002e+02 3.713744382099706627e+02 1.694376166198600280e-03 -3.265231171441752237e-03
1.207310464837138397e+03 3.456867120961919682e+02 -5.727440668571340959e-02 -1.062502005480339858e-02
9.509470568265048485e+01 3.597895956728453939e+02 3.637984498253050286e-02 -7.000666653602978518e-02
1.125911270062021913e+03 2.033944372198073722e+02 6.188946981947398424e-02 6.760230365871973401e-02
1.009700004400896432e+03 2.452161762877691729e+02 2.904711275602769177e-02 -2.525327059015468247e-03
1.276527350671542308e+03 3.120979054812653430e+02 -3.021213255492241970e-02 1.213566967874945765e-02
1.149539001783328786e+03 2.011130812877903509e+02 4.697560752909942655e-02 2.132830707563048919e-02
1.203568005711578508e+03 2.555542886247731929e+02 2.894715897843642711e-04 4.604336995294652790e-03
1.162411354020953922e+03 1.389320421033877437e+02 3.031027033321692307e-02 8.599056713388554389e-05
6.709703064714877883e+02 1.080466632475018514e+03 -5.915821767568743561e-02 -1.794214087537561175e-01
5.300920092260995489e+02 4.263199334124960274e+02 -9.999518083520910015e-04 -2.553372738559303926e-03
4.836391590855936329e+02 4.486070755725206709e+02 5.217576632465280480e-03 1.167306769002607325e-02
1.212829918805507305e+03 3.454797234972513138e+02 -6.001348897298877660e-03 -7.925437195235351950e-02
2.777624036358257626e+02 4.107813892157971054e+02 6.891300744887708662e-02 2.682156843318910244e-01
1.028757665307596199e+03 1.816654894600220302e+02 -1.748808153384779403e-03 2.961636109715963180e-02
2.511952433894468868e+02 7.091631756953300965e+02 -2.065160372075069994e-04 1.400238912623308352e-03
1.168608811503152538e+03 2.161946432850354824e+02 2.940276480392116712e-02 -4.781391079223057394e-02
1.108070096247994115e+03 1.826325870254915458e+02 3.311866208357096882e-03 4.004172595544498725e-02
1.009733528924854795e+03 2.344996408027711254e+02 4.508705514398088365e-03 1.952686537441650216e-02
1.100000645828855568e+03 3.045860380111532209e+02 4.029524387152953746e-02 7.738284801326833495e-02
1.190544723056610565e+03 2.538535375738164532e+02 1.288760360471778998e-01 5.507393314980863624e-02
2.992300176812129848e+02 5.496089794294656485e+02 -1.333651891044394626e-02 -1.226405997630953398e-02
2.772517641353048248e+02 6.578670026303555005e+02 3.149101582593663053e-03 -1.663329440356926814e-02
2.349520172454512306e+02 3.192644251968808362e+02 6.307009664175151908e-02 2.721381261235696347e-01
5.176321352853526605e+02 4.632307678778998934e+02 -9.508951260007355568e-04 4.323412685701910618e-03
1.054894847432493179e+03 2.919822318234718068e+02 3.435795579971312463e-02 -7.502858795776035095e-02
1.162038337318294452e+03 3.761331008466359549e+02 -2.315554423569210485e-02 3.349504840143128354e-02
1.067213377781382860e+03 2.535397954927816215e+02 -1.596425707729562660e-01 -1.463024110447311010e-01
2.782453826574051732e+02 6.358644510725288228e+02 1.770084443613635650e-02 3.245014596958429448e-02
2.259422094155568175e+02 7.148520989044216094e+02 9.132439475568757126e-03 -2.071055983822617935e-02
1.049203629472084685e+03 2.053800946968680705e+02 -2.860155321171674401e-03 -1.540049113243633847e-02
1.097031976186880456e+03 2.475937999745070215e+02 -5.587305993116074843e-02 8.769674674367498868e-02
1.059343985081518667e+03 2.391295871238490065e+02 -1.770498904445747812e-01 -3.609255858663463767e-01
1.234494873585640562e+03 2.841972057889948360e+02 -8.078786926117935072e-03 -5.862173109460644578e-03
2.520119838731600055e+02 3.147281649134745862e+02 6.486269708164835168e-02 2.951353106526910519e-01
2.815651227210198613e+02 4.619571079844737369e+02 1.717392614060402403e-02 1.942470945369003110e-01
1.172512626292246296e+03 1.937001045479221091e+02 5.819891942515260236e-02 -1.686495022234993924e-01
1.029452417953883014e+03 2.669617263203583093e+02 4.159218091295010730e-03 -1.942420556761922240e-02
3.640842965051729720e+02 1.090465999852955065e+03 1.131239866982456238e-01 2.409911855216301246e-01
9.781280500649844498e+02 8.522293926079890980e+02 4.121633303979701200e-03 -5.768261773366422339e-03
1.259778834762264069e+03 2.921025012286863785e+02 1.445816343824772414e-02 -1.251164677710647766e-02
4.919529276835340852e+02 4.483564863066658290e+02 3.930059248933507991e-03 1.390770153987944732e-03
1.127689914852892571e+03 3.420362338087223293e+02 -4.610623293820548946e-03 7.204342678374453697e-03
2.100421558340627541e+02 6.220481309645787178e+02 1.634581883887223919e-01 -3.497520462517396123e-01
1.055594094818623034e+03 2.422253965496562671e+02 -1.924820672797872001e-01 -3.684528460325921517e-01
1.072543597448771607e+03 2.956382958240343442e+02 1.622420861950336912e-02 -2.786056647383163324e-04
1.148562044215907008e+03 1.930218451207951205e+02 1.325251182272388362e-01 6.632760630571297132e-03
1.158172347579250982e+03 2.313606549383598008e+02 -2.380533993827531683e-02 4.519873094758194987e-02
1.196824529056936171e+03 2.508219634429138978e+02 1.956836720783030475e-02 -8.465352596989399528e-03
1.209427798791606619e+03 3.708151878533649324e+02 -6.963720681017655512e-01 -6.527850789805410281e-02
3.485630062873867132e+02 1.074072821993823936e+03 -4.890714461772171368e-02 -3.069279452729136159e-01
1.123972140098497221e+03 3.408716633186888316e+02 1.280675927833693946e-02 -5.614728595808256284e-03
1.715661443832924817e+02 4.827926061996843146e+02 1.157450876560176950e-01 1.355450349327162463e-01
1.017011328079858345e+03 1.629841534866946517e+02 3.347219879919049318e-02 -3.144360155892822473e-02
1.086496202426813170e+03 3.338553894747343520e+02 4.259163742655402984e-02 -7.013859622670678973e-02
1.791102969662333351e+02 6.474086399104984366e+02 -6.373456108518027463e-02 -3.107694360992709903e-01
1.130373611346691177e+03 2.267259259572105918e+02 1.898557126182074273e-03 -5.141890241724226228e-03
2.768437577892700006e+02 5.982041092694852296e+02 -1.444637537024808654e-02 2.379952968529530991e-02
2.577252381075285257e+02 7.334449510408154538e+02 -7.696533020385928382e-03 8.069036765414526816e-03
8.390811909407005942e+01 3.363815580148836375e+02 4.460896554453834192e-03 -4.379239492622588603e-02
5.354026857499477501e+02 4.394529444181756617e+02 9.464637337434676041e-04 3.097978175761594444e-03
1.138149781026918163e+03 2.912289318988844684e+02 2.763297297811843078e-01 1.157777533924487651e-01
1.901061030373966787e+02 6.514881567312869493e+02 1.122520980773844129e-01 -1.515704001289930325e-01
1.098810957050902744e+03 1.505083690378367294e+02 -1.857496769498391265e-01 5.776875761628103012e-02
2.477914717128888640e+02 6.194722013346272433e+02 -2.885282968131707218e-02 6.302334019140631849e-02
2.142516846662913395e+02 7.098782055440356089e+02 1.464851463141825108e-03 -7.234452665199698866e-03
1.483568756760296310e+02 5.183220733908384545e+02 4.340816623195415357e-03 -1.311365748104190328e-02
2.557078723450183873e+02 5.211730893043005608e+02 1.108611814410822016e-01 -2.881103046098168474e-01
3.536790716918684438e+02 1.085024118981928723e+03 -3.562338587328228029e-02 -1.950410334242268229e-01
1.044108390439787399e+03 1.669188361948248485e+02 1.334903635777024908e-02 5.164354248718324054e-03
9.724917302078032435e+02 8.684047798839601455e+02 -3.097360214058954547e-03 2.351100328297969083e-02
1.262022588331167753e+03 2.953578888649769283e+02 -5.903682435080068874e-02 -1.197181136758740938e-01
1.285819071403155704e+03 3.395327896758709016e+02 4.300750723783394736e-01 4.338733204998748705e-02
1.845774063763951460e+02 6.414111356608235610e+02 8.287557381785665145e-02 -1.859935811428821972e-01
5.334745109927359863e+02 4.120045898242603926e+02 1.017344046828653342e-02 1.067486672055360667e-03
1.156948052981339970e+03 2.671501779090892796e+02 2.127286676508707147e-02 -2.428943046082200283e-02
1.893515244790636416e+02 5.845214880155789388e+02 -1.537249908043715300e-02 -2.738228664276708135e-02
1.082181146774117451e+03 3.599639365109434834e+02 5.050127281965548914e-02 -3.651665414777462149e-02
1.193038554731069553e+03 1.837376137896968658e+02 7.445205466175745801e-02 1.879474106458663488e-02
2.622374812082681501e+02 6.446170287731204098e+02 -5.331429524707563365e-03 -1.346844145161966251e-03
2.225774993800009440e+02 6.671516022568549715e+02 1.437291752718562569e-02 1.451279040828216786e-02
1.714476740351749129e+02 4.921355347040255310e+02 1.361520445096983112e-01 3.038258994169571459e-01
2.680340109164247338e+02 7.081035095630052183e+02 -2.517867961698277025e-03 -1.355679458639007674e-03
5.165726183808055794e+02 4.361308995046844075e+02 1.133218698031221222e-03 4.008220348554860160e-03
1.143669900627402740e+03 2.397304408470584747e+02 2.700072520786904115e-02 -4.204938246716716232e-02
1.133095711390031511e+03 2.645748279959736919e+02 -3.101790516534696368e-02 5.900311895377551713e-02
1.157400670830268155e+03 2.499842807258964399e+02 1.165048189348523791e-02 -7.009285354451304760e-03
1.143823948578353111e+03 2.769574490776616926e+02 5.883038853006347657e-02 2.106028969631972003e-01
1.110984122827080228e+03 2.070241522130157819e+02 -2.075507830704310663e-01 -4.721544286208878560e-02
1.088345086935437848e+03 1.849981704861561980e+02 8.999708075495821413e-02 -1.489171143902752736e-01
1.076565232762022106e+03 2.251420927295004901e+02 -7.791143709973477952e-03 -4.197045780263431065e-03
7.706434299918493025e+02 3.983125732409310444e+02 6.610573000592862361e-03 2.435341904167969817e-03
1.225065253998407343e+03 2.448292976230594604e+02 -2.181818804570329756e-02 6.386218139507034153e-02
1.180496104171007801e+03 3.626246300295533729e+02 2.194132702246950808e-03 3.674296807880599730e-03
2.215464423995529444e+02 7.688744300633834428e+02 -2.650283604994759391e-03 -4.089639339525774631e-03
2.645403592602451113e+02 4.148073063466900976e+02 9.443176742695413850e-02 2.665524508324124131e-01
1.261498173563173850e+03 3.330924323979500628e+02 5.250583707026511560e-01 -2.884312579317627537e-02
1.045851072925380549e+03 8.531526809612465740e+02 -5.644532612288488856e-03 9.580767970500331590e-04
1.091749915718196689e+03 1.939830353748213554e+02 -1.931141158646479047e-02 -1.712906841662819798e-02
1.111998953845357619e+03 2.035800114819975590e+02 1.170846466936390218e-01 3.784159295669604212e-02
1.880248003542330650e+02 6.222943346853683124e+02 2.410937806005719608e-01 -3.517795540349076266e-01
5.419623441133743427e+02 4.853077404855831105e+02 -2.122135582913374161e-02 -1.453569408915779057e-02
1.006426284465210983e+03 1.939332043649255866e+02 4.845193974744936571e-02 1.309626962215759138e-01
1.297586612082772035e+03 3.415854195275571783e+02 4.511502609816282483e-01 6.329901134398906171e-02
5.307815954596430856e+02 4.871673936279547661e+02 -2.371699744469638743e-02 -3.637064546774877727e-02
1.010520885388413831e+03 1.763195897947578601e+02 2.219144889391604647e-01 1.994044410038229853e-01
1.043850658712723998e+03 2.189224364232849496e+02 -2.540252319790251793e-03 -1.639386326829944240e-03
2.154292373427455232e+02 7.695779940389185185e+02 -3.136664113443301573e-03 1.513957944263532836e-03
2.811852643306752952e+02 4.184232438718103708e+02 5.429853052668839886e-02 2.341171069354999190e-01
1.081545201489604324e+03 1.897642032465718387e+02 -5.265111700212033591e-02 1.154245672801508249e-01
1.158365301705163347e+03 2.275455886900838891e+02 7.021196843751252581e-02 5.275102460164486640e-02
1.840614080860990498e+02 6.270427216048002492e+02 1.643874205968704483e-01 -3.394981975515743433e-01
2.734089440032781226e+02 6.838894665442438736e+02 -1.238183415018476305e-03 1.642668199831011713e-02
1.238776013638949962e+03 1.265647082962497620e+02 5.665855312047503312e-02 -1.154170777126537067e-01
1.948030875953718351e+02 5.224547358864413127e+02 8.885775167582381229e-02 -2.483407314333817284e-02
2.395729643813483847e+02 3.024108263930693283e+02 6.520104391733745619e-02 2.746218361185337464e-01
1.144273701570804633e+03 3.645820941643652873e+02 1.334913781387772917e-03 2.552235848897258311e-02
1.043151516140005469e+03 2.007856218136037967e+02 -2.404598531658384017e-04 1.074183467215835200e-02
1.118582197036485240e+03 2.103750496659698115e+02 -7.421450929367448546e-02 -8.183561400205399683e-02
1.200675125119807717e+03 2.272885630907339021e+02 -1.911385693046832590e-02 2.596756998456327056e-02
2.576270657004872078e+02 3.532950718699677282e+02 7.653827592244820399e-02 2.856381469627758407e-01
1.373089592198618334e+02 3.909785509671897898e+02 3.630984334900789687e-03 1.100872732942671751e-03
1.755419824586970208e+02 4.787189490955215092e+02 1.885124892508963090e-01 3.255235253819225849e-01
1.066215134938355277e+03 1.687781326260608523e+02 3.105036960489641201e-02 2.058251319406330729e-02
1.153178195076233351e+03 1.834428236765286897e+02 -1.909550427463905728e-02 1.435180621274782971e-02
5.065058491364234783e+02 5.090855428293448313e+02 -5.829237578082004795e-02 -4.855882161904120226e-02
1.045488537959040968e+03 2.273053431492868413e+02 -2.704906274460275664e-02 -6.106178872864233970e-02
1.069705143717037345e+03 1.630867451184477659e+02 2.373198239824474143e-02 8.995049512919967016e-02
1.181914606147977793e+03 3.709012266172566115e+02 6.011392448344436180e-03 -8.149158639145975824e-02
1.098091192000761339e+03 2.289214937769795881e+02 -5.734609288300245543e-03 9.191607732663781283e-03
1.139406838383962167e+03 2.174143099692596195e+02 3.292428178320563892e-02 4.123581912954858708e-02
1.213022194417760829e+03 2.248202299070740082e+02 -2.454106964123004345e-02 -3.829240180080691752e-02
1.559598950358874845e+02 5.353059722700196517e+02 1.161983635767080414e-02 -3.128576827848836839e-01
2.364951862561136409e+02 6.757121772461937326e+02 3.676831095257113158e-02 1.414664117813852762e-01
1.660041339815564925e+02 4.908444850118567615e+02 1.830525119439759540e-01 3.681844105910692111e-01
2.915541715139288499e+02 4.741691157207683887e+02 5.601396420894388939e-02 2.778583334603473287e-01
2.469840076377800813e+02 5.260515843784985464e+02 8.409240407411627816e-02 -3.027168090498061348e-01
2.128460368798092759e+02 6.641196671343026310e+02 8.210715993921471542e-03 2.115246791646270552e-02
2.849955612524516937e+02 4.524309505874186925e+02 5.903160757776088757e-02 2.424795810337184165e-01
1.124503692847767752e+03 2.499920129064601326e+02 -5.539209398657254924e-02 7.913579061049312580e-02
5.595031741098019893e+02 4.965300067890119635e+02 1.098007521578927941e-02 1.320682202713477187e-02
1.111499088882809247e+03 3.225091733364632205e+02 1.050845392340343520e-01 2.543630939863281148e-01
2.591519322486483361e+02 7.530056758826366377e+02 -1.215636844503134584e-02 -1.564751659376466958e-02
8.912864314361247580e+02 9.330050474207790785e+02 -7.973431793381088699e-04 2.523420801858756654e-03
1.097163769558871991e+03 1.615338297698603753e+02 -6.355631282279874950e-02 -1.221466124672403453e-01
1.928574448560670760e+02 6.679439205377419739e+02 2.083891197597856904e-01 -2.116240803283536420e-01
2.593693500218601571e+02 5.511455096569728767e+02 -1.084494534253069853e-01 2.757185209749780097e-01
1.115654472894001174e+03 2.334688929439901699e+02 8.883741493799094183e-03 -8.092962977900363536e-03
1.280922912670419919e+03 3.498802885220230792e+02 -3.058130253552850952e-01 4.566668162022103905e-01
1.983206192640074335e+02 7.150852932738732761e+02 4.579807364570054676e-03 -2.612258703884569669e-03
1.057213138710282692e+03 2.855099454558735488e+02 -2.567423942584258767e-01 -1.157773379327598634e-01
1.162051621506141601e+03 3.027196098956999890e+02 2.519750766692306354e-01 1.863519230587509234e-01
2.507531354802947021e+02 5.820287947462669536e+02 -4.858007263865026654e-02 2.989090379779092976e-01
2.116634471445057954e+02 6.468068984495911309e+02 -7.928893065100726945e-02 2.664009106196813526e-01
1.045785026201489018e+03 1.831719171925170997e+02 4.629682834259085666e-02 -4.844733189977468157e-03
1.268392190343763559e+03 3.006031932781582441e+02 9.873807631595354906e-02 -1.883472682122349084e-01
4.667478891285024361e+02 1.100155801198205836e+03 4.914358586761480296e-02 -1.682821461626815562e-02
4.919477735242143126e+02 4.822145913217996167e+02 1.370980649387694384e-03 4.478835732180824780e-04
1.017960298984124734e+03 2.171129169958176419e+02 1.703699184741018849e-02 3.919628206425283812e-02
1.146567016997742485e+03 2.535634011701217219e+02 2.657189850091409497e-02 1.241197338612448353e-01
5.597179684411879634e+02 4.984741935568527538e+02 2.513732822923165841e-02 -1.108814435511454484e-02
1.006289688514671639e+03 8.339464875700037965e+02 -3.739876086830272624e-04 -6.293707434298129177e-02
1.156918407715641933e+03 2.228807519653703366e+02 -9.226497246805441532e-02 1.259282044244760812e-01
1.169972716723316807e+03 2.537138453780011673e+02 -6.492354610766900257e-03 -8.872986900590263196e-03
8.266174744582063738e+01 3.436207390752526294e+02 2.845445611797101787e-02 1.980336283205117592e-02
1.274969579950008210e+03 3.094502436954688847e+02 2.093139001614621741e-02 -2.033335285606316725e-02
7.172484356871227646e+02 4.759187326977585144e+02 -2.176229138801285580e-03 9.012837251443020156e-03
1.301502453496259477e+03 3.496067327485282021e+02 2.545407548788034546e-01 -1.304689663696823876e-01
2.430347865360724597e+02 2.911128944281866211e+02 -6.384766175146804057e-02 1.300508742521803707e-01
2.744969785244489913e+02 4.520107780451450594e+02 5.771096666250322138e-02 1.605616749202060656e-01
6.363381577855277555e+02 3.850681745312048179e+02 -1.881706627546009258e-02 4.749665716425528761e-02
9.922444238430058476e+02 2.261979025531643401e+02 3.794797354071569040e-02 -6.275961165308038825e-02
1.276367583132579057e+03 3.447623603108113457e+02 4.484298680080200938e-01 -5.496753708516603776e-02
2.229295143484378059e+02 7.042364069104307873e+02 5.794195988427803395e-03 -2.103253268337714268e-02
1.180164919829289374e+03 1.828995003226061442e+02 -1.052128644657386765e-02 8.232918466727483231e-02
2.543500149219433126e+02 3.601392339937775660e+02 1.095534988456883241e-01 2.697413287550365912e-01
5.151717125471308236e+02 4.874460618242895862e+02 1.182775627169026754e-02 7.864724281579546158e-03
2.538306294977124082e+02 4.040437549075797961e+02 -1.393082323842965431e-01 -3.189930591910148938e-01
1.204172348450103982e+03 2.145668733720426076e+02 1.053883418907112721e-02 -1.870923696310826737e-02
1.123764343636706371e+03 3.193667957966026734e+02 3.547687732148302464e-01 4.240806037864242595e-01
1.296241455699074322e+03 3.308251133349442057e+02 -4.672360158405274716e-02 1.005705822071535291e-02
7.064371312790482307e+02 5.826848295950107968e+02 1.096182382566853022e-04 -2.127827932714477805e-03
1.083781979943007627e+03 1.835052669319447887e+02 2.088128568012897427e-03 -1.591899493530084947e-02
1.123198061286028405e+03 1.780420753167165628e+02 1.290137737082442948e-01 -5.899856502529809282e-02
1.107939690443998643e+03 2.092272499614848300e+02 4.103006018305591085e-01 -4.866888756013208472e-01
1.107977055869906962e+03 3.324993719399964220e+02 8.750895005847442176e-02 2.712134557648639976e-01
5.204615153033645356e+02 4.422160716473612183e+02 -1.034939608220497576e-02 6.370573002379842018e-03
1.319406311910999648e+03 3.282494001835552240e+02 4.878116219292337741e-01 -7.089686897628837137e-02
1.222110598840274179e+03 3.551425954591090317e+02 -5.367722523007614210e-01 -1.897017229335631328e-01
9.006378130446235275e+01 3.738484512750937370e+02 2.190276566751423945e-02 2.141974388911792662e-02
1.179003017258125283e+03 2.440777398576636585e+02 -2.801311271747707748e-02 4.500852892876962275e-02
1.351169132547594700e+03 2.613293121023960452e+02 -2.461077553260494072e-02 3.626199715964312231e-02
2.220190577000674352e+02 6.005445019902027752e+02 8.352612233766283645e-02 -3.388761597397397796e-01
2.443753583362250481e+02 7.102009057897223556e+02 -1.415715705040778913e-03 1.286158510699926061e-03
3.116086318594004752e+02 5.502224369887204602e+02 -4.027765050645819994e-03 -1.896462104410770108e-02
2.802148955060517324e+02 4.278419945666112199e+02 2.746936374281795379e-01 2.155491598246518092e-01
2.982408008943834830e+02 6.158446051437090318e+02 -5.176787326161363251e-02 -2.601308880294557757e-01
1.880536796981455154e+02 6.651190344644917332e+02 2.655165172855886713e-01 -2.239897172114334867e-01
1.910838562251696828e+02 6.723517683388150772e+02 2.697750448985311023e-01 -2.156663952199614487e-01
2.578012861591082014e+02 3.898661774473308128e+02 8.019809015310302991e-02 2.401877414812227385e-01
2.759340470078752787e+02 4.896879292094705534e+02 -2.059355872318532898e-02 1.935955716011556194e-01
1.093331227378691892e+03 2.189320781014997124e+02 -2.343414223725283352e-01 2.442269933569170548e-01
1.873258124008507082e+02 5.207228015890574397e+02 7.219449232586150345e-02 9.456529239769650985e-02
1.125233045564955091e+03 2.754235061066887056e+02 3.638094337594566241e-02 -7.240882056465736127e-02
1.137182699781802057e+03 2.876166518693316334e+02 -9.618122883206581264e-02 4.212704930478032850e-01
2.415033221226128148e+02 6.745385968308911515e+02 6.547703107290914204e-03 -1.560115656736371648e-02
1.516674210682277248e+02 4.545372254355979180e+02 1.221264144149169367e-02 2.112401840097390820e-02
5.216838260929024500e+02 4.703358454608563761e+02 -1.547164757726780630e-02 1.714052400715596969e-03
1.099840919186861584e+03 2.105738574029960830e+02 -2.383323243522378621e-01 2.846993796610983174e-01
1.115807324632297423e+03 2.467168353330261539e+02 -1.039121672467293450e-01 3.476554365051887086e-01
1.158610169184828237e+03 1.949882744689391529e+02 -1.874343863788908437e-01 4.492800395455522899e-01
1.008841490551224410e+03 1.635424091123623214e+02 -1.324709606283899419e-04 2.156037241312398027e-05
1.007661640627657334e+03 2.089633954750590590e+02 7.926451160597025591e-02 -1.179049605316992294e-01
1.071581387699937750e+03 3.435747742287911137e+02 -7.990658052579289322e-03 6.514404170856177845e-02
1.213505489612330166e+03 2.527343841033162164e+02 -4.416554493726770197e-02 4.247773780008401445e-03
2.590992075531261776e+02 5.064525493407322756e+02 2.045952530294856131e-01 2.481196244675542423e-02
5.043164500863360331e+02 4.647926541312694440e+02 -4.327072376310507618e-02 1.657762005003702854e-01
5.157801136827016535e+02 4.750353225689694341e+02 -3.578332616580854990e-03 1.966502749141559730e-02
1.556060233106703095e+02 5.496322577783685119e+02 -3.323348865391088092e-01 -5.077274252821377676e-01
2.947110092836380204e+02 6.153874393885663494e+02 2.021729230563533430e-02 2.141606006523488759e-02
2.814771285399975227e+02 4.344243301635673333e+02 3.879614760179114080e-02 9.859683232378795015e-02
2.541832261553857961e+02 5.118538771131568978e+02 -4.586794662444285825e-02 -1.157964308768223843e-01
5.125802878206694686e+02 4.816930473970122648e+02 -1.371940664692298693e-03 2.143074274167607388e-02
1.266344142030047806e+03 2.858141168442577396e+02 -4.097058253789024468e-02 6.914242663867753436e-03
2.319897780035368555e+02 6.417119441156520452e+02 9.047550924918823512e-03 -2.034797849555995339e-02
2.503834797244765582e+02 4.069569810612898664e+02 2.712944829874366220e-02 -2.067340175673745284e-01
1.000324944005350631e+03 1.772929534977046160e+02 1.062564052724093711e-01 4.835220899611736983e-03
1.092813562954164809e+03 1.755970694020062979e+02 5.384586456112960134e-02 -8.520264066166046216e-03
2.453945223061214449e+02 5.439841405874195743e+02 -4.671833614955031577e-02 -1.303058700318202312e-01
9.684626258204403939e+02 8.250354523516389236e+02 2.894124667663659691e-03 -6.926347187335191863e-03
1.029795529533016861e+03 1.867954539824668814e+02 2.616417622800781828e-02 3.301793537002595084e-03
1.110486553310377076e+03 2.226804132549748942e+02 -8.081046458696619639e-02 -1.872429808249194139e-01
1.093012685224444795e+03 2.410847678775001270e+02 -9.522602133552027226e-02 4.235118158530326582e-02
1.214273321167102267e+03 2.246825052016126847e+02 2.146677639448171110e-02 -3.288565420412880025e-01
1.145704835975549713e+03 2.493514334057269650e+02 -3.338104150403978787e-01 5.045483810323275753e-01
1.150139702566533060e+03 2.417222030178272973e+02 -1.019861524124280605e-01 -2.063323632889648707e-01
9.675416859512632755e+02 8.707809259219651494e+02 -4.529210384441739734e-02 5.062321460036401169e-03
1.538201196750965494e+02 4.822123166923046256e+02 1.862515168735430771e-01 1.599068542029600526e-01
1.113694000674111976e+03 1.720427340081680256e+02 1.810448974731571070e-01 9.846515687788029436e-02
1.015299011942832863e+03 2.737293507146339380e+02 2.007121288412842472e-02 -3.351471316222563723e-02
1.135935503226168066e+03 2.219015916660469259e+02 1.663068073826758086e-02 -2.342556460282941844e-01
1.223016458423129961e+03 3.702529449716377030e+02 -1.501858066594145003e-01 1.478350962456652651e-01
1.122148559953602671e+03 1.620748951223988854e+02 2.060704408108904317e-02 1.109938739485727410e-03
1.094135266368673683e+03 1.908550827217314634e+02 -1.402226251391880396e-02 1.489953207227685539e-01
1.215391703751762407e+03 2.725636327610643548e+02 1.204158120006866284e-01 -7.978512123147396551e-02
1.146199469667936455e+03 2.875075545467642542e+02 3.879534733074194719e-01 1.356010483411154155e-01
2.632417928584551419e+02 7.071115001266903164e+02 -1.220900743830100055e-02 -5.402606864871017933e-02
3.097387345445769711e+02 5.689329617032284432e+02 3.715554882223415234e-02 1.007678929726552042e-01
7.842280936485508391e+02 9.597139673829328785e+02 4.224183651189150623e-04 -1.495582096542591444e-02
3.309331399943663996e+02 1.098717997459831622e+03 1.111410161014845244e-01 4.034853057064253790e-01
8.610123590631660306e+01 3.508436895747898916e+02 1.983692098764322509e-02 -3.548447524540116610e-02
5.156057808804952174e+02 4.250206570404679383e+02 -4.664491549864838854e-02 1.017541920848543668e-01
1.012857788157171512e+03 2.493146312798280064e+02 3.803229490132967877e-02 -1.206866280330984864e-01
1.009396523827345050e+03 2.599525260546880077e+02 -2.588215078355915466e-02 3.846049887397384737e-02
1.038772468274533367e+03 2.824748900963354004e+02 2.909344345107456320e-02 3.050967704649565349e-02
1.166506346043141548e+03 3.713330566246483500e+02 2.632936579731709470e-01 -1.429826764957705942e-01
1.865439838887688779e+02 6.784877127058617816e+02 1.943639323092887644e-02 -1.874875989567174606e-01
3.320475609669334176e+02 1.084561171354949238e+03 2.560381976836164850e-02 2.921873882248421928e-01
4.660230243924822844e+02 4.562061242081122714e+02 1.519428803313379282e-02 2.293046876024125783e-02
1.018620966583255836e+03 1.914665684223549817e+02 1.120375018275202167e-01 -2.279720415209567363e-01
1.015617811245572852e+03 2.291269927150494539e+02 1.310568368093830427e-01 2.464724516466200444e-01
1.078412875960177416e+03 2.616070092471405246e+02 -4.845522903072681524e-04 -1.238139344090522370e-01
1.163671527342086165e+03 1.992242678637982749e+02 -1.183466459916265451e-01 1.939397162178598324e-02
1.168693120573017495e+03 2.067781395644678923e+02 1.229053038431402456e-01 1.369634154170285001e-02
1.261045269548053056e+03 2.774412298060136095e+02 3.755093325726951287e-02 -1.118965291455064487e-01
2.118539751470952694e+02 7.057538873581643202e+02 1.104292913092308481e-02 -2.133747353341656702e-02
2.624123490211291028e+02 7.468710391294528108e+02 1.974715543759468159e-02 -3.607543202150509387e-02
9.898937350605743291e+01 4.006608033165661595e+02 2.756896276025259107e-01 2.713504569216297346e-01
2.563206801421928844e+02 5.011498236347001125e+02 4.550876892811857310e-02 -2.569338847761628020e-01
1.492854812208832982e+02 5.364172289821781305e+02 2.176944482449698695e-02 1.151737132317975920e-02
4.821263800927322336e+02 4.454281764022837251e+02 1.483945040091612030e-02 -1.118499477631530736e-01
1.180845857094903067e+03 2.038189029906967562e+02 -1.516739891762881529e-02 -1.118679313848019719e-01
1.148100087541193261e+03 2.614936404753016177e+02 -5.777141398630192271e-02 8.324838508096946144e-02
1.251910587049640753e+03 3.237797283603820802e+02 -2.682908092206161971e-02 -1.109497441461826384e-03
1.505572691246516115e+02 4.895339685563377543e+02 2.302427285151864567e-01 2.474205265966560319e-01
1.102566133105511881e+03 2.410733290521341132e+02 7.801757249580987263e-03 -7.241352187157445996e-02
1.048702763912014007e+03 2.837595514468480928e+02 1.091143242734915475e-02 -1.021212469093057962e-01
9.610052982812404707e+02 8.351213660804953633e+02 4.566565681301426594e-02 -1.822075283303092874e-02
6.698152325556462756e+02 1.101384877740077627e+03 2.051543004998279685e-02 4.413557467285045277e-02
2.330027047059156757e+02 2.899014253201068527e+02 -7.825828215709407232e-02 1.060477004666040557e-01
2.575412406062310424e+02 3.623078727309164719e+02 1.151343211026869540e-01 4.065461632720825946e-01
2.617381676828046579e+02 4.242814964478379807e+02 -4.476077863559643072e-02 -2.595269675331526860e-01
2.944459914719652147e+02 4.941152514761712382e+02 -2.682203504542712835e-02 3.427005096713363064e-01
9.966540323476276626e+02 1.904182298032134781e+02 -3.016193156181543600e-01 7.413925774601940466e-01
1.075177227252848752e+03 2.070860732440628169e+02 6.216734140578713402e-02 -7.877611526836858502e-02
1.015935553582620059e+03 2.975583646767086066e+02 -3.692921351993542350e-02 1.205629719199426547e-01
1.176344897082568423e+03 1.882613604619244256e+02 -9.726233664453805272e-02 2.754190947159145253e-01
1.198395013793116277e+03 2.013926439460869915e+02 2.004044585828523850e-02 -5.513430577498941616e-03
1.158730930973196564e+03 2.387365615340178522e+02 3.148260604242144461e-02 5.041923074031728902e-04
1.121661715303713891e+03 2.830596267607486993e+02 3.482872515763422716e-01 -1.695631221764415386e-03
2.084815031232222680e+02 6.882353207781198989e+02 2.812961648294276529e-02 7.899527261410337065e-02
5.555831789242149625e+02 4.992650793179628295e+02 -8.618178129332439152e-02 -3.544655985846437152e-01
6.651129976110086091e+02 1.078653089198966882e+03 7.184785463311982312e-02 4.676806078949388018e-02
2.613406693538889272e+02 4.010792877487842816e+02 -3.007001014955790197e-02 2.803379125229810143e-01
4.628735641369149789e+02 4.578829379748760857e+02 1.064709766257578849e-01 -2.906321059364813664e-02
5.196799409121318831e+02 4.275455676163151111e+02 -4.154907593698453638e-02 -1.780532810211923334e-01
1.100016864926188873e+03 1.957403662160176623e+02 -1.133447067596762281e-01 1.877428981891853255e-01
1.096335379200677380e+03 2.227002650700492268e+02 4.968240431526282919e-02 -5.502705060692392180e-03
1.051744790456030842e+03 2.977170351707640634e+02 7.309097191784985625e-02 -1.271279958240256747e-01
1.170236773608935209e+03 2.335185995075661651e+02 1.594891182116953132e-02 8.567249341140836805e-02
1.272073786741431377e+03 2.733174188076150699e+02 -1.606113772679691465e-01 1.377352957877064910e-01
1.216184216216137429e+03 2.834529002433639562e+02 5.382697434060901287e-02 4.408630531827384402e-03
1.246693725780685554e+03 2.887401861352979040e+02 1.291685432079248130e-01 -9.573817859475752812e-02
1.124565549287608064e+03 3.238572386989037000e+02 -4.702314695257427957e-01 1.020905391968113918e+00
1.178933491885678450e+03 3.687524728305083954e+02 -1.102870124727814982e-01 5.128355182837651682e-01
1.573665562298981797e+02 5.511071160994060847e+02 1.496574874735756566e-03 3.873699598159419111e-03
2.728014858914064575e+02 5.975366306848193290e+02 3.565008716077500139e-02 2.093211472886196134e-01
3.115820381966645982e+02 5.371364629854731447e+02 6.982022751714112019e-03 -1.780984430973830968e-01
2.294981270175418899e+02 7.182929705094747987e+02 -6.811739824085805139e-02 -1.951409660945273572e-01
2.774052179216965328e+02 5.135194536579609803e+02 0.000000000000000000e+00 0.000000000000000000e+00
5.060044644442365325e+02 4.445714201342807996e+02 0.000000000000000000e+00 0.000000000000000000e+00
1.014851664696505395e+03 1.995940182915022945e+02 0.000000000000000000e+00 0.000000000000000000e+00
1.183757736703283626e+03 1.877898125121353132e+02 0.000000000000000000e+00 0.000000000000000000e+00
1.165204528416904395e+03 2.224406882599351150e+02 0.000000000000000000e+00 0.000000000000000000e+00
1.135645665041987968e+03 3.303464387575399428e+02 0.000000000000000000e+00 0.000000000000000000e+00
2.142355760073758688e+02 5.390852537779228442e+02 0.000000000000000000e+00 0.000000000000000000e+00
2.641277546650181307e+02 6.870729217771463482e+02 0.000000000000000000e+00 0.000000000000000000e+00
2.307028757753098773e+02 7.374245732999007714e+02 0.000000000000000000e+00 0.000000000000000000e+00
4.232289844953255056e+02 8.019645561634739579e+02 0.000000000000000000e+00 0.000000000000000000e+00
9.802526775320513934e+02 8.270455620795481764e+02 0.000000000000000000e+00 0.000000000000000000e+00
7.635445240494171912e+02 9.623495473789689640e+02 0.000000000000000000e+00 0.000000000000000000e+00
