1.336407522837266981e+02 3.821593415206547206e+02 2.080853102075754663e-03 -3.291545312661713681e-03
2.523745220611416755e+02 4.643835965826725669e+02 -4.165998506923327392e-04 5.363481940777308291e-03
3.086285509442570856e+02 4.784884260497945547e+02 -7.050322405009950416e-03 1.396182206770048458e-02
5.633544646523992014e+02 3.783757184130977294e+02 -7.259896346257315412e-04 -4.807793263004856051e-03
7.034446158744005970e+02 4.139075325307275079e+02 -6.506848157759987338e-03 -2.924867563541905247e-02
6.343719757147813425e+02 8.219515788482575545e+02 1.767417900327477524e-04 -6.267732923748049875e-04
9.123936396881730388e+02 8.059508729621585417e+02 1.539281927059821741e-04 -1.210013417044768311e-03
4.599297990054920433e+02 9.415687884509860623e+02 -7.516255780643351292e-05 -2.304424158275183065e-04
9.054077911442132063e+02 9.228548821604431396e+02 -6.598074893575601096e-04 5.512671550548583089e-04
9.000072815583703232e+02 9.261657480851160926e+02 -3.482781836648635252e-03 -1.137707016842832205e-03
7.076157515674040042e+02 9.925373839624796801e+02 7.844855143046083196e-03 -3.275929940289165881e-03
7.151018242424097480e+02 1.011386552102463384e+03 -7.220306247786133095e-04 1.121685535866676504e-04
7.049349863654271076e+02 1.023673009554573810e+03 -1.628236278770375627e-04 -4.233780306974787634e-04
4.816483479337012454e+02 1.099037079742296100e+03 -3.000785443480771483e-04 -1.994878570762426151e-04
7.044788282535881763e+02 1.036499018370936710e+03 5.059124222068228519e-04 -2.613053574179394624e-04
7.518014383340197355e+02 1.067559323430784843e+03 -3.806436476103351035e-04 6.087577314634238200e-04
7.455654438286609320e+02 1.071483733177094336e+03 -1.838762618560151692e-04 1.914112508259650336e-04
1.310959431025727895e+02 3.255400711786289207e+02 -2.365923696263755229e-03 1.758867398228802044e-03
8.997571230994315101e+02 1.102169408707091861e+03 -3.354580218431485591e-04 3.917447133319163443e-04
2.469519498235028152e+02 4.889897684654099521e+02 -8.606624680938335450e-03 -9.066166861518833164e-02
2.435589359243766694e+02 7.557550022297424448e+02 -8.521503520188784125e-03 3.218924115659806129e-03
6.390080818004120147e+02 3.743298837796291991e+02 -2.485202384060348894e-04 -1.279576859802447099e-02
1.240684724063110934e+03 3.842404425789819697e+02 -6.933145469774179559e-03 5.991654958828205105e-03
1.179114186581633930e+03 2.355919548673606414e+02 3.179108074107824845e-03 2.318196162678733824e-02
7.155151913192432858e+02 8.817469010360790662e+02 6.140498087731457609e-04 -1.177001586453647365e-03
2.365630910441152537e+02 7.205141135810301876e+02 -5.827613843199189007e-03 3.650104113427851682e-03
4.273912553281998612e+02 1.095881351582045454e+03 1.596190459031203712e-01 7.305306000374921227e-02
2.492669162926674176e+02 7.169582883984797945e+02 2.274712606022306471e-03 -3.046833504806209514e-03
2.447240541716943767e+02 3.971956569380544124e+02 -9.404215773694452052e-02 -2.900238079205281205e-01
2.502559807290056995e+02 7.470048365818626053e+02 -3.010672318086477298e-02 -5.818370529373911859e-02
8.295171227514438215e+02 3.048367885148455798e+02 -1.289010706428409415e-03 -3.298243604542158702e-03
1.426246814609492617e+02 3.924305936066520530e+02 -4.021961882915941859e-03 1.273526570174107015e-03
5.722427513445819613e+02 3.803964873283151178e+02 2.611713094922879161e-02 9.138861079138520249e-03
9.314776484507631267e+02 8.431137922669265663e+02 -4.376262477548927173e-03 1.881398429276541235e-03
5.695755541496927208e+02 4.371596371975785473e+02 2.325748106106249533e-03 -7.285428884721690049e-03
1.006510083209167192e+03 8.135272281393198455e+02 3.467625821765005548e-04 3.728164730810787277e-03
5.024177924630745338e+02 4.383564248045409499e+02 5.003288652625371112e-03 2.519208635986797465e-02
2.441136117403033552e+02 7.435649653053691281e+02 9.700463980613782330e-03 8.955436012169599308e-03
9.801182370910125883e+02 8.277360870701978683e+02 -5.724323864342295565e-05 -1.084103937771060131e-03
3.069714875492092006e+02 6.576842161319109437e+02 6.190808303957433777e-03 1.533416150576581705e-02
1.011883474601299099e+03 8.164045458681488299e+02 2.522850439206334588e-02 7.094915694483011279e-03
9.408774390145498501e+02 8.346949267305025160e+02 -1.325991123800833622e-03 -5.277771876506287584e-04
1.003831321629253921e+03 8.362075703408106619e+02 -3.571293936017967251e-03 -5.956562465675377047e-03
2.325004479356635159e+02 7.240832737811468860e+02 7.417624739562120361e-04 2.325234001246637584e-03
4.821560778065284580e+02 4.374776839095962373e+02 4.996835002849942323e-03 -8.542793706425581141e-03
1.019831463808871490e+03 8.075644204893064853e+02 6.773573512544875212e-03 5.272763634104986590e-04
1.207127634058835838e+03 2.537709093362166470e+02 -6.539187333009076342e-02 -1.211388074301313761e-02
5.487307337165874515e+02 4.414992572531307360e+02 -3.045759868818509204e-03 -7.866209442448791889e-03
2.278957748444628635e+02 5.200341576574222699e+02 9.050703251394715595e-04 -6.767471987577754330e-04
5.759852232550317694e+02 4.201132470531920262e+02 -6.276983264239004894e-05 7.737142933530713257e-04
1.038017929996577095e+03 8.610545107460860663e+02 2.110757400910052983e-02 1.593770630769865068e-02
7.331723227489432020e+02 9.219121200173776742e+02 1.291751954585095702e-02 -1.506417437212803634e-03
9.557411507268130890e+02 8.450764423595586550e+02 -2.194156513730764150e-03 2.904944088055741100e-03
7.479372769085049413e+02 9.533499632689433838e+02 -4.730041818177569898e-03 -2.798930559420834428e-05
2.656267879552313502e+02 6.668655439805986589e+02 -2.000863388097473290e-03 -3.214096005764292851e-04
8.247013506173191217e+02 1.102230165348858463e+03 -6.539135256006564211e-04 3.506734794702406595e-04
2.447492984652507175e+02 4.948244020717194758e+02 1.120210322460676866e-02 -6.875154723573895753e-03
7.498972653627911313e+02 9.587809152930351502e+02 4.421816272495130047e-03 -6.811407709966432224e-03
5.636313564046739657e+02 4.715497253834031994e+02 -2.485956032861431214e-02 2.489288675112371479e-02
5.678149237359826884e+02 4.742070442462053848e+02 2.100618621327184424e-03 -3.456903885541402679e-03
1.204552174956334284e+03 2.310124390989246308e+02 -1.824678812463299479e-03 -1.581779969670957199e-03
9.119080969782152124e+02 8.453839568845673966e+02 -7.237314284967027306e-03 3.383998735248181498e-04
7.721852931860595390e+02 9.599210655044325904e+02 -9.789864571613710910e-04 -7.575551264335894999e-03
7.746403646663591189e+02 9.423366916277464043e+02 -2.336862304860411101e-03 2.260414144908137659e-03
7.734957103521144290e+02 9.486096044876321685e+02 1.070229256598476423e-03 2.705475682350564660e-03
9.846192833475278121e+02 8.675582264428946928e+02 9.142778154851515350e-04 -9.237989253155193909e-05
8.005676998999127818e+02 9.517952346753271513e+02 1.923161082522080369e-03 -1.523316238193062749e-03
2.109912077029622708e+02 6.733250806926889709e+02 -3.992487424992273437e-03 -3.717528650337170617e-04
6.193922138377664623e+02 9.358657296162419925e+02 9.956482574129905190e-05 3.092145190168035860e-04
5.737310988823242042e+02 4.894265513922711648e+02 -4.300890522274292312e-03 1.025865309830436634e-03
9.744815684082016105e+02 8.847754507713769954e+02 -3.489486438648908406e-03 -3.225946867548084955e-03
7.454976655202910933e+02 5.280861091867453752e+02 1.569802498742733877e-03 -8.244877774877119566e-04
7.845633877148322881e+02 9.424756934149877452e+02 -3.013180175807884595e-03 8.206278942555057451e-03
7.961108351469599711e+02 3.819460515949378987e+02 8.559023273700503906e-03 7.398169624795767653e-03
2.355494224438675133e+02 7.007948638215970050e+02 -6.356667194826950452e-03 2.306649413546690407e-03
3.090263982137228140e+02 5.694803846057995997e+02 1.970593731442760871e-02 1.150504109730916651e-02
8.080406165365233164e+02 4.206146619899056418e+02 -1.570786033388829692e-03 9.809612208237642513e-04
5.900714590057401665e+02 4.031996914599496904e+02 -2.319698732106747867e-03 -1.511095847142274141e-03
1.034346344686261318e+03 8.359837724281177316e+02 -1.613876090736499026e-03 1.180523159067627505e-03
9.941451170274607421e+02 8.226474333329258570e+02 1.540972636387615870e-02 1.856926264413952601e-02
2.272565302600516759e+02 7.267537306655509610e+02 -8.442016875835746208e-05 3.276904967065948342e-03
1.278759842956012562e+03 3.725718087177151574e+02 4.443253784617386126e-03 -5.799363337421773118e-04
2.350118949615249733e+02 6.519387040893229823e+02 1.577366980398557010e-03 -1.144478662422893653e-03
2.250226700631503149e+02 7.657204698647315126e+02 5.880475036796965239e-03 -1.216953437987925010e-03
7.334133520313498593e+02 9.796156585401619168e+02 -2.675601768930958944e-04 -6.572115001006858560e-03
3.203099755324772673e+02 5.458726056492768066e+02 -2.107922040536188042e-03 5.313790067768224719e-03
9.910486721170738065e+02 8.336220172446226115e+02 3.874644774404516212e-02 2.180419965053499720e-02
1.050694462415720409e+03 8.548149088904503969e+02 1.165242880965886886e-02 5.347617437565748214e-03
8.265374811084478779e+02 4.010901830113328401e+02 -1.043236357122173143e-02 -6.599905971684998617e-03
1.018964002844567176e+03 8.313668222842312616e+02 5.806582604993020978e-04 -5.598428704215081125e-03
9.458266119987015372e+02 8.364731758815682952e+02 -1.466613778395730108e-02 -7.156619242638530276e-03
4.641519587076111861e+02 4.548933180367269529e+02 -1.600839359060885966e-02 -4.818236699552719618e-03
2.682619899847727538e+02 3.004151826219588202e+02 -2.676055008361016732e-04 -3.633366613075399761e-03
9.546664085773896886e+02 8.231648569031567604e+02 1.071656798444564629e-03 5.711454313696587293e-03
8.185490004620801301e+02 9.351813694521437128e+02 -3.265745741319364421e-03 -1.125495441602192802e-02
8.190020746023018319e+02 9.448864215410093266e+02 -2.342559920901695139e-02 -7.703650290606296226e-04
5.489236953547508620e+02 4.331222362510949324e+02 -3.684769465913218228e-03 -6.824294256412234173e-03
7.304536076470199077e+02 9.372175687782468003e+02 1.376803193883042314e-02 -6.110310640099327582e-03
9.299184305136573130e+02 8.606824317678667740e+02 -1.607187387234226134e-02 2.298317444236468859e-02
1.077303456180165767e+03 2.035382512553832441e+02 -8.406794913987528442e-03 3.339270697780690952e-03
7.545955666354124105e+02 9.702312699876102897e+02 8.745120745684875282e-03 -1.059472879581443289e-02
1.030564687363962548e+03 8.259850149169712950e+02 1.792508663347779432e-03 2.902685839375867324e-03
1.021444938189203071e+03 8.152409279376561244e+02 -1.763876371782235582e-03 2.569299268660609099e-03
1.036906557335946900e+03 2.126689899377104780e+02 -1.168724930446027460e-01 -5.398582914529521937e-02
9.546279345361323294e+02 8.772203536669278492e+02 -3.920191678984302069e-02 -4.587477121271878872e-02
8.180259714936202045e+02 3.799058175869878937e+02 -9.919894791486927332e-05 -1.181302096192734293e-03
9.714677695768191370e+02 8.888977119824522788e+02 -1.257021915730862542e-03 1.751223500179710903e-03
9.052254048950575225e+02 8.412445934129195848e+02 -1.295449254422521151e-02 8.756168791773467908e-03
5.777778326963078825e+02 4.692532826987472276e+02 -1.759168968591988055e-02 2.046358453473448927e-02
7.904117580666508047e+02 9.229383611384677124e+02 -4.395825148235484731e-02 1.634054615133231567e-02
9.624007994024460686e+02 8.483806812102827735e+02 3.030329938770358008e-04 -5.061982699497111519e-04
1.930247045308004772e+02 5.894672674031473889e+02 5.630710306048335688e-03 1.628244817974370401e-02
2.323552795877539268e+02 6.892749298392322999e+02 -7.186145627662705567e-04 -1.978724231333212763e-02
4.929237246430001846e+02 4.487531584096751089e+02 4.288645404169708769e-03 3.470166666604632393e-03
8.329081509065592854e+02 4.129140957124973852e+02 -2.835368982217833980e-03 4.300789911207567040e-03
9.672202287096964710e+02 8.766437017085514753e+02 2.930054227434057343e-03 4.432582233795245331e-03
8.092166728151692041e+02 8.940335443878694832e+02 -6.767168714139251695e-03 -1.179958164721929396e-04
9.690127275478740785e+02 8.248884081258651122e+02 -6.976665689186426628e-04 1.257952957423572830e-03
7.913072391790126403e+02 8.834671765795468446e+02 5.610727591581710950e-03 -7.929622566714644716e-03
1.192495025983332653e+03 2.113045643946116456e+02 1.917131288508352332e-04 9.469458643402988915e-03
8.144107625720089345e+02 4.028315631688972189e+02 9.528809623667834020e-04 -1.814748855785034342e-03
7.675661533590573526e+02 3.854574567487881041e+02 -3.487057317839247546e-03 1.022523647483723937e-02
2.255408563066602881e+02 6.863033621699785272e+02 -2.899104912528693238e-03 3.036246826004661628e-03
5.596984321312477277e+02 4.185603811531866540e+02 -1.044771735179537107e-02 2.373979364071853847e-03
9.492878666555097880e+02 8.564433848118370634e+02 -6.304717472554186367e-05 1.757745961030384840e-03
3.371668798904456708e+02 5.524086759737953116e+02 -2.369031636153342418e-03 -3.269687628917921935e-03
1.123067252833199063e+03 1.842288792773268540e+02 7.550304538259153264e-02 4.092904897464706010e-02
7.176950855083684928e+02 9.521328786295676991e+02 -1.098351974479951955e-02 4.186536557827452015e-03
5.111722500688092055e+02 4.391260433997310884e+02 -8.122158331221356531e-04 -4.480826357347957359e-04
9.951448411506729599e+02 8.727999646910611773e+02 -1.197209538822159580e-02 -1.308364102928547641e-03
4.804892903768054566e+02 4.678878370009135779e+02 9.154501563934540126e-04 3.313491856654354230e-03
8.837635840778460761e+02 8.711921402852809706e+02 6.040389357699856021e-02 -2.907799202972964278e-02
8.020612075869355522e+02 9.384417772886914690e+02 6.648298578876156613e-03 1.018292158568607966e-03
5.350720291332515899e+02 4.162136851392218659e+02 9.629418522859121282e-03 2.496915102588643728e-02
3.263832601381701011e+02 5.360445024175003255e+02 1.255601107615267028e-03 1.457750081590572901e-03
7.447301159461312636e+02 3.958378344174300310e+02 5.209219568404486848e-03 7.668075003048688797e-03
9.973413181845081681e+02 2.502104564054995990e+02 -5.389145353580832715e-03 2.384276488375024552e-02
8.507193528287668869e+02 9.314891026695314622e+02 -7.479461713120765963e-04 2.879323661018854275e-04
6.298348323478925295e+02 3.840777058203355523e+02 -2.983407251439539314e-03 2.873436209492775820e-04
8.161230890537150344e+02 3.634855303762468566e+02 2.540221474310954504e-04 -5.020162194006105123e-04
8.575557137066170981e+02 1.101718014625151454e+03 -7.145797547350006421e-04 6.334512096609524892e-04
9.291802326040278786e+02 8.381921430607661705e+02 1.072440906332393709e-03 -4.261948617989101944e-04
1.156951122208882680e+03 2.348077901008306867e+02 9.180111922378813433e-03 5.391226395960415328e-03
6.031833134027493770e+02 4.339832132037657288e+02 -3.631243062182866205e-03 3.194705460854569724e-03
5.080134568145602429e+02 5.079195872875079658e+02 -2.214153437060051787e-04 1.970800567978405610e-03
5.440398385294615764e+02 4.078970286024255074e+02 -2.442158880191779968e-03 1.487789646522920048e-02
2.380176906553359117e+02 7.396376922722793097e+02 -3.177918960938705406e-03 -1.093356058394158795e-02
2.320715385322309885e+02 6.493431127845254878e+02 -4.824358714661049902e-03 -3.813519970971680079e-02
5.417547673310742766e+02 4.771004448413549426e+02 -2.394259582165499806e-02 2.855827945910223778e-02
2.383314045861216641e+02 5.947698044196707770e+02 -1.503124679489053761e-01 2.298481003505770948e-01
7.532186423253051544e+02 8.451648951551431992e+02 5.955274941022640871e-04 -8.000529995459795037e-04
9.772036047009208914e+02 8.456840025973593811e+02 1.700442892655755229e-03 2.895944457801567611e-03
5.451333617275840879e+02 4.832452389607614691e+02 -8.766457748702303349e-03 2.367135194132592192e-03
3.209572790037033201e+02 5.291794037006565077e+02 -5.125875831932415541e-03 -6.373143844832543717e-03
3.143878563996757975e+02 4.707566849020979021e+02 1.114295659293544974e-02 1.092670305450050075e-02
9.342114303377650231e+02 8.668116501356194021e+02 1.692643489902122961e-03 3.248613314927652988e-03
3.681551878689691080e+02 1.042923936824853854e+03 8.623095528955132538e-02 2.059980983701588386e-01
2.682136057460332950e+02 6.089931261617012979e+02 -1.203025802608565994e-02 1.269841629810136707e-02
1.063531930614141856e+03 1.799618687340931729e+02 -9.900730984253019312e-04 -5.713263076550352754e-04
3.241276695775458165e+02 4.768621782106918658e+02 3.159900318187924828e-02 -3.015808020739095888e-02
9.718313690271540963e+02 8.296979698315725500e+02 4.999832798562643156e-03 3.948953706431930152e-03
2.474419281266015105e+02 7.398087213526224559e+02 -2.923593227804006500e-03 -4.065049176600464445e-04
2.210076082815237442e+02 6.871711784743966973e+02 -6.190622478565519470e-03 2.342412369868347201e-03
5.055558291252258982e+02 4.430383523033113988e+02 -2.511631529413048403e-03 2.841893738066389105e-03
6.449856287940059474e+02 4.596100744828602274e+02 1.075713715759653855e-01 4.311576213875848440e-01
2.742660110773586553e+02 6.698015673185544756e+02 -2.494292444455120661e-02 -2.528795692994955865e-02
5.886321222575600132e+02 3.750836217402519424e+02 -1.958076444052742060e-02 -4.882630640905474828e-02
6.119428497693670579e+02 4.272927275629085671e+02 4.162026897254033318e-03 -4.779114991011661727e-03
3.044398338494686982e+02 6.116921003656207176e+02 5.062118157425771897e-02 -2.191156798885075807e-02
4.758995652904279154e+02 4.649555396580178694e+02 2.922877787972254660e-03 -7.513578055765454677e-03
2.228620144114488539e+02 7.528286773967728323e+02 5.940352796649716986e-03 -3.716224295616673678e-03
1.216924968336888242e+03 2.596115167508897343e+02 -5.110630328209652545e-02 1.220840275411571620e-02
5.679808429833975651e+02 4.300817354939974280e+02 2.017825284345163464e-04 3.927147576288268598e-03
1.234495795188783177e+03 2.621882225209903368e+02 -1.356518936236710904e-03 1.223219220510697071e-02
1.016431512846126452e+03 2.744824486074500669e+02 3.152938557384391775e-03 -4.361538239538281445e-03
1.588381058737343778e+02 5.077136553389508435e+02 -2.390820131910884605e-01 -2.709825327017032492e-01
2.074583451064586086e+02 6.974679099250662375e+02 -2.414753702170725162e-03 -1.902443552897256987e-02
5.481347685940987731e+02 4.105973669480647459e+02 1.727643809313166891e-03 1.364582280310438177e-02
2.620884655880291234e+02 5.533359195414415126e+02 -1.279090633950833722e-01 2.967938199831808843e-01
3.490594270004843338e+02 1.097271522446715153e+03 -4.885234834651244751e-02 3.703273818147823082e-01
2.479470282760375994e+02 5.072096006675299122e+02 3.296372981147255559e-03 -2.302145268651323642e-03
1.023880119049920609e+03 2.813417288808462899e+02 1.751017031552232900e-02 -1.121070168354134158e-02
1.121779836155475323e+03 3.075304265402959913e+02 -1.259956054606962972e-01 -7.589625753245239637e-02
9.988099775314698263e+02 8.252786317430333156e+02 -4.525268809610643109e-03 1.628167631540826388e-02
3.124158843932348759e+02 5.527316526788451938e+02 -6.080315580966766213e-03 -2.666045446804867283e-02
2.261769166490329610e+02 7.023516233232952573e+02 -1.015024773057479970e-02 9.699416632204225369e-03
2.972986982659709838e+02 5.689230005869665092e+02 7.049089377912338278e-03 -8.539218744866921510e-04
1.053398285294484367e+03 1.859323804898857588e+02 -5.302762993506343961e-03 -4.917896077513308865e-03
2.664433351859862000e+02 7.381930852041323305e+02 3.193185880201155746e-03 -2.146984080347987597e-03
7.854196289729578666e+02 4.031818100127107414e+02 2.928196186154885874e-03 1.717952696213786296e-02
2.188321369823322584e+02 2.925297252000456751e+02 -7.020311972964389524e-02 -1.607486808289702862e-01
3.126115013492899948e+02 6.087136016916953167e+02 8.820504780649206580e-03 -2.132349706920703622e-02
1.033353256955689858e+03 8.530083209649302489e+02 2.058273915925761671e-02 -1.288918136981915229e-02
1.154232734965823965e+03 2.304270712818435243e+02 -8.759853053057254507e-03 6.587964097414415743e-02
2.555924536580816380e+02 6.426058795503657848e+02 3.595495610550367843e-03 1.131641664850427907e-02
2.733208446748118376e+02 6.512417287652567666e+02 1.267881790163762588e-02 -1.570987453061940819e-02
1.210136788176233949e+03 2.189328500866369325e+02 -6.853164382711370538e-03 8.724315380924630228e-03
2.431312276240995232e+02 3.715137096959202267e+02 -1.072706479197704788e-01 -3.648256692154874248e-01
2.136077768974170965e+02 6.480153975858530657e+02 -1.027559611979646792e-01 2.572802747725849160e-01
5.893075084354927640e+02 4.480583158966038582e+02 5.050615882563004935e-03 -1.874769938820177936e-02
2.374103537047616328e+02 6.942079229155128814e+02 1.924289722092054804e-03 -4.265536013244765204e-04
2.650930081024720835e+02 6.350629504005412400e+02 -2.671155212041050053e-02 4.261853829907162605e-02
1.208598789896757580e+03 2.088132311871340505e+02 -5.789632028509994997e-04 6.038722044062487873e-03
1.002844171038084141e+03 8.761065269839991743e+02 1.253980871548255899e-03 -3.640841597393998548e-04
2.669107036583298509e+02 7.170347448056321582e+02 -5.490661064926587523e-03 5.916084073895503488e-04
2.635773117390297102e+02 7.253762777958634160e+02 -4.203656706812297118e-03 -2.827179118955004677e-03
2.645887932649802678e+02 6.175624709522663807e+02 5.183471137698770180e-03 -9.038949622962907503e-04
1.265685598317206541e+03 3.956625613769817846e+02 -2.711164285139629898e-02 1.501617525380848084e-02
9.439531326731029139e+02 8.551265262168392383e+02 3.069940985218780425e-03 -7.684715538926406922e-04
2.539500384273171392e+02 6.854480268133585241e+02 -5.815707244846522218e-03 -1.428316897019977702e-02
9.321544433779880592e+02 9.082554524960742128e+02 -6.795355704104739242e-03 2.073529414952748895e-02
2.185741691035261169e+02 6.752258973929971262e+02 -1.507307081008003521e-03 -3.241969916890447608e-03
1.240494743595303589e+03 2.778918333024054732e+02 -4.789128155481545308e-03 4.518994563952809067e-03
2.811596294731592707e+02 6.470492517643762085e+02 -2.155868657046039992e-03 -2.077136004877862263e-03
1.008239017801928981e+03 9.275653958492936226e+02 -1.014739795648595799e-03 1.287083467786942492e-04
1.069585235841178701e+03 2.585471904288947940e+02 -1.125439483028813914e-01 -3.373641937102743737e-01
9.524831851191021315e+02 8.976001555110701702e+02 3.533978987587321936e-03 3.401398268002901043e-03
2.334269762731987328e+02 6.767004584198990642e+02 -7.627877515181697571e-03 -1.843989825220608558e-02
2.516873777394675074e+02 6.705807983486847661e+02 -7.979775244770830056e-03 -1.002540816921169801e-02
1.299608397456446482e+03 3.112742256380037702e+02 -3.695114364338205649e-03 6.298965482403223737e-02
1.067307372382968197e+03 1.876793630422899923e+02 -7.447683003245554600e-02 -1.883222541411262996e-01
2.563212299754546848e+02 6.720465326167969806e+02 -1.078928954132602445e-02 -2.024060649402446496e-02
1.013277291539228600e+03 8.528046995322251860e+02 -6.999013597614615401e-05 -2.206138634799590346e-03
1.394588174214615321e+02 3.892333002802674855e+02 -1.603546572975646331e-04 9.670923139854287545e-03
2.310906048181275025e+02 6.694252157733466220e+02 7.908738082375151024e-02 1.909586447954174371e-01
2.718594076903974042e+02 5.366568697956033702e+02 -7.326751208974581486e-02 2.792201000691550972e-01
2.936114690618924783e+02 5.673874171933200614e+02 -2.010741328275560125e-02 4.759264579880180535e-02
2.401951610251671525e+02 3.598849694580263190e+02 -1.036378989425099789e-01 -3.751058431856121311e-01
2.526674008797744477e+02 6.325643223349757136e+02 6.423459746009925996e-03 9.872395641410899175e-03
4.421739763142939523e+02 1.085026983170477479e+03 -8.380151077954738764e-03 -2.426954481017565973e-02
2.297431269869950654e+02 3.290062471010115246e+02 -9.437381560911013711e-02 -3.736497500496567814e-01
5.216608672586943385e+02 4.703523426344002587e+02 -8.109233971254070639e-04 1.771022991713740516e-02
2.679464168430349105e+02 6.792316563451599905e+02 -1.015392358828203206e-03 -6.650088652969036659e-03
7.342895741690113027e+02 9.298497813761008501e+02 -7.958219717181129471e-03 2.553819821686698858e-03
5.079720065343076953e+02 4.853335670327991238e+02 1.479674660684188181e-02 5.896559674507704900e-03
2.311265400480879748e+02 7.364892428813647030e+02 2.647155986838890980e-03 -4.366948086418134638e-03
3.093666082646226414e+02 6.458898173550350066e+02 7.413688762355404374e-03 1.410730706614384336e-02
1.202386987134982064e+03 3.851317856416662266e+02 3.146553186624179068e-03 -3.508298522905137565e-03
2.259281534348002651e+02 7.498845836579466777e+02 -8.478491508480661548e-03 2.104577082493483669e-03
1.037714108789737111e+03 1.764737556939986973e+02 -8.710997221847305988e-03 4.988035610839567507e-02
1.199540423802479609e+03 3.806126946337614640e+02 2.291942602724558742e-02 -1.515165568749053671e-02
2.789746042688828425e+02 4.959032976373155179e+02 -1.264092601379087147e-02 2.913171380315454084e-01
2.413594938205636709e+02 6.401169161117122712e+02 2.522756394696027294e-03 5.774225948510608615e-03
2.977261826186621079e+02 5.423228494987673685e+02 3.508351679682722370e-04 -5.241722752904061020e-03
1.542274726209032849e+02 5.124830485671986935e+02 -1.830808905662815456e-01 -2.925724835444820093e-01
2.630902381173471554e+02 6.913005555818334642e+02 -5.869853482017157705e-04 -1.016605645181338329e-02
3.302749606551602710e+02 1.088526189180750180e+03 9.901161729679544554e-02 3.282405858083345951e-01
2.535236197432719223e+02 4.952785799758887038e+02 1.559764132454660246e-03 -7.367273602631818283e-03
2.233882396097328922e+02 6.341265026648977710e+02 -1.466497048124890124e-01 1.438882812460768601e-01
2.403871414391852568e+02 6.285836117424564691e+02 2.191491697365198846e-03 3.797422894520125890e-03
2.398219349796985398e+02 7.256048323871983712e+02 -2.378826665092377123e-03 2.147160274626903746e-04
2.805236369529820308e+02 4.789385551077614309e+02 1.304509646194791173e-03 2.889746659551666319e-01
1.000741626913343453e+03 2.241861296830497281e+02 4.339380392858258398e-03 -3.601882174899122030e-04
2.518985161586239485e+02 4.188225360547041873e+02 -1.051609412503711760e-01 -3.334141235212807475e-01
1.016824938366734614e+03 2.636093166322220327e+02 1.063684730965097332e-03 -4.159029427119049181e-03
2.429822493517482656e+02 6.872960059941591453e+02 -1.089828830552478679e-02 -7.338080456846828893e-03
2.417360387082569844e+02 7.005729107325544192e+02 2.586929865320499681e-03 -9.831582112945011151e-03
2.528459423662418715e+02 6.212398093499882634e+02 -6.018026984116942556e-03 -5.817032981839799326e-03
2.757200492833345606e+02 6.959308531283269303e+02 4.425099946876915897e-04 -1.047563524517355817e-03
1.153114712521430647e+03 3.639014473246375019e+02 -5.048024368248337120e-03 1.243787270383190117e-03
2.432081424761052517e+02 5.104283665745464873e+02 4.492323385176909788e-03 6.973021133676816398e-03
2.529112494121274608e+02 4.108095482008047838e+02 -7.558529090694814101e-02 -3.375181881948695062e-01
1.103621451572710157e+03 1.961955060862629807e+02 9.738152318538712687e-03 1.800036591763157570e-02
2.654802067625467430e+02 5.760192943762392588e+02 -6.138085670557860696e-02 2.557166726775570997e-01
1.145771998595833338e+03 1.895930142713470445e+02 8.558267890662317467e-02 3.976285315290725014e-02
2.467214087586833386e+02 3.813845243542643857e+02 -1.191588351069358398e-01 -3.549341409171132833e-01
2.495115887787297311e+02 6.456316292598911559e+02 -1.090666894512931466e-02 1.367022818617510266e-02
1.179259326522098945e+03 3.575672521205666499e+02 1.832465339329345574e-03 -9.128613994280363603e-03
2.420299066997665705e+02 6.160456244984704881e+02 -4.654123143360566761e-02 9.098239420075736328e-02
6.045552275579109391e+02 3.987534759544755616e+02 6.027820564635574981e-03 1.514071376468361556e-03
2.745930231404345818e+02 4.873803346042435578e+02 -5.691043042136783442e-03 2.854777938779785584e-01
2.425765923142236602e+02 7.200449147350332169e+02 -1.047410696421925518e-02 4.881777176807541928e-04
8.649998443120265392e+02 1.102310072432666402e+03 -2.205423704641127595e-04 1.056070618062113957e-03
2.894093067921318152e+02 6.177996202592179316e+02 3.198583218826826953e-03 3.705178395187831708e-02
2.111337945586312799e+02 7.550168258329755417e+02 -1.453575552205921100e-02 -2.144962207278983297e-03
7.242907033731094089e+02 9.662103210628489478e+02 2.297613467758895635e-04 5.639266451167389673e-04
2.797989918179908955e+02 5.068937501870208848e+02 -5.929331867500168413e-02 2.773799011883589238e-01
2.837691204256622655e+02 4.506283913173625137e+02 3.234332096207533092e-02 1.866879655645802549e-01
2.458243327153482767e+02 7.623168799402430977e+02 -1.083181027003756987e-03 1.141679884269008322e-03
2.600966028822084581e+02 5.735231400529779648e+02 -6.266974030135560869e-02 2.661760075120109814e-01
5.544066235838801049e+02 4.934550247145826916e+02 -4.175811332210160876e-02 -2.854283862250449680e-02
2.642555304791275148e+02 6.573919525794975698e+02 -1.936549248232281514e-02 1.460735995993506404e-02
3.252652083417094104e+02 4.958132537239102362e+02 1.125593800970413685e-02 -3.153179737846765335e-03
2.760574267577642900e+02 5.478924317209421133e+02 -1.159039317985731260e-01 2.843665936509983116e-01
6.795950227056865742e+02 1.024669394890217063e+03 8.400496622919103804e-03 5.434417731291910254e-03
2.180972185474995797e+02 7.653612797422031235e+02 1.066122428114530708e-02 -4.188861033776222591e-04
1.049722234895593601e+03 2.287162469584365851e+02 -2.610433093437083268e-02 -2.714272144124457026e-02
2.376882803558898445e+02 7.657041107819243280e+02 -3.463970282134236356e-03 3.292990795713005448e-03
1.132835793250481174e+03 1.901963438093564207e+02 1.185218202354998696e-01 9.635608484281514563e-03
1.181644198503068537e+03 2.111975002363919600e+02 -9.551047970523657976e-03 3.132153447357877152e-02
9.325990900336098548e+02 8.994730598401129100e+02 2.569276885502980515e-02 1.075338620165497937e-02
2.790168967699681275e+02 4.386151236755449645e+02 6.859358667735489246e-02 2.139721934322197094e-01
2.972343349492355173e+02 6.192049435248549116e+02 7.739994002331468392e-02 -2.157707781322320550e-01
1.186058804039106690e+03 3.296227600445409394e+02 1.463700550270396472e-01 -1.439133899607305811e-01
1.171395960365644214e+03 2.341995889829048849e+02 1.483650863251974013e-03 1.155062436746076560e-02
2.074685011178311527e+02 7.266402620154472061e+02 -1.421513085641562155e-04 1.291935161798572068e-03
6.827662950152781605e+02 1.017593014513905587e+03 1.350292974756381326e-02 -5.905949583946197567e-03
6.111579317552620978e+02 4.235288966541119748e+02 5.705747636162720321e-03 -9.419981030340173964e-03
4.935849839158653367e+02 4.545897973676665060e+02 6.982786303541219661e-04 -1.724302961606824372e-03
1.160922826347317368e+03 2.514068192928243093e+02 -4.221353202475968021e-03 1.715233289970492098e-02
7.431794067697346406e+01 3.194108588131727515e+02 8.784192372498335691e-04 -6.693854201905021298e-03
5.739888327937850363e+02 3.947499690723219601e+02 -9.782319711368725468e-03 -2.080980643016924932e-03
5.169017810308449725e+02 4.220339689192347805e+02 -3.772379370186379477e-02 -3.074325952599673423e-02
3.179845873176859641e+02 5.693801821486999870e+02 -1.080132715997654536e-02 1.532023790082573736e-02
2.317000653105827155e+02 3.480374991071122963e+02 -1.084318220250555798e-01 -3.698524164483404375e-01
2.673491470772283947e+02 6.466195398388435933e+02 2.131079068550828395e-04 -1.413556949996453392e-02
2.771930657533688418e+02 5.196614238244578701e+02 -3.984538427539181110e-02 2.895510484981164145e-01
1.008772446879945960e+03 1.962997914768870942e+02 -1.126067467924670301e-01 -6.664738348840526516e-02
2.937822585908893984e+02 5.965493930654846508e+02 3.512575600696251840e-03 -8.469700754464458067e-03
1.147857211440448054e+03 3.552558134543698429e+02 3.375569697385403037e-03 -3.554090478788489958e-03
2.865894877181251559e+02 4.286599671950590391e+02 6.946920439875134412e-02 2.315004840053538071e-01
1.139190201588127366e+03 2.221744044677776060e+02 3.016926678354607191e-02 -1.588460343761832413e-02
1.048545059107806537e+03 2.701917217422546287e+02 -1.272726436581485786e-02 3.493029750234875452e-03
1.013498461190309968e+03 2.604221955329558114e+02 4.304341265082041110e-03 -4.716713870592603199e-03
5.072140689265943934e+02 4.520010424866805465e+02 -1.438373108062298428e-03 -1.829887794379414555e-03
2.303003130129261251e+02 7.749019265589322458e+02 1.399113043362376629e-03 -2.092584943369783530e-03
1.094237331622634429e+03 2.031691864950741717e+02 3.831147398186388400e-03 5.811342734388501990e-03
1.999785043488645613e+02 5.072490910246222597e+02 1.087098789147888239e-02 -1.118299418543146351e-02
2.669734427853989018e+02 4.716952261893769105e+02 7.440090931283852016e-02 -3.704396758287152314e-01
1.019587777574840288e+03 8.664050410244453815e+02 -2.460810839499689723e-03 4.885698040079705130e-03
4.887616794816534025e+02 4.745408402898310669e+02 1.436856310474152881e-02 -5.395835791734773096e-03
3.001602988847159850e+02 6.547014936272316845e+02 -1.297734978496658089e-03 -3.205444647288585146e-03
1.073659337043536425e+03 2.179688893584510936e+02 2.023311558609253158e-02 -1.220290438991294794e-02
2.952730825979242582e+02 5.389152488461662642e+02 -3.600212577176683387e-03 -2.432975046688868465e-03
5.371995360815108143e+02 4.263170996225387057e+02 -1.897051174515887928e-03 4.970057078453171857e-03
1.152753831251346810e+03 2.165412663845288250e+02 5.117781749835431659e-03 3.888216214889186201e-02
2.690407782779423087e+02 4.215589834280932564e+02 1.056901437706712077e-01 2.411124907773463388e-01
2.626017175113574922e+02 4.746803059610480773e+02 7.707291917800535019e-02 -3.585582121246483345e-01
2.494777824005218463e+02 6.819662238573085915e+02 4.283005835771849616e-03 -8.113409489330461813e-03
2.681519871390995036e+02 4.864031525897664778e+02 6.162389324571290045e-02 -3.480493720397558333e-01
5.478107423925349622e+02 4.585312579179133081e+02 -2.171220560568946044e-03 3.097736543413522644e-04
2.551196885946690713e+02 7.451846453680626610e+02 -7.917934143240011602e-03 -3.864347203145848415e-03
1.027690114552464365e+03 2.261713556097876960e+02 -5.906424347273005887e-03 3.981687634537516528e-03
2.519609648626719718e+02 5.072561546539781716e+02 1.282230047284390884e-01 -2.860842711913807457e-01
1.111375690447678380e+03 1.750499598369156047e+02 3.614276111015852361e-02 3.670036869150655745e-02
1.137301515447038128e+03 1.932701144748390050e+02 1.055441938628590981e-01 1.345746530872060816e-02
1.139693762890997732e+03 3.887594327131308773e+02 1.598378457872356041e-03 9.947344163497246015e-04
2.652035352352434643e+02 6.276262665802715901e+02 -2.558897302967039558e-02 3.465669054159351004e-02
2.608103177289128780e+02 4.872379144363072783e+02 5.481022091362967169e-02 -3.440769382294617262e-01
2.755742217971751415e+02 4.425389881342240415e+02 7.780731180835827321e-02 2.165037823668561345e-01
5.230828213414598622e+02 4.605386128393458876e+02 -4.255499831724771781e-03 -9.183267422445574998e-04
1.057560775983264875e+03 3.024997716773839329e+02 -2.939463206111762872e-03 -5.842180114785101332e-03
2.022136254007378966e+02 7.017020998385272605e+02 -3.170178823156934167e-03 1.139467912576217629e-03
2.719303596130332608e+02 4.142909859932007635e+02 7.704439284362640805e-02 2.461255491685122310e-01
3.245875558979930133e+02 5.180283328502808899e+02 5.437902634487655658e-04 1.823538194580826000e-02
2.333328245562320262e+02 6.285681859109129164e+02 1.342799211689657719e-02 -1.450894159837267869e-03
1.186945917023603670e+03 3.537737714365864008e+02 -7.154607864011646411e-03 6.637358403718460458e-04
7.844126320892492004e+02 9.546250517021845781e+02 -2.275288014043506252e-03 7.156185134259557268e-03
1.113097047346537465e+03 2.218702097513067031e+02 1.944238754364086691e-02 -1.039200348384214899e-02
2.414681896610486831e+02 5.298449460256982775e+02 1.144767945942442994e-01 -3.825560915833663977e-01
7.108031405221092882e+02 4.263564975175480072e+02 2.943022643801957057e-03 5.162692557143830352e-02
1.015628556641821774e+03 2.021313749704120823e+02 -1.001123278561122515e-01 -9.040624125928406474e-02
1.028087347007503240e+03 2.149199508470958619e+02 2.452578832928410668e-02 -8.705515106715402962e-02
9.696787374983991867e+02 1.716217648269276879e+02 -1.260147978159986172e-02 1.928430214539727031e-02
1.186801352533558202e+03 1.869268423035952367e+02 5.719815732815579368e-02 1.993158633259055693e-02
1.003291079422984694e+03 2.280333554352086196e+02 -1.484772676929982426e-03 5.363844981349188100e-03
8.209475462006396640e+01 3.519282619284448401e+02 -9.253444930836546289e-03 5.098177697181929119e-02
1.028289493499736864e+03 1.602914575880172379e+02 -1.173695608426356465e-02 -9.501436407524939398e-03
1.185498877508327041e+03 1.737629216071817382e+02 -5.427700321199676811e-03 1.655991745274639632e-02
5.536973059297545205e+02 4.832770255235449781e+02 -3.638779146930717998e-03 -1.453336187920524361e-03
2.630366345548316644e+02 4.084813021410949432e+02 8.956984807090749567e-02 2.746157173019662667e-01
2.741794223665696677e+02 4.491597407721753257e+02 4.493750459390538632e-02 2.078613330708860008e-01
2.565603138430377044e+02 6.998645558163872238e+02 -1.211953665719787228e-03 -8.238183206048693349e-03
2.350630442621048815e+02 5.689581518912829097e+02 1.401671210213539520e-01 1.301067999885705539e-01
1.173199872652180829e+03 1.782811304114769086e+02 3.275231622733777714e-02 -1.860429370848458094e-02
2.385632852561845993e+02 5.385953654146273948e+02 1.899196298203217892e-01 -2.959527629456551456e-01
2.783636659845799386e+02 4.054944119166875680e+02 1.112236123973102120e-01 2.874257453086214720e-01
5.040495256623009936e+02 4.705610934434010915e+02 8.261926914419273973e-03 2.813966789866897966e-02
2.614304065583968963e+02 6.685201121647348828e+02 -3.397820692684224830e-03 1.756068349779957608e-04
3.188357509402911205e+02 5.188705001819419067e+02 6.337034301620883233e-05 -3.010425290607833971e-03
2.386804298829214872e+02 7.095203110166512488e+02 -5.457602753263343827e-03 -1.612234881421689258e-03
2.780737937790855767e+02 5.659754788426752157e+02 -5.805785385678288724e-02 2.674147069699110424e-01
1.154944813054081123e+03 1.909979748356828964e+02 9.959225705083689373e-02 -2.417282566940969629e-02
2.251869056186229443e+02 5.428343975768475502e+02 1.555892073259591002e-01 1.107082704551327068e-01
2.209287715010322870e+02 7.170853883264957176e+02 7.292759558328718549e-03 3.087385966064220590e-03
2.680019656624538129e+02 4.033858602657648476e+02 8.013162134634253808e-02 2.551733117434916709e-01
1.066611403167483559e+03 3.081289312257049460e+02 3.098937701636687164e-02 -2.738867519799261657e-02
8.126707941816064817e+01 3.241354627782374678e+02 2.010538506315771509e-03 -3.378551777241835599e-03
2.185209728484897198e+02 5.426410224390580197e+02 1.111143514697457702e-01 6.516245637319999229e-02
2.292354359975002467e+02 5.559961496928677889e+02 7.425742991527038706e-02 1.513776489379187185e-01
2.719043335808037227e+02 5.622888065867622345e+02 -6.870442386446198868e-02 2.889523494022560035e-01
1.197063516044485596e+03 2.265538262605578552e+02 -5.018937353495425864e-03 -1.781422948237864831e-02
1.068080859144582746e+03 1.972959831333733121e+02 -6.546434668991585500e-03 7.675385147568042484e-04
2.632646944073798636e+02 5.880576706945612386e+02 -4.796802346539767031e-02 2.283166681671527087e-01
1.065996759812471737e+03 2.156989235375017984e+02 1.164015983460945508e-02 -1.535440831736366958e-03
1.933872322982284970e+02 6.857989536934123862e+02 -1.203999209736399123e-01 2.451994018922876717e-01
1.030885644447336972e+03 4.450252590394536014e+02 2.446883051656150668e-04 -1.650895019923668281e-04
1.116339641476718498e+03 2.363046107498574600e+02 1.459869701705087015e-02 7.681547140459534136e-03
2.588681511989124715e+02 6.946709715009081947e+02 -5.902795148098547709e-04 -1.525304797062087479e-05
2.851168542903371304e+02 6.183746801953063823e+02 2.210691402480209275e-02 1.836822942671051048e-02
1.095775060523013508e+03 3.502457141283109650e+02 2.685649769924422503e-02 2.406130367431290676e-02
1.953582937153482817e+02 6.911396217473890147e+02 1.830070546133140386e-04 1.885505002047862524e-03
2.716410585317490813e+02 3.902775255591615178e+02 1.273010170184522838e-01 3.056105107461798975e-01
2.679679941822901128e+02 5.873205448819173853e+02 -6.785730798848439715e-02 2.196262851771944302e-01
1.189076942868720835e+03 3.771817475576235097e+02 4.547697621702120885e-01 -4.441033411357034333e-02
2.179262469701792213e+02 7.239047028894635787e+02 3.370134819266580681e-03 3.521098491732307500e-03
3.240590134633714001e+02 1.087376423759165846e+03 1.105688723031177378e-01 3.061429025332751408e-01
5.357526114057432096e+02 4.649933671615758612e+02 -1.157874499996735390e-02 -4.248694993195682723e-03
1.131433015228446493e+03 2.457201463347866195e+02 3.899089712826980282e-03 -1.070386097332161855e-03
1.324190439550714927e+03 3.277172419626710962e+02 3.056545113110524237e-01 3.177178489512234860e-02
1.103437247724653616e+03 3.077357942942630871e+02 -1.628159138200285516e-01 -6.502843268142025068e-02
2.595697989584268157e+02 3.891016482015660927e+02 8.628100593857833400e-02 3.093347496672841368e-01
2.575399277267077309e+02 4.358899753735723834e+02 -8.801146690787488291e-02 -3.155657894709086864e-01
1.138825761675730746e+03 3.271476413007429755e+02 -2.654846989994799622e-01 -6.149942152626971387e-02
4.972581573409328826e+02 4.691922717364338951e+02 1.256668602338484818e-04 1.156471196055060269e-02
1.007667109162279985e+03 2.562856909490910766e+02 -5.235867206716639417e-03 7.467280935895139783e-03
2.719965445034894742e+02 4.256457079624301514e+02 8.821015525394319823e-02 2.311332238426554997e-01
1.236600918916239834e+03 3.266051367435406974e+02 4.049834670659330782e-01 7.983776353637776768e-02
1.975659744661953710e+02 5.556944621303181293e+02 -1.780760335630183766e-01 -2.726117330951036699e-01
1.941278703453698995e+02 6.986693411620821053e+02 2.539763432330987853e-03 -8.841499909563746429e-03
5.937289445659089324e+02 3.887780568112066248e+02 -5.923028850929430017e-02 1.461531202911466217e-02
1.138466990074638943e+03 2.458620901062307382e+02 -3.129725863654679585e-02 3.888480879250140465e-02
5.715596064799000260e+02 4.104721183053491131e+02 -5.914937679225398034e-04 2.853411619403885095e-03
1.025292679331109866e+03 8.710768746220001049e+02 -2.310324032733471634e-03 4.834252299920170984e-03
2.186037172317640795e+02 7.763451442619765430e+02 1.620200270116581688e-03 6.838608638716296359e-03
2.595495028755942712e+02 3.759151005594403046e+02 9.270964620649597976e-02 3.342594623951183896e-01
2.142950898522345540e+02 7.211974650088799308e+02 -8.261894443786605216e-03 -1.239433144186171754e-03
1.173102654080786579e+03 2.101111191396135212e+02 -3.458911192489164121e-02 4.746683068639422076e-02
2.844683063516476409e+02 5.852481336917142016e+02 6.741586368342732116e-02 -1.782449155733515733e-04
1.205668902360328502e+03 3.594478107443467252e+02 -1.403072824191260171e-01 1.169365677079701668e-02
2.850718421719614639e+02 5.773711120757614026e+02 7.312238977045065758e-02 9.231330288124502820e-04
1.864975104834351214e+02 5.683069414279270859e+02 -1.986863072633551219e-01 -2.302542278578861845e-01
1.204785350963855763e+03 2.785040594233926186e+02 -6.644661481423459965e-04 -1.399419049750626545e-02
7.596495538847940452e+02 4.553733869201431048e+02 -2.466786713836931558e-02 -6.061335180196139420e-03
9.183125482226847680e+02 1.102599484356322137e+03 8.596369730837816235e-04 3.608111044984367712e-05
1.027938667306414800e+03 1.940674859342214802e+02 2.319690331144259529e-02 -8.761990315953694514e-03
2.370794681638663803e+02 6.842084436757043022e+02 -5.037767066155684516e-03 -6.426247221608070818e-03
2.692130450654282754e+02 4.981953074858118953e+02 1.431000263285420460e-01 -4.903381324751037718e-01
2.551403720656920484e+02 7.106559291953450384e+02 4.704048744717076805e-03 1.638993015267778408e-02
1.187751153148470394e+03 3.438242850761795921e+02 1.153816552672480567e-01 -5.780871580837993601e-02
1.020271558959881190e+03 1.730480379842655339e+02 1.354558794530768715e-03 -5.171455933483547554e-03
2.142606783813591278e+02 5.804019447924226824e+02 9.143712153784455676e-02 -2.504077588708991664e-01
5.583285282357979895e+02 4.131878567631146666e+02 -3.563583631435534877e-03 1.253751545664778810e-02
1.034293943348322728e+03 2.764418086757993933e+02 -5.828851761621216092e-03 1.023609352398467589e-03
2.014401551911798549e+02 5.251596952973761745e+02 1.093238593712439477e-01 7.755000259921623895e-02
3.103168571617788416e+02 6.192629375568698151e+02 -1.362081389849623082e-03 4.476061698263641281e-03
2.742053175780229139e+02 5.103940241520679706e+02 -2.198756044809008214e-02 2.917485527271407308e-01
1.163213920074127600e+03 2.575240354972327168e+02 2.517218916008378757e-02 6.068225201211066913e-03
5.609170104859733783e+02 3.940060274982133137e+02 -1.178905165258836187e-02 2.356680982286591796e-03
2.065877697186604109e+02 5.795698821173475608e+02 1.024857242752090086e-01 -1.953926510365890101e-01
1.477899511051000161e+02 4.979150235710055199e+02 -1.600683508152585810e-01 -3.047036665388226928e-01
5.586415926545565753e+02 3.969291306141615792e+02 -7.640786036360380307e-04 -1.403932151928606077e-02
4.978339907365619297e+02 4.585279299461830078e+02 -2.197554640621556237e-03 4.975550166324014048e-03
1.829965772758280877e+02 5.171442887430965811e+02 6.671876734013958143e-02 8.786019195349918653e-02
2.176501435940132296e+02 6.989476091014322492e+02 -1.782405400336055032e-02 8.491850695201386481e-03
2.703039697235062704e+02 6.919874947541526353e+02 1.712002976893189183e-03 -9.353552769079043943e-04
1.174831693382328240e+03 2.412074041945279248e+02 1.315981507149228784e-02 -2.466976261635748027e-02
1.133137024207827153e+03 3.202900415802181442e+02 -2.839046997485273893e-01 -6.117868488395952070e-02
1.188358297969299883e+03 2.063510464293358098e+02 2.061994228570526375e-03 -2.217063905013471681e-04
5.298014810314155056e+02 4.503707742901327151e+02 5.112928580236185579e-03 -4.279158993276520849e-03
1.179720927373366067e+03 2.245082221904371238e+02 2.984812487104118207e-03 -2.524494777509233168e-03
1.391674353504931503e+02 3.993203092720739278e+02 1.892442808181192147e-03 1.194904342091966491e-02
1.189833964195088811e+03 1.760010864524961960e+02 -4.026727733691298598e-03 1.035192498889276648e-02
2.729757939845216015e+02 6.234449062734591962e+02 9.014078510525599247e-04 3.327406854319489484e-03
6.054895522800802610e+02 3.865999845490518965e+02 -1.042737532371250993e-03 -1.111836450992978150e-04
1.037929982984379649e+03 1.920602925015861047e+02 -2.471521834475578008e-02 2.562241534757175431e-03
1.246684300425039510e+03 2.888891616629908867e+02 3.487291103994883453e-03 -3.651249243153478763e-03
2.999937608092160986e+02 4.102271300538320133e+02 -4.037429009449759743e-02 -4.085579808933647444e-02
1.940690253829280039e+02 3.193788453879797657e+02 7.813231207619267173e-04 -9.274195504177793262e-05
1.187175702649123423e+03 2.508812647263146403e+02 -1.450422641579136029e-01 2.451706380473658298e-01
2.197753291443029298e+02 7.454376216048076458e+02 8.487085389483221614e-04 3.454250308122666993e-03
7.861922915922640414e+02 9.363694319206281307e+02 4.736406081319458408e-03 -2.433885876711438037e-02
2.127155762257393405e+02 5.913051618549978912e+02 1.381669602770721206e-01 -2.383159454236512265e-01
2.523816679253771724e+02 3.690272118656301359e+02 1.104322845998361169e-01 3.277618070149458940e-01
1.037780124496581038e+03 1.976124448511777985e+02 -1.981272903085572537e-03 -1.495334413473532222e-02
2.471048769556493028e+02 7.315035776659688054e+02 -8.313877277597928050e-03 6.772193109089913454e-03
1.035010830615499799e+03 1.747097762179305960e+02 5.015090511190888056e-03 -6.101757483531180561e-03
1.168207345932116141e+03 1.925364955401520604e+02 6.620355688690072495e-03 -9.839351771145771891e-03
5.106372448269813162e+02 4.920334302699920386e+02 3.554210402956072077e-04 -5.906927441516234348e-03
1.171273665180913213e+03 2.262665043384975263e+02 2.262912795359706217e-03 -1.671833516324190173e-03
1.032698372953746457e+03 1.987341666151269237e+02 -7.731540777677485196e-03 -2.040731164110710753e-03
9.919060418257902256e+02 2.279717263936836105e+02 3.407514552379487579e-03 9.047837700208982356e-03
5.346939426377263089e+02 4.266378271222540661e+02 2.840397604799282851e-03 1.128049026967441019e-02
1.976924814427175932e+02 5.779951068874871680e+02 -1.119459086879152259e-03 -1.394717754047489124e-03
2.064012803774411111e+02 5.903617181863530732e+02 1.473284640792107136e-01 -2.046751708668960723e-01
6.069385248282985685e+02 4.071089181378160902e+02 7.292446321915770687e-04 -1.517488040169137327e-03
1.048389723914520118e+03 2.838449805323991200e+02 -1.167429826496613372e-02 1.050676405411999151e-02
2.594433967002238433e+02 7.189670029679201662e+02 1.847115185277140503e-03 6.573271928613898772e-03
2.260664052900063439e+02 7.429082741662070930e+02 -1.844193766973180326e-03 -2.442326777839406472e-03
1.210671850035932948e+03 3.230489984974478830e+02 3.714189635738088247e-01 1.764531232505949510e-01
9.743978893747247412e+02 8.622748973720867980e+02 8.120929106297861827e-03 -9.037871313894626710e-03
1.016445254503336514e+03 2.305152276014144945e+02 -2.231038518723583042e-03 -6.466134478693623053e-03
2.353780509762286783e+02 3.671573470972384712e+02 -1.099560134529319333e-01 -3.580841067053253113e-01
2.062389709957543289e+02 6.086117706333079695e+02 7.589790309713501104e-02 -2.482393034696934175e-01
1.153779994960118074e+03 1.434145015807589232e+02 -7.078727409236199985e-04 -8.519756353617574315e-03
7.928129092118902008e+02 3.936017301108519177e+02 9.488257214595457881e-04 -9.709561105052157961e-04
1.869735454860167181e+02 5.149160702091265875e+02 5.541837013766940517e-02 1.166810277227268294e-01
4.015579102253884116e+02 1.093969893823686789e+03 3.566871764711842391e-02 9.946725149342285077e-02
5.740899366791534248e+02 4.971872701967868693e+02 -3.193921249951269924e-03 2.764514065162448821e-03
1.135756438232994697e+03 1.814164813794282054e+02 9.520062003933180139e-02 -5.678923218017464542e-04
1.063242617911140997e+03 1.967488020614260051e+02 -1.697870773504480887e-02 6.740953303361743761e-03
5.907672280946293313e+02 4.167698340950050806e+02 -4.813101439529616880e-03 5.514521438363087676e-03
2.309476254574619531e+02 6.223416638626962367e+02 -1.097530921222578532e-01 1.027419912910703115e-01
1.148122764552128729e+03 2.619267209876900324e+02 3.683149767775740699e-03 -2.657295592399690209e-02
1.025723194651801577e+03 2.637518544569689993e+02 5.588236156938256559e-03 1.604728420911084516e-02
2.544370774064296086e+02 3.830995140809261557e+02 9.624080277244935477e-02 3.413914973543251130e-01
2.582560014374352022e+02 6.219993697867748779e+02 -8.066893192144201702e-04 -2.419974809928891399e-03
9.439389414546651551e+02 8.944168396418060638e+02 -4.382783557074919345e-02 4.574004726259209980e-02
1.147912946455557176e+03 2.216691561009101292e+02 2.814719164000575088e-03 6.165235993833139728e-03
1.076336387806236417e+03 1.759601580365406619e+02 -6.616049557792528894e-03 1.561398184931196698e-01
9.953750643302821572e+02 1.806346576410154796e+02 -1.876977488699153353e-03 -1.051966131137884175e-01
1.046184939652224784e+03 2.601101821483330809e+02 -3.535469276317994985e-02 -1.658969123151607036e-02
2.595483648563803172e+02 3.306253168427755327e+02 7.422027585483104151e-02 2.797213356158749775e-01
2.220120530069855818e+02 3.008800841221005271e+02 -1.077803779281180652e-01 -4.334310010079421849e-01
1.098005556899850490e+03 1.743419309804670547e+02 4.060995865426442197e-02 -1.251286872821953319e-02
2.235558720985952448e+02 5.908426061158567109e+02 1.692393258006050782e-01 -4.435015152659136928e-01
1.996532638252068352e+02 6.039288397625030029e+02 6.134196110053582313e-02 -2.694936638368082837e-01
2.515751134014733452e+02 3.534395975964338845e+02 7.624380234794515820e-02 2.895489392582367150e-01
1.148959912155483153e+03 2.287015475476435711e+02 -5.585147332479632742e-03 9.619475467965996410e-03
9.297086415004918081e+02 8.851922945237513431e+02 -8.213871721951850058e-03 1.969176723035291968e-02
1.218406391674507404e+03 3.098030963357949759e+02 4.262906634572203868e-01 1.967553827891425355e-01
1.058723991436587085e+03 1.926645871686966416e+02 -1.528787874084096797e-02 2.958080639655489424e-02
3.596806441397164917e+02 1.088903781968086832e+03 9.830902895514284558e-04 2.476804343426524113e-01
1.224978793340507082e+03 3.972992248678451119e+02 6.465930116922272153e-03 1.218292699930807049e-02
2.872225306765654977e+02 5.029531948349329014e+02 -1.689271503620476747e-02 3.323816474302152546e-01
2.526505858238186590e+02 5.862520144367507555e+02 -1.167483960629487755e-01 3.012053672343769084e-01
2.061875404126191711e+02 6.341909217421406311e+02 1.415959647940640276e-01 -3.101909414697128220e-01
1.091476457013855224e+03 1.951300699931258862e+02 4.882050380820146529e-02 -5.235506797441448479e-02
1.153823526652147393e+03 2.045517272269608497e+02 -6.684792943230091419e-03 2.941241335095961217e-03
2.096144094888538518e+02 5.474787500056133922e+02 -5.209895795665675684e-03 -3.063326557496408586e-01
3.269658214674088867e+02 5.531727323040705642e+02 1.690427055245103186e-03 -9.582060185442123562e-04
8.084236637151993818e+02 4.025968513549050272e+02 -8.691362741906728112e-03 2.075978331316888012e-02
1.010916973217505415e+03 2.086465824274797853e+02 -9.335891628837984790e-02 -9.483361363727808857e-02
1.266374606939481737e+03 2.613406848047457629e+02 1.382077766374149516e-02 1.727105668782323925e-02
3.848098643084001083e+02 1.085192852240288403e+03 6.144964377573736147e-02 3.441106809844421965e-01
2.819032193342019923e+02 5.273161451208550261e+02 -4.076274903739280503e-02 2.912178117250590614e-01
2.648084330939425399e+02 3.546458029685402948e+02 9.305079434951755990e-02 3.255879038430451455e-01
5.459875688454076226e+02 4.253035792903278889e+02 2.781236006801982019e-03 -1.804764310886954786e-03
1.307615559347194903e+03 3.506627226267022479e+02 1.565554937844988725e-01 6.232508502214183926e-02
2.221380537384999343e+02 6.018615334163939679e+02 2.525656572051684368e-01 -4.145304076130084669e-01
1.163113222836747582e+03 2.096830561508287474e+02 -1.447299563704579524e-03 2.708169555622062970e-03
1.204367760889753526e+03 2.010020538459712611e+02 -1.341623506651684269e-02 -1.135527960365219965e-03
2.671850906701398571e+02 6.969204341700634586e+02 3.529447333318834566e-03 -3.650723709524349245e-03
1.020293929448859785e+03 8.062761018540279565e+02 1.819713936293458709e-03 3.199822936940198556e-04
2.747793576900116364e+02 4.582247699969066730e+02 6.188790008708327031e-03 2.106457889357981617e-01
2.725410378700381671e+02 5.225332622569188743e+02 -3.755790613587069171e-02 3.035982466285920278e-01
2.056766919787523022e+02 6.233564813576768984e+02 1.660789387054690258e-01 -3.481510409890323787e-01
1.726885302247079892e+02 5.123456128012081763e+02 9.687888481214075587e-02 1.097156770397068742e-01
2.267784303085200577e+02 6.744402811874155077e+02 9.232966740342752818e-03 1.203447494631201126e-01
3.052761825105551452e+02 4.600016876115618629e+02 -1.357482331829852271e-02 3.736883023292995008e-03
1.161311354806326108e+03 3.108472825926772884e+02 2.374507269793893760e-01 1.825973397241963947e-01
5.284692898801214369e+02 4.346760157920131178e+02 3.619621799889455836e-03 3.016898387080787190e-03
8.770466221297637333e+01 3.597076895080464851e+02 -1.203433349447403586e-02 -7.545953082596119389e-03
2.448127804272374703e+02 6.326596162305880853e+02 -1.488265145427515937e-02 -1.577420980808737780e-03
1.812153827740072245e+02 5.064894539351167282e+02 1.117222982784400326e-01 1.231884303654715296e-01
1.276601038143973028e+03 3.007297825464636389e+02 4.520079092949885052e-02 -5.625594625271929800e-02
7.862979891312691052e+02 4.087219432399852508e+02 1.237731681010583373e-03 5.023412169571831939e-03
3.925806935761413001e+02 1.086946021638092134e+03 2.914193332841678169e-02 3.174027975328364559e-01
2.525112523163691947e+02 3.354250893963551334e+02 6.908500363519128051e-02 3.017240305541831202e-01
1.109612495985705891e+03 3.478675247173616754e+02 1.131438485860085802e-01 3.059869653268868506e-01
9.420923637118686429e+02 9.004361990330928620e+02 1.177991421954206752e-02 -4.832988867027585705e-02
9.914403707144111877e+02 1.898831140743079402e+02 -1.938725364498798676e-02 9.147048163386314878e-02
2.096546516863800775e+02 6.878584320072627634e+02 8.330674937919056375e-03 2.070453165623632307e-03
2.553765902075673750e+02 3.991142882964875298e+02 -9.291710830905146323e-02 -3.534211375264434962e-01
5.898100615069963624e+02 4.579178997395441684e+02 -3.586149741146987119e-02 -4.745362823178644537e-03
5.119309766094890506e+02 5.024698121976479683e+02 -2.473922945159869134e-03 -1.178134375131416117e-03
1.191270513547292239e+03 2.330560956322551363e+02 6.993319706153480753e-03 1.743728730764838517e-02
2.334553011877114841e+02 5.929312191850161753e+02 -1.704577675881832621e-01 2.327028138157562209e-01
3.256981906243452727e+02 5.039768607491676562e+02 6.633301292380214091e-03 1.227841012921499463e-02
1.126095725607902978e+03 2.155369928661546339e+02 3.424566332364295355e-03 5.434350262486034588e-02
1.238813856308519689e+03 3.204760486984481531e+02 3.856153464961616928e-01 1.478218130566813227e-01
1.731236784361925345e+02 6.326853892106764761e+02 -3.490532355436897632e-02 -5.290329559337499793e-03
1.129478681488368238e+03 2.141300991447757553e+02 -3.162815156151106699e-02 1.239758480609461783e-01
1.055996534641012659e+03 1.791434758596114420e+02 2.551277405941483568e-04 2.838421674906353720e-03
2.440254139355347149e+02 3.508520237745680674e+02 8.262020612517963214e-02 3.018202095154783327e-01
2.686723076380882844e+02 7.093888129468808756e+02 -2.474876750246530251e-03 -2.235796038388177150e-03
1.161857695996787015e+03 2.352939278598906867e+02 7.116646806187616747e-02 -1.324948128640053013e-01
1.102375853724480521e+03 3.313411154552874223e+02 7.051416722256903524e-02 -6.762250257974704304e-02
2.009902796365625193e+02 6.367447619920499164e+02 1.213391393649620037e-01 -3.378111198125684500e-01
1.060597514747685864e+03 2.280926987096949290e+02 1.169349919028394268e-02 7.090920993346004099e-03
1.156933602342228824e+03 3.731252735399067433e+02 -3.918553463487420979e-02 1.393860801287773177e-02
2.177960131614850923e+02 6.632530541229358505e+02 8.314584180021768189e-03 2.955262883068880339e-02
1.032704471788800447e+03 2.336623029249996080e+02 6.753291651339979156e-03 -2.477012430285912485e-04
2.826246676365997246e+02 5.485400128760023790e+02 -8.911712529957208084e-02 2.884562476040725132e-01
5.031969125251200694e+02 4.816834344520681839e+02 8.515230483734545844e-03 -3.346074655246636560e-03
2.076771569126112240e+02 5.231422647112710820e+02 -1.906935774898884176e-02 1.983956501004907613e-02
1.830967889682122518e+02 4.986686108499814623e+02 1.305518589040790267e-01 2.678358692688001530e-01
2.507985199292271830e+02 7.139536271627463293e+02 6.021320277909861934e-03 9.207988836108300934e-03
2.134221247275201563e+02 5.358357937998945317e+02 1.686772204881233639e-01 5.734505753326801097e-02
4.249053055012751656e+02 1.088951545233445813e+03 1.250191080083342676e-01 5.551724331440024973e-02
8.114528805506259914e+02 3.718657613262705013e+02 3.384322045869141431e-04 2.728822497385187829e-03
1.205254587072916820e+03 3.474258378187155358e+02 -5.170661695449167705e-02 3.690008635409286475e-02
9.410288155666438570e+01 3.585180595488228619e+02 1.060468045004285716e-02 -3.255030233760344838e-02
1.127236897200190697e+03 2.038490094031063791e+02 7.480688888844638784e-02 5.730788311921465594e-02
1.201549921075327347e+03 2.602469453876889247e+02 -2.964885231208112121e-02 6.120068914593995019e-02
1.162607583500735245e+03 1.395746245199709108e+02 1.718615360981416360e-02 4.993728342562838568e-03
6.716073460632195520e+02 1.080427289022418563e+03 -5.435241904666948502e-03 -4.520852889333024094e-02
5.305464917399953038e+02 4.265732080002719044e+02 5.626055479073068140e-03 4.220935821123394417e-03
4.838439860182180041e+02 4.487681898414978150e+02 1.093130592285924182e-03 1.469423221133093568e-05
1.213053423267261451e+03 3.460366114478283635e+02 -2.135201248253933842e-02 -3.837205403527888664e-02
2.787538602713868272e+02 4.149498679034521160e+02 6.480457742109442532e-02 2.503944296015319093e-01
1.028715198410544645e+03 1.806317138882747884e+02 -6.129874145593624396e-03 2.482698022535854282e-02
1.113380606186566638e+03 1.813687791022699116e+02 5.787276988587451709e-02 2.522143269037272276e-02
1.009637795604336930e+03 2.348933069919939385e+02 8.631667600490467666e-04 2.206088385390886711e-02
1.097245365182393698e+03 3.078754450877341924e+02 -1.921768864098573684e-02 6.541088004340252227e-02
1.190174529506381987e+03 2.537333823816246081e+02 7.732831747532172006e-02 2.565087620209986763e-02
2.995759748196928740e+02 5.494907050014686547e+02 -6.520220454761009414e-03 -8.074166611304642999e-03
2.772852368110002885e+02 6.586849906803738577e+02 5.116609924606122829e-03 -5.875452788053158945e-03
2.372691881885840814e+02 3.258333644466579244e+02 9.201082693459766704e-02 3.115789233849990403e-01
5.182523745419874786e+02 4.610187276908077934e+02 9.851828527680121306e-05 -6.786815858092295106e-05
1.056719470511056898e+03 2.881174804846684765e+02 4.707180777424384288e-02 -9.757177809820906378e-02
1.162376988879581177e+03 3.750031332953814740e+02 -1.723074993937963317e-02 1.349078897286033578e-02
1.060305084288660964e+03 2.519052069041300683e+02 -2.097870800693708848e-01 -1.377033991505172972e-01
2.781680257560707901e+02 6.352315695399499873e+02 1.298977115739867981e-02 1.227801075848075629e-02
2.261490408519215123e+02 7.150134822752578430e+02 6.736905695434096224e-03 -1.700448129972553096e-02
1.049215779975414307e+03 2.057291651863742743e+02 -3.940563267183234096e-03 -4.357198108054505942e-03
1.096495411447072684e+03 2.489196268951885997e+02 -5.365639674929604391e-02 9.253103718475361172e-02
1.235057193126677475e+03 2.847003561348209928e+02 -4.747163660635358474e-03 7.937914428417585169e-03
2.535033893610348912e+02 3.198798185852232905e+02 7.291831085715802518e-02 2.815844515098090417e-01
2.814066492453615069e+02 4.656062254393140165e+02 2.151520340985674934e-02 1.960545201499206136e-01
1.173017544217381783e+03 1.957634881268983804e+02 5.900347282973409518e-02 -1.295882950055315119e-01
1.029683562348742271e+03 2.670648107623375722e+02 3.810103977277303801e-03 1.833039683230263187e-02
3.631346691937590094e+02 1.095618684947054589e+03 8.095067371992865912e-02 2.553214769341093926e-01
9.797898522572758111e+02 8.525193197160896261e+02 2.098602869437913090e-02 -1.810314793207755055e-03
1.259058923105510985e+03 2.949598197199169363e+02 -8.998130960262102436e-05 2.090099945976902837e-02
4.919974310332299865e+02 4.484263896152140205e+02 3.903264600696144341e-03 3.372950588911997720e-03
1.127969256006750811e+03 3.417980516597369842e+02 1.559197043429821385e-03 -2.311632032630502997e-03
2.137024812560774762e+02 6.133313433294272272e+02 1.708014947002658990e-01 -3.623767749240385250e-01
1.051970905682257580e+03 2.383260336018131511e+02 -1.770273644594841100e-01 -3.431079276121066779e-01
1.072717103701349970e+03 2.951838386799224168e+02 1.466290224614945868e-02 -4.942883894518492610e-03
1.151269879566051259e+03 1.923426218422243323e+02 1.368785763403242428e-01 -8.934344074520881099e-03
1.196740714124814986e+03 2.509597967888996948e+02 1.251554466692159431e-02 -1.233036824306838267e-02
3.457285889700652319e+02 1.070699234733052435e+03 -7.052334581827282567e-02 -2.811295256879786097e-01
1.123588873715403224e+03 3.407998327939063188e+02 7.462653344844349772e-03 -5.802092572468614193e-03
1.754367293919527810e+02 4.888036916510366723e+02 1.311478921663142005e-01 1.682201314940829084e-01
1.086515226032737473e+03 3.331068073073320761e+02 3.426354600048625576e-02 -6.359669865538819522e-02
1.839645386358255905e+02 6.372501632393370983e+02 -2.445232172221665189e-03 -3.502003155910301535e-01
1.130177967460601167e+03 2.265589198509343589e+02 -4.611906375921902474e-04 -5.790054902751987954e-03
2.785318968086148175e+02 5.972369601594504047e+02 5.523993586820384431e-03 9.222360960641461103e-03
2.582755969654936621e+02 7.330921295760638259e+02 -5.824974812661812750e-04 2.875075148647673971e-03
8.385839329149762023e+01 3.384704326055669412e+02 3.043103353826120874e-03 -1.354012462818689373e-02
1.143284514675104219e+03 2.944388103018010838e+02 2.723311486848819518e-01 1.249035017094655003e-01
1.926260229025314175e+02 6.473474917696157718e+02 1.150569746445992136e-01 -1.628893486911493493e-01
1.093091953522595304e+03 1.520511033505416094e+02 -2.064095737468562008e-01 6.176215102225277725e-02
2.454189464482823269e+02 6.233134709243709040e+02 -4.736281598008197646e-02 8.962955447919533636e-02
2.141141653288356395e+02 7.099313483184953384e+02 -2.549048947812316093e-04 -5.194949286192240834e-03
2.585379910337862270e+02 5.184007675001064399e+02 1.172455049821884004e-01 -2.569656766097938028e-01
3.480038698383513633e+02 1.079679214962682863e+03 -8.731853312381805676e-02 -2.100835683279906052e-01
1.043204364656890903e+03 1.741815540416175736e+02 8.915202933883150825e-04 8.132851128933915597e-02
9.726305370354073148e+02 8.673567496600925324e+02 -9.616790237903339667e-04 7.359404458222169355e-03
1.293681643495610388e+03 3.396646179081417927e+02 4.221295954416501850e-01 3.547423088085997073e-02
1.888872960355312784e+02 6.380539704642704919e+02 1.113957693316093289e-01 -1.820935120428330001e-01
5.334540467876335015e+02 4.125277428780659648e+02 7.712638111492956319e-03 6.581808873862667747e-03
1.158877356318617785e+03 2.676180062159673412e+02 3.798226678704345188e-02 -1.369368694866087387e-02
1.894423580439202510e+02 5.849414072693679145e+02 -1.094712634193323667e-02 -1.663156456894133300e-02
1.087148233788590460e+03 3.565279532595075125e+02 9.496263864077794659e-02 -6.691721783856652284e-02
1.193520453614185499e+03 1.831576323719278321e+02 6.313585005367651493e-02 8.054558603229710831e-03
2.631105325036821228e+02 6.439310724691431460e+02 5.676209642799447119e-03 -8.751556741499320891e-03
2.227844100843305171e+02 6.673504300469958253e+02 1.346788779444248532e-02 1.348550930688003670e-02
1.729051055183834649e+02 4.942235720954816998e+02 1.217701194303185963e-01 2.585022562705596716e-01
2.680524036879103846e+02 7.079985306394577265e+02 -1.736616476248090297e-03 -2.240512803806185733e-03
1.143488305758955448e+03 2.408119617631029428e+02 1.870636460321763866e-02 -1.995158286500841108e-02
1.132916416637384827e+03 2.640608538286631983e+02 -2.594821147959689572e-02 3.953143451255708429e-02
1.157606611858226415e+03 2.500365407979750501e+02 1.133202765923295614e-02 -4.745217364243818625e-03
1.146455471601970430e+03 2.795711435963822851e+02 7.594703856554640975e-02 1.917986214273930679e-01
1.105966513347724231e+03 2.067163981907544326e+02 -2.178673761412331655e-01 -3.963740911232180308e-02
1.088911390197052697e+03 1.849816886522803827e+02 7.513396806237608583e-02 -1.132320486802790016e-01
1.076855812986719684e+03 2.250374892919253966e+02 -2.412793120852421268e-03 -4.445991828092646370e-03
7.709046722416837838e+02 3.985426454924414088e+02 8.203545714452418688e-03 4.674421082279142485e-03
1.219203815310681193e+03 2.494337027754075109e+02 -8.879442171005000328e-02 1.049382495981153324e-01
1.180282842663987594e+03 3.619336938897971550e+02 -9.804865701622520781e-04 -5.763012771302485938e-03
2.217079421910322594e+02 7.690230042767550458e+02 3.103468974536837961e-05 -1.210051837499292971e-03
2.660954481534442948e+02 4.175846354465127774e+02 9.020966039733516184e-02 2.342268822650001581e-01
1.270754470830926039e+03 3.337416401569923892e+02 5.093005207494760711e-01 -1.332324889563384594e-02
1.045807800333345313e+03 8.532769012037449556e+02 -4.763291343800729431e-03 2.287933842080171459e-03
1.095028316480399326e+03 1.899186214315953691e+02 2.767101141266254880e-02 -6.484487065885155554e-02
1.916956254424260351e+02 6.148026120760852109e+02 2.259483789713815638e-01 -3.577812846741832420e-01
5.418151008530090849e+02 4.851823512098533229e+02 -1.752557107956818211e-02 -1.233136600844621407e-02
1.005256757657425510e+03 1.955245952239334031e+02 1.993773171098988869e-02 1.172578553492598930e-01
1.303953105498299010e+03 3.414060688345657013e+02 4.157301035935537237e-01 4.402793241237228788e-02
5.307826901054614837e+02 4.866793939849403046e+02 -1.720419477740425460e-02 -3.309101168226228490e-02
1.043834112634454414e+03 2.189698390762700058e+02 -2.070951386554354626e-03 -5.408879772182308013e-04
1.081623886937431735e+03 1.893792712137405942e+02 -3.693295328170620451e-02 7.801590924634164981e-02
1.160967343385204686e+03 2.277521502863714034e+02 8.684811164988875953e-02 4.096687327184787841e-02
1.847510496882756570e+02 6.190671421118223634e+02 1.283026037946370934e-01 -3.559650800786076652e-01
2.732842473945792676e+02 6.835990647230363493e+02 -2.626140920552997009e-03 7.830356148675023803e-03
1.238469442011933324e+03 1.269010875340388509e+02 3.638048707221956668e-02 -7.816748909234155773e-02
1.968041918459825581e+02 5.242821937303892810e+02 9.205702620574161832e-02 8.367916954015137271e-03
2.400026454672535010e+02 3.070676084603344975e+02 5.252945272253118497e-02 2.625108990880191673e-01
1.143311827476598410e+03 3.634860696589175859e+02 -1.299222201330756978e-02 2.240160297274713681e-03
1.043294081900643505e+03 2.005770456154386920e+02 1.959166381182703056e-03 4.422239275019969156e-03
1.114120079330296676e+03 2.088540757756338735e+02 -1.186596961640487280e-01 -8.010817534973845022e-02
1.201282314890399221e+03 2.270837297076274126e+02 -4.345694106574744461e-03 1.515884188310424353e-02
2.597705402134026826e+02 3.598846217794448421e+02 8.582174553557715690e-02 2.989227980267394336e-01
1.785029219886317549e+02 4.841544063234678674e+02 1.762502126587267293e-01 3.092354453865878705e-01
1.066601189759897125e+03 1.674973362125309961e+02 2.749048217222852322e-02 -5.060618281862788552e-03
1.045528023073679378e+03 2.273148639718417598e+02 -1.811881090567252564e-02 -4.212707184975364449e-02
1.071814524409558317e+03 1.602549877022541693e+02 4.927481121943344533e-02 1.759475577329983054e-02
1.181798943371534961e+03 3.713330912089908793e+02 2.325601426317547293e-03 -4.927758139828064543e-02
1.099453941957989855e+03 2.278379970265697523e+02 1.771685329891437358e-02 -1.092472409373481355e-02
1.213329979489987863e+03 2.247446193006083206e+02 -1.186477654517234699e-02 -2.733625212540293989e-02
1.571024912130625921e+02 5.269666174586656098e+02 2.606744667547543012e-02 -3.459084947794291987e-01
1.674540468686927568e+02 4.964233724907451233e+02 1.473890062706976478e-01 3.393973019953752668e-01
2.507675417912166438e+02 5.215891880770318494e+02 1.179905665249910696e-01 -2.770403593799766750e-01
2.120278596697986302e+02 6.638149857213201130e+02 -7.634308681708772137e-03 9.414874830788962090e-03
2.841269682078680603e+02 4.572822546184024191e+02 2.543775190335349073e-02 2.425076533338718088e-01
5.593493212861536676e+02 4.968381213963040750e+02 4.650340843516275260e-03 1.395221468390453468e-02
1.112165027072421253e+03 3.279535264415585516e+02 7.989589721528557453e-02 2.606278523261310598e-01
2.593428926733778326e+02 7.532203026448322589e+02 -4.540793118187075143e-03 -6.391778101292482084e-03
8.912775948186978212e+02 9.329577053112814156e+02 -6.726020186394172755e-04 8.074466696686151239e-04
1.096211366497502922e+03 1.608598358249629428e+02 -5.786482719624684579e-02 -9.055842845925152207e-02
1.965701280405104683e+02 6.620316913947843886e+02 2.002623481392085125e-01 -2.416195720496127908e-01
1.118660412447259887e+03 2.247431283428248321e+02 6.125901414903486136e-02 -1.666838026372953752e-01
1.279148721030395791e+03 3.555118617714958873e+02 -2.254043426315522347e-01 3.918193518582955837e-01
1.983584834458715136e+02 7.154806982766428973e+02 3.584770967767814814e-03 5.677559385880478170e-03
1.166159607404794542e+03 3.064900207635316178e+02 2.343993099761802479e-01 1.871702703541586743e-01
2.476578279264578839e+02 5.891168205351139022e+02 -8.864999907381654332e-02 3.198495102286406655e-01
2.094156215140197901e+02 6.507457834670618695e+02 -9.178038381074048180e-02 2.401908503381174342e-01
1.046788939217060488e+03 1.810439708728185906e+02 4.779637543335341771e-02 -4.390341888034207662e-02
1.267977342721405876e+03 2.997876109633349415e+02 5.278405422601595981e-02 -1.315902864925926896e-01
4.638844720992632347e+02 1.100126933730450446e+03 -2.482350541299091842e-02 -1.091096798992251780e-02
4.920728848753889793e+02 4.829804935974807449e+02 3.286504927562454350e-03 1.528993463629193736e-02
1.017592952615114541e+03 2.155933486217232939e+02 3.152948593323986332e-03 -5.970267256911960911e-03
1.146967908589416766e+03 2.492490331419292318e+02 2.401216559220819072e-02 -9.150123107723536278e-03
5.598464738080848520e+02 4.985830539448870127e+02 1.779926552947196094e-02 -4.605335038711607168e-03
1.006541505899740741e+03 8.324251246048573876e+02 4.710269984312331730e-03 -6.808651509370253208e-02
1.157002166776913100e+03 2.234804361798993284e+02 -5.368380225540932138e-02 8.755060694526548004e-02
1.170768202873776090e+03 2.539707106955959262e+02 1.201431024272551357e-02 -1.864857884589810077e-04
8.265736919079652978e+01 3.437661801352668931e+02 1.675104025300105937e-02 1.468854249272954875e-02
1.273417293164253124e+03 3.086728623748356881e+02 -1.929135663850706228e-02 -2.789895007059241608e-02
7.172016421263670054e+02 4.758160853584360552e+02 -2.244332846712401072e-03 3.119002160790529388e-03
1.301789997781199872e+03 3.479223786071938775e+02 1.544726129488935840e-01 -1.111976083267798288e-01
2.450239077425382845e+02 2.960817595947798964e+02 7.153956541905561600e-03 1.815258238510862043e-01
1.285353521145870445e+03 3.414640015010904222e+02 4.488068387282589389e-01 -1.027720603029400187e-01
2.225272139840927821e+02 7.051855964285351774e+02 -5.470679753171759328e-03 8.746601485577921303e-03
1.177619274836400564e+03 1.873213444317484004e+02 -6.241504786784794062e-02 1.440016383516472542e-01
2.572572195635377170e+02 3.673634739233133928e+02 1.258292866793391807e-01 3.113189049921978313e-01
5.152475863406383496e+02 4.864500246209418037e+02 8.175907818820282030e-03 -1.834735955886075687e-02
1.204745472562361329e+03 2.133587624147424719e+02 1.896551857223215121e-02 -3.810286994073548011e-02
1.127964729082236090e+03 3.275127957372648666e+02 2.874434239411817193e-01 4.162756704127895668e-01
1.296569454399254255e+03 3.310552165394809663e+02 -1.736381712216931300e-02 1.073059403751659702e-02
7.064286186128464351e+02 5.828275113650696539e+02 -1.452634514321072667e-04 2.282608465217587316e-03
1.084816094471784254e+03 1.826353253187945711e+02 2.629183484646091529e-02 -2.937171967784232493e-02
1.113828016078226483e+03 2.027660320218725190e+02 3.537716651870629336e-01 -4.068703494448792646e-01
5.206085232231527016e+02 4.424914907410551450e+02 -1.499500046398338695e-03 1.007076384353808828e-02
1.210811519150961431e+03 3.517992947479674513e+02 -5.508631183831994571e-01 -1.784333792453210721e-01
2.443448585743405488e+02 7.100188301082738462e+02 -1.471752827699336370e-03 -4.042017172954122557e-03
2.870285623619087119e+02 4.327337585300748515e+02 3.094250613043213471e-01 2.308328642186148472e-01
2.986242753940053944e+02 6.104309440152181878e+02 -1.443018997597720829e-02 -2.656846608689749645e-01
1.917469148141685480e+02 6.586575880081672949e+02 2.229613796622007538e-01 -2.761384570034273733e-01
1.947086902349226989e+02 6.658506538768849623e+02 2.231785478401730471e-01 -2.732397256813005604e-01
2.592722861236118206e+02 3.964179851305987654e+02 7.660452694882083358e-02 2.874324132013172939e-01
2.742995500408013640e+02 4.931226868221672817e+02 -5.363749906400176737e-02 1.817806035112533303e-01
1.885871712577798291e+02 5.237465526451584310e+02 6.712418705952513664e-02 1.260221037351148821e-01
1.124896919601468653e+03 2.759224854859862717e+02 6.832475848019233140e-03 -1.832115971491532491e-02
2.416257279722634337e+02 6.748696668533007141e+02 6.310252760202040775e-03 2.262542148103976764e-03
1.517590193254934547e+02 4.549110204230310046e+02 7.851082253945864883e-03 1.973300752707700736e-02
1.093732927901660560e+03 2.152121741190194939e+02 -2.766564614424169011e-01 2.545373545982824726e-01
1.158398971536965519e+03 1.943798065948826093e+02 -8.636324124417374404e-02 1.751637919750497208e-01
1.007635859470965102e+03 1.635909736390944147e+02 -3.551428452082665971e-02 1.437246233702266620e-03
1.007840166886468865e+03 2.113120463690947304e+02 3.788910062632687425e-02 2.052886607623182619e-02
1.070888932825027268e+03 3.423324744576502781e+02 -2.365659081313504705e-02 -9.714211388852082851e-03
1.213912936618027061e+03 2.522283707710548697e+02 -6.202077159554499237e-03 -1.313366174533026759e-02
2.620608805520453757e+02 5.045657011609725373e+02 1.703457966152276126e-01 -4.740280811975508546e-02
5.037381181284686136e+02 4.670414966708830207e+02 -3.457125353902380099e-02 1.334525195793451746e-01
5.157733327534871250e+02 4.746961765607451298e+02 -1.615128885759986588e-03 -2.530322752603076427e-03
1.541833290770159977e+02 5.432119024660204332e+02 -1.740317502625068624e-01 -3.945700557883596860e-01
2.817153359639052042e+02 4.357698538162399018e+02 2.199253734778672253e-02 7.902142626743824394e-02
1.264318818881470634e+03 2.867842935887888984e+02 -7.865531684474547092e-02 3.291086426554912236e-02
2.334835869557057322e+02 6.414019033673015429e+02 5.007436135212195438e-02 -1.731926532178817979e-02
2.494790259486400146e+02 4.029651065182162597e+02 -1.954934982420527059e-02 -2.021273785907976295e-01
1.094024250423113244e+03 1.743979342344264012e+02 5.816103158454391520e-02 -4.170509910670074788e-02
2.478419680702253913e+02 5.360226342475799584e+02 6.237238924060944933e-02 -3.030603519416012470e-01
1.030230557039330961e+03 1.875434144958798015e+02 2.322230895313926596e-02 2.603261495943153675e-02
1.093208060205456604e+03 2.409444164214199589e+02 -2.522950774477976735e-02 9.438678659095482010e-03
1.566048318040821243e+02 4.858966980703717695e+02 1.538267510637056079e-01 1.766738988239235919e-01
1.116323675475239952e+03 1.721932704184074794e+02 1.468647889098755044e-01 3.574906283242677146e-02
1.135535117732259096e+03 2.182261839301711177e+02 -8.645150595329737647e-03 -1.994382258665674257e-01
1.220564859673126648e+03 3.723090855321479467e+02 -1.311472762047601326e-01 1.167812560938355504e-01
1.122848066348758948e+03 1.602835014076532900e+02 3.087009813589247642e-02 -6.366122160106105210e-02
1.153787693556994782e+03 2.899838725053371036e+02 3.818518455542029288e-01 1.271830837607776099e-01
2.631025481318324637e+02 7.071679119731732044e+02 -8.461313790324507048e-03 -1.342131081095690806e-02
3.097646353740818768e+02 5.693315741022325938e+02 1.154090071724210402e-02 4.302698367090686260e-02
7.841901934879608689e+02 9.598274028364471633e+02 -1.232886202464961991e-03 -2.218255074686632127e-04
8.656447872480718786e+01 3.500150363611397779e+02 2.230004686681805182e-02 -3.989053853214525464e-02
1.038692106511051406e+03 2.823605711064387833e+02 4.566382987983767620e-03 3.675879608476019956e-03
1.902546482651204087e+02 6.742094505183563342e+02 1.424710788506678982e-01 -2.070620511186099799e-01
4.654279257232948908e+02 4.555179106121061636e+02 -1.938203619186888021e-02 -2.117810705556385370e-02
1.074301595570669178e+03 2.580103157966553908e+02 -1.582379885865415892e-01 -1.669068098822864277e-01
1.161355910440229081e+03 2.020042131104921452e+02 -1.163729529925708744e-01 1.113965029394071576e-01
1.168007195032550271e+03 2.058295662414439278e+02 1.981010868908365027e-03 -3.332289514514413103e-02
1.261130690221419854e+03 2.777163262340384335e+02 1.195101049655442234e-02 -1.524164410954671582e-02
1.062152596067591048e+02 4.061902601131793631e+02 3.441733695485720279e-01 2.754483632488540779e-01
2.583338644527322003e+02 4.973261033331917815e+02 8.962912620719634682e-02 -2.043355890155658106e-01
1.181475074293851321e+03 2.024448675007367342e+02 2.213520817440439714e-02 -7.733500587536128179e-02
1.252891626759156907e+03 3.265094097330638760e+02 3.387577219623381236e-02 1.089653554189794760e-01
1.532316636681010493e+02 4.934042575300621252e+02 1.498068940629243284e-01 2.024987950046247820e-01
1.102254815520056354e+03 2.395921595922791596e+02 -1.167127318571677640e-02 -7.378431447255213993e-02
9.608641371005182918e+02 8.354244734746131371e+02 1.729226938744924833e-03 9.592682616068751514e-03
6.700654192280767347e+02 1.101253363342841567e+03 1.384368302626626246e-02 1.876162560639234702e-03
2.343783155093777850e+02 2.948860291609000797e+02 4.960156334742726186e-02 2.305542148779582134e-01
2.600460537680677930e+02 4.193979528928940113e+02 -7.940853263668061490e-02 -2.461793242410185989e-01
2.941400978082835422e+02 5.035583272173960268e+02 -1.679825081817190591e-02 4.552685769669042593e-01
1.198763982512660050e+03 2.018066128988963328e+02 1.865608943994036956e-02 1.727950700334106651e-02
1.127772892029795230e+03 2.842894114603939784e+02 3.111321078613202840e-01 5.324773069478198895e-02
6.656954753089067935e+02 1.078432479754336555e+03 3.469657659989321824e-02 -3.491533141819356395e-03
1.097454525581018970e+03 2.289858376917357816e+02 5.538687222600525289e-02 2.852076005256895530e-01
1.051348030246384951e+03 2.998726725237590358e+02 -1.138992117319048702e-02 8.642642551576913690e-02
1.170219902233511448e+03 2.331675788078469509e+02 6.830203735717077507e-04 -8.167077858927158582e-03
1.216783912476928890e+03 2.826207696596891878e+02 3.215228224875814333e-02 -3.742333284595970866e-02
1.178271720284385538e+03 3.681909839875194734e+02 -4.010661937447614761e-02 2.109919061720947134e-02
1.574264117317882494e+02 5.512620446883680643e+02 2.856756892706419429e-03 7.394363098104473481e-03
2.301747027659436640e+02 7.195387810927170449e+02 2.456095236000263235e-02 3.888766595696324657e-02
1.128616350734803518e+03 3.306169502832589728e+02 -3.347292527230690262e-01 1.288150122471571658e-02
2.632649843973854331e+02 6.872878297431847159e+02 -4.108429845869988883e-02 1.023371266849370034e-02
7.634518082796209910e+02 9.624716811282344224e+02 -4.415036656961915211e-03 5.815892822164684881e-03
1.018060461721150887e+02 3.971370221327294985e+02 3.297720581634948078e-01 1.836586866636167881e-01
1.142163521782995531e+03 1.985359005649945914e+02 2.161510870095071507e-02 2.678621730089872921e-01
9.942831127036823773e+02 2.194445196570185885e+02 6.871738996431986032e-03 -6.233658337410190320e-02
8.787133059870242278e+02 8.720180302793544342e+02 -1.097265261108759660e-01 -7.712643706554445089e-02
2.442281183717367696e+02 3.189788802976685247e+02 -1.046327663504604578e-02 1.475637118415240867e-01
2.806173918607373139e+02 4.125209436233745350e+02 7.326372412023829384e-02 8.178526348437369087e-02
1.027312737500507183e+03 2.389265964871457300e+02 1.093959057534448220e-01 -3.514178868579778681e-01
2.821554452024590205e+02 6.780820770666161934e+02 -4.408640048352421154e-02 -6.932852866079404486e-02
2.161841217242286746e+02 7.661086077021311667e+02 -2.748696956426275109e-02 -2.028639837017540137e-02
5.340990929969730132e+02 4.138523643427926686e+02 -1.021809159462034461e-02 -4.118211110763228544e-02
2.566529457666609915e+02 5.568060826709258890e+02 -1.351891159047700908e-01 2.472480171643761937e-01
5.742727477906319109e+02 4.970539987683992535e+02 7.368589544146036214e-04 2.230741495105171765e-03
8.816728029478506414e+02 1.100561876977554903e+03 4.342051561505084383e-04 2.373108279597444231e-03
2.779027037042491770e+02 5.084799048128551249e+02 -2.763815780482178561e-02 2.800228799813687663e-01
2.045038187647427037e+02 5.177872406987906970e+02 3.267636509641767828e-02 -2.433492951360329004e-02
1.219840503863270442e+03 3.364680830938680742e+02 -4.695224784778768701e-01 -2.227422215743317946e-01
2.777682319792750150e+02 4.586545088579410958e+02 -2.656544651559755721e-02 2.953555828464722310e-01
1.153770712060339065e+03 2.731196592012257156e+02 7.934220954372506185e-02 1.201852184619767172e-02
1.301921235568486281e+03 3.032978419121247384e+02 -9.360873458693674820e-02 -1.171964507582892168e-01
2.164885623996796369e+02 6.682114167246477336e+02 -6.283225235927503149e-02 -3.965409105893513697e-02
2.178104578625504928e+02 7.705313232394373699e+02 -2.861383387276461576e-02 -8.825054972616186433e-02
1.020150573681189599e+03 2.181484928499425848e+02 -3.957377068405397436e-02 5.846409271348988745e-02
1.185621278292766419e+03 2.075646171147816688e+02 -2.250960225516488930e-03 -5.016103807709934581e-02
1.945684054535920495e+02 7.039577766568449988e+02 1.142724459803995743e-02 3.520349273566504567e-02
1.906225766544449982e+02 5.297315580442042346e+02 1.966085760622096890e-01 7.040366708723208578e-02
2.387467634930738427e+02 5.244478292348879904e+02 2.045427224051366011e-02 -1.750806917879929592e-01
3.045110362055634141e+02 5.235830779478695831e+02 3.157035800326671998e-02 -2.229931548462055820e-03
5.926627564454138337e+02 4.583098201473631548e+02 2.741408178853329755e-02 -6.592536130012506372e-03
8.225822417945975076e+02 3.953254122550653733e+02 -6.641104444327083911e-03 -9.079919681227011097e-03
1.003518150145305640e+03 1.990948244178816537e+02 -1.676665099981196894e-01 2.173207183806787068e-01
1.102307904498642074e+03 2.184163096744876782e+02 -1.059707899691570004e-01 2.337641899339075735e-01
5.205433376481394134e+02 4.342780498503319677e+02 2.431604593608391665e-02 4.776179147561903510e-02
1.029082217582038083e+03 1.985192241331720027e+02 1.216514571381664550e-01 6.926453839347984642e-02
1.177405098900843313e+03 2.403205909403195619e+02 3.921714396539335845e-02 -8.290297064825197237e-02
1.109476355252784288e+03 3.255143490347106763e+02 3.650395434306469289e-01 7.054328460898554032e-02
1.311369212188348001e+03 3.310517766072665040e+02 4.033403858559617694e-01 -1.082062572199727346e-01
1.015150888327769167e+03 2.739267987698323168e+02 -8.660395214500719039e-04 2.303502111914212946e-02
1.124630841734359365e+03 3.152249402335811510e+02 -1.420532610487536263e-01 3.997464192064512645e-01
2.770927551092826207e+02 5.860436763358183043e+02 6.438191107401773638e-02 2.027636326826609547e-01
2.548070266461996880e+02 7.087614477200327201e+02 -9.832046306478048336e-03 -1.520079341784708049e-02
1.488596772702514954e+02 5.184005905183205414e+02 3.025645932178959441e-02 -9.047439247958456721e-03
2.943586662912467204e+02 4.850408829395760222e+02 1.887563925916682823e-03 1.878895310821193931e-01
1.125388545438024721e+03 2.408007479325129623e+02 1.277798925285754672e-01 -1.956391580973889655e-01
1.169699277136037153e+03 1.800027634218851063e+02 5.732243604184490693e-02 -8.990981840137445003e-02
1.492754671272402049e+02 4.878029268338674456e+02 4.490640960020471362e-02 3.313861208078492521e-02
9.973787097543780646e+02 1.649870940188486088e+02 7.330897243123217499e-02 5.836083209566993169e-02
1.101579934187163190e+03 1.929513222985932828e+02 1.189749134919111384e-01 -1.809927323281243505e-01
1.122104920122974818e+03 2.345220859818030590e+02 1.431620255887082749e-01 -8.730577505777233904e-01
1.036589140302839496e+03 2.983563970845101494e+02 1.625769744450735604e-02 -2.552967425962151399e-02
1.086502729484789143e+03 2.025201882867388861e+02 -5.274088133930692618e-02 1.693224536608555486e-01
1.118131183973626094e+03 2.165073569462445278e+02 2.870411272927715987e-02 1.982194510937852761e-02
1.085804516828875876e+03 3.381361240094425398e+02 8.864935235654533216e-03 -2.707716256056376739e-02
1.176628751269218128e+03 2.240145195943632359e+02 2.945670591998350574e-03 -1.336511372083274730e-02
9.678305417973789417e+02 8.248429529636197231e+02 -9.196308669124341265e-03 -2.002565583304911218e-02
8.201090792730208250e+02 1.102203383543012706e+03 1.319824784079375903e-03 -1.905787070629432790e-03
1.520654340498302020e+02 5.420123430094139394e+02 -2.094045217620887911e-02 -3.881716822434100322e-03
9.992367354494699612e+02 1.931261433430463512e+02 1.123648410931679109e-01 2.214537079980871681e-02
1.260912174657220930e+03 2.691570682480835899e+02 3.019731992949914456e-02 3.055766824881089860e-02
2.515966606200296098e+02 7.050972592265762842e+02 4.572055740933222978e-02 4.989687968952694064e-02
2.760624148858058220e+02 5.278070414896409375e+02 5.106847158836152339e-02 5.272112861163285036e-01
5.164630047918891478e+02 4.362095945547436031e+02 -3.604276102058585202e-02 5.781227198052159982e-02
1.027568971464974993e+03 2.689415723322479153e+02 -7.335981017097635559e-02 7.106071374375590166e-02
3.199143515196137173e+02 1.098082465496775285e+03 8.809271704867731312e-02 3.078855618134639371e-01
2.902262589647058917e+02 4.406649305554590796e+02 4.241439577802452732e-02 2.377835454976017504e-01
4.635542086905793440e+02 3.925809232547780994e+02 -1.060911745914457473e-03 4.819950283888374543e-03
5.637328741527188640e+02 3.784359523082010810e+02 7.997844331100623094e-03 -4.085095539318217561e-02
7.108013748458108694e+02 4.265289977170318139e+02 -2.125019271621416458e-03 -7.851289395296134899e-02
1.063853361921797841e+03 2.085983780135088068e+02 1.609022433418279621e-02 7.740092243601282007e-02
1.023716501297403283e+03 2.369119304062530205e+02 1.621097184494146859e-02 -3.990602230523639798e-02
1.147664213646670532e+03 2.642134738509079170e+02 8.336860762407619432e-03 3.752774760727106695e-03
2.204570111583496157e+02 6.774740522155616418e+02 -4.681806979316149864e-02 -1.870096743539306772e-02
5.417146595756906891e+02 5.041179564025239301e+02 1.304422996353575039e-02 -1.096692155998842642e-02
9.609707708129947150e+02 8.731557749474166030e+02 -2.109725163192403483e-02 -1.138632303991471417e-02
2.791453078501006075e+02 4.268073623709078674e+02 -2.552550992652413697e-02 9.177090924993080989e-03
2.915689192079785812e+02 4.730883853285899932e+02 -8.959796667311366314e-02 2.455876372727061607e-02
1.114867851443970039e+03 1.697128380523506621e+02 1.488501151493437646e-02 2.717140279991611118e-01
1.129218764739285916e+03 2.220117814036208301e+02 4.545778469951074208e-02 -7.870109537400367394e-02
1.218912219529287995e+03 3.129314303204352541e+02 -9.677351805262332518e-02 3.280178351731365405e-01
1.092509668796225696e+03 3.585064070841347643e+02 3.645556936917273422e-02 -4.074750687274217992e-02
2.328435105106013339e+02 7.104817656264608559e+02 -3.191294074093775721e-03 -6.825164677211432995e-02
2.789052229293675396e+02 5.270407915631262767e+02 -7.257571417000008296e-02 -5.370060022147526979e-02
2.620430650270503179e+02 5.295985968750736674e+02 1.790046269036196236e-01 -1.790851071052657062e-02
2.887216630794791854e+02 4.327232445509790750e+02 -1.135937548805543429e-01 -2.323496097346406941e-01
1.070663854569725800e+03 1.577903043900844011e+02 -5.421743197263140246e-02 1.484223975948992802e-01
1.112912358294759542e+03 2.192904525009063548e+02 2.493688254168091589e-02 -2.078447350460947973e-01
1.114477186363912779e+03 2.239287237246941800e+02 2.534718258530119783e-01 -1.032872723536044646e-01
1.204295910884958175e+03 3.705174411906680803e+02 6.134039022807087349e-01 -6.136657190929355465e-01
1.191357273003902264e+03 3.861207679589790018e+02 -7.220703836406983100e-02 7.513498752925329427e-02
3.155916166291745526e+02 6.244781419201901826e+02 3.620008287671794278e-02 4.773794735913838849e-02
3.354209645751583935e+02 5.503409988705072919e+02 -2.121621307466625694e-03 5.600617574685884392e-03
9.200078006622231896e+02 1.102464936807393087e+03 -1.208811874025172983e-02 -1.764892575357634996e-02
2.008768782627707026e+02 5.268355721434618317e+02 1.092702887899103387e-01 1.773737773580705834e-01
5.062614800766337453e+02 4.440092228676346053e+02 2.493308841904233117e-02 -5.430480808864027870e-02
1.069080710871196516e+03 1.819739216981376160e+02 -1.728165907069675600e-01 -1.082275552734775631e-01
2.539935013713772491e+02 6.409780121172379950e+02 8.507098226829157284e-03 9.962556216222158423e-02
7.274841539991795116e+02 9.303350943311106676e+02 3.796505750233336585e-02 1.473930308672303678e-03
9.260056347089555402e+02 8.876837147703178061e+02 2.891648023095664752e-02 -2.053613597805300020e-02
2.720398742235796590e+02 5.269884907692101024e+02 1.171946917796162779e-01 -2.840218437875137170e-01
5.391622192839698755e+02 4.683342474112492368e+02 3.102461162330882871e-02 3.466224866392053627e-02
1.080242300089946639e+03 1.657666986594277319e+02 3.199644772938654569e-01 -1.584432796418013822e-01
1.224586976705926872e+03 2.426774125245294442e+02 -6.840963794684284949e-02 1.202268280854781324e-01
1.126491364064119580e+03 2.844152075877615289e+02 6.480603957015773631e-02 2.621758298865870529e-01
1.125114303665285661e+03 3.235393736353663030e+02 2.045426721497278777e-02 -4.471523718026162442e-01
1.280964071712041232e+03 3.448203903407566031e+02 8.886283094523150794e-02 -1.887362957368452498e-01
2.227430604784701131e+02 6.343339830061647717e+02 7.857964756145463525e-02 5.408045911434555819e-02
4.701043179306907405e+02 9.415911624013237997e+02 -3.799364695993290297e-03 3.454345897807797883e-03
9.283683934885604003e+02 8.861918027934062820e+02 4.871070774129293568e-03 5.604390561643413093e-02
4.382502090273969770e+02 1.028925070461782070e+03 3.493296496708069299e-01 2.978102343726050094e-01
2.316368464193176351e+02 2.904706701225213692e+02 0.000000000000000000e+00 0.000000000000000000e+00
2.445982800583825281e+02 5.246553407095766488e+02 0.000000000000000000e+00 0.000000000000000000e+00
1.075956346326881658e+03 1.763889109150861145e+02 0.000000000000000000e+00 0.000000000000000000e+00
1.119930723865383015e+03 2.455475739850598131e+02 0.000000000000000000e+00 0.000000000000000000e+00
1.198881738217047769e+03 1.785508330279579354e+02 0.000000000000000000e+00 0.000000000000000000e+00
1.256237013070721332e+03 3.076953627343426660e+02 0.000000000000000000e+00 0.000000000000000000e+00
1.220519891568303592e+03 3.399790678811916109e+02 0.000000000000000000e+00 0.000000000000000000e+00
1.240935981331761468e+03 3.836023936332923086e+02 0.000000000000000000e+00 0.000000000000000000e+00
1.254620914138522039e+03 4.008676659343552728e+02 0.000000000000000000e+00 0.000000000000000000e+00
1.888108732513146606e+02 6.376557518182028161e+02 0.000000000000000000e+00 0.000000000000000000e+00
2.433761457449280670e+02 7.557791178242849810e+02 0.000000000000000000e+00 0.000000000000000000e+00
4.070393105282738020e+02 7.532480991668880961e+02 0.000000000000000000e+00 0.000000000000000000e+00
