1.337687208950114268e+02 3.823853764478805601e+02 -5.972583004599060124e-04 -1.850876058195507004e-03
2.523663783121878907e+02 4.645751146018882309e+02 -2.812128958271499588e-04 6.548816697122359677e-03
3.074335698743281000e+02 4.822349661815778177e+02 -1.578856744296757916e-02 5.141423836367228078e-02
5.634774071397157513e+02 3.788235946574745299e+02 -1.460146041561547229e-03 6.324752551940586442e-03
7.031316378487296106e+02 4.134224782917625589e+02 -4.288979951252821360e-02 -2.158176033459585294e-02
6.343325817125904678e+02 8.219748212269656733e+02 -3.200013183758717693e-04 2.152034332599970720e-04
9.124334656024271908e+02 8.059119888598231682e+02 8.484599479428166387e-05 -9.647861927172889877e-04
4.599499255777800499e+02 9.415952763284567482e+02 8.699756027186090893e-05 -1.398149313118746378e-04
9.052973826110866185e+02 9.225610325905648779e+02 -2.025871176259231438e-03 -2.344084062807125137e-03
9.004785458193057366e+02 9.284586407973497444e+02 1.177511059659712455e-04 2.229472070438316689e-02
7.067944777728168901e+02 9.926983386236956903e+02 8.384625392147094028e-03 -1.235681870787963196e-03
7.150967548505403784e+02 1.011441963567813445e+03 2.544811434515872569e-05 6.356072984839791253e-04
7.049951973752048389e+02 1.023765571539758639e+03 8.045582746539781127e-05 3.673327727638745367e-04
4.816921344188257876e+02 1.099047284947247817e+03 3.197023009774830991e-05 -7.733047318066779132e-04
7.045135400598267097e+02 1.036457038119145636e+03 1.083832159537505020e-03 -4.745919433060966021e-04
7.518860744200104591e+02 1.067539482494489903e+03 3.011670535857270269e-04 -2.377202380724309852e-04
7.455460328207561815e+02 1.071480726733643451e+03 -8.853978058573599617e-05 1.122847169255584271e-04
1.310275668744438917e+02 3.246507420999661804e+02 -1.285707005954261255e-03 -5.432789004261156032e-03
8.997493698637960051e+02 1.102172825986363705e+03 2.683408256652820715e-04 -2.784958076400732233e-04
2.531272662047777260e+02 4.821709298728929411e+02 4.342923124103337945e-02 -1.813778814099763770e-01
2.431625301860825914e+02 7.555550648157411615e+02 -1.669527164933292144e-03 4.072643091101799638e-03
6.392372999129474920e+02 3.760451487003197144e+02 -2.214175949444721278e-03 1.102315394485170290e-02
1.241197514408453344e+03 3.837021699903855279e+02 4.633021105390899320e-03 -5.623960884823119184e-03
1.178547363990476924e+03 2.358542434570860848e+02 -9.750088045783028914e-03 1.379658312475502170e-02
7.153294762188834284e+02 8.816696831487269037e+02 3.279995091343333139e-04 8.320861623502369886e-04
2.360528037410371951e+02 7.203942358800046577e+02 6.163295778040350087e-03 -8.126851937862342515e-03
2.491792667331613984e+02 7.171684176417804792e+02 -4.222393584405151508e-04 -3.909289317564321230e-04
2.424148625260980623e+02 3.875661395308682131e+02 -8.643307603678393458e-02 -2.488965622834124480e-01
2.522592699317252993e+02 7.507968573308226041e+02 1.026878538932229565e-02 1.837806241708041938e-02
8.295773766562576839e+02 3.049401819748515550e+02 -6.095992800807591925e-05 1.821414357054170884e-03
1.429436136713104304e+02 3.926724935276819792e+02 -2.707726102921742019e-03 -3.352164041498079203e-03
5.723325660996036959e+02 3.797191683981927781e+02 1.068265249073260120e-02 -1.008140175917677551e-02
9.315358452688169564e+02 8.430538310612340638e+02 -6.030979516670341607e-04 3.641270569923927983e-04
5.699064129925657198e+02 4.374923987336417781e+02 5.658906594130757618e-03 -3.468712707245069030e-03
1.006743759594617245e+03 8.136186431441217337e+02 3.302620130896927880e-03 9.458157758756734548e-03
5.018728260806566936e+02 4.350716259309909333e+02 -1.154178740756662451e-03 -1.896010146097102875e-02
2.426533241192985884e+02 7.431438096759984546e+02 -4.730087090262493667e-03 5.480397275030302918e-03
9.802558538726896131e+02 8.277557421379526659e+02 4.434318440054525940e-04 2.780502607637041178e-03
3.065850765475679509e+02 6.574785668359240844e+02 -2.838382580598523223e-03 1.151444450834959027e-02
1.013105376981378981e+03 8.180631732429344538e+02 3.336601179530297029e-02 2.566609370403691998e-02
9.408266992941038325e+02 8.349085204873923658e+02 -2.445152212864272999e-03 1.451730673989454776e-03
1.003766217126926108e+03 8.367974382162702796e+02 -1.824242860660131929e-03 1.305033296269960752e-03
2.320532126925766931e+02 7.238319935312672442e+02 -1.553940911289017953e-03 -8.176814744369003633e-04
4.821217734241022868e+02 4.374100365927058078e+02 9.832671428718171500e-04 -8.968356885259704328e-03
1.019835080154804814e+03 8.073096856651935695e+02 8.823801406866451161e-03 -2.772373957639339640e-03
1.212933422134195780e+03 2.542176011270564118e+02 -1.184141533672298553e-02 -6.021085125506614455e-03
5.479286384671078167e+02 4.420594879251663656e+02 -9.770627048161565492e-03 -2.471230453353979398e-03
2.273523202271371133e+02 5.205995790622527011e+02 -5.021062233615591029e-03 6.651019969086014762e-03
5.761565325829185440e+02 4.198206015075465416e+02 -1.578032044666416661e-03 -2.924753896252241248e-03
1.038782749487981619e+03 8.614378781117977724e+02 2.364103025799279417e-02 2.640325717816897899e-02
7.333956770862070016e+02 9.230978873892635193e+02 2.588380976609335610e-02 6.595288360157124108e-03
9.558675015420633372e+02 8.448967752357260679e+02 -9.331028362420610558e-04 -7.078102358743515324e-04
7.477080849277200514e+02 9.535970796846377198e+02 -1.157750568704794120e-03 5.955407496978097799e-03
2.658585428483188480e+02 6.667878047557885566e+02 8.191099347426292676e-04 1.531879897295919737e-03
8.247583560685092152e+02 1.102252707786280780e+03 3.124464773472847160e-04 8.717116249931902336e-05
2.456952478090167062e+02 4.914905676305414204e+02 1.848003446192822072e-02 -3.960259200005336599e-02
7.499226744895113370e+02 9.582859852155238514e+02 3.692978054107355721e-03 -1.293357378110365774e-02
5.621498152849654844e+02 4.713015946667438811e+02 -4.167066970982959140e-02 2.504419289027399673e-02
5.676758388316134187e+02 4.739182477913975049e+02 2.205119936496038879e-03 -5.444030828311277083e-03
1.204872842798004513e+03 2.314014036882326195e+02 5.799017204472055667e-03 3.697548315284562501e-03
9.121119387111087917e+02 8.463360585625650856e+02 -1.540173398212789499e-03 5.202541281153229800e-03
7.719713569899554386e+02 9.606728030668359679e+02 -1.585445603352874820e-03 6.322696965430443100e-03
7.748188192250090651e+02 9.423505199447018867e+02 -7.438871910882862738e-03 -3.007697592819216716e-04
7.732664915851921705e+02 9.486387138585690764e+02 1.032353835885170198e-02 -9.993878735884316467e-03
9.846162720047204857e+02 8.674406330696166378e+02 1.669758444346497071e-04 9.117052355681027438e-04
8.006730829502928373e+02 9.516993967572822157e+02 -2.829602945988845489e-03 1.866196372891791480e-04
2.112643449569353322e+02 6.732673547576404189e+02 -9.015162426559491463e-04 -2.709223350846081974e-03
6.193923776991229033e+02 9.358556330433948460e+02 -7.854257330226311967e-05 -3.948285633768056271e-06
5.736467991154155470e+02 4.893260731194873756e+02 7.071031460758612879e-03 -6.203447295680271020e-03
9.747354621704828332e+02 8.850444515633000719e+02 -3.489211293712476524e-03 -1.827639659809662679e-03
7.524853600117365886e+02 5.247643935663937782e+02 6.767630157863924190e-02 -3.099777557559439678e-02
7.843203918076490027e+02 9.427475328944624380e+02 -1.210376264587597304e-02 8.655073077899023276e-03
7.957907568666049656e+02 3.825555757231162488e+02 3.689425090611297194e-03 8.473872828275408678e-03
2.346291885909380710e+02 6.991452202546146282e+02 -1.034610952950433538e-02 -1.537173344098787843e-02
3.073495605396821588e+02 5.651376763725238561e+02 4.652500423185076776e-03 -1.741510546238521015e-02
8.080801932668643985e+02 4.202964737200994136e+02 -4.675113108114241139e-04 -1.942431055352240041e-03
5.891708151207219544e+02 4.027480825798924684e+02 -1.005648594328065019e-02 -4.643410649063667989e-03
1.034499230724876043e+03 8.359293634189020850e+02 2.956744964962180772e-03 -1.237552361257627164e-03
9.943056141843673004e+02 8.218515109100551399e+02 2.217906294464849597e-03 -5.316423778423887657e-03
2.271212604598526639e+02 7.267527215536326821e+02 -2.140173005821481740e-03 3.354470187680295371e-03
1.278132350617600650e+03 3.730158969096190731e+02 -9.011248389665840741e-03 1.179999375905130266e-02
2.342477188601020544e+02 6.503015950707535922e+02 -4.424612040224084990e-03 -1.190658447252518695e-02
2.261924708719660089e+02 7.667545454038107664e+02 -2.117652845206318812e-03 7.317904381973829378e-03
7.333812045886146507e+02 9.799928436847910689e+02 -9.126033769059113676e-03 1.446842047895719775e-03
3.205537069375786814e+02 5.454059164379157210e+02 -5.771169124670905148e-03 7.829364819582620635e-03
9.893155676396139597e+02 8.300074472550752489e+02 2.089433415841031663e-02 -1.402354187661947714e-02
1.050089284906565581e+03 8.554425324434639606e+02 3.261924963050596982e-03 5.972156729269657849e-03
8.273939513280605524e+02 4.011381909869187439e+02 2.515643437744632775e-03 3.756352286062126372e-03
1.018514037245503459e+03 8.316810363013734104e+02 -5.381912121221587436e-03 3.474745320288840701e-04
9.463035834469794736e+02 8.366333580224072648e+02 -1.226119567647766459e-02 -3.342014861865920568e-03
4.641477071497613451e+02 4.542707862181741802e+02 -4.648241552163176298e-03 -4.323973876716766078e-04
2.683025838582971119e+02 3.005205573130672292e+02 1.356415293886053218e-03 4.606974615340407760e-03
9.551339197948974515e+02 8.230186653679326128e+02 -1.212752695941576739e-04 6.277444464285958717e-04
8.189092162581346201e+02 9.357903270020401578e+02 3.698563105182650981e-03 1.499361328209452508e-04
8.177009592291178706e+02 9.440233671976018286e+02 -3.541391397391292772e-02 -1.019953878636163658e-02
5.492599160704485257e+02 4.334448890227233733e+02 -1.472917341474574548e-03 -2.411604411186585566e-03
7.307630674453032498e+02 9.368130203564355725e+02 -3.160390173895780922e-03 -3.455694679063985638e-03
9.297260865384199633e+02 8.609762829653416247e+02 -1.248710292937666583e-02 1.405937059303479474e-02
1.077191503051393511e+03 2.033115029097602644e+02 -3.930439386094533930e-03 5.601590161801942979e-04
7.536325234370787030e+02 9.712510584319076088e+02 -3.959429576963371597e-03 -2.733538539778597454e-03
1.030910429928096164e+03 8.260752062537030724e+02 5.708674942860681410e-03 3.380807388747832532e-03
1.020073646093783850e+03 8.147800230380880748e+02 -7.442911132801386179e-03 -6.817623294074281288e-04
1.032018012249208596e+03 2.148323217349316678e+02 -8.580792537772014006e-02 5.296992450408620490e-03
9.549173183986987397e+02 8.777214843162403213e+02 4.559370288645125252e-03 9.111979213012001352e-03
8.179984661885076775e+02 3.796157356834480083e+02 -2.083713951876261031e-03 -4.117086047001679294e-03
9.712683070064474578e+02 8.890783586817468631e+02 -5.582823891058573927e-03 3.479262855177181132e-03
9.053681522562911823e+02 8.410440788461885404e+02 -1.597859922332762550e-03 4.454347902774226028e-03
5.786598115620189446e+02 4.682836070524953698e+02 -7.052267218037597610e-05 2.992333853499774127e-03
7.908937943547992973e+02 9.233153352257386359e+02 -2.504843111190137653e-02 2.141006445304869180e-02
9.624435875809841718e+02 8.486625040901178636e+02 3.893357198887657713e-04 2.215002769339031920e-03
1.929390727396973944e+02 5.892417574382012617e+02 -1.260417209064459325e-03 1.752131663915906280e-03
2.323884448009798689e+02 6.889416952236716725e+02 3.303828083205070411e-03 -1.745256552658585106e-02
4.930044004844365872e+02 4.482572158490007723e+02 -5.959882078987938699e-04 -2.133303822212369825e-03
8.332697993760978079e+02 4.126235331822639409e+02 1.760691023563784163e-03 1.871576128838897896e-03
9.666813140602814656e+02 8.765099916787054326e+02 -3.150616058815553736e-03 -1.629284547663142966e-04
8.045610025978547810e+02 8.891146476479872263e+02 -5.105104076720649170e-02 -5.098419055040456088e-02
9.688903925857086961e+02 8.248391388917514178e+02 1.943810467213156210e-03 -8.333484130850980602e-04
7.916218814940789343e+02 8.838263291822755718e+02 3.445497758577565402e-03 -8.268475344705324137e-04
1.193415998519913728e+03 2.114913649314805753e+02 9.128788357848312274e-03 8.726718914489580911e-03
8.137476893685983441e+02 4.025101238028333341e+02 -6.901555638837455348e-03 -9.969238569537158812e-03
7.673265657463139178e+02 3.854197884828544716e+02 -2.442606286716018059e-03 -1.254156043902941373e-04
2.254825335817392045e+02 6.861694138342479619e+02 -3.688075205070674278e-03 1.779793548358062300e-04
5.597758932432662959e+02 4.177001484716184336e+02 -8.739184124505803772e-03 -2.654063921719026966e-03
9.494888304581664897e+02 8.561416578450205179e+02 2.184404183425937233e-03 -2.646649291314629154e-03
3.357563763298559252e+02 5.511183275829802142e+02 -1.054452368106859224e-02 -1.908192505223917437e-02
1.126919455025552679e+03 1.858012291435792918e+02 1.123822591602206683e-01 3.077775172737583567e-02
7.181408200377693447e+02 9.518969884710762699e+02 -9.975068584917787511e-04 -5.158098485687989893e-04
5.112033051096855161e+02 4.392331316117383153e+02 -4.323334977816512621e-04 -1.055397206487056639e-03
9.951562494320063479e+02 8.730436903259303563e+02 -9.445801281883924386e-03 -1.480510379476279595e-04
4.798091052993193557e+02 4.679119161307835384e+02 1.129720045728075479e-03 -1.768554905066990193e-04
8.840122197670375499e+02 8.706682662432556299e+02 3.429403020661786483e-02 -3.481312673391648294e-03
8.019495649647849405e+02 9.384430608067591493e+02 6.540471505026838883e-03 2.242721926229410915e-03
5.346224890570158550e+02 4.152483946702921571e+02 1.046410834627713952e-03 2.338144162442093530e-03
3.264128226454853916e+02 5.362276394525871410e+02 2.571605826164618299e-03 1.939621758350146448e-03
7.442896717312009969e+02 3.954645314939365903e+02 -2.914053284617729774e-03 -4.345498256107516426e-04
9.978732676708190183e+02 2.486616445471798329e+02 -5.091768085495090163e-03 1.291124157345472333e-02
8.507442603084047050e+02 9.314755042331047434e+02 -1.455200451249369928e-04 1.365664766216477684e-05
6.302625922129134324e+02 3.839484065220219691e+02 1.110393700716062748e-03 3.282194381302018602e-04
8.160594456627271711e+02 3.633093853615227999e+02 -1.802039556572132312e-04 -8.203140990163135336e-04
8.576546764459124006e+02 1.101606272193856285e+03 -4.552343956031180798e-04 -5.169508738906034923e-05
9.292992457020088750e+02 8.381779537847341999e+02 1.762814541282273478e-03 9.360344024425202572e-04
6.027403850109070618e+02 4.341542471684500697e+02 1.954574185718472440e-03 7.290446332216795645e-03
5.085448655041670349e+02 5.085526540789911110e+02 7.597651688066020363e-03 -6.685065211244609062e-02
5.446069132510569943e+02 4.076713697294127883e+02 1.230101924174014597e-03 -1.636518371623928571e-04
2.388257117228778554e+02 7.403972085833225947e+02 5.106384688470242024e-03 -1.896161600589129151e-03
2.312371201494233048e+02 6.482497113832797595e+02 -1.319710991668589239e-02 -4.803646640668335355e-02
5.415147470246631656e+02 4.770755003292743481e+02 -1.368843449230021901e-02 -4.037450974077962432e-04
2.333008765248052612e+02 6.033235030002024359e+02 -1.415655386415296813e-01 2.246015704472978936e-01
7.532235861056988142e+02 8.452329314655937651e+02 2.650337406613730213e-04 -1.450749214954346732e-04
9.776069057066972618e+02 8.458696933309453243e+02 -5.909071003417362212e-04 3.806792174753643012e-04
5.453052673008537568e+02 4.826453207303936210e+02 -6.429178128717530361e-03 3.427262700603194313e-03
3.207430617836573106e+02 5.294859855223021441e+02 -7.949775887380942235e-03 -4.898466479902042342e-03
3.147908570555014762e+02 4.713366799605817050e+02 1.731963262596541292e-02 1.980578849952451675e-02
9.335422013987559922e+02 8.664012261659560181e+02 -1.025126251788336003e-02 -6.053828858085526926e-03
2.695348899177344606e+02 6.094968534891863783e+02 1.187280337451103972e-02 1.051038876623986741e-02
1.063680858526151042e+03 1.802252412094844374e+02 8.974661114750530355e-03 -1.603329431426886095e-02
3.231818652150602134e+02 4.785680366166169506e+02 3.824223148649590325e-03 4.168921367801259846e-03
9.717099834589020020e+02 8.292300828748781214e+02 5.434628746430948676e-03 -2.860063739738975298e-03
2.478779612439907112e+02 7.407581189754794195e+02 8.051342683157568670e-04 3.171050410631971912e-03
2.204831735260894447e+02 6.862569287024488176e+02 -8.330004256724478709e-03 -8.228564419531009602e-03
5.058318888574064545e+02 4.432160481202454889e+02 -4.665133269798339179e-03 -3.216806847115432060e-03
6.507398942621590550e+02 4.714063911480841398e+02 9.833572962212440427e-02 3.654948287366268644e-01
2.745050980786790547e+02 6.707420864234480860e+02 -2.680585960507191751e-02 -3.233163307029687100e-02
5.888738358711854062e+02 3.755719787598956145e+02 4.746697502195509379e-03 -2.818925255438288480e-02
6.114471967942466790e+02 4.282023229561727362e+02 -2.677944954197669907e-03 2.524888041504894445e-03
3.026596734268873661e+02 6.131223593981859494e+02 3.174164346560955779e-02 -3.280163955592473425e-04
4.758996696108363835e+02 4.654781094563302304e+02 -1.387560474772118677e-03 -1.111071426991954288e-04
2.230547065515220027e+02 7.570970431535432681e+02 7.609667188516780825e-03 3.801680287659848362e-02
1.216541373465301376e+03 2.597304598753430014e+02 -3.893549270363488163e-02 3.163668521149855598e-03
5.679954356996848901e+02 4.294271828143774314e+02 3.190689946186827048e-04 -4.034063955603500035e-03
1.235148921549217448e+03 2.612640470488731808e+02 6.637823222616692602e-03 -6.695409004662744405e-03
1.016070877546357110e+03 2.738820993457030681e+02 2.545857059030282401e-04 -5.984185845995223033e-03
1.493566462395815222e+02 4.976488386461251139e+02 -2.384854653479742403e-01 -2.757427250626470205e-01
2.073179269164969014e+02 6.974752523029879967e+02 -4.349378120611049024e-03 -1.288926695370620247e-02
5.480180014677209783e+02 4.104795275325891453e+02 2.270331431705557585e-03 -2.605694076706721683e-03
2.576951729536277185e+02 5.636350115606020381e+02 -1.170335129246191930e-01 2.910160253916375117e-01
2.483597084213237736e+02 5.074792045868163655e+02 9.381626979177045550e-03 6.932369886612269570e-03
1.110965676866072272e+03 3.001227783201594548e+02 -2.220569508871615694e-01 -1.206068424587455057e-01
1.000757678309097855e+03 8.238757075679029640e+02 1.404029281311050190e-02 -4.807673140801556333e-03
3.131268851579562806e+02 5.538120902956449072e+02 2.592226564318160335e-03 -5.615300568472389106e-03
2.287870275604750248e+02 7.022064900296031738e+02 1.062424897915576275e-02 1.537238117810888448e-02
2.966130512449350363e+02 5.723242399304527908e+02 -9.632379080069921121e-04 2.637496863459802901e-02
1.053650978654794699e+03 1.874764521497517649e+02 2.017268094187099972e-02 1.702356425012382588e-02
2.665861929753752975e+02 7.383577750180181738e+02 1.265309350494792746e-03 -3.895159385571319265e-03
3.126400146006956788e+02 6.103030969256475373e+02 1.231175833254045428e-02 -1.151825734703352568e-02
1.034229294872817036e+03 8.530072023972350053e+02 3.598646472361077819e-02 -1.343788505982056354e-02
1.155566287500154885e+03 2.304293357587495450e+02 4.265483523626568789e-03 3.320435258914549576e-02
2.542277395218076776e+02 6.436574159381337950e+02 -1.119946167074851139e-02 1.590997897779959647e-02
2.739048946359028491e+02 6.525197781113488418e+02 1.278877794152659918e-02 1.772132999407728064e-03
1.209835918122168323e+03 2.194093289282238004e+02 -9.091284400080376421e-04 -1.820736888497898401e-03
2.395305896992612702e+02 3.551941210994219773e+02 -1.096015121995561059e-01 -3.864090030707771906e-01
2.086925405097155704e+02 6.555351887678950789e+02 -1.010047822557243458e-01 2.237000922046574192e-01
5.888494385758195904e+02 4.492506274707910165e+02 -1.663309244058341864e-03 1.067599497679732994e-02
2.376694634126563415e+02 6.933224900705837399e+02 2.051586827839668985e-03 -7.632090018940442325e-03
2.658919837098121661e+02 6.342065503139584735e+02 -8.448547281608905293e-03 1.790950092577144742e-02
1.208548231477353966e+03 2.086826596964344560e+02 -2.514054061951148580e-03 -1.297514575973723839e-03
1.002801241785379716e+03 8.762214871506427016e+02 1.443164365947259293e-03 -9.123867518389876079e-04
2.669840317215196706e+02 7.166970391511098342e+02 7.181329394814041454e-04 -6.978796117319950414e-03
2.636502542765977637e+02 7.250426758527132733e+02 1.449335646160500703e-03 -5.135505001816238410e-03
2.636515227737236842e+02 6.175880597092818789e+02 -1.205019047515093955e-03 4.192918739599827901e-03
1.265843080447059265e+03 3.948871818129641724e+02 -1.387544781096489675e-02 -3.289114835174676912e-03
9.441293526816424446e+02 8.552976673451530587e+02 4.739530118547125720e-03 -2.000100483158321826e-03
2.538295987299112539e+02 6.852925492604148303e+02 -5.185065094959253121e-03 -9.616833209505704430e-03
9.312054925025337297e+02 9.062049320950422953e+02 -7.153552789621037480e-03 1.048992951609874387e-02
1.240870286515077396e+03 2.773036371435482010e+02 2.030093616467368647e-03 -4.670920011036660581e-03
2.800440303044697998e+02 6.463687953359982430e+02 -1.305512196028255946e-02 -1.329586551604743268e-02
1.008375438849872012e+03 9.275103395784771010e+02 1.220978281440189247e-03 -2.513720547238624026e-05
1.064208321661944638e+03 2.478804128174391224e+02 -1.362151173123556380e-01 -3.082791362555508119e-01
9.517052574406627627e+02 8.973983574892694151e+02 -5.390215673291959796e-03 9.055568130083704176e-03
2.334709048661668191e+02 6.769477022063169898e+02 -4.919148513134150545e-03 -5.962471177549604796e-03
2.521974710552955514e+02 6.712122310944995434e+02 4.390360899525612578e-04 2.795083153759745677e-03
1.298022141969184304e+03 3.101499568987063071e+02 -7.407218226802850941e-03 2.295492600174920197e-02
1.068689341544032914e+03 1.874915053636555058e+02 -4.901902191398779807e-02 -9.437783949659397931e-02
2.564612702318692072e+02 6.725878308520688051e+02 -7.582867841289733270e-03 -3.061676455951720111e-03
1.013157055487908792e+03 8.528641241370264652e+02 -1.914497904255479770e-03 -2.955018063710550518e-03
1.394819727525567714e+02 3.882664871567686191e+02 -2.911663879829537015e-03 -1.157826313669773483e-02
2.320748967926569435e+02 6.699187936160201389e+02 8.339456599088915928e-03 4.568706650532629310e-02
2.691594820495514568e+02 5.471624336605549388e+02 -6.431779219837106820e-02 2.728823027555617453e-01
2.932921313692631884e+02 5.678896728081621177e+02 -1.309347846571404413e-02 8.920180106667773348e-03
2.363095398615147644e+02 3.435902506924305726e+02 -1.091175826605488564e-01 -3.880428734855251305e-01
2.522766531405322041e+02 6.328146813390396801e+02 -2.868281046221004323e-03 1.428652073682112368e-02
4.420102667003604324e+02 1.085603202689387444e+03 -1.908869013933812975e-03 -8.418529112597555528e-03
2.263621638992790395e+02 3.144637745868837442e+02 -8.835761806782999050e-02 -3.709217423708261463e-01
5.213765564571010600e+02 4.705394600107998144e+02 2.899181041872754203e-03 1.837314577161722196e-02
2.679236800071887501e+02 6.798736803075368016e+02 -6.688568672131515579e-04 4.121684589921245992e-03
7.344038143333780226e+02 9.296796022127205106e+02 1.121421794874946214e-04 -1.429693788271707783e-03
5.083383492575105720e+02 4.846276564644617793e+02 1.730880826002055214e-02 -1.666588823461057035e-03
2.314963973999105065e+02 7.369108817014778197e+02 5.841734362568973445e-03 2.573717092120502304e-03
3.101502735523102388e+02 6.433316651137466806e+02 1.140880044428880385e-02 -1.417223615995266868e-02
1.202374043445031020e+03 3.849869612622659929e+02 5.935261636791032934e-03 -6.643186996349400263e-03
2.265158409839940248e+02 7.495828492955939737e+02 -2.790362345141341079e-03 -1.879814240709546964e-03
1.035871960011150804e+03 1.745190446763039063e+02 -1.959173687916995407e-02 -1.525767642791556016e-02
1.215163238788953095e+03 3.768781524837523307e+02 2.216892324432358230e-01 -8.230143440483676798e-02
2.410785623381318032e+02 6.395282976303794840e+02 -2.661960964879239982e-03 -5.574784824742406043e-04
2.981279156355297459e+02 5.425046797424412262e+02 5.835428318641563798e-03 8.356988932489750653e-04
1.442117532699712399e+02 5.021057360829964864e+02 -2.184222575697977453e-01 -3.045553213899602762e-01
2.631946775924600956e+02 6.914231636188461607e+02 2.243154746040680429e-03 -5.834543713975486566e-03
2.530815463389270121e+02 4.951804796933748207e+02 -2.506308537279815750e-03 -2.424942310543622473e-04
2.205667177268625778e+02 6.429031842187889652e+02 -7.556386835855760653e-02 2.067276975201501610e-01
2.402572958596291528e+02 6.282596315258931554e+02 9.961181866108381570e-04 1.313528625056134460e-03
2.401266749174120037e+02 7.256906217119626490e+02 1.847296413855740050e-04 -2.233354325273178946e-03
2.807191369901881899e+02 4.915943743316270798e+02 -6.536935591140205157e-03 3.022375576312893442e-01
1.000753728147376933e+03 2.237136317528453731e+02 3.756772075321620705e-03 -7.136231946842622360e-03
2.481119612422137095e+02 4.071952628050215139e+02 -1.033445857678854940e-01 -3.228450155654767895e-01
1.017096113323800182e+03 2.627914051033183682e+02 5.028552351428507323e-03 -1.420729488399551446e-02
2.432727136263900718e+02 6.878572061073846271e+02 4.472959124549817818e-03 4.910175894334577011e-03
2.415269340213131102e+02 7.002878725102793851e+02 -1.299080794535317947e-03 -4.689080591139944271e-03
2.527325415003434159e+02 6.214921745116483862e+02 1.836728443509914053e-03 1.606635323526569388e-03
2.752919090006188299e+02 6.955174710480002886e+02 -5.873244024422267714e-03 -2.446246099972797412e-03
1.152717599147064220e+03 3.638793573960758181e+02 -6.384888517256720117e-03 4.286135998082198431e-03
2.433018917379138486e+02 5.104715707653524532e+02 5.912445519684432320e-03 4.006929558178542669e-03
2.522631035644280360e+02 3.979237922468316242e+02 -5.204299041675353177e-02 -3.214420744497932803e-01
1.107446756654893534e+03 1.940918700936107086e+02 4.406995896948222302e-02 -1.486823426931395409e-02
2.596912227956179890e+02 5.873572319759879292e+02 -1.183442224373867091e-01 2.672688383128555278e-01
1.144063297671971441e+03 1.955243868988150382e+02 1.365728777053314656e-02 8.326943396757553739e-02
2.415851630695416929e+02 3.656074086275628474e+02 -1.261053511306295394e-01 -3.769118409241390411e-01
2.496964929155462016e+02 6.454638072524783183e+02 -6.000958232149433171e-03 9.454010247329261776e-03
1.180355529839215706e+03 3.595163058125922362e+02 5.186827369029607844e-03 1.367532657403637900e-02
2.316371544341388926e+02 6.243676434383961578e+02 -1.561985674971731186e-01 1.473742792183909134e-01
6.047956085690203736e+02 3.981786816835327727e+02 7.331854186198746154e-03 -4.443021173320104052e-03
2.713757519626223029e+02 4.977544597004952038e+02 -1.526186473060223148e-02 2.473335229392697177e-01
2.431086991393580092e+02 7.202230746407293509e+02 -1.037477517052825572e-02 -9.316095398059930435e-03
8.649425462966470377e+02 1.102287166193526673e+03 6.018155006012249801e-04 -3.229990326854202090e-04
2.913128273229970091e+02 6.207946048155848757e+02 1.541700959239170748e-02 5.930488852330015326e-02
2.121787729822471817e+02 7.554693033926739645e+02 -8.124740047942159010e-03 1.489164582120892141e-03
7.242088955691647243e+02 9.661928625293160167e+02 -6.003821617822372369e-04 -2.547135609944180734e-04
2.760339721622560774e+02 5.213110654506023138e+02 -8.074064102341181604e-02 3.038066754926916357e-01
2.851572511113548671e+02 4.600888221008240180e+02 3.076654136403402309e-02 2.274374799400327440e-01
2.459628550892246324e+02 7.625813711535289485e+02 -8.753856927847385476e-04 4.235936904507017070e-03
2.547151683251740621e+02 5.815011630567107659e+02 -1.023276908376927474e-01 2.411919167091409189e-01
2.626471739110115777e+02 6.561336351713181330e+02 -2.233264015889107820e-02 -6.441591890521603490e-03
3.243368167951189207e+02 4.967117824600002223e+02 -7.645766605517425284e-03 1.182656794411919218e-02
2.699098548669622915e+02 5.546009440424203376e+02 -1.258739795712571219e-01 2.138325131857444217e-01
6.790923895296695036e+02 1.024211800130632810e+03 7.701009622295904022e-03 3.006248126804157445e-03
2.173883823442855601e+02 7.651268467312113444e+02 -8.564346736038556951e-03 -1.402961715253956852e-03
2.378970623716322734e+02 7.650260970123895277e+02 3.604811885653003926e-03 -4.022671333226717286e-03
1.137601351820930859e+03 1.852630491344712027e+02 1.231065664322267134e-01 -3.618459097990743556e-02
1.182267162904727684e+03 2.108640011728176944e+02 8.795300789661089375e-04 -4.144296299323916894e-04
9.311101444800949594e+02 8.979722139720671521e+02 1.269186638652253403e-02 -2.248257484806984521e-03
2.798721991858009801e+02 4.455820634276186070e+02 4.931721605498132210e-02 1.844747737217598271e-01
2.986444970063988649e+02 6.077138463252056226e+02 3.932378475796739770e-02 -2.447694468316742589e-01
1.196333882449844850e+03 3.313191635126127608e+02 2.342457109906456725e-01 -1.177993540802206862e-01
1.172323778558871027e+03 2.328563067648295544e+02 8.903823500068118804e-03 -7.246969010487524718e-03
2.074613775549767638e+02 7.268330854017368665e+02 1.567875066910465924e-03 4.202124986192649035e-03
6.826871310879171233e+02 1.017730280762947473e+03 1.075392433624371494e-02 2.631680762709101562e-03
6.107905512948001387e+02 4.237924283177723055e+02 1.439387307216000557e-03 1.470012646385690991e-03
4.933662735231123975e+02 4.542142429957899026e+02 1.120592682295887006e-03 2.077867213793272317e-03
1.163306559001263622e+03 2.512122272059969248e+02 2.182143797900643750e-02 9.491206794684436607e-03
7.276485491797075156e+01 3.177244072197735818e+02 -1.884815942345793860e-02 -2.246133766829524342e-02
5.739431685249105612e+02 3.953939827010055410e+02 -2.594713523354350970e-03 5.762281551678014209e-03
5.170356616680446677e+02 4.233959222819892148e+02 -3.487544015020978966e-02 -1.457527294023309300e-02
3.175981219358486101e+02 5.696608977082610181e+02 -1.065415086418791506e-02 2.067067631243938927e-02
2.293725661849765061e+02 3.325500996248964611e+02 -9.188032782548145871e-02 -3.862162403233755370e-01
2.673116156360417790e+02 6.460052294582997092e+02 -1.957131722459206150e-03 -1.496364961424926157e-02
2.763890642528606918e+02 5.302692535148963771e+02 -3.250723155326627062e-02 3.000242585394027328e-01
1.006131591102398943e+03 1.972390168979636087e+02 -7.278707739738023152e-02 -2.519559758650837325e-02
2.933637199331333818e+02 5.959542557067450161e+02 -3.194141552660537293e-03 -1.541591491918935242e-02
1.147405643885977042e+03 3.557070573023084421e+02 -7.150911252652029969e-04 -1.691531231730582230e-03
2.873032052913405323e+02 4.380949708307525725e+02 3.888197932955412411e-02 2.213465851076315272e-01
1.139737342867377720e+03 2.217648355828140154e+02 2.180422992774756416e-02 -2.115289243368049035e-02
1.048797340649264243e+03 2.824475920801121447e+02 -3.505399652637363611e-03 1.225699845307203634e-01
1.013511150320659226e+03 2.602989259138868761e+02 -7.704615290430239698e-04 3.879944371729802943e-03
5.072157364830410984e+02 4.521418023552197383e+02 4.570016533493078802e-04 -2.028565267988993379e-03
2.299002693785022871e+02 7.756316833294051776e+02 -3.835089075966881950e-03 3.725214224434941681e-03
1.093914873797915789e+03 2.038137853608527337e+02 -4.582905866883347189e-03 9.627109725945310822e-03
1.996492755483391761e+02 5.073680304827776695e+02 3.952134618326017500e-03 -1.197413982945554761e-02
2.682414261402503826e+02 4.584073375060686999e+02 3.897267144761917129e-02 -3.578577094067941777e-01
1.019473276662577859e+03 8.667358978449669848e+02 -2.220004185011191945e-03 9.621041984181117127e-03
4.889711125400110063e+02 4.742668943907791004e+02 6.739860101671444996e-03 -1.565889716323116488e-03
2.984608086577423478e+02 6.551838400296954887e+02 -1.772761750590286234e-02 6.164224318751513297e-03
1.073963559087160547e+03 2.175906318275182230e+02 8.026782503507228633e-03 3.915764102570469009e-03
2.947707859042717473e+02 5.384767078937710494e+02 -7.124708338687698976e-03 -5.509825356470363089e-03
5.373952017272855528e+02 4.259619826368440272e+02 -5.094540438530301314e-03 8.224725643734779462e-03
1.154399928800838097e+03 2.145695291792902708e+02 1.164317893560136950e-02 -1.756689104648121239e-02
2.618470717360527829e+02 4.619193622514785602e+02 2.115757817223131582e-02 -3.583853025781180701e-01
2.490332361678325412e+02 6.815739512047665585e+02 -1.540568911472565278e-02 -5.071979495819550245e-03
2.688262621897036979e+02 4.718933122324361307e+02 2.703550850137977427e-02 -3.475271303378528187e-01
5.478170078455442535e+02 4.585983380704736874e+02 8.135363723813318366e-05 -3.378106046610166325e-03
2.553043520332454648e+02 7.451768491593736599e+02 -5.670740567365605521e-03 -3.504834984246462184e-03
1.027387710022035208e+03 2.262853432832789053e+02 -9.967329381532920307e-03 7.493785875505292599e-03
2.570972422045077792e+02 4.981344531524673016e+02 1.151773599237336104e-01 -2.587341878866089573e-01
1.116359072365532711e+03 1.747736034343554934e+02 8.950544158582857124e-02 2.831516228075071570e-02
1.137240178189167182e+03 1.948510688452575152e+02 6.945641787340736673e-02 2.367853793471242502e-02
1.140883021565729905e+03 3.894533165456539905e+02 1.302853724579639862e-02 -7.601498639827344687e-03
2.653743830964646122e+02 6.255317571209319567e+02 -2.076097485207743093e-02 6.891639540325254776e-03
2.626801805626220130e+02 4.707871531730751826e+02 2.813612504783550433e-02 -3.601425335840170994e-01
2.756791396715909741e+02 4.502884288068649425e+02 4.601683353564229445e-02 1.845001820536951720e-01
5.229729731478847725e+02 4.603663256252892779e+02 1.207783830140404368e-03 -7.480718371185853888e-04
1.057827252908045466e+03 3.034930199060097493e+02 -8.944124782207683519e-04 8.455759468032814086e-03
2.022150073198550047e+02 7.010775334899794871e+02 -3.732518633405494061e-03 -2.194894201741788391e-03
2.731738445783841485e+02 4.222683568425871385e+02 6.884252412395493181e-02 2.121616076965240905e-01
3.245106104675506344e+02 5.187693425056196475e+02 -2.723314631051078696e-04 2.917782720685588999e-02
2.325997477568492968e+02 6.292733669471912208e+02 -1.067515338881789601e-03 1.727969462944436031e-03
7.837814012079597887e+02 9.559014719482937608e+02 -5.929120854571325559e-03 1.089216343218640283e-02
1.112978616205174148e+03 2.198835336662985185e+02 3.199139975464223001e-03 -8.012285730622393382e-03
2.405840786588606761e+02 5.250804965165499425e+02 3.208069396526051775e-02 -2.994683321978923729e-01
7.093794044330900306e+02 4.234255871059254446e+02 -9.067082601395758459e-03 -2.481249790174942012e-03
1.014748588862628935e+03 1.974048436110736020e+02 -4.407938598731422214e-02 -1.026191842272282384e-01
1.022634029439146161e+03 2.157013016257586173e+02 -3.184344227775630365e-02 -6.060624740575438346e-02
9.651469845893171851e+02 1.751045119768056111e+02 -5.819412475339860030e-02 6.471555707890860876e-02
1.186288823753855695e+03 1.861768024734382720e+02 4.759652512811188285e-02 -6.560624277208735276e-03
1.003308843644452509e+03 2.278964571334012703e+02 2.316732411224287427e-03 -2.052327864534487459e-03
1.029950894524004525e+03 1.611638094305216669e+02 3.434674609485399016e-02 -3.936656027460257862e-02
1.185445630610888202e+03 1.732962178922590510e+02 -7.167390700555422746e-03 2.071935594964619681e-02
5.535617398710601265e+02 4.832611091268504993e+02 -4.470228865861061371e-03 -2.778371987796554587e-03
2.666843475821469838e+02 4.170191683683240740e+02 9.385327356534953203e-02 2.366254674668557267e-01
2.767500936998274028e+02 4.568937926874945674e+02 3.647211793243610584e-02 1.727078962386598415e-01
2.566531754674382455e+02 7.002799487248028072e+02 -2.426736222298361660e-03 -1.312495119498968341e-03
2.406415956759642256e+02 5.744043735389565200e+02 1.834081452205435503e-01 1.617167482057248473e-01
1.173487317096835113e+03 1.795782079091088690e+02 2.531363435068129455e-02 1.807623204634307978e-02
2.460924864422325129e+02 5.291314313343591493e+02 1.676811905439046513e-01 -2.686170857788959254e-01
2.815093873509109699e+02 4.141238408477031498e+02 1.060721828969167918e-01 2.415912704119895504e-01
5.040526910364820878e+02 4.703361525728012111e+02 1.689992504453800967e-03 -5.226265683155802665e-03
2.615756433305189717e+02 6.686932790338320274e+02 -2.327444288947516215e-03 9.921293425113708424e-04
3.195911026963062227e+02 5.190197874610911413e+02 1.181169738502619443e-03 -2.168796765239100130e-03
2.384959630375593918e+02 7.101528565003421818e+02 -5.407067307419423895e-03 2.311085229913971591e-03
2.733105935707866365e+02 5.773235733761798656e+02 -8.955724131370046415e-02 2.655906776370356437e-01
1.154786195688723183e+03 1.903468367387019100e+02 3.659029692590089200e-02 -2.007298475189877099e-02
2.206600802909493098e+02 7.170962382641645263e+02 7.008691049221207892e-03 2.282801367441337007e-03
2.725818833953524631e+02 4.121053510093357204e+02 1.102100020836035005e-01 2.251574270876489370e-01
1.066649381896653267e+03 3.076376592690227199e+02 1.958998660575387088e-02 -3.850120569871584336e-04
8.113282864363678470e+01 3.245239203142006659e+02 -3.405893756952692482e-03 1.769089381528459815e-03
2.253332898205653123e+02 5.469981166121593787e+02 1.394731820024062985e-01 5.971412692470984968e-02
2.353951749072304267e+02 5.661194887441846504e+02 1.092010082232551943e-01 1.772539086362919791e-01
2.689146384434392303e+02 5.727221718266325752e+02 -8.825540243718886513e-02 2.649045000885615897e-01
1.197683416640154746e+03 2.266851111095369902e+02 1.845566284355480008e-03 -2.149165678652998832e-02
1.067826361571806274e+03 1.972581332983378672e+02 -3.521450043691213162e-03 1.442574124181301119e-02
1.065957793027007256e+03 2.155343863084937652e+02 1.372893486565303703e-02 5.506218251242378688e-03
1.940059014477079131e+02 6.980779575425731309e+02 -4.393375206130782640e-02 2.540747509035520824e-01
1.030915508806133857e+03 4.449820277129357464e+02 -7.314346718417390246e-04 -1.317554316962273508e-04
1.113788498632882693e+03 2.363746760435270744e+02 -2.325792387349261831e-02 -6.789624226584156132e-03
2.582654992578342785e+02 6.936569937034734039e+02 -1.688218269652954490e-03 -6.754712292781102703e-03
2.845341318504894161e+02 6.233106595317298115e+02 2.300857607955963686e-03 6.297193742605684819e-02
1.091319910132993755e+03 3.550764779116704517e+02 -4.247640728720011166e-02 5.234333606256032223e-02
1.956255126027268147e+02 6.923039033595263163e+02 4.343152653937990861e-03 1.178074464763148414e-02
2.754669503394849244e+02 3.999252360073555224e+02 1.248385366407694236e-01 2.728319503311493754e-01
2.653550236595658589e+02 5.942723653664193080e+02 -5.557633867219480966e-02 1.929079180833563334e-01
1.207661240242190161e+03 3.686586129497554225e+02 4.690009113778524918e-01 -1.733009843786315340e-01
2.174116540109462505e+02 7.231548946790585433e+02 -1.464039321969928678e-03 -1.534668719939575720e-03
5.371146674410114201e+02 4.657724676192593165e+02 9.755229243855955204e-03 7.238460967107247096e-03
1.130551490621938910e+03 2.453714517654776159e+02 1.083348365128667138e-03 -1.488018836988573741e-02
1.096864336976427921e+03 3.120559714894000649e+02 -2.317593820031930429e-01 7.433256688385046773e-02
2.639455332834143064e+02 3.989644184738451713e+02 9.397332371337606405e-02 2.775713779993270180e-01
2.532943069472000275e+02 4.223797418381209354e+02 -1.139947780705297953e-01 -3.390860722628287194e-01
1.130533607021328635e+03 3.220979319673915597e+02 -2.382486349249575142e-01 -9.436447235500092234e-02
4.975321823242220489e+02 4.676886357486182533e+02 -3.882161182560247593e-03 -7.824702536194678287e-03
1.008192316617708798e+03 2.560241968112110271e+02 3.767659830667089392e-03 -1.416018752753348681e-02
2.731527535040547150e+02 4.335910587631253748e+02 6.268020699021555064e-02 2.128270198573662675e-01
5.927969172137773057e+02 3.899734936076444001e+02 -6.157976134582639205e-02 2.114777000248847447e-02
1.141780787961633678e+03 2.421447681581001348e+02 2.936325439776341431e-02 -3.807944460718762358e-02
5.705397193246386678e+02 4.101928039561233845e+02 -1.031896391038846471e-02 -3.916175255923381483e-03
1.024988847440412883e+03 8.715245290650774450e+02 -3.251629579496000035e-03 1.867877998325404975e-03
2.184814032010790470e+02 7.763347768739421326e+02 1.594410008296714108e-03 6.056605992616913639e-03
2.628548672689072987e+02 3.864894287994650313e+02 9.075337173328253126e-02 3.010176524234061124e-01
2.144072087464903973e+02 7.212048717041225245e+02 -1.227612058623507628e-03 -2.019454140128512480e-03
1.173869917104113711e+03 2.094858860717987454e+02 1.565049196021913586e-02 -2.509241307527386444e-02
2.854594259326753445e+02 5.849868337366447122e+02 4.018683574441291734e-02 1.978589359604448431e-03
1.203584336411885943e+03 3.578597419754397606e+02 -4.900208852680380117e-02 -2.299607078035784818e-02
2.859315047633122049e+02 5.760005723555351551e+02 4.413971537240630322e-02 -1.317593727701095495e-03
1.769524834822117612e+02 5.806671182921757008e+02 -2.706903002512584533e-01 3.781056091761433868e-02
1.204821560513510804e+03 2.794769781263461823e+02 3.413257897145650574e-03 -8.751495806068711539e-03
7.591346404700543644e+02 4.553943328570856011e+02 1.186554482286724180e-02 -5.800312661351496313e-03
9.180330651017278569e+02 1.102638596526494666e+03 -1.708492104590182909e-03 4.759194708608762716e-04
1.029820159529942885e+03 1.948137151385278116e+02 2.746966332807631445e-02 8.738474648190290919e-03
2.373327052440696150e+02 6.846275788314023885e+02 -2.837788497976359743e-03 4.756542876800204378e-03
2.674003724851775132e+02 4.821855055278944064e+02 4.260699346072539112e-02 -4.268362351589190529e-01
2.550558988580871187e+02 7.107635495974950572e+02 -1.608310389935405310e-03 -9.963677387718639523e-04
1.197470249977842968e+03 3.369862123890554244e+02 2.016861975673421570e-01 -1.279069143948901865e-01
1.020185109869362464e+03 1.728847916392201682e+02 -3.539275442811699347e-03 6.848552060379199842e-03
2.071055308488193418e+02 5.699279773383485690e+02 -4.007646113181989600e-02 -2.568196193084957279e-01
5.593352274323715392e+02 4.142780452528168667e+02 -3.149439721988249539e-03 1.205971470084374331e-02
1.034366111878130596e+03 2.756789146307005467e+02 2.151967070727947009e-04 -4.727022097874918776e-04
2.085056281780280756e+02 5.317639056858694175e+02 1.380779015076289695e-01 1.141494897912081752e-01
3.104397336747817917e+02 6.193177925151603631e+02 -2.054933966383257378e-03 -4.780568994312875755e-03
2.687300693755441330e+02 5.224116692356003568e+02 -6.464890696672187520e-02 2.867940277859172271e-01
1.164671736174487705e+03 2.587434482315975970e+02 3.545132075609586791e-02 -1.769966330168316990e-04
2.013572262355128828e+02 5.692784647104491569e+02 -4.466422060802685209e-03 -2.424265812733041869e-01
5.585846750854556149e+02 3.967954832066510562e+02 1.525547642710206380e-03 -6.853220735357660326e-03
4.978738870153015341e+02 4.586259843031262449e+02 -1.013510771031741293e-03 1.710659550298314086e-03
1.850418052574606520e+02 5.245724642807476812e+02 5.946921397091724931e-02 1.043318939734843853e-01
2.176858166990899974e+02 7.002230809770765063e+02 7.787393905251274208e-03 1.259963112925511705e-02
2.702702323380178200e+02 6.922439300245838467e+02 -3.025248933149309039e-03 1.670066613422761153e-04
1.122522224965026908e+03 3.166442655968787108e+02 -2.833776793090241886e-01 -5.326276376058952655e-02
1.187037806538381119e+03 2.076286303097024302e+02 -7.788862753656785112e-03 1.068862140367301573e-02
5.298037503302462028e+02 4.503704974102274718e+02 1.689182646920458185e-03 -1.881219950780294936e-03
1.180141108018100795e+03 2.249278106337610268e+02 1.961127216115600425e-02 3.074539168843478526e-03
1.390286610281459616e+02 3.974103070579579366e+02 -1.180783491379023219e-04 -1.970054138104329264e-02
1.190004411920552684e+03 1.753756104141223773e+02 1.625515564809224033e-03 1.533736314222056152e-04
2.726475810570271392e+02 6.229564596227353377e+02 3.993603165364638732e-03 -2.879999636404883493e-03
6.044508901867590112e+02 3.864102098248936841e+02 -8.830541185066877533e-03 -2.383165377578973319e-03
1.037776919711235678e+03 1.925522092954548441e+02 -6.550413028536592082e-03 2.334106747606810167e-02
1.247038773818547497e+03 2.887875471312615332e+02 6.201581849350392382e-03 -6.167263160828515521e-03
2.996447291651427918e+02 4.080736881209339231e+02 -2.842997016407615429e-02 -7.861099340494426269e-02
1.941646547773610223e+02 3.191776785338130367e+02 3.811304192052798745e-03 -2.283798605162701278e-04
1.187521199553683800e+03 2.503253979763375696e+02 -5.878708442641353976e-02 9.777832165382599472e-02
2.192222706959779259e+02 7.448372193756780462e+02 -2.168055600628297861e-03 -2.853617406923275156e-03
7.860624034703398593e+02 9.364845694956200077e+02 2.378651391630696478e-03 -5.608822719195678992e-03
2.127072240948589581e+02 5.780019021865848572e+02 9.159043695689572662e-02 -2.825196556740591225e-01
2.559466434573006666e+02 3.805613345586044716e+02 1.082351430982476659e-01 3.107953350696927575e-01
1.037852490243776401e+03 1.987009813117787473e+02 -9.872540525894593893e-04 1.132801964896746304e-02
2.473137538352663967e+02 7.315874100928847383e+02 -3.943742751504665002e-03 7.842895518058075072e-04
1.168352766325913535e+03 1.924478084813211183e+02 4.361227398771241361e-03 4.513156895407267367e-03
5.106980822735225729e+02 4.927364095334403942e+02 7.099611702841738614e-04 3.067991461288856019e-03
1.172508132386542002e+03 2.245459499771406513e+02 1.281515198363897268e-02 -1.598540888074460528e-02
1.032396560352978895e+03 1.990590295411269040e+02 -3.201588546672421310e-03 -1.327874732432867376e-02
9.920385227091915112e+02 2.277198571781220267e+02 7.685408155705069841e-03 -1.386253806287251642e-03
5.348683953484452331e+02 4.266730034127255635e+02 -9.535930721315230606e-04 1.953779225352088224e-03
1.981089917556454623e+02 5.791535674401534379e+02 6.362196941903628528e-03 9.564651416198022629e-03
2.069479992145839446e+02 5.801353028151347644e+02 9.574456625929883558e-02 -2.376611313558653626e-01
6.066114460775023645e+02 4.070480619773805984e+02 1.302213149457013153e-03 -3.139758334322714783e-03
2.598476260548821415e+02 7.202316889227329284e+02 7.615004112832963329e-03 2.048916602116646057e-02
2.262995668736360528e+02 7.429978151500461081e+02 1.634839650199018451e-03 1.771617397280081569e-04
1.227918151848182788e+03 3.264685110394739240e+02 3.873901007827008081e-01 1.214745501750281592e-01
9.746309927335623797e+02 8.622232739471875220e+02 5.084269837199133571e-03 -1.644588288257808201e-02
1.017903433674455869e+03 2.288443668748809898e+02 1.637610172444132345e-02 -2.879618121343246323e-02
2.323250711431270474e+02 3.512258705844310498e+02 -9.360244132381152771e-02 -3.737562539559378116e-01
2.130244221410981140e+02 5.980946803336023549e+02 1.060801976174150368e-01 -2.568774492651575425e-01
1.153621311674907702e+03 1.417921662200966466e+02 -4.844060456144409429e-03 -2.195635900971923751e-02
7.927884757179610915e+02 3.939227377396408087e+02 3.386032626963242365e-03 -4.695078833807687924e-03
1.907424714876628400e+02 5.192255034717441049e+02 6.426129166453845021e-02 9.442095299978052469e-02
5.744619077003540042e+02 4.967977293084512098e+02 2.087504711013961692e-03 -1.470805587765574652e-03
1.137981406243929996e+03 1.850964536053351708e+02 7.554174453090388430e-02 5.095273228194779208e-02
1.063263069380124989e+03 1.973693851851125771e+02 -1.847069755056076918e-03 5.945411590493230973e-03
5.910963541825899483e+02 4.163385388068485895e+02 2.518145567447922263e-03 -2.969171851022997782e-03
1.147453495477682964e+03 2.655069600900388878e+02 1.573986822531068305e-03 1.390754768250856283e-02
1.026477918005658921e+03 2.625013722029719929e+02 5.282597089528352600e-03 -5.436051213175597738e-03
2.586274158765682500e+02 3.933137248792037326e+02 9.669134435211075573e-02 3.051273976772913565e-01
2.580611872378291309e+02 6.220504912955182135e+02 7.937389203863571413e-03 1.029899059863010301e-03
9.447404336715401314e+02 8.915893518235183137e+02 -2.360596469963418056e-02 1.653811638872488415e-02
1.149282564502958621e+03 2.194080242497021231e+02 1.808469871903836679e-02 -2.942693388568404581e-02
1.074234636312114390e+03 1.819843996736030078e+02 7.396045064153062600e-03 1.250492933311931620e-01
9.908550213059897942e+02 1.735452753043467169e+02 -9.567389009376003894e-02 -1.401158542286831954e-01
1.046241116197000110e+03 2.587134686070072576e+02 -1.387213991129011489e-02 -1.389815744761504525e-02
2.619283722755942563e+02 3.424781096675863523e+02 6.989910652867147023e-02 2.919038514124697725e-01
1.102802465614296125e+03 1.763389269195398299e+02 8.391694193840359972e-02 1.892594080091481671e-03
2.268499043821139480e+02 5.750585559002687432e+02 1.338718519098418547e-01 -4.186107223718010251e-01
2.053501251718129197e+02 5.935172362615161319e+02 8.146184706224190997e-02 -2.755725056192940836e-01
2.555129020453670421e+02 3.661136190698702535e+02 9.342264282044213108e-02 2.929858085549746360e-01
1.149375618160940348e+03 2.285601890803299625e+02 6.587175014781696501e-03 -1.434508648296088824e-03
1.233495354672457552e+03 3.123265978935113480e+02 3.968252220508501904e-01 1.481382110000460106e-01
1.060260803037075448e+03 1.895593946650716930e+02 -5.767189742433438335e-03 4.980054793002250055e-03
3.571650419364606819e+02 1.099790173071905883e+03 -1.272383022007594552e-02 2.749027596072718960e-01
1.225429493528359444e+03 3.971621746056903248e+02 5.283603255709677822e-03 -1.925052155282889641e-03
2.860101828400274258e+02 5.210624182318474595e+02 -4.163387532019223458e-02 4.083332141174511598e-01
2.486468909768173887e+02 6.005919435417354180e+02 -1.179503266884178170e-01 3.253905349352256837e-01
2.138954788381005301e+02 6.194330900710433525e+02 1.617651033023012885e-01 -3.455733299805354153e-01
1.088388839227516428e+03 1.979252854865645190e+02 2.168130218997743608e-02 -6.081197432063849967e-02
1.154055261771294681e+03 2.044290449322327561e+02 3.790576049933667372e-04 -1.044606279137101981e-02
2.155736082465787149e+02 5.412991656406087486e+02 4.289592208846525201e-02 -2.255311855874705951e-01
3.270399891260178720e+02 5.528185808893980493e+02 2.954958770997131740e-03 -2.760782981113152346e-03
8.076646096611751773e+02 4.003628207598124504e+02 -8.362110809280868737e-03 -1.443877181123969129e-02
1.011459516284692540e+03 2.054328078330331095e+02 -7.745328812637526650e-02 -1.114600394404787059e-01
3.891390506517023482e+02 1.099724653669909685e+03 5.190534262890488665e-02 3.486276025733958117e-01
5.463409206720764359e+02 4.258610146452350023e+02 4.407686093692505212e-03 1.984046998637216429e-04
1.305026607998595637e+03 3.528210680508376527e+02 1.541786051214753817e-02 3.628734955244095756e-02
2.281945504902547555e+02 5.851611750805651582e+02 2.042368453213308233e-01 -4.257260221823204738e-01
1.166169005219056771e+03 2.047545578990007016e+02 3.364490998385035597e-02 -4.839861734205361948e-02
1.020150677967313300e+03 8.063301855836289178e+02 9.090193280232173722e-04 1.913755263828561268e-03
2.774499475085626727e+02 4.662967054945821133e+02 1.067108664941790463e-02 2.245521615524757597e-01
2.710324418181965598e+02 5.321238726514824293e+02 -5.240938229604413801e-02 2.766197587682470149e-01
2.147077577851741523e+02 6.109106651353480402e+02 2.397384131162858811e-01 -3.045841912179873545e-01
1.752236564052236076e+02 5.174749406625417123e+02 4.329465259669410676e-02 8.227589949683758452e-02
3.064166467288725926e+02 4.609174543610309911e+02 2.491705480654465843e-02 1.352824867485696338e-02
1.167144246081065376e+03 3.199334634969441140e+02 1.812050053020060059e-01 2.349917852920097583e-01
5.303304883808411887e+02 4.345293668368115618e+02 1.270198409036937121e-02 3.775990114968183313e-03
8.755775913973128866e+01 3.584219842326032222e+02 -4.914218977135073087e-03 -6.521508421900928769e-03
2.452974874957905058e+02 6.344797721442772627e+02 -8.295663874830855322e-03 2.733926251158272369e-02
1.825386087191905631e+02 5.113779898648835456e+02 6.109647725189643747e-02 9.568830910798946376e-02
1.276635370361709192e+03 3.007998283691920278e+02 8.289078500829778762e-03 -3.284199600579770610e-03
3.958833122210163538e+02 1.096288443131691338e+03 1.139153153095188824e-02 2.552665307335602041e-01
2.549872566060277848e+02 3.466607525817776718e+02 6.169275828060642036e-02 3.001694875944359020e-01
1.113107388588844969e+03 3.572720998157079748e+02 8.818609431076909755e-02 2.742504699544974778e-01
9.444086829770885743e+02 8.998906425776220885e+02 1.200061011790766463e-02 -1.035331260664177147e-02
9.915928737303341904e+02 1.890333032763431902e+02 7.360958962841764562e-03 2.616962269810740177e-03
2.070458251628841424e+02 6.852363487079144306e+02 -1.847333697056435797e-02 -2.298994964031511601e-02
2.503581244387976312e+02 3.819923148395303656e+02 -8.895019427368672238e-02 -3.682574660581394710e-01
5.904093014011264131e+02 4.572743669714061525e+02 -2.222040620669155780e-02 -1.118213610226798625e-02
5.121307310491094995e+02 5.024942028075328722e+02 -1.606312593992805665e-04 5.950907470388427283e-04
1.191474445836875248e+03 2.332547619894848197e+02 7.589692356332036673e-04 7.624961203551756592e-03
3.256194993978508592e+02 5.048590470403874519e+02 1.918618725435318126e-03 1.996458195830794896e-02
1.130466144246360045e+03 2.109347573374836031e+02 6.243726172285485321e-02 -5.083278456276059398e-02
1.729903675566290815e+02 6.256213133167476599e+02 -3.533226460144833769e-02 -7.929152112309215128e-02
2.487621082313958425e+02 3.628795382104333385e+02 9.739046302756280971e-02 2.909353601719436577e-01
2.688036081634192556e+02 7.093882449713302094e+02 -1.464405506637133454e-04 8.024872888857110371e-05
1.161606428686872050e+03 2.372891216665098852e+02 4.749759041467291332e-02 -4.942795957928909634e-02
1.102644837172639427e+03 3.184972084367705634e+02 3.964077907626954028e-02 -1.979185857761137368e-01
2.094485969433315233e+02 6.223433841286201869e+02 1.778257302395174211e-01 -3.651639739720234923e-01
1.060626252413200746e+03 2.274109741785727863e+02 1.259133115759186218e-02 -4.307426130672035308e-03
1.156802040108762412e+03 3.735760844618331475e+02 -1.573515790498799388e-02 -7.633448097166283842e-04
2.173047819720640064e+02 6.619539703102927888e+02 -2.846837531671783487e-04 2.264979937319596889e-02
1.032611509617042429e+03 2.329490432068382688e+02 5.262852688278738846e-03 1.625681918809651324e-03
2.770859473582511328e+02 5.573302612111439203e+02 -1.037151298089087903e-01 2.385994221361526502e-01
5.031049602978895905e+02 4.811453877601090312e+02 -8.126607246238828908e-03 -9.536112830575671842e-03
1.853398508880119664e+02 5.016524551229770736e+02 9.396359155330893942e-02 1.506192379629243683e-01
2.508653857921153758e+02 7.139153992723712463e+02 -1.727570030319251554e-03 -2.749786041675016893e-03
2.215148211491257371e+02 5.371947992357274870e+02 2.409905443409110781e-01 3.460909183618781498e-02
8.113021428652541545e+02 3.717324929691114335e+02 -4.426680812135636630e-04 1.731119107816566369e-03
1.131245923900563412e+03 2.033618932710202216e+02 8.778489908739417480e-02 3.209704982728651783e-03
1.202038473627195344e+03 2.598910519183571637e+02 -1.155763092721808979e-02 4.979765977258475418e-02
1.159697701682555362e+03 1.430354068694623493e+02 -1.895736992543950797e-02 1.492624409445735467e-03
6.710906677967030873e+02 1.080443244887773744e+03 1.378024417260240858e-02 1.434067749093880829e-02
4.837547829847013645e+02 4.469699210278378700e+02 8.422689033921522406e-03 -2.399485075965579819e-02
1.212894991290957933e+03 3.457992946594863497e+02 -4.811858736898912831e-02 3.722977667613822789e-02
2.803721270858459320e+02 4.237655980666608571e+02 4.482948959126770855e-02 2.166416503122038650e-01
1.032977543275220114e+03 1.738586697337640317e+02 2.793644233428953932e-02 -5.075202431497317923e-02
1.008893500956239109e+03 2.351590841856402676e+02 -1.046286313072135321e-02 1.831252775193121032e-02
1.090326515348674320e+03 3.141982591537965845e+02 -1.540409824336544109e-01 1.163067028961998206e-01
1.191176209483216780e+03 2.592940997983532725e+02 5.382662105384636991e-02 8.483008251219743834e-02
2.997587020585530126e+02 5.496408177160183186e+02 1.961296084563837229e-03 1.004269970509301521e-03
2.409588920634505200e+02 3.382843967720032765e+02 9.113207982053893319e-02 3.091642532007036204e-01
5.182384961380899995e+02 4.618870309152545133e+02 2.425158328506849068e-03 -1.164550537934210678e-02
1.161926823966450456e+03 3.773338211889932836e+02 -1.361967921564041090e-02 3.687735174374307673e-02
1.047742699292873112e+03 2.451387561872119534e+02 -2.972720715688973447e-01 -1.170475030103579756e-01
2.786232200668994778e+02 6.351111035630617607e+02 1.606711094319059410e-02 3.898611064752264925e-03
2.261728892940209334e+02 7.151404586538185413e+02 4.084379159406683994e-03 -5.365025206778777089e-03
1.049316115490973743e+03 2.058881314118837906e+02 -2.144781782799507625e-03 1.372227357263614694e-02
2.567428523755719993e+02 3.324186810085601564e+02 8.345680548181844127e-02 2.916142013249637399e-01
1.173351808430510573e+03 1.964330474051539284e+02 2.999399720670226088e-02 -8.121546124742183570e-02
1.029246575660767348e+03 2.662402802998490756e+02 -4.311106574066185526e-03 2.838701834010894098e-03
9.799767420803680125e+02 8.517148218119684770e+02 2.217630715958560789e-02 -1.286746979691304367e-02
4.918587900771576074e+02 4.483950990839817905e+02 6.046750675743691079e-04 1.774434737355797161e-03
1.128678171198449263e+03 3.421500882413395743e+02 6.281311558885334205e-03 8.429385098026776976e-03
2.211096562408495174e+02 5.966030182310868213e+02 1.683091531434624810e-01 -3.968892224528428603e-01
1.050287556737869409e+03 2.304495567583151683e+02 -1.191699798610506428e-01 -2.754960500171571569e-01
1.073458654361247454e+03 2.934734704829764951e+02 1.482506345458133035e-02 -3.169552606146007478e-02
1.149966274762240346e+03 1.925519554200517973e+02 6.488439204020882145e-02 -1.398335747233523003e-02
1.196647231207369714e+03 2.502856204606547976e+02 -2.991735806436637227e-03 1.306138336031658102e-03
3.442683256183343588e+02 1.067021747730695552e+03 -8.650943264054020143e-02 -1.976235723620947682e-01
1.123351532750060642e+03 3.415194957282805603e+02 -2.898266350403801931e-03 1.137376997671325817e-03
1.786784156515588506e+02 4.942429778161388754e+02 1.572548839225999529e-01 2.382614413739321813e-01
1.959332425606573906e+02 6.265609990570106902e+02 1.249855372733407466e-01 -3.953941150413613492e-01
2.799175663228458575e+02 5.976414764494970768e+02 2.914477514908448558e-02 -4.272295654678907179e-04
2.577939385926068212e+02 7.338222483619001650e+02 -4.146492171094221142e-03 9.795000891172814250e-03
1.155909322902690747e+03 2.999841871882341593e+02 2.669778643455223976e-01 1.267324197581831402e-01
2.007778295398056798e+02 6.365368106369604675e+02 1.475500174120826513e-01 -2.382691885002608256e-01
1.087344251242626797e+03 1.515334388286980527e+02 -2.021348913795121827e-01 3.437557576071840343e-02
2.139149560382376194e+02 7.098332983091356709e+02 -1.541313076518348400e-04 -5.362299352523538197e-03
2.624326118693818444e+02 5.100669945133267333e+02 1.123221833598945646e-01 -2.089081674319358817e-01
3.389753378339934784e+02 1.072056866582928251e+03 -1.751179507820305736e-01 -2.074353076636883397e-01
1.049157359734379497e+03 1.780031878318239080e+02 4.409062928070762305e-02 1.309577008215407345e-01
9.724168433126541231e+02 8.675013803773982772e+02 -1.800153658919696406e-02 -3.679795195639013698e-03
1.308075263205468218e+03 3.289460002418784370e+02 3.910262896769863272e-01 -1.127741689706893008e-01
5.330324113077231232e+02 4.125122938795161076e+02 1.446003360109727369e-03 -7.851952871738709580e-03
1.896619440634042633e+02 5.862734059711445980e+02 3.926139170326252599e-03 -5.733153960552882407e-03
1.194663377827589102e+03 1.837398357961852753e+02 2.154866134059609320e-02 -6.537306629961012715e-03
2.619864474881319438e+02 6.474938105378410000e+02 -5.558110254061812174e-03 -2.029993861644092262e-02
2.223084561206855483e+02 6.670282618906355765e+02 -5.092982522086512668e-06 -3.097104690392361599e-03
1.757272872199609424e+02 4.980182543718468082e+02 8.949611363777904005e-02 1.560260852196388437e-01
2.681165385050569512e+02 7.081841560368397950e+02 -1.202317788550042593e-03 -2.233497253500179702e-04
1.143348948497407719e+03 2.407970563262195753e+02 8.364114234379962237e-03 -3.558162581725247096e-03
1.158975644841898429e+03 2.505203275835405918e+02 1.743766228808246721e-02 6.532665147158139840e-03
1.153565649528010226e+03 2.871948038557330278e+02 1.573418083351291186e-01 1.926454676532886323e-01
1.099022814732267307e+03 2.141422926148412955e+02 -2.149285570783669441e-01 5.295890447934195611e-02
1.090926816916938151e+03 1.870928047533828362e+02 3.247637377215385063e-02 3.382340392492004348e-03
1.076807130838398280e+03 2.255048223122900026e+02 -1.337431466871037526e-03 3.883170883556327953e-03
7.711017475637489724e+02 3.980067027000097255e+02 9.557661253165185278e-03 -1.290540389185601891e-03
2.216401897223167339e+02 7.689459760160295900e+02 -3.046761592158456645e-03 -3.105762456374181260e-03
1.285908224364984108e+03 3.330810485929588936e+02 4.313573236689909329e-01 2.268377896767011584e-02
1.045784764678084457e+03 8.531621470435316041e+02 -2.680867284976953466e-03 4.863397768074287321e-04
1.983553908652231428e+02 6.032738228525907971e+02 1.870247087430325084e-01 -3.309622646025495163e-01
1.001517923109225080e+03 1.954091349636712209e+02 -2.534731866900740566e-02 6.463437022219269135e-02
1.321145338238359045e+03 3.346509922543052085e+02 4.267269404401173860e-01 -6.822166988116791508e-02
5.306391044922922902e+02 4.866687370814719316e+02 -8.977208177718761992e-03 -2.420294642361946885e-02
1.043901633509174417e+03 2.185691588895267330e+02 -7.438737919024374350e-04 -1.382600031437806673e-04
1.077497144972215892e+03 1.936577056177358713e+02 -6.233677041003298641e-02 9.699290465839606468e-02
1.158156809694938829e+03 2.347866912355769387e+02 3.688419966348003426e-02 9.186096148897379687e-02
1.922707573972236901e+02 6.064470432214582161e+02 1.517010014475429214e-01 -3.424307952448134018e-01
2.735377122310288200e+02 6.808382584038939740e+02 2.544805470754251796e-03 -3.812560473010654510e-02
1.236074336605336157e+03 1.322648897098136160e+02 1.735791205243850327e-03 2.894873951380633301e-04
2.030572581224757869e+02 5.270831627739210035e+02 1.143125643960453824e-01 2.976146892177047865e-02
2.429451647534304755e+02 3.194143504720421447e+02 6.213936926651867504e-02 2.849519246425905594e-01
1.144676276765934972e+03 3.632096605475568936e+02 2.852426643411859735e-03 -3.274937850729918269e-03
1.042853075389828064e+03 2.007219059907938856e+02 -1.603827252604940815e-03 2.787744777519395641e-03
1.102526450233320247e+03 2.104581861524370083e+02 -1.981652063473728353e-01 -3.299268231128905243e-02
1.201617462166195310e+03 2.276490942451374906e+02 1.973212112090442355e-04 1.333939316873933474e-02
2.626496076103578616e+02 3.710813904100816103e+02 8.293074824155295677e-02 2.953452362291110744e-01
1.815292549092218906e+02 4.885411700932743884e+02 1.332890440960719236e-01 2.270345811062586816e-01
1.070343752675122460e+03 1.688718405719135660e+02 5.330731758580314894e-02 2.241241463372822471e-03
1.045280497337558018e+03 2.272023234547834534e+02 -3.375489151177125686e-03 -3.225590672626747063e-02
1.065552958240856924e+03 1.678467244579898363e+02 -3.441805333363170266e-02 7.835671111255992916e-02
1.181351279125705105e+03 3.716138967489418405e+02 -3.629209433148560416e-03 -1.243248677931858663e-02
1.213744734490001292e+03 2.253232303718853018e+02 -3.876041198896694028e-03 -4.072203847956339627e-03
1.559350329004169282e+02 5.157078825671753748e+02 4.919700947425272725e-03 -3.209135973819727261e-01
1.704029749597484056e+02 5.028556466638520419e+02 1.167985428760667521e-01 2.660421789088804889e-01
2.542288832843690898e+02 5.135167494753561641e+02 1.055037508244487804e-01 -2.452836544728210499e-01
2.118819839982538440e+02 6.640095767272251805e+02 -5.942722142824077326e-03 8.019979850157349030e-03
5.600496614407996958e+02 4.936123451055199212e+02 9.845558226398872653e-03 -2.426864267104834536e-02
8.923325317481940147e+02 9.323930011341805084e+02 1.048039808694584130e-02 -5.347213576595836147e-03
1.097695216072244421e+03 1.638622539545987991e+02 -1.829771612758672103e-02 -2.155056108418988356e-02
2.035660474885531812e+02 6.498582692234363094e+02 1.896938639983165587e-01 -2.677512313138166178e-01
1.125560517850265796e+03 2.010593035928204415e+02 1.085967251814233120e-01 -3.477101073661525432e-01
1.982312289068896405e+02 7.154012794058581903e+02 7.055648221020095106e-04 2.416695064391902788e-03
2.426234878926786678e+02 6.016303088743386525e+02 -1.046536557493708969e-01 3.168334664660505950e-01
2.058448154650164668e+02 6.567130703911094542e+02 -9.070071388142547653e-02 2.010473332469656926e-01
1.053534927818756842e+03 1.820079579240799887e+02 1.003413056981601187e-01 -1.433685576648249978e-02
4.923372970660265082e+02 4.824092797844945153e+02 4.747515845529825737e-03 2.292009378732518237e-03
1.016963528809643435e+03 2.155601385303048687e+02 -5.149707991336072155e-03 -3.710920016713574032e-03
1.145192324347893646e+03 2.455483605586092892e+02 -6.054547212313211683e-03 -4.579482265729497431e-02
1.156916938246412428e+03 2.226964304315581558e+02 -3.077131825856819700e-02 3.992805109913446365e-02
1.171720955846913057e+03 2.536768265147230181e+02 1.726076094748047254e-02 -3.368983003287300861e-03
1.271028606108964823e+03 3.110226019035452509e+02 -3.746026438848479995e-02 1.104147163202847705e-02
2.469385416704232910e+02 3.067948344772847804e+02 2.608972010247281523e-02 2.216658462750563940e-01
1.299539381321576911e+03 3.301299347790991874e+02 4.050113343861206361e-01 -1.867625755340287796e-01
1.177733134299860239e+03 1.888937976491743029e+02 -3.170373753639389725e-02 9.473561109705916361e-02
2.605737179032842050e+02 3.799682857243368517e+02 1.053927018290168049e-01 3.131290907223829301e-01
5.214630702197430310e+02 4.420498804776838142e+02 9.932087434179948104e-03 -4.847463703725907072e-04
2.447071870107502036e+02 7.101185849747812426e+02 3.859874381384565973e-03 -7.327063700989163179e-04
3.027775494241622596e+02 5.986325728179911039e+02 4.621701039832988578e-02 -2.806972860288222127e-01
1.985290012121089660e+02 6.471078931744063993e+02 1.955720362192826522e-01 -2.826020025627068999e-01
2.637639956265095975e+02 4.060636497867993739e+02 9.514385714291100082e-02 2.633852460344071056e-01
1.156806327739448989e+03 1.983823908449085138e+02 -6.153809654750148211e-02 1.351108929220352639e-01
1.008492805786251211e+03 1.659770894654542417e+02 -4.737018357054018254e-03 3.290516484196897434e-02
1.007811600445652516e+03 2.109682481690411180e+02 1.702247270917250574e-02 4.786260088354995709e-03
1.069454350938541893e+03 3.410611950771177590e+02 -3.025548613691847466e-02 -2.164273740207418861e-02
2.661774526582838689e+02 4.917341387471865914e+02 1.333970328019315754e-01 -1.972034942703816962e-01
5.156123853559884083e+02 4.742573544288311496e+02 -2.934885626421867861e-03 -7.155106613012079085e-03
1.567167803860966160e+02 5.286478727393518966e+02 -4.396707465180969832e-02 -3.778745420230740781e-01
2.818213261667555116e+02 4.405731133310235919e+02 1.124654719415948100e-02 1.018325716019682498e-01
1.262579901214212896e+03 2.938420841971992559e+02 -5.910955286513323165e-02 1.126519203459434570e-01
2.350196648465933720e+02 6.405163572161965249e+02 4.358968686327142211e-02 -1.999670335280888389e-02
2.463742268486024045e+02 3.913841974781382191e+02 -5.226519640264751243e-02 -2.513641940337009162e-01
1.096029285978308963e+03 1.771707437859319612e+02 5.363419062417717348e-02 2.084438703095544895e-02
2.549939289694978299e+02 5.260234911323539109e+02 1.279648586722722803e-01 -2.731551271185307939e-01
1.030578129349475148e+03 1.876649147463867280e+02 1.491773683911950220e-02 1.289255284699817976e-02
1.623872480432354166e+02 4.948087666657269779e+02 1.484549568116051432e-01 2.034146617572317739e-01
1.165425526252487316e+03 2.980878375019288455e+02 3.283777113383855584e-01 1.715454609101987327e-01
2.627849089638006603e+02 7.076098531356827834e+02 -8.155234620013081595e-03 9.727126441586117934e-04
7.841337865292535980e+02 9.597477538576509914e+02 -1.337173123180732202e-03 -1.262648426548447066e-03
1.038195793147760014e+03 2.821719213352640736e+02 -5.567477949490008682e-03 -1.334343608147122058e-03
1.968817034874821275e+02 6.637038430989348399e+02 1.563249903183545064e-01 -2.402430268600591612e-01
1.067925260471318097e+03 2.468687402326143854e+02 -1.589473151909266968e-01 -2.345629184997038152e-01
1.178039480249926214e+02 4.186421888526731436e+02 3.106618870299664437e-01 2.975098126263866494e-01
2.600913043575125130e+02 4.859509379865206711e+02 6.151027784554186778e-02 -2.535931549547731367e-01
1.180305810318646991e+03 2.032865891062859873e+02 -9.475134936064933538e-03 -1.679466986668890285e-02
1.100906426758315774e+03 2.384623428583031171e+02 -2.544530184684035135e-02 -4.532250439558271893e-02
9.609934418641452112e+02 8.351584878519657877e+02 2.668847033699961457e-03 -5.587693728390519254e-04
6.699826355455844578e+02 1.101331759972701093e+03 3.897886095908020820e-03 1.928508301794806812e-03
2.373148506788292309e+02 3.072074419517569481e+02 6.472017661019481560e-02 2.797485671912683936e-01
2.581541500916488872e+02 4.071226259115484822e+02 -5.902063376289777563e-02 -2.847214514109357997e-01
2.922371340564266120e+02 5.208891900613741655e+02 -3.633846858214101472e-02 4.413022240351894832e-01
1.197523586951985180e+03 2.013668232508334199e+02 -1.287786513581335064e-02 -6.723966188264822626e-04
1.136747490159412109e+03 2.884384948575631711e+02 2.560418509591626535e-01 8.529811433570125279e-02
6.655841066890112643e+02 1.078427160086957656e+03 1.089924828415896399e-02 -1.359125867313398274e-03
1.097078754269001138e+03 2.313868613704348718e+02 1.359257866055295708e-02 1.399288853268429167e-01
1.051748511211443656e+03 2.985640111781601718e+02 2.417785471750228711e-03 9.560000254000920045e-03
1.216086260028764855e+03 2.827681144405606233e+02 1.564155049781249885e-04 -1.090271841515609921e-02
2.638650874422845618e+02 6.865261906052825225e+02 -4.306020044812604829e-03 -8.962806096128289601e-03
1.157478745168066041e+02 4.071676753396782260e+02 3.422878251326901822e-01 2.283971156703510641e-01
9.933361509250032668e+02 2.202990330216294126e+02 -1.349211664584117933e-02 -6.536971714520234573e-03
8.766036285417226281e+02 8.721140150186014353e+02 -7.173679945865198138e-02 -2.410906670106479840e-02
2.816860741653813989e+02 6.783622186442197517e+02 -2.215275671634884050e-02 -1.757797401612760588e-02
2.165418826330515571e+02 7.667344540088005260e+02 -2.787991744035757564e-03 4.074656570102148934e-03
8.816769426838799291e+02 1.100503640581100171e+03 2.061280834482204227e-04 -2.675939210685728095e-04
2.067647705713469293e+02 5.164248629789292409e+02 4.941140374111098466e-02 -3.115914950162652908e-02
1.301961344006689160e+03 3.042973441208203553e+02 -2.602913062835909841e-02 -1.563644648994661629e-02
2.168319194274662891e+02 6.702101275565971719e+02 -1.182069660645979070e-02 2.436152455368707087e-02
2.177278313232119444e+02 7.710923697070797971e+02 -9.650855023263968727e-03 -1.519575585671719027e-02
1.963239441360565536e+02 5.357018849751746075e+02 1.565534730830090981e-01 1.288144124109559530e-01
2.432445710496424454e+02 5.196394278000973372e+02 8.859569199881099644e-02 -1.344357614781954424e-01
3.068208697137600893e+02 5.201685288020123608e+02 5.095960222671128137e-02 -6.381052199140169190e-02
5.935531119508260645e+02 4.582021311905651260e+02 2.359541945280920275e-02 -3.703415974411183517e-03
1.102963503677277913e+03 2.164555058216523946e+02 -1.533318298022886932e-02 2.429434826369300873e-02
5.205470017826933145e+02 4.336405633858944952e+02 6.033447768358337834e-03 -3.128900991400941048e-04
1.486111244065424444e+02 5.174283694192606617e+02 1.652317428051656338e-03 -2.101456727034162197e-02
1.125127658558199755e+03 2.416428420554646834e+02 2.244493996057577226e-02 -2.568503168861877711e-02
1.563071884329814907e+02 4.975646760994626447e+02 1.496157080348666513e-01 2.018627077280609750e-01
9.992040263668226316e+02 1.695164062800839417e+02 5.116812673513777832e-02 1.022584116438406410e-01
1.035372907278418324e+03 2.992372193235392501e+02 -2.107312099952196247e-02 1.251050992865771101e-02
1.086117177628982063e+03 2.028436725274348476e+02 -1.755550587471106649e-02 3.770176170701349666e-02
1.119173242280327713e+03 2.166256222113204046e+02 2.653868002581865476e-02 6.054342266536400473e-03
1.179023299446072087e+03 2.206974947900768882e+02 4.940937167718253975e-02 -7.014920056681310523e-02
8.200983935698163805e+02 1.102224650458875203e+03 2.434122147489539912e-05 8.397616789454555330e-05
1.260460653138703265e+03 2.725978361332641384e+02 -4.373811647534846074e-03 7.677560898272990653e-02
2.515743575146392459e+02 7.050051088804370920e+02 7.155444872589455940e-03 6.396347737021319986e-03
2.765018194795387103e+02 5.472009606045477312e+02 1.695497648620040293e-02 4.911574067600232851e-01
2.943763835472084338e+02 4.505749833702923866e+02 9.575241211240628769e-02 2.464511758221503701e-01
4.634282086437447674e+02 3.924311230344664523e+02 -2.877511245870941359e-03 -2.627837361050365875e-03
1.023507878548250574e+03 2.370624595212076144e+02 -2.420802567023063595e-03 -1.932761279930965198e-03
5.422182016653084702e+02 5.033235078864553884e+02 1.264798846519555806e-02 -1.870108794409722219e-02
9.609255210617202465e+02 8.730815793769587572e+02 -3.735505675348102603e-03 -3.098119754289872622e-03
1.128347559348498407e+03 2.238832270572158052e+02 -1.430925482866566949e-02 3.284311503833237111e-02
2.708323873730848277e+02 5.374762992677676721e+02 2.160304739465679080e-01 1.774106443148158740e-01
1.122095444125194035e+03 2.317044224839450806e+02 1.961851151066660026e-01 1.673306743144655218e-01
1.221204539889491343e+03 3.657076419104635079e+02 4.400510139467273540e-01 -1.651014126494616818e-01
1.191802007058277013e+03 3.864052645870054334e+02 3.543315929965212482e-03 1.329628586689647271e-02
3.154117875443200774e+02 6.251352198829396229e+02 -7.961080306273515816e-04 1.927340345877258734e-02
9.200966732796579208e+02 1.102464080465205598e+03 9.209123289482787399e-04 -1.623910118222614751e-03
9.250047963741797048e+02 8.905406838836087218e+02 -2.125788125774338150e-02 6.500838849666876196e-02
1.224774229506780102e+03 2.415755496070836159e+02 1.200798213322481741e-03 -2.050974431606838316e-02
1.294305992710750161e+03 3.370848668138463040e+02 3.218963490618902967e-01 -1.931665742472378489e-01
1.198477014036871424e+03 1.797367586928065748e+02 -9.871321467715727868e-03 2.892501621582047391e-02
1.202741273157507521e+03 3.272894129851229081e+02 -4.336248392877090629e-01 -3.095037779528951871e-01
1.254492172779299608e+03 4.007245511186524141e+02 -3.140033151766612705e-03 -3.490605261045335878e-03
8.340471619974793782e+01 3.341895124571209976e+02 -1.109435504936104877e-01 -4.934393963023638030e-02
4.655010161698269258e+02 1.100600079357011282e+03 1.764534485275248699e-03 4.241218621064035861e-03
1.092955021034176752e+03 1.927044478451722682e+02 5.447304821881229081e-02 -9.246942481320574725e-02
1.055462517647093364e+03 3.019322242156717380e+02 -8.534809510622739376e-03 1.695087441994115041e-01
1.110347190172748924e+03 3.454739607869093447e+02 3.762462269793032804e-02 1.764296129433944316e-01
5.465071299676411627e+02 4.910154214235776067e+02 7.927346132440697343e-03 -2.116674496358433855e-02
1.044994550818394373e+03 1.681040350818084619e+02 -2.808939741350968688e-02 1.841989896920992464e-01
2.429044534545489569e+02 2.971591840727077170e+02 3.325061815448618341e-02 2.579060452050157548e-01
1.081559503139750831e+02 4.190467691157719514e+02 2.123206533636866622e-01 2.935846638401861664e-01
1.583071058406845566e+02 4.838145974552011808e+02 1.147072685399642827e-01 -3.782430627755088010e-02
1.009978424209451077e+03 2.461977340384765114e+02 -4.670595917399195281e-03 3.177607024873990715e-02
1.226953585659656255e+03 2.592665411445813106e+02 -2.126638642691352013e-02 -1.537327108514532741e-02
1.037847323648739803e+03 2.217219966517476450e+02 6.863766392100956182e-03 5.822778134483286294e-04
1.158523721532972559e+03 2.903464429383046195e+02 1.532842509549254828e-01 1.755356994326202624e-01
2.594497272556047847e+02 7.051515222358751771e+02 -7.525566309425357758e-03 -4.178135580058750520e-03
1.130203229723570075e+03 1.766576550564679167e+02 3.163899941217741540e-01 1.385788595548758106e-01
1.101729691559836510e+03 1.943532636335013422e+02 6.928199296974144397e-03 3.495971309987563457e-03
1.076445790686161672e+03 2.108680418478661238e+02 -4.133559541083198785e-01 -1.905937289607199936e-01
2.239447125450787723e+02 7.223912011077358102e+02 5.440182239615223500e-03 1.591354809114187835e-02
4.396562506967770787e+02 1.085149163309167534e+03 -3.229146168694701450e-03 -1.940717608006766251e-02
9.870844789982857037e+02 1.804875147408074270e+02 -1.876995787611122207e-02 -1.789791871446330673e-01
1.040720671297550098e+03 1.777856812175720620e+02 -1.059569609187747084e-02 6.812507057505380603e-02
1.863859487618908588e+02 6.597308139155803701e+02 1.193292137061058439e-01 -3.125333671380068346e-01
2.548126480611821023e+02 3.990834554546634649e+02 -3.682313842813199345e-02 -4.089238873281268449e-01
1.807510332621758948e+02 6.354703069711574699e+02 2.098392444247239030e-01 -3.121433368775241579e-01
1.125981024313172384e+03 1.511259199200048329e+02 -8.787494846562647968e-03 3.455156838207729814e-02
1.180017181408068154e+03 2.403068518824547652e+02 5.168369940732785855e-02 -1.428894369812365624e-03
1.270105992258054812e+03 2.942667320497766923e+02 -1.060520461698195860e-01 -2.590894909871858248e-02
2.308743026295930747e+02 5.835505469409107491e+02 7.913086577491193485e-02 -3.690180122778551342e-01
3.110926237150030147e+02 5.498245472653934485e+02 2.715738926392182893e-04 -1.793005465707700127e-02
9.679468821330027595e+02 8.248313331056002653e+02 2.641675664895396566e-03 -5.173395085023457796e-03
2.313291061275338620e+02 2.943503078005566067e+02 4.579760539855101675e-02 2.493492893447637332e-02
1.972996321621320703e+02 5.389120800129929876e+02 6.218104316521589486e-02 4.807482504867038875e-02
3.175386421553021137e+02 5.245296212443226977e+02 -3.471074995973140107e-03 6.865451354624383523e-03
1.025764236224749766e+03 1.950179049642329971e+02 -6.373757492999175545e-02 2.440721834130840651e-02
1.050751748876155489e+03 2.630029727092663734e+02 5.714891132874072577e-02 -2.649893727169432833e-01
1.214572605606636444e+03 2.739298227423024628e+02 -1.843152894356535343e-02 2.506735348873462624e-02
1.850683398422297614e+02 6.543489237909224130e+02 1.535342441161776650e-01 -3.336500961124693188e-01
5.527919794947837318e+02 4.994316609661300959e+02 2.167295131594073818e-03 -2.476259363996405338e-02
9.140827704251864816e+01 3.570323883147833044e+02 -1.132958418865648298e-02 -1.247111626916511257e-01
1.301388253388621933e+03 3.469338759075353096e+02 -2.400326939642620158e-02 4.003645978393658572e-02
1.918376019771639278e+02 6.759120348980447943e+02 1.927820930865671301e-01 -2.525706877723432053e-01
1.056859451212219710e+03 1.929980257440894889e+02 -1.017676539176255029e-02 1.121350092340316768e-02
1.204230707271264237e+03 2.534022337139807632e+02 4.778452084931062924e-03 1.428281104789967323e-02
1.117899234153702309e+03 1.879619706726136315e+02 1.283993171575213421e-01 6.247193551245221882e-02
2.807387379439109054e+02 4.345823562637768873e+02 -1.007589584311777489e-02 7.716756152670779800e-02
1.051258541896067754e+03 1.682719496582638499e+02 5.350672754463760283e-02 2.905443564399701750e-01
1.838067684446909880e+02 5.551652117411837253e+02 -3.546397937137671930e-01 1.346751424715973422e-01
4.655554305693925699e+02 4.550576389325073592e+02 1.187784839025596284e-02 -2.062483938096022415e-02
5.617328751161888931e+02 3.939223072840962345e+02 6.320478877364621093e-03 -1.147041117712888168e-03
1.961702478573085671e+02 6.182793094499810422e+02 2.512560324636737841e-01 -4.745688586837729650e-01
1.989873540910131737e+02 6.421390822880828182e+02 2.308225254607990107e-01 -2.199437787544013534e-01
2.688006317907751281e+02 4.315102436498170846e+02 1.060712460776501616e-02 2.278739987869471406e-01
1.013230324960528719e+03 2.489577494057710965e+02 2.874922944378890954e-02 -5.703735117018625400e-02
3.118443243742231061e+02 5.362734447523298513e+02 4.737516863680244286e-03 -2.436269698764710265e-02
3.717994474730137426e+02 1.049987348673835186e+03 1.720060087356859724e-01 1.193138912015599962e-01
5.449229149536015484e+02 1.100934260274249027e+03 4.116839022842549295e-02 4.210807426608498098e-03
2.488923713346103455e+02 2.895818891248438831e+02 -3.845433645695726932e-02 1.685838930397412505e-01
1.204883492734096535e+03 3.466132076591474629e+02 -3.166048796731502080e-02 5.861467403190721848e-02
4.645365781593984593e+02 1.100571488507891218e+03 5.374469341961685132e-02 1.882766536457186092e-03
1.223847864680733437e+03 3.752378425066515319e+02 -6.679497585675081561e-02 9.598552310390072451e-02
1.014865827791967945e+03 2.385534516120566479e+02 3.333937588507751570e-03 -3.349596994065251465e-02
2.543314107516568754e+02 5.669929584591586718e+02 -2.447819487640856551e-02 1.990177791258531670e-01
4.172557663720943424e+02 1.100341135905159035e+03 4.192279333341986103e-03 -1.249689636281914318e-03
4.820270410960850995e+02 4.434401287870712736e+02 2.614449428199350136e-03 1.206431815064282383e-02
1.022091797353969355e+03 2.018617035425309325e+02 1.319170115350819517e-01 3.445741076908783729e-01
5.609466248334900911e+02 5.005641330784949901e+02 -1.335048057239873742e-02 -2.254647475551034216e-02
1.824486198428760417e+02 6.472655165533188892e+02 2.525179829565778467e-01 -2.399170205115735421e-01
9.172725275173414730e+02 9.303574570607997885e+02 -9.432560280929789404e-03 -2.507809943235120818e-03
2.312653025694797861e+02 5.931715090822575576e+02 -1.892251129143005528e-01 -3.385812707445683412e-01
9.307884043906476563e+02 8.845511340026520202e+02 9.474185175900647765e-03 -1.347614450708953422e-02
5.931265694715516474e+02 4.852653331020839005e+02 2.652353936361843620e-02 -1.798748617987181928e-02
1.308487544263959990e+03 3.494415445504626518e+02 -2.688721943331984221e-02 8.146134929953063875e-02
5.230992078045572953e+02 1.100575078944867300e+03 3.830179281288792481e-02 -6.979022121906078855e-04
5.287482746603101305e+02 4.390080504980257388e+02 1.535147195346036643e-02 7.919982268395580824e-03
1.145878458189635012e+03 1.433144140340262709e+02 2.529565716761226213e-01 1.160186849031984713e-01
1.045592823221492154e+03 2.313774417288342136e+02 7.609427135011256720e-03 -9.814626594789967184e-02
1.151714721076258002e+03 1.928369089415887458e+02 -1.001122866582797727e-01 -4.931985616350299112e-02
1.188225396704411423e+03 1.939783093484795984e+02 -1.193532512367958360e-03 1.944933041238786423e-02
1.110947694483056921e+03 3.392265002836410872e+02 -5.465477892665934201e-01 1.007623938862789892e+00
1.122722944782202831e+03 1.572977795427686374e+02 2.590550332515704351e-02 -2.175996877407726515e-02
1.025212621947770231e+03 1.901785778997502803e+02 8.262024664818454212e-02 -1.659935340525748801e-02
1.141534898482933386e+03 2.097336878637012205e+02 -8.087535047238816888e-02 2.479338436010266322e-01
5.454315471895037035e+02 1.099799855889795481e+03 5.415453664113556442e-03 6.544888016651384532e-02
1.167447569293049810e+03 2.056146687960645352e+02 -7.870734041454044427e-02 -8.559346246345474196e-02
1.153837617195093117e+03 2.298015127200121697e+02 2.790024944387268016e-02 -5.396544045757423191e-02
1.189924227845714313e+03 2.332482970054014402e+02 2.708144737251435077e-02 -1.097836859242167645e-02
1.256391054395244737e+03 2.918461956746157853e+02 -5.343106857304115095e-03 -4.380900779530191858e-02
3.690448061552216927e+02 5.183719554125566447e+02 7.138363787575485730e-03 4.962554294006338296e-02
1.037109387274509118e+03 1.770365017300230761e+02 1.739204223412116335e-03 1.117227938482088234e-01
1.171567000738282786e+03 3.150508815499933348e+02 1.234817505708747376e-01 2.817424137063824219e-01
2.083043744065682290e+02 6.530224242983899785e+02 2.794897790431249973e-02 1.496163235100169686e-01
2.730631041726975354e+02 5.186039055434782767e+02 6.644575699746317968e-03 2.988739301667919790e-02
1.117903063968761671e+03 1.917858613979938980e+02 1.184550403861846651e-01 9.710033232780850010e-02
1.111172912610747517e+03 2.204624610012398875e+02 2.909449999162266876e-01 -5.026405823678804508e-01
1.027216501690361156e+03 2.417495595892483209e+02 -1.061723016092790649e-02 -3.911908551895797864e-02
1.016556969444362494e+03 2.739925599355535724e+02 1.536444049075466264e-02 -1.667411652670125477e-02
1.057732883733672679e+03 2.865981824887575158e+02 3.977903681834504823e-02 2.607963540720967255e-01
1.291836385178565706e+03 3.344560007849362933e+02 9.406196652938499103e-02 -1.651881791981070768e-01
2.022173994588619621e+02 5.851984474747617924e+02 2.967260392953871041e-03 -1.493568875317805578e-01
2.532372092727900679e+02 6.406994087964242226e+02 -6.174787390956940156e-04 8.526028281981520851e-02
1.081404093207693450e+03 1.890236065268748007e+02 -6.623137050435919104e-02 3.830735379861967965e-02
1.205404629487519742e+03 2.129461221570487339e+02 -4.878699683539858972e-02 6.304564333483615723e-02
1.125885248918809793e+03 3.247930932019127113e+02 -3.260396739778267938e-01 -6.956245600608212953e-02
5.022103235195681350e+02 4.381359532426028522e+02 -3.596668253114785468e-02 -1.488053832296031831e-01
1.267768979732951721e+03 2.635205059812079185e+02 5.909294500011128687e-02 -2.136125223937597115e-02
1.126248297455039165e+03 2.941916948838965595e+02 -1.174222912851291822e-01 2.468452858928458366e-02
1.287700486402572096e+03 2.846128409829211705e+02 4.153577299184689486e-02 1.051276719609063603e-01
1.248769430407733125e+03 3.256053927385340216e+02 3.665872249011954409e-01 -2.653573258331448637e-01
1.998503835326702927e+02 6.349126892544738894e+02 2.402583532288758705e-01 -3.732816790738979849e-03
1.203836418805789208e+03 4.270521997496057907e+02 1.984798808557570668e-02 -3.043843672367074760e-02
9.924263748817033957e+02 1.997288017718258004e+02 -5.705452652648546064e-02 9.108514685716784243e-02
1.170533569473815078e+03 2.152259012092555110e+02 -9.247745117471595222e-02 2.605028748095605806e-02
1.146296632986936629e+03 3.718198847745147759e+02 -5.179503883249481078e-02 -4.982888045695688106e-02
1.013549312506672550e+03 8.697059991941448516e+02 -7.319677478932362646e-03 1.909947143590784435e-02
1.270912016534238376e+02 3.832140358974625656e+02 -1.191601368454655585e-01 -4.186557322359855671e-01
2.777581388860627385e+02 5.220616188482179041e+02 4.702541583944253034e-01 7.455863385687280243e-01
1.045693464518454903e+03 1.820907623803833815e+02 8.371353121598682293e-03 6.185242631407087549e-02
1.075154632753409487e+03 1.869336725954607914e+02 -1.085201341235612384e-02 4.220765123616085357e-01
1.234920086580767020e+03 1.348746197047737780e+02 -3.538161450267125474e-01 -3.602974893778612686e-01
1.887663131649211152e+02 6.554838796931323941e+02 1.727174177489322060e-01 -1.596568975156363590e-01
2.545039116631773197e+02 6.635180112242588848e+02 1.726686213172001771e-02 -2.585484824309484606e-02
2.513304251235242930e+02 7.090932090277681255e+02 8.017136936587121454e-03 9.039921886566541775e-02
8.036502013811806364e+02 8.880123194297518694e+02 -1.140188486966356579e-01 -1.126805655054188976e-01
1.001662221535510412e+03 8.464451950687378030e+02 -1.188922080348220334e-02 2.255878233216890294e-01
9.937849508225438910e+01 4.043937173367165769e+02 2.642032906419302662e-01 3.196564169283817591e-01
1.633590558466258926e+02 5.409530306130264989e+02 2.938974224342416619e-02 -2.406642823358993155e-01
4.935831044410337540e+02 4.551749782096306376e+02 3.660229926481406437e-02 5.258490278785643568e-02
1.080207406816562070e+03 1.514219633187511249e+02 2.383041830006504824e-01 -9.524659057575490806e-02
9.910940909928085603e+02 2.080323073890621401e+02 1.358571120010765299e-01 3.117197857737181721e-01
1.074770926617467012e+03 2.068929993337010274e+02 -1.654538046966536058e-01 4.069249711183431373e-02
1.116872665404807321e+03 2.053982260583044877e+02 8.960184134639348486e-02 -6.321253968494033870e-02
1.029857873601216625e+03 2.302783486217657014e+02 -1.379816991997131481e-01 3.236656885398758732e-01
1.179760765630230935e+03 1.664977680102757915e+02 -5.041448399231285293e-02 1.105596627332090520e-01
1.184913923666304299e+03 1.856828846710787104e+02 -1.425153418442732800e-01 9.242348598235139434e-02
1.295928311954781520e+03 3.314456790999685154e+02 -3.462509933914361682e-01 1.816906488359961713e-01
3.827674804277988301e+02 6.536778128010996625e+02 -2.240247405474917741e-01 -1.070506638395954724e+00
2.126279983310447790e+02 7.557039199155465212e+02 7.903886105702895293e-02 1.499796411033003096e-01
3.143015598528197074e+02 1.080949513271666319e+03 7.519508125960783218e-02 -9.222111957228662504e-03
9.131577317437489683e+01 3.489435211631580387e+02 0.000000000000000000e+00 0.000000000000000000e+00
2.293535592039488051e+02 3.323142242159364059e+02 0.000000000000000000e+00 0.000000000000000000e+00
2.497737859775563720e+02 3.733409227058066904e+02 0.000000000000000000e+00 0.000000000000000000e+00
1.323685970234330114e+02 3.948919439498862971e+02 0.000000000000000000e+00 0.000000000000000000e+00
2.650272368826876459e+02 4.691494931591008140e+02 0.000000000000000000e+00 0.000000000000000000e+00
2.636953274193129459e+02 4.968059187213943915e+02 0.000000000000000000e+00 0.000000000000000000e+00
2.581173275273418426e+02 5.151056789532896119e+02 0.000000000000000000e+00 0.000000000000000000e+00
2.576395585992988231e+02 5.228716709912124543e+02 0.000000000000000000e+00 0.000000000000000000e+00
3.248939173316618962e+02 5.184968517499636391e+02 0.000000000000000000e+00 0.000000000000000000e+00
5.065440677605743076e+02 4.441728289849511384e+02 0.000000000000000000e+00 0.000000000000000000e+00
8.912488398681138051e+02 2.250019670833139287e+02 0.000000000000000000e+00 0.000000000000000000e+00
1.095158375484182670e+03 1.768730819527547737e+02 0.000000000000000000e+00 0.000000000000000000e+00
1.068152815342763006e+03 2.205237851188846605e+02 0.000000000000000000e+00 0.000000000000000000e+00
1.065419273102332227e+03 2.394498737860435256e+02 0.000000000000000000e+00 0.000000000000000000e+00
1.042306694895946748e+03 2.588600566289080689e+02 0.000000000000000000e+00 0.000000000000000000e+00
1.224819303010890280e+03 2.153001257319532442e+02 0.000000000000000000e+00 0.000000000000000000e+00
1.135542547400674493e+03 2.385037674364496638e+02 0.000000000000000000e+00 0.000000000000000000e+00
1.174092754264706173e+03 2.440506883910269949e+02 0.000000000000000000e+00 0.000000000000000000e+00
1.252269437820407575e+03 3.400399029871240941e+02 0.000000000000000000e+00 0.000000000000000000e+00
2.859023837458490220e+02 5.762517352305715121e+02 0.000000000000000000e+00 0.000000000000000000e+00
1.804186609339333813e+02 6.523145876246906028e+02 0.000000000000000000e+00 0.000000000000000000e+00
2.235201601916100458e+02 7.573408028189494416e+02 0.000000000000000000e+00 0.000000000000000000e+00
2.152454422072352713e+02 7.689241016650468055e+02 0.000000000000000000e+00 0.000000000000000000e+00
3.458016059020658304e+02 9.919963487731424721e+02 0.000000000000000000e+00 0.000000000000000000e+00
4.576138074058615075e+02 1.100422663593525385e+03 0.000000000000000000e+00 0.000000000000000000e+00
6.802337256259629612e+02 1.030286825881212962e+03 0.000000000000000000e+00 0.000000000000000000e+00
