1.330653293833760813e+02 3.817468264763338084e+02 -6.567268730775606064e-03 -5.020150340897089336e-03
2.524189437442661301e+02 4.641450567005925336e+02 -4.854651829652926304e-04 -2.896972339654705231e-03
3.076523255380622572e+02 4.821866471110096199e+02 -1.343170212969101683e-02 3.795143949571861547e-02
5.636430978743198921e+02 3.786246706348304087e+02 2.649077452844884103e-03 -2.476916125090719155e-04
7.063147762012357589e+02 4.144285116183468745e+02 2.610637155549459885e-03 4.435962523298865937e-03
6.343447877065033254e+02 8.219449692649670851e+02 -1.697512278161582939e-04 -3.044997749512812191e-04
9.124393348155864487e+02 8.059416583324888279e+02 9.580830827250639767e-04 -1.403770260952628144e-03
4.599382785715851014e+02 9.415881980747330999e+02 3.192794698724364818e-05 4.497397069056628563e-04
9.053737367376209022e+02 9.225582528111156080e+02 -1.006677919115258387e-03 -1.884708915044353787e-03
9.001501947190164401e+02 9.268256484125496399e+02 6.306537112865529936e-04 6.081366484570007759e-03
7.069895191837282482e+02 9.923858052586436997e+02 -6.974074381968655735e-03 -1.568081784991798159e-03
7.151135881162626902e+02 1.011431316665485042e+03 1.420170415978718001e-04 -4.307973244301525450e-05
7.049409433426332043e+02 1.023761745209035098e+03 5.669803542719584720e-04 -1.979681613616181854e-04
4.816949093732895903e+02 1.099069485577082105e+03 6.911331593163604764e-04 3.439152891844222070e-04
7.045104020267675651e+02 1.036457061422023571e+03 6.687521496168850400e-05 -2.362093779502534791e-04
7.518288944625552404e+02 1.067571656552675677e+03 -5.352925147071170260e-04 1.294403577397737004e-03
7.456713523596980622e+02 1.071493192385307111e+03 3.467846149974455937e-04 4.570610314505468450e-04
1.311933882841893535e+02 3.251856129636759078e+02 1.802457660423976071e-03 3.892372691775607997e-03
8.997909373296125750e+02 1.102187226693138655e+03 2.972631874514479488e-04 -1.163761061195713129e-04
2.610641427488445174e+02 4.735679445502533440e+02 1.500723150755882973e-01 -1.600958308193506929e-01
2.428675155577583951e+02 7.557028240069170124e+02 -5.110272280230989360e-03 3.869876344573064050e-03
6.392523006588970702e+02 3.760643084148716753e+02 1.601823189336602435e-03 4.618834012317188549e-03
1.241131665383514019e+03 3.836238504672809313e+02 -2.078416674920043929e-03 -5.115695508830003704e-04
1.179400811070453528e+03 2.344952438795699550e+02 2.960035155863374474e-03 -8.991072629381204398e-03
7.153080272430397599e+02 8.818894689992686153e+02 -1.158472682421612075e-03 3.607909153899553981e-03
2.366822385302160967e+02 7.202056236745495426e+02 -9.258670433289994256e-03 2.155693993596413238e-03
2.497477191249044211e+02 7.170004779978587521e+02 8.032337557633334110e-03 7.934160084160605132e-04
2.407125101497383923e+02 3.761257252632884729e+02 -6.863528575285111899e-02 -2.541764286163813447e-01
2.517998979058862403e+02 7.493164021036320719e+02 1.455637075565450154e-02 1.889745122395476706e-02
8.299617464109062439e+02 3.046084904983607089e+02 4.289971741721022337e-03 -2.053148276467376201e-03
1.430924529815987967e+02 3.918975745272997528e+02 1.129697715254165393e-03 -8.412872924130097158e-03
5.724622172911804228e+02 3.799081749536381949e+02 4.933808419968053853e-03 -3.383512476018089941e-03
9.318398090350906386e+02 8.446779353015222114e+02 3.023074099405225531e-03 1.611004094760380354e-02
5.697951924139937319e+02 4.372013686626677327e+02 1.840055802121565946e-03 -6.845121135150896569e-04
1.007498919800178669e+03 8.124376074915277286e+02 8.588949890865775483e-03 -5.826770017243139421e-03
5.018438692378228438e+02 4.346175216324951975e+02 -5.052977245500164631e-03 -3.800910025905176320e-02
2.429202205406848520e+02 7.438368197843115013e+02 -3.415078043543239104e-03 1.480553492665039050e-02
9.809755980589019373e+02 8.275095103252392619e+02 5.544869607837706396e-03 4.185846176276097029e-03
3.080903440402992146e+02 6.593398296188848917e+02 8.363498943874720162e-03 1.477117488856817019e-02
1.012323708786453267e+03 8.175466145428155187e+02 1.723352536633246737e-02 1.752620527084258750e-02
9.414420829604439405e+02 8.349072568478163703e+02 3.036054758235922670e-03 3.664545718146484509e-03
1.003257189428612719e+03 8.366692648987852863e+02 -2.637673623223578314e-03 2.096282204011814480e-03
2.322497171130206937e+02 7.241439548958609294e+02 8.204235699552235627e-04 2.228595409169519329e-03
4.816189604298857603e+02 4.388663419792915192e+02 -4.303688293779068738e-03 1.212248867568126165e-02
1.019627048119337019e+03 8.072055405341872074e+02 -4.790763019573745693e-04 -2.358846722184506153e-03
1.213362920027291466e+03 2.545381673614246267e+02 4.995164294069077970e-02 7.355808005961320985e-03
5.480154571935904642e+02 4.419556733601287419e+02 -7.057610435905720993e-03 -3.307656216934289507e-03
2.270991756115232647e+02 5.203783369358192203e+02 -7.310932563002822335e-03 3.455837423983905508e-03
5.764514398827950572e+02 4.199392449199592647e+02 2.615618113301060917e-03 -7.387322967365389601e-04
1.038230053665251489e+03 8.604284907257983832e+02 1.423911753706963955e-02 1.311090040097285386e-02
7.333070302995859038e+02 9.217222019965614663e+02 6.556107685347648678e-03 -6.158750087122528971e-03
9.560205181868053614e+02 8.447430933200694199e+02 7.540722344012266726e-04 -1.981671891649687631e-03
7.483035960898656640e+02 9.536624656778247981e+02 3.257852328703289731e-03 6.923969022177561307e-03
2.657547627994918571e+02 6.666702669457727097e+02 2.456137640241523901e-05 -1.921109948931765468e-03
8.247294358262801097e+02 1.102231294884531962e+03 -1.838246145706140652e-04 1.980279056340913263e-04
2.549057513317606549e+02 4.833512589332805192e+02 1.128510344169876972e-01 -1.236636200399495039e-01
7.499579873941402184e+02 9.580629483351862064e+02 1.177899919972639131e-03 -1.384545132997019260e-03
5.622061278430600169e+02 4.714090139734568083e+02 -2.878194509295135123e-02 2.429748229155510517e-02
5.678337194474152057e+02 4.742145780510250006e+02 4.957880184234130135e-03 -5.438760003811477992e-03
1.205154996017062786e+03 2.307784077271503804e+02 6.049235373380400412e-03 -4.004953364164356988e-03
9.123050072663386345e+02 8.462021226955522479e+02 8.846004777652604831e-03 1.936325274939890975e-03
7.722040269880581036e+02 9.606793419035701618e+02 3.653751425059850169e-04 7.742267282292412262e-03
7.745931958182358130e+02 9.423554083626770534e+02 -2.628128374916435112e-03 2.322510843279617103e-04
7.733901527295050755e+02 9.486573721959715613e+02 -3.202618948388689154e-03 6.415360974413055991e-05
9.843285946558168007e+02 8.676944680763248243e+02 -1.776253516843350659e-03 2.167252402016694394e-03
8.009951357492210491e+02 9.516269738605537896e+02 5.595569268253072423e-03 -5.782929992309087351e-04
2.111486164597391451e+02 6.730305609141566947e+02 8.879619704312670739e-04 -3.113053782287649330e-03
6.193899472115765548e+02 9.358394891581313004e+02 -1.634947834262864532e-05 -8.352383043903401647e-04
5.738837069936319040e+02 4.891660334874574119e+02 2.764794764035773122e-03 -3.646177845584165633e-03
9.744397537619230434e+02 8.846971549987235903e+02 -4.063142703189711810e-03 -1.262005558662014290e-03
7.627145497617816545e+02 5.259392023266290153e+02 1.644341272645155339e-01 -1.627195478237813270e-02
7.840492263366297720e+02 9.431745195693237065e+02 -8.380501225550831754e-03 8.355379258538356974e-03
7.955344682602620878e+02 3.831509561778136685e+02 -4.678195208409513181e-03 7.016215418376093443e-03
2.347296112204053884e+02 6.986924824051366159e+02 -8.446863623082900147e-03 -2.076432162217239225e-02
3.077930860620771227e+02 5.649248702544618936e+02 -1.192592832403207605e-02 -3.691102532439632933e-02
8.078894048043639486e+02 4.204220808632859416e+02 -1.783771738956548263e-03 -1.141151352571076038e-03
5.883301673727144134e+02 4.027910304597604636e+02 -1.836749146415365269e-02 -7.279787774907594926e-03
1.034425582125019446e+03 8.359945298615836009e+02 1.589366577121890684e-03 -6.817520024170146010e-04
9.940224933689859199e+02 8.216491440321854043e+02 -2.465026330933052165e-03 -8.561938150891554300e-03
2.272224044109059093e+02 7.272890927430237298e+02 -2.966366788175739530e-04 3.863404440808423587e-03
1.278283068662511141e+03 3.719568111927615632e+02 -4.949606843672089279e-03 -6.302089454669556647e-03
2.269825685818023544e+02 7.666489090524572703e+02 1.534389427316097156e-02 8.982534871553963032e-03
7.330533961304693094e+02 9.810119655869261805e+02 -1.060791815136623729e-03 1.160121087720410865e-02
3.207876894565395673e+02 5.451467210519920172e+02 5.007726070580179392e-03 -7.278147215143095615e-03
9.893183915829329180e+02 8.307182018405644612e+02 -1.718494325835439110e-02 -2.498167051796354107e-02
1.048449780241981671e+03 8.574187194488426940e+02 -1.576243385133157746e-02 2.779342090359320297e-02
8.273191150364934856e+02 4.016560558621257542e+02 7.763636501445800656e-03 5.480881542866026385e-03
1.017669781360425304e+03 8.307719118701490970e+02 -1.467572816593339276e-02 -5.301958172722017089e-03
9.470803971779159838e+02 8.368007882667128570e+02 1.453668907463744921e-02 4.345467677001237615e-03
4.649930887393048238e+02 4.542638352510408026e+02 4.871676244599621938e-03 9.473664314766823413e-04
2.683795087314424563e+02 3.011264690895193894e+02 1.261804366364042019e-03 7.792841519802766806e-03
9.550934896587700678e+02 8.225416964898553260e+02 4.240426622659740005e-03 -4.941694749519310280e-03
8.183037984732495715e+02 9.355899406135807794e+02 -3.688642445615304428e-03 2.742875274804538153e-03
8.181318200903481284e+02 9.438658192988023075e+02 -2.300109032526479608e-02 -2.029827724949076484e-02
5.493695636023368252e+02 4.328904077183020149e+02 4.148158029142725439e-03 3.355158530447318460e-04
7.306354815717475049e+02 9.372304738576387990e+02 3.588456483817251304e-03 -9.952663466976608905e-04
9.294752684703960313e+02 8.609944285695756889e+02 -7.148624079648713964e-03 1.219230369362758444e-03
1.077404303376426469e+03 2.036722740502208921e+02 -2.667957576358105220e-03 2.766301758625932996e-03
7.533399334874148963e+02 9.714825037707522597e+02 -8.721099025108579664e-03 7.622722114545035473e-06
1.030808656364702529e+03 8.254836109533615627e+02 2.154853761837357065e-03 -6.629158740629958850e-03
1.021303524876951997e+03 8.141042367544434910e+02 -6.570141444347490922e-03 -1.090159130086870536e-02
1.027883465222065524e+03 2.126093781432645073e+02 -1.024534083456922345e-01 -1.074700711017844736e-02
9.547575051992616864e+02 8.776074963857112152e+02 -1.329647112718045825e-03 9.834214957908047131e-03
8.178760332268640241e+02 3.797969100813944010e+02 2.310988466587836441e-03 -5.214412252002201958e-03
9.714905263432560787e+02 8.891553972658697376e+02 -9.732171715970955989e-05 1.652109087654205638e-03
9.053586668053783342e+02 8.413191093922059736e+02 2.906934961532501097e-03 2.636404595531899580e-03
5.788492717651147359e+02 4.678828410321270894e+02 1.029869083989222792e-02 -6.683894543160963375e-03
7.907494446786694198e+02 9.230382544131000486e+02 5.167737791298755191e-03 2.812013255057572211e-03
9.621340816887365008e+02 8.485830600598541196e+02 -2.720285762797454345e-03 4.352914123030744166e-04
1.930356032939412785e+02 5.891797635215752962e+02 -4.227683207191846237e-04 -4.564622368985906883e-03
2.325978843507574823e+02 6.897125966940733406e+02 2.891046623648039007e-03 4.622535966192198287e-04
4.930244468742512254e+02 4.481832744325743079e+02 2.255839420647387029e-04 -2.305914050984173101e-03
8.332951364948658011e+02 4.126084396608218867e+02 3.058287178227696301e-03 -3.553890634730866478e-03
9.701623139009077477e+02 8.763691930991313939e+02 2.580522063710241620e-02 -1.356830429785131371e-03
7.978189682194503121e+02 8.829957154225724025e+02 -1.155494317941884730e-01 -1.128486991382327970e-01
9.695826243874664669e+02 8.249931637602012415e+02 4.520296907244166114e-03 -3.324871407970265069e-04
7.918458684836695056e+02 8.845139100888947041e+02 5.314157014994959176e-03 4.481967712215261489e-03
1.192729744619174880e+03 2.107609137770398888e+02 2.057822500148068744e-03 2.410711844542184294e-04
8.134727639663060472e+02 4.026757780163914049e+02 -5.009351939485563125e-04 2.886434003050007951e-03
7.672818333653619902e+02 3.856932079513728695e+02 -2.322751922549449229e-03 4.256972319909788256e-03
2.252079312178184693e+02 6.861086443799978269e+02 -3.754454265000425200e-03 -6.081577536010042027e-04
5.596187853076677357e+02 4.150824660600625862e+02 2.456168475841067397e-03 -3.138694472451421941e-02
9.499524859056599553e+02 8.562380024509716350e+02 6.954247046472587269e-03 7.444843158162995538e-04
3.358473435850515898e+02 5.525247980531871690e+02 -2.314129563579640433e-02 -1.117194475974802974e-02
1.127929263205633561e+03 1.860457510974487150e+02 6.486602412922204408e-02 2.761791084727358708e-02
7.181467634161639353e+02 9.519064231171390702e+02 4.619319213313048851e-03 -1.310004433164949902e-03
5.112310105012588224e+02 4.391756606998939674e+02 1.160050011057281536e-03 -1.264774840752908242e-03
9.950854130934338855e+02 8.728032158607211386e+02 -3.879251549524089654e-03 1.303035040609306630e-03
4.804170749417441471e+02 4.674856410520871464e+02 2.797533668852469121e-03 -4.111799272819363638e-03
8.839240138908427298e+02 8.708157379004278482e+02 1.060578713562146738e-02 -8.863717617489306339e-03
8.016583943781253083e+02 9.384411256082847785e+02 -3.623021994801794900e-03 -1.264729425544135330e-03
5.349120148447757401e+02 4.154022680458556351e+02 5.057693985279029412e-04 -2.326297627404875189e-03
3.264499522647586218e+02 5.359489265978689900e+02 1.246970608556442024e-03 6.470354328766376529e-04
7.444445486461669361e+02 3.956394785234278970e+02 -1.671579893247713503e-03 -8.586156961235579584e-04
9.973355434903347714e+02 2.499606222356425178e+02 -2.771624145969389663e-03 9.857019762849555077e-04
8.507514270572432906e+02 9.314624108395435087e+02 4.866563833324521766e-04 -9.820063365569326082e-04
6.304205956746795891e+02 3.838670479381212886e+02 4.593162995198633164e-03 2.533320775135412817e-03
8.163524525726700176e+02 3.632824109706771196e+02 1.425144918516257344e-03 -4.014253128199434320e-03
8.576677600351665660e+02 1.101591226951658882e+03 -2.453280183236430110e-04 -5.192238061879672672e-04
9.282548890483959667e+02 8.356693388803862490e+02 -8.490893639040366855e-03 -2.623109060303110279e-02
6.023707568478911298e+02 4.339984503650106262e+02 -4.965013998545632357e-03 -3.670478351876222626e-03
5.101110941487154378e+02 5.062529403284933096e+02 3.642994591783713099e-02 -2.394174974101149350e-02
5.445998237815795164e+02 4.078422110623696994e+02 1.609731090043439597e-03 -1.662435799087549253e-03
2.387399511028248753e+02 7.402447298059104241e+02 9.227526677809219993e-03 8.631297295759359292e-03
2.314857948499087570e+02 6.474076100420337525e+02 -1.170171218668296202e-02 -5.546120748567998082e-02
5.414314695075426016e+02 4.782992605572178491e+02 -3.720381523397792590e-03 6.324169301868857312e-03
2.284992787796717266e+02 6.029891420913933189e+02 -1.276697870370350207e-01 1.294845742747489925e-01
9.775287006756369692e+02 8.454553366037388287e+02 -7.270303641068341302e-04 -3.435092381511534003e-03
5.457281103824948332e+02 4.822166012727460043e+02 9.036391983696906438e-03 -9.407923061930301492e-03
3.206687869920041862e+02 5.307605289826379931e+02 -7.751221036307294823e-03 9.346970975899589890e-03
3.151526548026795354e+02 4.704408409317980500e+02 1.231291215206979303e-02 1.012970285468088767e-02
9.336040902205522798e+02 8.663831177180139775e+02 -5.259453666615690470e-03 -4.764646776318994317e-03
2.693095948339887968e+02 6.101445197849977831e+02 1.338524408588578907e-02 1.967527960706131132e-02
1.063098611017039730e+03 1.808914266518939371e+02 4.560504304483383765e-03 -3.950086311061401685e-03
3.238581198325967421e+02 4.770112869313680335e+02 -2.642196300185035551e-03 4.189154472806867931e-03
9.713466649121493219e+02 8.296126203584224186e+02 -1.218214969521840864e-03 -2.197866193210027655e-04
2.482055245701938588e+02 7.406325479698737126e+02 3.858598223143196605e-03 -1.018464787522485658e-04
2.201100947057807105e+02 6.855619703280793829e+02 -5.124211490361081645e-03 -1.844942147123233497e-02
5.057847039648745522e+02 4.417006403996861650e+02 4.761014434638294150e-03 -1.646763750301035931e-02
6.547965624300504714e+02 4.866429852222499903e+02 1.081773119993120341e-01 3.533775913109216682e-01
2.758791041397227559e+02 6.708153660509265137e+02 -6.262471896608832675e-03 -1.177042996083189214e-02
5.891028441415244288e+02 3.759260049443423100e+02 6.183063915207838261e-03 -1.077352417530900650e-02
6.120350061158635526e+02 4.280018221506789473e+02 2.837695302679265220e-03 2.534673803222518753e-03
3.018804105783345904e+02 6.126570816499081502e+02 -2.728798756643221329e-02 1.021108548954345781e-02
4.762118076321989975e+02 4.654644233976932810e+02 -6.576824542664758176e-04 5.907446341854377496e-03
2.239607049901206608e+02 7.559539831215525965e+02 1.531340318746935401e-02 2.990079745783833995e-02
1.216307251287370718e+03 2.600970284098228262e+02 -1.412634684949114379e-02 5.287192141485892033e-03
5.677648085972363106e+02 4.295782852697640806e+02 -2.001421692228285733e-03 -4.039851160691436405e-03
1.233699732490385486e+03 2.621447180409743396e+02 -8.762250890660905345e-03 9.405969991936253324e-04
1.017086160297455876e+03 2.736456777899610984e+02 6.740268756327240200e-03 -6.812644237615163301e-03
2.078793541877248003e+02 6.971391169176787344e+02 1.044609419111701236e-02 3.443799781581840906e-03
5.482127157315402428e+02 4.099969363250079368e+02 1.775523350643918186e-03 -4.374247432137693195e-03
2.529294854924189053e+02 5.732084942936764946e+02 -1.233446593941122521e-01 2.531289719046614373e-01
2.493291548610565087e+02 5.059086014777897731e+02 1.636387210816656404e-02 -7.381471225642144418e-03
1.101434452461322280e+03 2.899750125770677300e+02 -2.499692993279216402e-01 -1.807536395298938170e-01
1.003345326455837039e+03 8.237660802853366704e+02 4.456671570061765397e-02 -1.044995031018533874e-02
2.261219791572072211e+02 7.021748102647284213e+02 -4.047522881191721600e-03 2.455970804667591267e-03
3.007993868094600316e+02 5.741087600744140218e+02 3.614381596049939110e-02 4.995874981079400506e-02
1.053322502345044086e+03 1.875897283988216770e+02 8.905749821284945564e-03 1.510937357394458516e-02
2.666199873628204386e+02 7.386292586102717905e+02 3.249648744878242800e-03 4.938400146910329296e-03
3.120208656688516271e+02 6.100574947075781438e+02 4.846657706730522069e-03 1.350576894472819978e-02
1.033500530798121417e+03 8.552902801763190155e+02 1.363294136643675679e-02 1.055728248739810568e-02
1.153950548232816345e+03 2.295209154184330487e+02 -3.935444877762876888e-03 1.588759067793840685e-02
2.542597964210204964e+02 6.439368920174912319e+02 -5.732120107774163996e-03 2.756026137391999475e-02
2.723748196887744939e+02 6.526367611959849455e+02 -4.393490448308620157e-03 1.695865711890337177e-02
1.209946632281106531e+03 2.194456534428848613e+02 -3.791188459760209961e-03 9.523445885057324478e-03
2.351977959066072401e+02 3.402136847178749122e+02 -9.478923636587265056e-02 -3.934894610241689294e-01
5.894150628463598878e+02 4.494747675278564429e+02 3.115401249740196252e-03 1.808179752695668677e-02
2.378579441846349880e+02 6.940400757455216763e+02 3.838484715180863396e-03 3.694999658958718239e-04
2.658638213608006708e+02 6.345079880508209271e+02 2.059413298753151080e-03 -1.597351607806063402e-03
1.208261781046413489e+03 2.081396816647348942e+02 -1.467716045075720486e-03 -4.824289426780955896e-03
1.002998841450995997e+03 8.759654375301341815e+02 3.993079591093263818e-03 -3.730516511406883982e-03
2.674667153788300311e+02 7.192175169473600818e+02 5.981190459075299420e-03 2.178573977077423104e-02
2.636117182383325144e+02 7.259795783808330043e+02 6.731748359440265818e-04 8.059974687346829758e-03
2.651687126621366701e+02 6.180293318314818407e+02 1.226303619565365620e-02 8.351555107043790588e-03
1.265837185301858881e+03 3.943915032552671960e+02 1.198496392452407227e-03 -1.089078658232253520e-02
9.439633911246412481e+02 8.555700795286933271e+02 -1.660803543036128843e-03 6.057546346534700699e-03
2.537433513543794845e+02 6.852629992799188585e+02 -6.960922279578727820e-04 -1.916553320801549481e-03
9.295279185080714797e+02 9.040795328737759746e+02 -4.435995792054614473e-02 -2.765918547844770439e-02
1.240611021734570841e+03 2.786372535293218107e+02 -1.575516802012595554e-03 1.095491605561655507e-02
2.803585921641504228e+02 6.475684879184274223e+02 -8.745437336404614237e-03 6.271282035651110087e-03
1.008249431572858043e+03 9.275884954491062899e+02 1.788511136771493172e-04 8.454810676622932265e-04
1.059188278247939479e+03 2.376529911503174333e+02 -1.239828390090170207e-01 -2.763179120787473408e-01
9.524141844140293642e+02 8.968677056469612126e+02 9.765450884420751650e-05 -5.021126278476535122e-03
2.337393699757512024e+02 6.765933042823604637e+02 3.617906593711725342e-03 1.108477976656851494e-04
2.516441170128956060e+02 6.714370050900010938e+02 4.265234857115555523e-04 4.569035219926470201e-03
1.068177425404449878e+03 1.845045973764966902e+02 -4.453420908858824606e-02 -3.859426381434546277e-02
2.567963060346261273e+02 6.728950064476067610e+02 2.901154856058135809e-03 6.034593467075405684e-03
1.013250715086982950e+03 8.527784312557191697e+02 1.353871506882281409e-04 -1.722336785798625697e-03
2.304902575783951590e+02 6.694924756628120122e+02 -1.219390125020434514e-02 7.839496370013533319e-03
2.646651194666243327e+02 5.543923923137846259e+02 -9.048091153372038453e-02 2.322573350776788170e-01
2.956867588344812248e+02 5.696394681214976572e+02 1.785748715362144717e-02 1.620175290464984791e-02
2.320179187342253897e+02 3.299154926019224376e+02 -9.956530549233419403e-02 -3.838816154918140433e-01
2.526694876831972749e+02 6.332910827033687156e+02 4.208755872230479471e-03 6.633039587821411634e-03
4.419247065485108692e+02 1.086203081688268185e+03 -1.519928661029962789e-03 8.493850393796771939e-03
2.228803414214841894e+02 3.002513323642932619e+02 -8.851799072937435731e-02 -3.615516657508012210e-01
5.213379298060222027e+02 4.707673873735092229e+02 -1.843422066808850929e-03 6.949821565541750706e-03
2.689187185539804545e+02 6.802983520479625668e+02 9.579494444311772300e-03 8.635148296593347580e-03
7.341254285974998766e+02 9.295884276668565462e+02 -3.507970573014738643e-04 -2.186560715011921351e-03
5.071301409217304581e+02 4.847170525413550308e+02 -2.990874812609274711e-03 -1.121922355612399100e-02
2.322742485601901876e+02 7.378109390174637383e+02 1.813530274362947295e-02 7.060368895576409932e-03
3.108574770867338657e+02 6.436535634641247725e+02 1.125786227529184357e-02 -2.546839709826725570e-02
1.202179559193479463e+03 3.857432495934806980e+02 6.732117174844533085e-04 7.099632367338035675e-03
2.262498809846185566e+02 7.493353333631509940e+02 6.014291950848608785e-03 -3.821533188612994368e-03
1.035810678814202674e+03 1.765643136015274024e+02 -1.066812063499182270e-02 -1.419302914001071593e-02
2.411398219087861605e+02 6.401640939822912060e+02 -5.250911010662521680e-03 1.839708443377852456e-03
2.985187554347668879e+02 5.424813518249736717e+02 5.419333858640692538e-03 4.023249412207045850e-03
2.630428326661503888e+02 6.915983684619235419e+02 3.102791364741764983e-05 -1.501849336253792747e-04
2.499470315251120951e+02 4.920681779259538189e+02 -3.533391412820109656e-02 -3.274808902195652793e-02
2.403316329950270358e+02 6.284330177631753713e+02 -2.612817409171141548e-04 -2.424869148648897514e-03
2.402142715850731634e+02 7.262777913213589045e+02 1.922773467670973145e-03 6.152795835807392229e-04
2.790058251074966051e+02 5.052041807043732433e+02 -1.861153125586855264e-02 3.213646823904849348e-01
1.000630175531080567e+03 2.239332957538658206e+02 1.708141007350487883e-03 -6.215716925462875207e-03
2.451294821089087463e+02 3.949058285269064754e+02 -1.002412447198503670e-01 -3.029128185772096415e-01
1.017921324233873293e+03 2.623301513253466055e+02 1.249247010926383440e-02 -1.611297954808335944e-02
2.435577672997329444e+02 6.880458429063622816e+02 3.795863520527781917e-03 3.443194016603508181e-03
2.422897908912745208e+02 6.998968589215144220e+02 8.128943076877477927e-03 -6.141666547176388886e-03
2.533327346082317888e+02 6.218566118261608153e+02 4.744797316842865563e-03 9.061356702510814723e-03
2.747157606997244557e+02 6.956671674090671331e+02 -1.657277262070620816e-02 -1.214841721530724936e-02
1.151863397106292496e+03 3.636813229954852886e+02 -1.185702982260778207e-02 4.318390427638720843e-04
2.426647156875434916e+02 5.102543243712996173e+02 -5.116414251066001874e-03 -2.361287045043426562e-03
2.494349647543779440e+02 3.816566298500839594e+02 -4.782529519574458404e-02 -3.463132758490464758e-01
1.105521195207813435e+03 1.990252308604144673e+02 2.253268922381136338e-02 3.180745469791444041e-02
2.520541671959993835e+02 5.998318434772455703e+02 -1.543195495749925816e-01 2.934477635792586137e-01
2.370964155207471151e+02 3.505073003998582521e+02 -1.205502541806179884e-01 -3.830960291323991518e-01
2.493271713548127195e+02 6.454067927798929531e+02 -8.957530777098385646e-03 4.023462958236837320e-03
1.178465608515635267e+03 3.582702634254035274e+02 -8.007205801601626968e-03 7.667502170753629637e-04
2.248253109328766470e+02 6.330295326352346592e+02 -1.938024368487819837e-01 2.044910340868394127e-01
6.046481202475027885e+02 3.987444785948853223e+02 3.461952247108672411e-03 -2.182056193364002254e-03
2.659483271212683917e+02 5.110125143201886999e+02 -6.380114160921356026e-02 2.709401850080822016e-01
2.434722851152034764e+02 7.203705305600720976e+02 5.255465463443217793e-03 -1.536689193358142802e-03
8.649780423083036567e+02 1.102256609015007825e+03 1.501731865340672671e-03 -7.969127577397746697e-04
2.923246960772897864e+02 6.230995534789771000e+02 2.696136154706565285e-02 8.854896822721218530e-02
2.129797606029022461e+02 7.553959438550906498e+02 8.036756652796163414e-03 -3.744815177666700225e-03
7.237688882504355661e+02 9.661102664602426557e+02 -4.878115608597332828e-03 -2.268623734245452572e-04
2.709835446649590267e+02 5.314186268828030961e+02 -1.012486292047863751e-01 3.034862515030403718e-01
2.869694518002066843e+02 4.703913193676077071e+02 3.459868409997413768e-02 2.505645821724943323e-01
2.450295276317915238e+02 7.603784316849005336e+02 -9.144245976490692623e-03 -1.643973962971038982e-02
2.491908740111210250e+02 5.930200662105980882e+02 -1.371309938289558272e-01 2.406618138347552949e-01
2.581280552786499811e+02 6.582944594995291254e+02 -5.966760382874283786e-02 1.763496300507221004e-02
3.251221370613017712e+02 4.958949741447868291e+02 -7.408013183755253819e-03 1.653075837284215602e-02
2.652497995688265746e+02 5.642646714630045608e+02 -1.342752420205902131e-01 2.035358351239629215e-01
6.781328546088284384e+02 1.023724015051180231e+03 -9.077783421293863370e-03 -3.775580540528464171e-03
2.175372632064219545e+02 7.654353701256230806e+02 -4.520884968604213516e-03 3.578086390715239096e-03
2.375189135903696069e+02 7.642873943393110494e+02 -1.011316076398029997e-03 -1.126400548738310664e-02
1.137841945210929225e+03 1.862288731417472434e+02 8.014811836397432721e-02 -2.715976255189300054e-02
1.182128611073965203e+03 2.108601179627343924e+02 4.099760557243942866e-03 -8.332717802403240975e-03
9.335373273549221267e+02 9.005460433621607308e+02 9.687926287685090510e-03 1.330095947479895862e-03
2.821067675088027045e+02 4.542249547045445865e+02 4.915550571258442414e-02 1.956369313416294053e-01
3.052903151062281495e+02 5.960539944372570744e+02 7.180431160267658486e-02 -2.827064446586144975e-01
1.171380924532793642e+03 2.335150142184607205e+02 1.353701248864027599e-03 -7.368419406378284506e-03
2.073727857711974991e+02 7.264759757353980376e+02 -1.195485897456743073e-03 2.338222259503267930e-04
6.823729723721456821e+02 1.017506347898600097e+03 3.473569154560227600e-03 -8.999379456462078914e-04
6.107452800234869983e+02 4.249130129521342383e+02 -3.168267176192784973e-03 8.868180458123469528e-03
4.935695320406466635e+02 4.541862057832437927e+02 4.621492300625819777e-05 -6.054947252847444998e-03
1.165050932424988559e+03 2.500813574026820163e+02 3.970964819229653303e-02 -6.193680770156045727e-03
7.344255367799190992e+01 3.183815327560287756e+02 -1.247868045212043205e-02 -1.483686872276650422e-02
5.736924903936793498e+02 3.960051836813885870e+02 -1.350686840631772989e-03 9.427872389360547611e-03
5.171055591985374349e+02 4.232615401025129245e+02 -1.951159658440562022e-02 3.829089999756811989e-03
3.156896614412459030e+02 5.657828295506101313e+02 -2.538052341059492470e-02 -2.273367435074900161e-02
2.251899532428163582e+02 3.177651945576195089e+02 -9.567170382887618674e-02 -3.772578269734689349e-01
2.677582299983194503e+02 6.461612878336817403e+02 3.025405291493420221e-03 -6.847598549729629752e-03
2.710197605641548080e+02 5.396432309535953209e+02 -6.775280390556331911e-02 2.582795084470249081e-01
1.005687182902764448e+03 1.971024334946210104e+02 -5.668261956271514190e-02 2.242352571946380768e-02
2.933723263232367344e+02 5.962518009999262176e+02 -5.132973384533134377e-03 -6.860647414153544024e-03
1.150058445702857171e+03 3.506511083583232562e+02 2.206763404278447652e-02 -4.649203553665617189e-02
1.142134665989591667e+03 2.176013954133962045e+02 3.425083042675441253e-02 -6.614732196029540767e-02
1.049916311057900884e+03 2.817004686604345807e+02 3.110313481339415861e-02 6.645933257606945199e-02
1.013398776551500191e+03 2.605555157207606385e+02 -9.124320379957527247e-04 2.936413740368413842e-03
5.072193488449682377e+02 4.525313236935630812e+02 1.110870844625554740e-03 7.833231455465735835e-03
2.299999408283051707e+02 7.751994245771762735e+02 -2.066502368327944976e-03 -6.924869424545988155e-04
1.094549334816129203e+03 2.029921073936661458e+02 -1.798657156318723103e-03 4.839635408528985931e-03
1.996862256118444918e+02 5.072011955405142203e+02 3.963698663783766542e-03 -1.328631964322472131e-02
2.651713503986148339e+02 4.456223044088948200e+02 -2.548329083410997946e-03 -3.359276734023186606e-01
1.019407334682721398e+03 8.670447769148419184e+02 -6.161449468109903536e-03 5.401884760075436644e-03
4.885265786530648597e+02 4.746477075269992270e+02 1.166112678683277511e-03 4.457172422452332361e-03
2.973131549083599907e+02 6.563414698866113213e+02 -2.277656029039717284e-02 2.217600879751980072e-02
1.074776370192382728e+03 2.190154977395129379e+02 1.312534758827802427e-02 1.557928267369803645e-02
2.948380766696616320e+02 5.387255771714443426e+02 -4.715878429661611582e-03 -3.088570163092551734e-03
5.388250089412797479e+02 4.265904735119465840e+02 1.378130916378443593e-02 1.523626295632746208e-02
1.154470555897026316e+03 2.152686712106092557e+02 1.295544843883317775e-02 -4.217711583394945923e-03
2.587448090686077080e+02 4.477629822838752034e+02 -2.721068875431591205e-02 -3.395895792371848576e-01
2.488613508698709609e+02 6.819866591248667191e+02 -7.768964349060014131e-03 -1.135271263132210011e-03
2.678749768601549590e+02 4.571846741851321667e+02 -1.220854716724590000e-03 -3.723130433111169202e-01
5.476822706196802528e+02 4.589313711487443470e+02 -4.994209220269725524e-04 3.548827852702432593e-03
2.557308024492553784e+02 7.448268055137040164e+02 4.179126851284698137e-03 -3.092128621322237560e-03
1.026897377516079814e+03 2.257143476735860190e+02 -1.036869072034431530e-02 -7.435217172839413829e-03
2.598308359535058116e+02 4.872280614732015351e+02 9.620540141782493726e-02 -2.505972024155654343e-01
1.116424607304285018e+03 1.748639169239848741e+02 8.733010510882149857e-02 -3.178472388759644813e-04
1.139824559248231481e+03 1.947543554340496996e+02 4.593599736800921263e-02 5.989188400874500585e-03
2.651359061428977952e+02 6.253528752155862094e+02 -1.842988380281660940e-02 -1.142051664105407996e-02
2.767152235316372071e+02 4.573295461952445748e+02 2.744099692389544501e-02 1.735753435444184756e-01
5.230461883959516172e+02 4.603702689134749448e+02 -5.809194567935192961e-04 9.788018782654323675e-05
1.057978182515286107e+03 3.033790473565031220e+02 -4.199081727133804030e-03 1.925451637810405084e-02
2.028564087859408005e+02 7.008450240215910299e+02 6.343036436303487076e-03 1.721768622042864089e-03
2.725314220219160575e+02 4.306040874149479691e+02 2.013199595383227333e-02 1.990612379865799031e-01
3.245991582875466861e+02 5.212325522227234842e+02 1.707396967996337948e-03 2.949446901488774614e-02
2.325074262466231403e+02 6.285151467118638493e+02 -6.589248454757255964e-03 -4.288934991010218654e-03
7.840250691324287118e+02 9.558766232275129369e+02 -1.656459306940011485e-03 1.241464269605785375e-02
1.116049124984363516e+03 2.206334831223412891e+02 2.862421664183397579e-02 -1.305454354338780355e-02
2.403311443314072164e+02 5.244886440307890325e+02 -1.801842344899130116e-02 -1.552342172214193350e-01
7.134317169686471516e+02 4.201043322911907580e+02 3.035367758576906771e-02 -6.545933544425161510e-02
1.012372436354383240e+03 1.948760250236884985e+02 -5.226228173228602419e-02 -7.321776742990400433e-02
1.022573077858168972e+03 2.121939158702055011e+02 -5.695854148025589203e-02 -4.104713422086937041e-02
9.644977472173932256e+02 1.703907318125780819e+02 -6.006446639864321951e-02 1.262793465721362592e-02
1.185889676168928190e+03 1.861125485318075619e+02 -1.202319022817986000e-02 -1.182955638693141201e-02
1.003064874369854806e+03 2.287373302353047677e+02 -1.340098805101634085e-03 2.624290941222870953e-03
1.036480925955910834e+03 1.592939897224206049e+02 6.547516665690104876e-02 -1.186382649189787405e-02
1.185555566193655295e+03 1.734950073520018066e+02 3.646298280847247875e-03 -8.749602253460849952e-03
5.533118606604195975e+02 4.829739694075841498e+02 -6.012643456430022924e-03 8.958024737932988781e-04
2.672637060491820762e+02 4.233468878474510007e+02 5.804165786888756257e-02 2.086731891559092111e-01
2.566752816364599425e+02 6.999992335161354049e+02 -3.385349241536667140e-03 5.020445638802082527e-03
2.422110953378351894e+02 5.844024060881911282e+02 1.121631178298812676e-01 1.953062371595256086e-01
1.172334350158477264e+03 1.792834551984709890e+02 -4.321839911174513507e-03 -2.352056219147770182e-03
2.503906448799489510e+02 5.194970828925162323e+02 1.533408092283939372e-01 -2.445480668255091694e-01
5.026877681660418489e+02 4.671733548170074641e+02 -1.253956528176788585e-02 -3.721528368341953802e-02
2.617203683914439125e+02 6.687024651792088434e+02 7.547155639448790629e-04 7.710163126706776711e-04
3.193704129986630278e+02 5.182445821106711037e+02 5.602655064541239328e-03 -7.933850802792581647e-03
2.385204881402212891e+02 7.098234458660404016e+02 4.376529764527114564e-04 1.545429500484346097e-03
2.706433255042985593e+02 5.867721525709339403e+02 -9.044810058357580229e-02 2.466990923832504956e-01
1.154820082019695747e+03 1.904233177877984815e+02 -5.526030513188328989e-03 1.273832053797015369e-02
2.207012507555702427e+02 7.171755985690082298e+02 6.368105092999237641e-04 7.981506666818958531e-04
2.763877690884577873e+02 4.207362266997691336e+02 1.086070786105763214e-01 2.228069263479406648e-01
1.063760576480689451e+03 3.019509687697338336e+02 -2.894900412051545566e-02 -6.527578142834326858e-02
8.094492486495572336e+01 3.237824311060285254e+02 -4.576739541801539204e-03 -6.599701003034453249e-03
2.303380801725918730e+02 5.511482539325621701e+02 1.484024603247935115e-01 9.856479387245725698e-02
2.403541435774509409e+02 5.756324540943957118e+02 1.517133043145910409e-01 2.247156186511331533e-01
1.197826242008456575e+03 2.283928406095308219e+02 7.197793854084912242e-03 1.873866486148517349e-02
1.063965029452757790e+03 1.962107625686455208e+02 -4.143634424752973971e-02 -9.213719821170989269e-03
1.064532433322820452e+03 2.154776228772931574e+02 -3.430615216586266857e-03 -1.134498246917031369e-02
1.954355707413641312e+02 6.976814692599734826e+02 -8.203642633878814594e-03 1.630086383943634143e-01
1.115433199344456170e+03 2.354423304115694577e+02 -1.454793842696186501e-02 -8.418781755563762778e-03
2.587816663667218791e+02 6.943331265377462387e+02 2.966304231074783342e-03 8.928219699330361729e-05
2.877119343484796445e+02 6.279184905979292353e+02 2.332971341005104365e-02 9.626689755229972389e-02
1.091882954458006907e+03 3.539751427707357152e+02 -4.483469848876008718e-02 4.875229897951858377e-02
1.947745963109719014e+02 6.904793792629296831e+02 -4.031251055051420472e-03 -8.548357752693162490e-03
2.791156160576751972e+02 4.070940098547893058e+02 1.139976330892656931e-01 2.233645522598578237e-01
1.223580858878350455e+03 3.672508114129827277e+02 4.356133388541730822e-01 -1.208536961264430193e-01
2.179800463623144537e+02 7.237425262066178675e+02 -5.508610738075677168e-06 -2.022884552467652322e-03
5.368944704019410210e+02 4.658474690950764625e+02 -9.325688620985673853e-04 -1.426092599740401336e-03
1.130525044052464636e+03 2.462693475059754746e+02 -9.053723301322222014e-03 5.315878771669266256e-03
1.094650518528569364e+03 3.143320925862140598e+02 -1.339745386550597328e-01 6.411823084814197160e-02
2.675745367988399721e+02 4.083647032325503119e+02 9.813007107344570712e-02 2.421274707819002781e-01
2.504924911677256034e+02 4.101767598873290126e+02 -9.697921379871068948e-02 -3.239499198836152671e-01
4.971504485037529548e+02 4.672175140692450555e+02 -9.704176081812073296e-04 -1.698994221747359909e-02
1.007841809509487007e+03 2.565363110425182072e+02 1.450520903110355227e-03 6.431225529715981631e-03
2.741987145907021386e+02 4.413888363346773644e+02 4.152025668214086307e-02 1.889715357693155517e-01
5.931306255276463162e+02 3.919349513375993865e+02 -2.213894182863900689e-02 2.885878265793240249e-02
1.140521115667887670e+03 2.448327519736139095e+02 1.742329110147288265e-02 -1.071471842583867663e-02
5.718712836122971339e+02 4.129964356470094344e+02 1.762097835213839725e-03 2.574391744347468911e-02
1.024668436442441362e+03 8.719379019127698029e+02 -2.373865340004077586e-03 3.741193894230977757e-03
2.184387703540277244e+02 7.765973877338235525e+02 -2.152001545403488172e-03 5.501774072972648831e-03
2.143524084925299178e+02 7.209553852112387631e+02 1.602176800114330987e-03 -1.652261614910034704e-03
1.171754005962656265e+03 2.148045960509195424e+02 -1.204017396571543941e-02 3.748405118475566650e-02
2.855753244873964718e+02 5.840510649383282953e+02 1.481335442569125388e-02 -1.564145266101068773e-03
1.204221147268135383e+03 3.590518568968607269e+02 -3.810946302847822986e-02 1.468151418972053236e-02
2.866225570336734449e+02 5.768204724647822559e+02 3.089897628912620722e-02 -1.347467994984152991e-02
1.686847757497772875e+02 5.953807615343264388e+02 -2.380154137092752586e-01 2.924622508869695880e-01
1.204664400591050480e+03 2.783620619446148226e+02 -2.464352788799917694e-03 -1.119306731316055924e-03
7.590649482372186867e+02 4.557033642382052676e+02 -1.759534343453552502e-02 7.517319208877306681e-03
9.182853048887479872e+02 1.102548979856370806e+03 -4.553637961916507195e-04 -1.156657984024199752e-03
1.029888338362534569e+03 1.950133240987051693e+02 3.567975160865331785e-02 -7.983401999698819598e-03
2.373801652760507750e+02 6.841870032476449524e+02 3.727381262813545329e-03 1.096610490621249389e-03
2.678476127670803635e+02 4.692358408797379639e+02 -1.787380001561846010e-03 -3.666299195839850533e-01
2.551018009840631464e+02 7.109574578037635320e+02 -1.970268991917770857e-03 3.065888748084386224e-03
1.201410614569363815e+03 3.394299670431995537e+02 1.917968957156004350e-01 -8.973048098614852530e-02
1.020359418733199504e+03 1.728567691564938400e+02 -2.337890673167145473e-04 9.911840526462408710e-04
1.951449928164789469e+02 5.618388071401400339e+02 -1.916348630039473033e-01 -2.293496697914201576e-01
1.034389914679498816e+03 2.777425736119882913e+02 5.553623094905254381e-03 1.521175775476455924e-02
2.133289237412993202e+02 5.353725990092873417e+02 1.343204117007656406e-01 1.151540993480038855e-01
3.099192985859871783e+02 6.196390790884316857e+02 -7.160326426173361201e-03 6.570255961517855892e-04
2.636899551583571792e+02 5.345037301663910512e+02 -1.145941467185622037e-01 2.890161227410075195e-01
1.166421995135926181e+03 2.581372378691499421e+02 4.445272759219751763e-02 2.621767188426843680e-03
1.890156837578606428e+02 5.595393262547868289e+02 -1.890228397970539487e-01 -2.518584469732788600e-01
5.584763484191494172e+02 3.968593871979617234e+02 -4.789930711188452824e-04 -4.477278771780742947e-03
4.977249618286951431e+02 4.586940455928296387e+02 -4.049994938861012708e-03 2.243563823971145722e-03
1.922149996700073871e+02 5.327050872028860340e+02 1.057827756434419619e-01 1.799095269179264156e-01
2.197194553856653556e+02 6.997871420614437739e+02 6.269916330991675418e-03 1.869600585104812598e-02
2.703145574022580035e+02 6.917527448010537228e+02 -1.947396722823556327e-03 -1.237989438670798140e-03
1.113635566822306146e+03 3.130677667317710302e+02 -2.621134828639827274e-01 -8.463657015571211806e-02
1.188455697120676405e+03 2.045405178855450572e+02 4.370955902506448200e-03 -2.232365622850244341e-02
5.298665321053533717e+02 4.504167255533336061e+02 2.406522518182361951e-03 -7.844004239662282114e-04
1.180365448410384488e+03 2.243191917856181021e+02 1.406484569165648672e-02 -4.810212681890939888e-03
1.190354845938117705e+03 1.747034374941306112e+02 1.891460236704618336e-03 -3.869584993882674209e-03
2.729498777905360498e+02 6.230446422845278676e+02 6.490444291710734505e-04 1.094995566191836770e-03
6.047150543705128030e+02 3.868025266460570037e+02 -7.059354092941455203e-03 1.192293331267155502e-03
1.037330071503296722e+03 1.924330695295766986e+02 -6.638480753333106388e-03 8.401399214811040850e-03
1.247478795200421018e+03 2.891681885580422886e+02 7.660404722882688602e-03 4.657360862385604913e-03
2.994131376893905667e+02 4.084204252069282575e+02 -1.200087794935069188e-02 -2.399520381993568846e-02
1.940685596283498171e+02 3.192784822701032112e+02 2.093281272148641084e-03 1.208807892894718343e-03
1.187174030693629675e+03 2.508932471704014517e+02 -7.271487699489905324e-03 3.298159962745690621e-03
2.195371701866960734e+02 7.448552563432053830e+02 2.315548161035259518e-03 -1.271588822912307669e-03
7.859128532158382541e+02 9.362555059130935433e+02 -2.256558745501132703e-03 2.940192965695024273e-03
2.057437403390422901e+02 5.662921230352271778e+02 -4.474025178262988622e-02 -3.037571419184465493e-01
2.595514414343235785e+02 3.917050116808875941e+02 9.556742302905348041e-02 2.816249786208472883e-01
1.038164434185406435e+03 1.976456071453332299e+02 4.325032747475585256e-03 -6.685290938674365649e-03
2.471783504256969479e+02 7.316291777022577207e+02 -3.091563883381443379e-03 1.134813131204849643e-03
1.168989354135629355e+03 1.921530051614952299e+02 9.970634193932440340e-03 -1.245644961267905471e-02
5.104978717815509413e+02 4.923366007509149540e+02 1.897339299345352816e-04 6.412110320047984154e-03
1.175398696754711636e+03 2.183138725381847962e+02 4.104510441061168247e-02 -7.853687816328902560e-02
1.032583599347056861e+03 1.992685743439069483e+02 -2.651925031735721111e-03 4.801269887797679492e-03
9.913660326273769670e+02 2.275707890895275511e+02 -9.298901706113898297e-03 1.586904238236778661e-02
5.349723641412283541e+02 4.272506578127440662e+02 -1.088634696348791345e-03 6.355370632798886150e-03
1.980271172112144313e+02 5.789730349165935195e+02 5.231048277099964797e-03 5.971323578927523711e-03
1.980479720462525961e+02 5.700120105475984928e+02 -5.071524820005966078e-02 -2.544230617808193040e-01
6.064563730226557254e+02 4.069673869846429284e+02 -3.584228828547358827e-03 -2.652310019157940162e-03
2.264901297877332809e+02 7.433138533516237203e+02 3.081051984423766044e-03 2.762250793423818782e-03
1.242514808127103151e+03 3.322751980491474342e+02 3.833091009522278103e-01 1.167157063149466267e-01
9.747300300250718692e+02 8.620130372216246997e+02 -1.368922373239123483e-02 -2.880206645944993066e-02
2.277777851989426949e+02 3.349905233235971309e+02 -1.022959237219093764e-01 -3.861848243720182317e-01
2.146995772482973166e+02 5.848200392401777208e+02 9.699292005392869120e-02 -2.916973038651810568e-01
1.153251002104606869e+03 1.440288971658887931e+02 -3.319183763542331647e-03 -9.226978643133713215e-03
7.929415048460228945e+02 3.939674619498858874e+02 -4.557770700911181684e-04 5.093286524271153221e-03
1.941847862861281158e+02 5.252973888994996514e+02 8.004797082076556269e-02 1.226854328060169586e-01
5.743811042931587281e+02 4.969679927347543753e+02 3.729269482983900170e-03 -9.294750440705395631e-04
5.912367274078178525e+02 4.171190667153581444e+02 6.354749449998269364e-03 5.242280797194600467e-03
1.148687000069606484e+03 2.632641056391807979e+02 1.954212739578096297e-02 -2.523230805278129513e-02
1.026524371211845164e+03 2.636092973245665689e+02 1.109925490313888943e-02 1.003843639981506428e-02
2.617207536631889297e+02 4.038200193562962568e+02 8.974378368451239874e-02 2.687801680418450689e-01
2.581059431576163661e+02 6.216455485288859109e+02 4.706455171241158447e-05 -2.493755540075257363e-03
9.513539701115042817e+02 8.913236934511065783e+02 4.487130417309871666e-02 1.108500358462619940e-03
1.148118511598919667e+03 2.199217147409696906e+02 5.325840493813950756e-03 -1.966324391716230482e-02
1.072758576639317653e+03 1.934147098152553497e+02 -4.581427910746845716e-02 2.091062312184850114e-01
1.043897686955225254e+03 2.580989809443105401e+02 -8.825726626398163258e-03 -1.725752627523303388e-03
2.645721604957124100e+02 3.542366452746232426e+02 5.237328252010488294e-02 2.950299625243607005e-01
2.348971296827747892e+02 5.649728409833763862e+02 1.513484280799010928e-01 -3.360423283328823341e-01
2.087568005720663393e+02 5.825838941618646913e+02 9.522433615343249558e-02 -2.713980520165111265e-01
2.599890459228994928e+02 3.783059166325971319e+02 1.037796871219267003e-01 3.031603077200320517e-01
1.149216662523446985e+03 2.281162675493567633e+02 5.960659617587657326e-03 -6.757248863233135568e-03
1.245388880583399896e+03 3.179444787045862313e+02 3.529022489451878464e-01 1.178983084199592968e-01
1.060260252123380042e+03 1.884553272476718746e+02 -3.673770110881918478e-03 -2.948349746231029292e-04
1.225826929394539548e+03 3.972395366517733919e+02 8.888647604128954716e-03 7.585907068840530955e-04
2.828193107677977309e+02 5.361764924882504602e+02 -5.424188368838393781e-02 4.171363769445141645e-01
2.454681254664976962e+02 6.122185513955373608e+02 -9.345952737843074565e-02 3.263608553229257470e-01
2.196155366243779667e+02 6.051124640655154963e+02 1.719782436605167830e-01 -3.595287786502586735e-01
1.087944121351482181e+03 1.980814247103400021e+02 8.059006103254919007e-03 -1.385130505256839707e-02
1.154137148793085544e+03 2.045104087685775767e+02 -8.213599940558700832e-04 -1.601531500078930744e-03
2.193145348503962282e+02 5.386604580227370889e+02 1.047810232180108742e-01 -1.301020019286017182e-01
3.269966731557225899e+02 5.536446609583941836e+02 1.257239614390771171e-03 3.701986154145752144e-03
8.076860456989809336e+02 4.005219582737165638e+02 -1.836380231381918790e-02 -2.852106986819362075e-02
1.011046318015553879e+03 2.040132106056378234e+02 -1.947361333175014891e-02 -5.975941178611368643e-02
5.462999975183784045e+02 4.264502816902055997e+02 4.527608537048285857e-03 1.174004814573033351e-02
2.332815311081720040e+02 5.723996385395929565e+02 1.421774102871265766e-01 -3.889508516885366585e-01
1.165358401010745638e+03 2.072359468303073413e+02 2.208522658964392343e-02 -2.312311738171727096e-02
1.020334224566769535e+03 8.061395541648711287e+02 1.596459553502652508e-03 -1.063163862812475111e-03
2.775630850480338268e+02 4.806493200182318333e+02 6.054377316203981077e-03 2.761052691355416755e-01
2.681888313611027570e+02 5.426003493418278367e+02 -5.519280340209517521e-02 2.628971346305938317e-01
2.232792817887623187e+02 5.981055639243448923e+02 2.274749179195414139e-01 -3.033191997951475982e-01
1.802316377235669620e+02 5.245116657129223086e+02 8.015712845642436468e-02 1.141538547007739657e-01
3.057747516685811320e+02 4.599511353536281604e+02 7.435188680073459046e-03 6.671327113115194628e-03
1.169336892221884682e+03 3.303152982923453465e+02 1.192033489706809252e-01 2.483636420336119699e-01
5.303861438334238301e+02 4.345723504276756444e+02 1.657467662400926786e-02 3.716543137859772312e-03
8.967071594549530289e+01 3.578203594359317208e+02 1.558318352477647446e-02 -1.570137484235610906e-02
2.460387933978365140e+02 6.326500087885461880e+02 1.296468181286143488e-03 2.037570449721159234e-04
1.863728736281422584e+02 5.178406239578791883e+02 6.145032822564250319e-02 1.210953708018700781e-01
1.277033521363810223e+03 3.009039533584834771e+02 3.194286521891014475e-06 3.647884764216830118e-03
2.582345211614075424e+02 3.578902963872014880e+02 6.269714999530151545e-02 2.955659938115404173e-01
1.108828640057891562e+03 3.640026682415971777e+02 -1.544837252259811207e-03 2.225641132320787530e-01
9.448306014667864474e+02 9.005930821706666620e+02 1.064813352542666458e-02 3.866744749804620386e-03
9.911565702093415666e+02 1.908426793348347417e+02 -2.856054651340738087e-03 5.468724333647598593e-03
2.061903184573104966e+02 6.832108154178839641e+02 -2.882501923944055799e-02 -4.990703154028819366e-02
2.440047714647482735e+02 3.657342390574069100e+02 -1.178120427837679174e-01 -4.125835617508467612e-01
5.908892158364184297e+02 4.572788470711898299e+02 -1.070736903617072744e-02 -3.912424478321914478e-03
5.120483501051512576e+02 5.024326962456171373e+02 7.357044119365326301e-04 -1.919465326600199766e-03
1.190974038029724397e+03 2.297717487303007715e+02 1.152079892747201635e-02 -4.496090923932045957e-02
3.261577174167311455e+02 5.044624995096856992e+02 7.933086781735715007e-03 8.535467656217703147e-03
1.131476400572495550e+03 2.063012310297995668e+02 5.939547222928157066e-02 -1.200734760373575738e-01
1.708254963756571954e+02 6.260740158130869304e+02 -4.546419712998797658e-02 -6.524733556407812107e-02
2.538635441217996629e+02 3.724710348444566534e+02 1.145634583837254472e-01 2.761772223605342136e-01
2.688494860082349760e+02 7.093027540098689769e+02 -3.493867271163928986e-04 -2.114771621747179448e-03
1.163066995553866491e+03 2.378740581088814281e+02 1.856881812850723346e-02 1.397361887865257619e-02
1.101885899158723532e+03 3.061097390622433068e+02 -2.453389375388255814e-02 -2.786535428354073307e-01
2.161132890406070999e+02 6.087124314788596848e+02 2.004548733032216756e-01 -3.422476412496764375e-01
1.059708420520706795e+03 2.273539744033062107e+02 -1.684131376168356833e-03 1.135136950563714895e-03
1.156806184920388432e+03 3.733766964358315477e+02 -5.391326040256503097e-03 -7.028392918171151582e-03
2.175188363429950869e+02 6.624620378003187398e+02 -3.278637137372421208e-03 1.146903075611099138e-02
1.032153991229945632e+03 2.327468822283074132e+02 -1.138823878347628403e-02 -1.535328994280986837e-03
2.708062767249968488e+02 5.670646838830399474e+02 -1.253663630263985307e-01 2.306506467475943900e-01
1.893161421428161759e+02 5.082652567618936246e+02 8.376962204696236647e-02 1.048592166029213152e-01
2.286398183284092340e+02 5.420720654752102519e+02 2.038976450310820421e-01 7.430335417662867203e-02
8.115905410890377425e+02 3.719323247856892749e+02 8.475376526152698627e-04 5.523629462560517185e-03
1.127748942238144082e+03 2.049091654863383383e+02 1.819477402101157132e-02 1.499730956961352508e-02
1.201582307637080476e+03 2.568246070220570232e+02 -1.966037697522803745e-02 1.257740987409733044e-02
6.710556308775211392e+02 1.080228647700706233e+03 8.447960993401078429e-04 -2.356284894180999366e-03
4.826915870820841974e+02 4.495978762372374717e+02 -9.381901024845895956e-03 9.809907571453474473e-03
1.213148774385201250e+03 3.462595921283235612e+02 3.156985937563815819e-03 7.721471594774726582e-03
1.088510488866960031e+03 3.158396210246692135e+02 -1.137639303157973875e-01 1.114216139952078494e-01
1.191113321126854089e+03 2.597381591169246917e+02 5.629683863797272335e-03 5.826357963473503127e-02
3.001080479662502967e+02 5.497075593340842943e+02 8.693369158785265588e-03 9.760386595905519175e-04
2.445620584541470635e+02 3.494463988982187175e+02 9.514892285837457664e-02 2.988314227855236038e-01
1.162913221366064818e+03 3.771860639123034389e+02 8.662218294756090370e-03 1.042537688779687083e-02
1.043649912445504924e+03 2.419050216191462539e+02 -2.333016369888904484e-01 -1.151957809270828526e-01
2.772695503683531228e+02 6.360690504927259781e+02 -9.661705832198518029e-03 2.025736833635200570e-03
2.264337709385488324e+02 7.154896032624358213e+02 4.866945772198167514e-03 6.311924336774374887e-03
1.049418405979350609e+03 2.051540908350668815e+02 2.126500071939841589e-03 -2.237661998031574648e-03
2.594170576192678936e+02 3.434555958243383316e+02 7.331756184265235399e-02 2.844300090184529450e-01
1.173579000613028484e+03 1.985621191455111898e+02 1.055816159190285305e-02 4.813875839197109818e-02
1.030109651910507182e+03 2.631527998552933241e+02 6.507266897268990276e-03 -3.771214321846520084e-02
9.797943332871485609e+02 8.519056755239068934e+02 1.649785368479318032e-02 -3.205119644378263185e-03
4.920075299921446117e+02 4.480655560212839532e+02 5.406169169359060578e-04 -2.880497875068077553e-03
1.127949059401209070e+03 3.426039446644820714e+02 2.565787607094048572e-03 5.620899561977644489e-03
2.245400957712479055e+02 5.803330131017313533e+02 1.435439597741104134e-01 -4.130209689390827998e-01
1.048806055159722746e+03 2.325506094770820766e+02 -6.720831345445829608e-02 -9.578997101558604788e-02
1.071686541318879108e+03 2.948487278868680619e+02 -8.485704256361371531e-03 -7.817504328379031725e-03
1.150160361329533544e+03 1.936584257125541910e+02 1.582492191709440957e-02 6.302778136228421105e-03
1.196622433334692232e+03 2.502670589989141945e+02 -2.000947744989497491e-03 -5.494103405937656066e-03
3.434072160299599545e+02 1.066195034830206396e+03 -5.104742829135404392e-02 -7.799789270908455419e-02
1.124017176337025603e+03 3.412466586579479326e+02 4.459033517661628999e-04 3.712825141179217948e-03
1.794431896996592570e+02 5.015100653342100827e+02 7.799054768679974936e-02 1.853213775695620735e-01
2.042125087732934219e+02 6.152167770973418328e+02 2.485367505649513642e-01 -3.187313149817485591e-01
2.807954975016735375e+02 5.977223491236460404e+02 3.912613576637165302e-02 -4.769902434051377649e-03
2.558019769614871279e+02 7.354708179901715539e+02 -1.904218956476631461e-02 2.005808860748613948e-02
1.166503340154263014e+03 3.072588749032642568e+02 2.807283081915331602e-01 1.587123069740573045e-01
2.082648015560246222e+02 6.247000533400773747e+02 1.797890942438410133e-01 -2.652287464476195677e-01
1.086381067835229487e+03 1.521210888093102938e+02 -1.230682100561708570e-01 1.596752248983727279e-02
2.139768085354283187e+02 7.095974718004902115e+02 -2.721545850128918344e-03 -2.779542015300963918e-03
2.680332102642349241e+02 4.978455530756350527e+02 1.220330487051142221e-01 -2.309657052343119521e-01
3.399327601785399224e+02 1.069438744674795089e+03 -1.361020941913715088e-01 -1.543106367042934024e-01
9.724217233908690332e+02 8.674357236643974147e+02 -6.931368013288147310e-04 -9.594616035274563040e-03
1.325139047282695856e+03 3.281488842308418157e+02 3.893066918766351914e-01 -1.127119350992978747e-01
5.331071671452184546e+02 4.130659678839231788e+02 -3.637067797203284193e-03 1.050869366002758591e-02
1.896636193892552740e+02 5.864760332517902270e+02 3.090048615758736288e-03 1.935193303179493299e-02
1.190933236479264451e+03 1.906752354392663449e+02 -2.084473516638714677e-02 6.868932326306415037e-02
2.621596959014943877e+02 6.475253941390772070e+02 -7.701515522154691587e-04 2.879569669264155779e-02
2.684204475501651359e+02 7.081721390508803324e+02 3.826105284558437361e-03 6.794998799516250958e-04
1.158804001227738809e+03 2.956830579541323232e+02 1.483173529642148325e-01 1.854020680838676383e-01
1.092758368484160883e+03 1.908554723291849768e+02 4.369585691804984962e-02 5.799308755474038429e-02
1.077129258496658622e+03 2.243278336122540395e+02 5.584413214222930938e-03 -8.061971457885648909e-03
7.712754681165350803e+02 3.981327324714596898e+02 6.257803214710671268e-03 -1.780601677934204362e-03
2.215902843035431147e+02 7.688498399261449094e+02 4.340782573284187327e-04 -2.434667053320130272e-04
2.075046777751147147e+02 5.935580668434197378e+02 1.928700734740757261e-01 -2.845175033856294777e-01
1.000839667116825922e+03 1.960618323420794127e+02 -5.531304305331743998e-02 2.107552452627550754e-02
5.306788800391492487e+02 4.868983153524936256e+02 -1.016984361325118554e-03 -2.664141341199410817e-03
1.044031210145101340e+03 2.182760553412395268e+02 1.787637944330121601e-03 -6.399812693519037719e-03
1.077693212095672607e+03 1.939367559778254133e+02 -3.813850885080907749e-02 4.131240327973836196e-02
1.157550043799978312e+03 2.349261176160470654e+02 -8.071860447376587311e-03 7.307454382141759242e-02
2.033341176008859748e+02 5.956825545012650309e+02 1.908189060869992515e-01 -3.104967039953981933e-01
2.748099233294535679e+02 6.836506553451897616e+02 1.387108243738064718e-02 -2.364467317367445129e-03
1.236092458794962567e+03 1.350788550995073365e+02 -2.656984994046925411e-02 8.429848320057004019e-02
2.471681905793829230e+02 3.312999146564609418e+02 7.520025938648057517e-02 2.860305768652635083e-01
1.092120591855335761e+03 2.184656618606404095e+02 -2.619960909024701134e-01 8.010507123436236276e-02
1.201866142632705987e+03 2.271934661183182129e+02 1.179225260295316963e-02 -9.415541823335559597e-04
1.839149472987674301e+02 4.938713891118439392e+02 8.290064198089514003e-02 1.500241585774498010e-01
1.043998344756556435e+03 2.317573831747247937e+02 -1.475438814341122409e-02 4.407960421225695646e-02
1.070310495471047716e+03 1.527196897056441003e+02 5.993581722874962575e-03 -1.026441129980560918e-01
1.178908541496896078e+03 3.731822840333564955e+02 -2.976301634734371260e-02 2.258472689207806014e-02
1.213331431857627877e+03 2.254573189569995009e+02 3.061756830366804075e-03 6.307812375499927474e-03
1.485286802781942015e+02 5.068199920535944898e+02 -7.357638373953745425e-02 -2.820394080834174311e-01
1.730849932536105769e+02 5.070669676633062863e+02 7.010751754508993960e-02 1.606186401133616326e-01
2.588947926735701230e+02 5.042056254556546264e+02 1.179285647107924939e-01 -2.162966229984546462e-01
2.121785515999960410e+02 6.586738596576839200e+02 -6.608765146665692564e-03 -5.391888590711595153e-02
5.595686743774950855e+02 4.986516578017037773e+02 6.485175019118440479e-04 2.100644567021597853e-02
1.101165527993994829e+03 1.647486510671243991e+02 3.962137064478057219e-02 3.182991383429726456e-02
2.086836124737244518e+02 6.371393015737460246e+02 1.566947288876967825e-01 -3.049962273662965018e-01
1.984368195666416455e+02 7.160890537707962267e+02 1.150498045883286986e-03 9.938222741811391855e-03
2.383166694733911015e+02 6.120689563820519652e+02 -1.231333268010257470e-01 2.974273429285644865e-01
1.052449442715701707e+03 1.844159982696926932e+02 6.598432192289790943e-02 1.231763442748112260e-02
4.914221564960914748e+02 4.827156814736314345e+02 -5.204128991315225793e-03 4.961288631998196294e-03
1.018364876021737132e+03 2.148179225092356432e+02 4.005713243687111444e-03 -2.272271768893067978e-02
1.156726162596649829e+03 2.230888914883229290e+02 -1.903417019723810171e-03 2.060787355966261364e-03
1.178899024827996527e+03 2.538148424704426986e+02 8.837928816514574459e-02 9.999712122923892863e-04
2.506361284528686042e+02 3.210553069756291507e+02 7.526081105738756383e-02 2.964595301726983267e-01
1.179101456488343501e+03 1.868553302356145593e+02 -1.052934000936507804e-02 3.916663280206351960e-02
5.215331240477877373e+02 4.421582614689278898e+02 1.060998756854655140e-02 -5.723780042903808905e-04
2.447806843433734230e+02 7.100563360771045609e+02 4.013128783647275898e-03 -1.431383293245492390e-03
3.042515641207215253e+02 5.862613341660871811e+02 5.951250719146576607e-02 -2.929036730457609261e-01
2.043185623013323777e+02 6.346219394502905971e+02 1.610384416157115139e-01 -3.019514357841696639e-01
1.161320404670584139e+03 1.870604354012089061e+02 2.683401471045447628e-02 -7.849345611614105822e-02
1.011372942148814673e+03 1.706471138360641362e+02 2.506387720386398302e-02 7.034361112576054120e-02
1.069265057498247870e+03 3.411453815520687272e+02 -2.293396239296910735e-02 -2.405339283883551130e-02
2.682578919150660681e+02 4.776041379743489301e+02 9.068004318752366510e-02 -2.856278353107262191e-01
5.156816072484864435e+02 4.745043398658131650e+02 -9.753112298535643234e-04 -5.257254486695733461e-03
1.564071206825647380e+02 5.166595920396581505e+02 7.931657147469590302e-03 -3.264620370169342700e-01
1.262593478641087358e+03 2.938460736823748789e+02 -3.713528107881630680e-02 7.952432512987266111e-02
2.355998880676517331e+02 6.413777184996329197e+02 3.574366400113740405e-02 -3.309164515040846199e-03
1.102079005011438994e+03 1.797177690386988331e+02 9.173705007202163919e-02 4.079900630388648419e-02
2.597102942730529094e+02 5.180001319227297927e+02 1.417403165042719348e-01 -2.572674125216810048e-01
1.651934488149589981e+02 5.033155434812354656e+02 1.126072192065589034e-01 2.089428394943647627e-01
1.173759713274144133e+03 3.074155617255011066e+02 2.728736990713631627e-01 1.971089819676916099e-01
2.625334610293779178e+02 7.070159967186910990e+02 -7.013186426507168371e-03 -9.455782970219546446e-04
7.839085987252121868e+02 9.596461454648909921e+02 -3.163316072659924302e-03 -6.715041390285784312e-04
1.038488753231129067e+03 2.810061702942403485e+02 -2.809059835686135344e-03 -1.454178021876288869e-02
2.000333025271752945e+02 6.560669491177957298e+02 1.335576102812516541e-01 -2.219877582976836905e-01
1.060978876626695637e+03 2.432494733797527431e+02 -1.726138547869482953e-01 -1.817577808652255655e-01
1.292370801462339216e+02 4.326163124252059902e+02 2.994822439621434573e-01 3.163911792934636646e-01
2.613374945042116906e+02 4.781794226079081795e+02 4.967142932691887003e-02 -2.274297131365538016e-01
1.181189333550697938e+03 2.039527390243181060e+02 3.400756988068030610e-03 1.325109243775740358e-03
9.608015598199257283e+02 8.350927132864617306e+02 -2.017212488264775831e-03 -2.836910300359677772e-04
6.700268065915067837e+02 1.101273440559110213e+03 2.094792434262456125e-03 -1.103338425419940092e-03
2.408579637444676962e+02 3.170016420204067344e+02 7.777484196586158249e-02 2.683189772306919241e-01
2.536584484518534168e+02 3.951038418075502818e+02 -7.999722010842813535e-02 -2.888876697058188059e-01
2.893570390675664044e+02 5.367084633648019008e+02 -5.038566737028524894e-02 4.217149691943630208e-01
1.197453515482016428e+03 2.014127479281441992e+02 -9.321765456434150110e-03 1.990493272990867296e-04
1.146121482049488577e+03 2.926243870668141653e+02 2.421759083740067930e-01 9.470059708975708812e-02
6.656105859225946233e+02 1.078408966507755167e+03 4.926616946396181022e-03 -2.417056348630836331e-03
1.093186492563065030e+03 2.405663109281763923e+02 -3.117709542190445077e-02 1.768915431497739277e-01
1.051599501655303584e+03 3.002685986415353341e+02 -1.438502977497601015e-03 2.526300466110168938e-02
1.216531137033206278e+03 2.818037396105863195e+02 3.434859574939098242e-03 -1.632832309680828237e-02
2.638677959369678092e+02 6.865813517351881501e+02 -2.573848792577440418e-03 -4.867030118398001093e-03
1.265324449429505762e+02 4.226838941271811336e+02 3.132183993410538325e-01 2.922004572772397002e-01
8.790919340463561866e+02 8.702877036798608970e+02 -1.815902462885560578e-02 -3.272855340804426555e-02
2.821500108850574406e+02 6.777906227280029725e+02 -8.515918450389292627e-03 -1.624945841584149453e-02
2.076286829499046007e+02 5.171905536795026137e+02 3.794188032784533843e-02 -1.041629712391071300e-02
2.180228725595434298e+02 7.715738083530372933e+02 -2.556319218451008624e-03 -3.849205021027775949e-03
2.029188940862668460e+02 5.395850332632794562e+02 1.600940159222636605e-01 1.153098570031539372e-01
2.411597142310481274e+02 5.190688940078103997e+02 2.871606967384549014e-02 -8.329856289478182463e-02
3.070212318714582693e+02 5.189491892347380144e+02 3.140617742489988651e-02 -4.962880590223443800e-02
5.940692047853470967e+02 4.579941534144940647e+02 1.904516473375243713e-02 -4.340023815843246403e-03
1.102942785121992301e+03 2.166252172242531344e+02 -9.028834427850752561e-03 1.576176817915066197e-02
5.204550844762865154e+02 4.335976389742771744e+02 2.450058336733256480e-03 -6.398665255026434644e-04
1.125329832557419422e+03 2.409391773592593040e+02 1.480072458471463209e-02 -2.212748694862567977e-02
1.611496839738518077e+02 5.052070269461174803e+02 1.369253438068183393e-01 1.970609581450875891e-01
1.001969835415705120e+03 1.744607440293472962e+02 5.915794872932641363e-02 1.117473147939487405e-01
2.534725984118427107e+02 7.081722586347749484e+02 2.547388921690635008e-02 3.947925506494181364e-02
2.739677253542417361e+02 5.553371851309543672e+02 -1.996793368328224350e-02 3.588577315416980329e-01
2.951721716554183672e+02 4.626721552435250828e+02 6.046975657419328964e-02 2.724875111750187373e-01
5.417503589582463519e+02 5.094907854012177495e+02 1.325171655079969207e-03 6.170962173644056747e-02
1.129739298412545850e+03 2.276579202630000225e+02 8.797912903029260490e-03 6.179568685304910602e-02
1.122838317158996460e+03 2.380181258344953790e+02 1.116073583154253562e-01 1.628125359569854991e-01
1.239041317632089431e+03 3.638200461436125579e+02 4.428455042411201248e-01 -1.089530705169912406e-01
1.191945956947084824e+03 3.863277765489933131e+02 3.569711782455713221e-03 6.042244525372909673e-03
1.225623192807610849e+03 2.399267830883278521e+02 1.096825397305232520e-02 -3.061189975647116840e-02
1.196164079957829244e+03 1.850726127951508602e+02 -3.355133653356202894e-02 8.051579959497437433e-02
8.346868561815838916e+01 3.341619004472762526e+02 -5.467215751667460488e-02 -2.501711993817750182e-02
4.641401561630529500e+02 1.100523930754531648e+03 -1.612848284203707155e-02 1.168751779536591952e-03
5.466490649597043330e+02 4.907026179186157719e+02 5.652555830694494174e-03 -1.423341647551240596e-02
2.426195706707397335e+02 3.088907581437010208e+02 1.171851802130390724e-02 2.767771420422514006e-01
1.186228748074320976e+02 4.372210157437819475e+02 2.386419648158139839e-01 3.793294648322201312e-01
1.646620708308546455e+02 4.906271807593799963e+02 1.385812448720118162e-01 7.468320122624440283e-02
1.011215450205430670e+03 2.416527258456212621e+02 1.457061803767595136e-02 -4.681921357294719505e-02
1.165098593941703712e+03 2.965613030873305433e+02 1.594440061012328824e-01 1.643333684843023834e-01
2.595425551127009385e+02 7.051817143111265977e+02 -2.055420344520244875e-03 -1.437614768200824603e-03
1.146090653553482298e+03 1.790859277913866947e+02 3.619086429251721082e-01 9.470728705802715364e-02
1.103317617268937283e+03 1.955659040378726843e+02 2.539013925784466830e-02 1.860585232367544667e-02
1.059838057925026305e+03 2.053205528754063778e+02 -4.143910892745532593e-01 -1.613506277498882591e-01
2.246537150445999771e+02 7.230735411926343659e+02 1.236124153449685500e-02 1.655859261583033856e-02
4.384512302619023103e+02 1.083869922057168424e+03 -1.838202769160991734e-02 -2.649103817579166048e-02
1.938840451325394554e+02 6.476527399579686062e+02 1.588209212771835577e-01 -3.063991536900574353e-01
1.873946536887135892e+02 6.216808373867105502e+02 1.837205974030632905e-01 -3.316020847782100156e-01
1.127039594423814378e+03 1.453576449008159557e+02 1.257720067623281646e-02 -7.378688244325556922e-02
1.179822011452379684e+03 2.434277274074993329e+02 1.740312468033414911e-02 4.672309502165827855e-02
1.270566303589250310e+03 2.945203033658425511e+02 -3.480366468514865114e-02 -6.364566068194308160e-03
3.116580630143002395e+02 5.501146184023386922e+02 8.674245765240068060e-03 -2.668337638466034608e-03
2.338763853039960452e+02 3.101874349481470858e+02 5.680337402193782331e-02 2.532384672454213725e-01
3.175901980373648144e+02 5.243204478375520239e+02 -5.418614282558127920e-04 -5.774941985394504073e-04
1.026457500964528435e+03 1.946616819487526300e+02 -1.384884051494037274e-02 3.907037585420661957e-03
1.214089782584740078e+03 2.748169473770961986e+02 -1.451709608439229540e-02 2.328936110787848540e-02
1.910031613132129564e+02 6.426236679606390680e+02 1.503565780598097867e-01 -3.087155112783858124e-01
5.554942950916610016e+02 4.989881536747241739e+02 4.240766115641725342e-02 -1.634726357546189765e-02
1.972767230082267247e+02 6.642092555253949513e+02 1.572795510178188749e-01 -2.775699356122824923e-01
1.118766177799767320e+03 1.912110277408808940e+02 5.954401005694322929e-02 7.457160725066469542e-02
2.812074116220475162e+02 4.340559908935232443e+02 4.214424023461269854e-03 1.793694134110197791e-02
1.692359087818312844e+02 5.662211358028527002e+02 -3.609556611614559984e-01 2.276082303864347400e-01
4.662440075357423552e+02 4.567113257781906555e+02 1.543556556924841061e-02 2.068650096773486449e-02
5.619117534346954699e+02 3.939134555800120552e+02 5.088131600897819427e-03 -5.298754406406184668e-04
2.139026314710959298e+02 6.056401323047199412e+02 3.792917377176806548e-01 -3.688425719822759907e-01
2.071684863813886182e+02 6.308425538644106609e+02 2.132930466598570718e-01 -2.615900666460030943e-01
2.710569480062231378e+02 4.377615450185930968e+02 4.165850140670415008e-02 1.793374126394577661e-01
1.013611149298067971e+03 2.514546750791527359e+02 1.571287621985155078e-02 2.395281357878136647e-02
3.720908955751139047e+02 1.052943442848517179e+03 6.033156386573212959e-02 8.852640860189209260e-02
2.526879974134967028e+02 3.003531434947360026e+02 5.350772452864011042e-02 2.380304214587493361e-01
1.204579712038577100e+03 3.471075576061621177e+02 -1.506326687812251618e-02 2.671403585498249508e-02
1.022506808045994489e+03 2.363331671356801280e+02 1.373986295614762210e-01 -4.921821420405286113e-02
4.176700275848142496e+02 1.100306311653179591e+03 8.595315750953196401e-03 -9.789158242849030443e-04
1.906661138212338926e+02 6.327022156013392760e+02 2.176434396249989078e-01 -3.318914673915119296e-01
9.326588131028858015e+02 8.834513333232763443e+02 3.761458716084629256e-02 -2.405642562203471127e-02
5.951655128507211430e+02 4.837069309220091782e+02 4.533126637563301281e-02 -3.412023104294584913e-02
1.308369682394743904e+03 3.505146909200098548e+02 -8.471317354152373136e-03 3.943620309887636149e-02
5.287210012961512575e+02 4.387966737704672369e+02 2.776329947631198027e-03 -2.436410247179421860e-03
1.188989049157084992e+03 1.939342116934066382e+02 1.471614892230433021e-02 3.330293714966790861e-03
1.121948216197378542e+03 1.582713936399679540e+02 -1.031347103145435588e-02 1.512028818917087770e-02
3.690467139482794892e+02 5.182399904016399432e+02 1.229472986633339815e-03 5.521652762579283731e-03
1.177181103049300646e+03 3.232527744237256684e+02 1.375407565746845362e-01 2.178298371538206768e-01
1.119784953523313789e+03 1.953748039094231217e+02 5.768244334585978517e-02 9.082223058986985120e-02
1.027408323600350741e+03 2.417363043343170546e+02 2.500027635384886784e-03 -6.108273480084514678e-03
1.081264618806957969e+03 1.888553936629370753e+02 -1.167092660351381345e-02 1.339809975086797295e-03
1.117561575480444617e+03 3.210025143681756958e+02 -2.234763365702638616e-01 -9.147725151681539157e-02
5.025475445531398009e+02 4.394063142080389639e+02 3.497502687020591448e-03 1.169631220640212667e-02
1.289115849968639623e+03 2.914192479606440997e+02 3.606760957837246151e-02 1.629343408339435917e-01
9.920512829741620635e+02 1.998494978902270987e+02 -1.371159121925622643e-02 1.102356149613567364e-02
1.145650638309584338e+03 3.725486958194013027e+02 -1.939033710641524522e-02 1.203398916042498420e-02
1.013549557488948722e+03 8.695064553990692957e+02 -6.598574463535813962e-04 -2.798770666634647561e-03
2.549492312621881922e+02 6.647766280945488688e+02 1.156093454432633762e-02 2.746633315257440699e-02
1.098749470625927955e+02 4.187491422525236544e+02 2.624966324195777689e-01 3.570175654681866928e-01
1.119096706377511055e+03 2.057194865651936766e+02 5.722011084277428550e-02 4.638938750459720844e-03
2.540663708110413666e+02 3.831575977552148515e+02 1.046971910606096234e-01 2.394310987660527024e-01
1.309696944131696057e+02 3.925770695712481029e+02 -3.411957586008306648e-02 -5.646035069849254101e-02
1.066804229996499998e+03 2.163234355329882135e+02 -3.289232551860993975e-02 -1.024475508755230968e-01
1.224601640658961287e+03 2.161837669440197089e+02 -5.308837851926665775e-03 2.155222468454792012e-02
1.135422711126619788e+03 2.389092010660591825e+02 -2.922835952553790983e-03 9.888625112427284342e-03
1.174371649538609972e+03 2.435443310372359349e+02 6.802323753751208027e-03 -1.235017936075756030e-02
1.267724928707734080e+03 3.466259359229710526e+02 3.769631923738172019e-01 1.606349496548038769e-01
6.802113516506576616e+02 1.030206011191026846e+03 -5.457067147634051159e-04 -1.971090004539424820e-03
1.061245087320912489e+03 1.580214413644764591e+02 1.047270399426793175e-01 1.683334010795931729e-02
1.141080805427154019e+03 1.510585933030164085e+02 9.891462877836829093e-02 2.038058479721840260e-02
1.106319815147295458e+03 2.114795847109591591e+02 1.712127001496810408e-03 -1.680477525224475382e-02
2.253613622663439173e+02 5.391960669557478241e+02 1.360312964402680680e-01 4.785557059583709499e-02
1.117388938383953928e+03 1.844449601202935298e+02 1.002310645510241932e-01 -1.451741147830194929e-02
1.080472522347781933e+03 2.153070390409547485e+02 -7.596643241675757677e-03 2.068510543260843396e-02
2.764013505462771718e+02 6.058842977433514534e+02 -4.077312535681643785e-02 1.804688924431496755e-01
1.118816529834370613e+03 2.413022839825884489e+02 -2.122296932998938776e-02 1.428595464753557032e-01
2.884496370681719100e+02 6.007321476749182239e+02 -3.451961046543196299e-02 -3.823521796906223600e-03
3.623411968522175926e+02 5.529791174790796049e+02 -4.946376691583233010e-01 -2.448266373392535389e+00
8.822089975042873675e+02 8.722490170900020985e+02 1.709271645317794394e-02 3.467091280167305424e-03
9.220507005422664406e+02 8.913760431951042165e+02 6.264915315608885621e-03 -3.571401663548754660e-03
1.016984366159363617e+03 1.622623960726743633e+02 -2.395889161695663461e-02 1.558880288079933507e-02
9.879802772338125578e+02 1.857460652105523025e+02 1.174086706050224589e-02 -3.480994293604627171e-02
1.139614946059278964e+03 2.238479142845032470e+02 1.907059543222860282e-02 -6.334893434258661443e-03
1.143887754647791098e+03 2.399709459710599901e+02 3.435634545183398336e-02 -3.570868778189782711e-02
1.844938868532527181e+02 6.399476393517821862e+02 1.621989823015476118e-01 -3.769058400840555878e-01
3.245347880168142183e+02 1.080050571018924757e+03 2.943095236228809308e-01 -8.956144152995825294e-03
2.435293722865541213e+02 2.965967512170183227e+02 2.786034684694251376e-02 2.555403525567466194e-01
6.533574869816587807e+02 4.978852978703292820e+02 1.384698110936759541e-01 4.107150381521900706e-01
1.080625748307779304e+03 2.318191359058156991e+02 -4.165986750597572286e-01 -2.132146091657123876e-01
1.235449695803441500e+03 2.847914756712164603e+02 -2.471621101156935146e-02 3.352514006806878860e-03
2.778775093580766793e+02 6.871807951910027441e+02 -6.845821463985300899e-03 -2.953392422030317113e-02
2.372698638384652838e+02 3.714145297741816307e+02 -8.576181172853711288e-02 -2.458297547803036109e-01
2.001225047092187879e+02 5.306673642822009924e+02 1.496965686212778368e-01 1.185870148782776357e-02
2.891850316937761818e+02 4.483907414328592154e+02 1.094619242499728648e-03 1.875803648811794899e-01
5.902194626240775506e+02 4.782202544131650370e+02 -2.537106786783570930e-03 -4.847340364775183652e-02
1.306830741532008915e+03 3.428829015072964808e+02 3.371377237927671300e-01 -5.372604998645743452e-02
8.871614896523774405e+02 9.290463823961441676e+02 -2.948452563865256587e-02 1.739491382072093709e-02
9.902671790177525963e+02 1.779567343326150990e+02 2.137721780826323803e-02 -3.516252315132946393e-02
1.147483380794776622e+03 2.486707480538677260e+02 1.482762945539489556e-02 -8.313517362757989748e-03
1.881831791197764119e+02 6.599221091438558915e+02 1.393611513068995500e-01 -3.229204980540006376e-01
1.072945788658018273e+03 1.796403249007705938e+02 -2.434136627809380116e-02 -9.016946743330755965e-03
1.129628646742412684e+03 1.786113241030194274e+02 1.913241127952147735e-02 -2.231065360445150247e-03
1.267368438254511148e+03 3.177148100075355046e+02 4.325166946571812332e-03 1.533599461749801662e-03
8.540300891446794651e+01 3.485957411862700610e+02 9.800911227609050702e-02 -1.165797993410031264e-01
1.134438024840502294e+03 1.903830246778113633e+02 -5.958891062890313631e-03 -8.477131296715267883e-02
1.159489587081564650e+03 2.196894728415299198e+02 9.385270579822381325e-04 -1.777458432013278786e-02
2.879196638889017095e+02 5.072079773598659358e+02 -9.685510169731705032e-02 3.370542295237195507e-01
5.552842806071404311e+02 4.924615776662485018e+02 -4.187776621377232479e-03 -1.811600236723326721e-02
1.205515820750502598e+03 3.299855028008933004e+02 2.275276592399207154e-01 -2.162915909108591855e-02
3.242366098647290755e+02 1.092181423168309948e+03 2.614463201418896765e-01 1.350500073983845195e-01
1.042247483201526848e+03 2.024003714579773998e+02 1.959121627028252988e-01 -1.060882756752060813e-01
1.083788568725853793e+03 2.152521829770181796e+02 -1.159364559817634317e-02 6.269961736133414752e-03
1.111841812652093950e+03 2.191592307279024681e+02 1.293022702728714203e-02 -8.184302047724097140e-02
1.195315276454596642e+03 3.027928913477808237e+02 -2.948495471488448705e-01 -4.588463800994771469e-01
9.276209959179426505e+02 9.030984160973040389e+02 2.464200121782563792e-03 1.972547357110394223e-02
7.941293979327097077e+02 3.819485653728935972e+02 -2.053690143089557506e-03 -4.778820351176633376e-04
1.025947819386429956e+03 1.823780549094631738e+02 -8.533475323154696580e-04 -1.766774064170641145e-02
1.025429247048957222e+03 2.603513590237811854e+02 6.211891967453724538e-04 7.132749160110439524e-03
1.112131578733399692e+03 3.445214128880060116e+02 -7.206443096492876066e-03 1.197304236700263008e-01
2.589161172832863826e+02 6.001340905565449475e+02 -4.253151501696358222e-02 1.279953635547430857e-01
2.673672034179494403e+02 4.154881879377277869e+02 6.398130348189240424e-02 -4.793688064118074160e-02
5.020228507151865642e+02 4.997844836580830474e+02 -2.464736624207393423e-02 2.430037086300711191e-01
1.153426567687348097e+03 2.093812649898559641e+02 1.234865002057771409e-02 -4.020762057825667812e-02
2.843358885469575057e+02 4.779531185386451284e+02 4.195033219863034818e-02 2.688223509309477510e-01
5.598481884737030896e+02 4.178543554306334045e+02 2.115270872145629411e-03 4.098163715852933507e-03
1.126417199713152513e+03 2.164222551114355610e+02 -4.353950280737080986e-02 2.617816715252501911e-02
1.146192946735554870e+03 2.115734133730944393e+02 6.834375869694668537e-02 6.910330478045693947e-02
1.180333751519268844e+03 3.259144869120112844e+02 -3.791680212591836407e-01 -2.824979639978960066e-01
2.760554191429650359e+02 6.596590391496083612e+02 -5.919725520944212060e-02 2.844321332586332522e-03
2.382008714692586295e+02 3.020648144446268475e+02 8.526133269377211832e-02 2.780059675639752759e-01
1.412142296069985150e+02 3.962730307225969568e+02 3.460946907747105422e-02 7.387142974187572986e-02
1.203795719318560486e+03 2.029122277466626372e+02 9.591456914487631394e-03 -3.431330407643429226e-03
1.260075648027613397e+03 1.956868736219666971e+02 1.038751213025079778e-02 -1.938678884755518084e-02
1.158639747327511486e+03 2.735420740940843984e+02 -1.928496962872827680e-02 -7.375568188576171920e-03
1.219596767917886154e+03 3.726788380733155464e+02 3.611027178038739294e-02 -4.541654451506834528e-02
1.016366988030132177e+02 4.020059588656130813e+02 2.315601516289058914e-01 3.129087169968715054e-01
1.008435492045553701e+03 2.107930447456708407e+02 1.008787138375341966e-02 1.045842348044036772e-02
1.026826818725505973e+03 2.685052553360716843e+02 1.330505333806325692e-02 2.965621074594329554e-02
1.178373521391320310e+03 2.348728065802038714e+02 -9.931666861358162332e-03 1.618747387823922870e-02
2.363928946597268634e+02 5.498451690479707850e+02 1.439217620522769137e-01 4.899575030677901552e-05
1.810055625386485758e+02 6.435022193376004225e+02 1.567520783530023387e-01 -3.306818242145541653e-01
2.035333195338762948e+02 6.621258155273969805e+02 -8.450922569345271917e-02 1.165889988524262955e-01
2.100061853043587803e+02 5.229158770938023508e+02 -9.040504055181227197e-03 -5.105357424187414832e-03
1.130036548312726154e+03 2.225458858567250502e+02 6.546186227706130012e-02 -7.762011282347910934e-02
2.493679754426912325e+02 5.753326680370954591e+02 -1.122009718044681276e-01 2.403989586981548632e-01
5.592880797482183652e+02 4.971261325685294992e+02 -2.473783218422232616e-02 -6.479538338664626905e-04
1.171325972985547651e+03 2.131178314447239188e+02 2.361626738848783547e-02 4.542135608105419414e-02
2.586525513758889474e+02 7.180974274455762725e+02 8.640095703556414930e-03 1.307162796998303199e-02
1.098569787826050288e+03 2.268819140004237340e+02 3.037118769782409800e-03 -5.947137055262601002e-02
1.148524838702340276e+03 1.882808609225862426e+02 7.347946569757369054e-03 4.858730810347253876e-02
2.624079019588259598e+02 4.551596826355766439e+02 -1.309495199824578238e-01 -3.452702413704646367e-01
1.059972833285524985e+03 2.898572702752138639e+02 5.907833782436299613e-02 6.089444136280295489e-02
1.149223853090755711e+03 2.934807544337895138e+02 2.460585594161018852e-01 8.207042203425891913e-02
1.174705181848967186e+03 2.100555216103883822e+02 -1.494933864797884718e-02 1.029462457676465388e-02
2.507712109159317890e+02 7.136555502506151925e+02 -2.501380976745003551e-03 -9.510369449628797156e-03
4.644209940202892994e+02 4.560570944375218687e+02 8.013015428780496940e-02 -9.119345482511842516e-02
1.047847140708336383e+03 2.706302396058107433e+02 5.736173751639023904e-02 -2.643317004507119150e-01
1.167176627925037565e+03 2.174106224468173139e+02 7.839643645892839519e-03 -2.259972006945244142e-03
1.906047310133308201e+02 6.347205062744492352e+02 2.373902467740215128e-01 -3.298245888871901288e-01
2.556235771980902598e+02 7.424822789406183574e+02 -6.790954482876626619e-02 4.255369862192658059e-02
2.679186587089131990e+02 5.332969056047935510e+02 -1.278653379639997922e-01 2.494310449522458839e-01
9.908586802557955480e+02 1.723227307409192690e+02 -2.265461054920336892e-02 6.567636399965515182e-02
1.085124369161099366e+03 1.850097892326005251e+02 3.175091888749648206e-04 7.322303113920725082e-02
1.095926345439494980e+03 1.852291496036140757e+02 1.376809270426662124e-01 6.964173424187336536e-02
1.073265346103019738e+03 2.165169637910537972e+02 -1.480128750907283575e-02 4.268800261565175447e-02
1.105222597652249533e+03 2.281445276660597870e+02 9.579696869812627524e-02 -9.060640718286095546e-03
1.179774242973657010e+03 1.834871329919179459e+02 -5.776532324368114854e-03 3.162777460177797640e-03
1.261174701269054367e+03 3.363834117089834308e+02 4.361079330195328230e-01 3.837342017959599616e-02
2.678754923318919623e+02 6.175529397952540194e+02 6.699469130376201065e-02 5.948116683221087164e-02
2.661947230952532095e+02 3.956842824771022151e+02 2.980059513955016746e-03 1.665542547551004671e-01
1.014795271758275248e+03 2.092248854465462955e+02 2.091343506299543631e-01 1.035616065540787278e-01
1.099446923666437897e+03 1.971384378685534955e+02 2.749537464060755054e-01 -3.677010754751433574e-01
1.167061318535744704e+03 1.501630229390447937e+02 2.832278622690864722e-04 -1.957612083063103164e-02
1.149597846591916550e+03 2.031488769432955337e+02 -2.600887617941225471e-01 -1.268596192682025503e-02
1.259892925076801475e+03 2.701492565284079888e+02 -7.883265012628726254e-02 -1.677515294747950469e-01
3.082864563834577893e+02 6.595736238986204398e+02 -2.303891546546310565e-02 1.407562768137933795e-01
6.508071799357689997e+02 4.954156572973941479e+02 3.235674072923139938e-02 4.017861467017382893e-01
9.841821207856313549e+02 1.757404435538585972e+02 3.479547391458044647e-02 -4.670315044853623476e-02
1.015811865809643109e+03 2.143757864986396555e+02 -1.385127754833075271e-02 -5.295206226179734882e-02
1.185982769132001749e+03 2.111885558721213272e+02 9.260935952642494057e-03 -1.542263337844710508e-02
2.722508303464891242e+02 6.012548038529912446e+02 -5.647099736376923196e-02 -1.913883320998785720e-01
9.686173425255911980e+02 8.248640206004063202e+02 -7.732880734561848983e-03 6.231351677998786011e-03
1.152862751808836720e+03 1.513115015537376564e+02 1.680706207912407990e-01 -2.149170872634916310e-02
1.041286333430921786e+03 1.817037398787412599e+02 2.339401677461220574e-01 -3.788573353858405990e-01
1.051407432023833280e+03 1.745659974800415739e+02 2.479173280682971381e-01 -4.997847138548105472e-01
2.163666599274278042e+02 6.406992855611333653e+02 2.646609502333774344e-02 2.700564018029183444e-01
2.022213553128120509e+02 7.188364889118521432e+02 -4.430890890340322130e-03 8.931677410544125451e-04
2.450109312204024832e+02 2.907870879503622632e+02 -7.243587528811510322e-03 7.483843071546206205e-02
1.613934857582215727e+02 5.098894665415797363e+02 7.457900433067524149e-02 2.282443112172193866e-01
4.809415833870178858e+02 4.392431981259848044e+02 -9.106305007337183247e-03 7.907326742662751720e-03
5.148230409598371580e+02 4.871840887741407755e+02 -9.340882770629832521e-03 2.956642425633307716e-02
4.997252400467979214e+02 4.932545045657068954e+02 5.508872986974272870e-03 3.768284060913112271e-02
1.111754029033997085e+03 1.768279348232880750e+02 -2.559323433605310491e-02 4.310248837643112889e-03
1.074982564177503946e+03 1.924995584963791373e+02 -9.551975710000575048e-02 9.898053566185054108e-02
1.201163510011093422e+03 2.069557961219774711e+02 1.640504528071977108e-01 -2.304912133297601917e-01
1.154008727536321430e+03 2.512804600328045694e+02 -2.519839116003326496e-02 3.473588392269406910e-02
1.266887937864784135e+03 2.620228365174234568e+02 -4.137129191123924826e-02 -1.101754600464397993e-01
1.263374439524182662e+03 2.862074859641829221e+02 3.658197344148819696e-02 -5.595086598085882712e-02
1.203194351881200106e+02 4.372284352078612528e+02 2.204320976906558316e-01 3.778118125787955361e-01
2.694477636566197134e+02 4.545601743075472996e+02 -5.913162511798190912e-02 -2.886834583643917429e-01
1.123127201887091132e+03 2.284279740650318331e+02 1.535579522592570301e-01 -2.352260412542079779e-02
1.118556786708678828e+03 2.404934655963490115e+02 1.516559281882791654e-01 -2.393469120866370814e-01
2.081727451712816617e+02 7.122144938076668268e+02 8.972989251040531036e-03 -4.626913154982048755e-03
8.863105339236091140e+02 9.296938535429994772e+02 -6.489314419799256661e-02 7.403801269738323476e-02
7.969091151276698781e+01 3.427829542311155819e+02 3.636878652810398432e-02 -4.268032580516648022e-02
8.318334009812180341e+01 3.530882959093194131e+02 -1.685342604926631793e-02 -1.118527748774656438e-01
1.093939678083126410e+03 2.170542079660182253e+02 -2.453833122823046720e-01 1.287650812069753292e-01
1.086919378760958125e+03 3.316369495900327138e+02 1.499176559054325904e-02 -2.378431639603048944e-02
2.584084871041695237e+02 3.512378144131233739e+02 2.345307013859354583e-02 -6.666690179564938035e-02
2.787065809737523523e+02 4.640255466510696465e+02 1.933877016067029331e-01 2.665834925634769093e-01
1.162271228425657000e+03 2.346020570136119545e+02 -3.874472108631152878e-01 5.066477273728260400e-01
1.299404382165679863e+03 3.110176966460774679e+02 3.354116929492079180e-02 -3.746082682726381563e-02
2.115192908757439625e+02 6.631750041795958168e+02 1.729584466862021941e-02 2.239744866437831661e-02
2.230560613341076532e+02 7.058233154188491199e+02 5.352314931872825809e-02 6.766204343564652390e-02
5.745881095826380260e+02 4.034352088362032873e+02 -3.137460227321753337e-03 -4.734381248575151441e-02
1.074245419289252141e+03 1.535224268209535694e+02 1.412115342349612168e-01 3.348756265848302355e-02
1.102055229994316733e+03 1.647726395334080394e+02 2.019218017608181981e-02 -4.003261511366774938e-02
1.057563202036170878e+03 2.125710751374981555e+02 4.745086154252931010e-02 1.003852297648474418e-01
1.154316334441639128e+03 1.960716818545319029e+02 4.067444797442476556e-02 -3.237807672658732372e-02
1.260390025930709044e+03 2.753168695332356037e+02 -2.962971955873529642e-02 2.296564536839826309e-01
2.020823223105365685e+02 6.648347942273192075e+02 -1.560614954189816217e-01 1.623838727825679118e-01
2.617516148519277408e+02 4.585311932904216974e+02 -6.497166243450654133e-02 -3.160401808310950855e-01
2.779896739569015267e+02 4.705149644033094773e+02 4.390042694188878158e-02 1.665076285386627927e-02
2.716594651916879002e+02 4.774757816071502248e+02 -7.478442757916543837e-02 -2.983743364120527986e-01
7.861207492817761704e+02 4.068107787226867913e+02 -3.326157997018223348e-03 4.236616102280284929e-02
1.077998507388957023e+03 2.083305458189765602e+02 -6.742887283985510294e-02 8.468310790932302712e-02
9.919408685447135667e+02 2.316669289539441934e+02 1.429417564630360536e-02 -5.363434316042988044e-03
1.172276981835246488e+03 1.844887778842062858e+02 1.300001018698064038e-02 -4.967647455373954551e-02
1.144352406194841478e+03 2.383454103632702754e+02 2.372837068715701395e-02 -1.017594346073262025e-02
1.310917271449346572e+03 3.312675396213724639e+02 3.268751689905305402e-01 -2.205684999826473813e-01
1.740199084112431933e+02 6.381193259779611253e+02 -8.696114587986395264e-03 -3.448501341775151441e-01
2.727193878884741025e+02 3.784025138936278267e+02 4.442435785371116885e-02 2.958310630735582203e-01
5.354239289499313372e+02 4.401810257235756012e+02 -1.730696641354825122e-02 4.374961268058541464e-02
1.033234732427763674e+03 1.602366159491444364e+02 5.466139904597185073e-02 -3.077982903082613353e-01
1.100070201782164531e+03 1.999397735601033901e+02 1.270232549768479657e-01 3.684241098625875427e-02
1.159492503035414529e+03 1.618658547183045755e+02 3.118935846669046441e-02 -4.582100561657966725e-02
1.151599884049127468e+03 2.545346766623230508e+02 2.832012213502821396e-02 6.012841113710010177e-02
7.391106404814501047e+02 9.651224895162979465e+02 3.419536334445183283e-03 -1.428875407584655546e-02
4.813177317454157560e+02 4.773495443154486679e+02 5.939263072605172056e-04 4.064413377793130167e-02
1.065523608749801724e+03 1.556255726167165392e+02 1.610987198467341841e-01 1.236380113950588111e-01
1.084681883208551653e+03 1.704540523821436011e+02 9.257897380501844964e-02 1.666250159495348271e-01
4.370956660342061468e+02 1.029178507766415805e+03 -1.793205812334690563e-01 -7.924246205618601380e-03
8.881988218266437229e+01 3.444547099916476895e+02 5.974008450106301632e-02 4.429412335762587111e-02
2.740251738025287978e+02 3.978706519324483111e+02 1.702843160915487319e-01 5.071615675845274618e-01
2.567081263026923352e+02 5.125511752193157236e+02 -8.852147869220061693e-03 2.292786476762103121e-01
2.903474850969543581e+02 4.678042127609040222e+02 -9.043814059414975390e-03 1.370207367308466928e-01
3.291794103305112458e+02 5.151375481794119651e+02 -2.107087562421838811e-02 4.638197623925558594e-02
1.159855484312013687e+03 1.442999167817738737e+02 2.271071036500416085e-01 -4.178734080359731706e-01
1.155658726953805171e+03 2.303656943039186160e+02 3.681667194124808168e-02 -4.198822917623109413e-02
1.297405729231926671e+03 3.555921941137185058e+02 -1.468883194565933081e-01 1.474623114672984625e-01
2.670017778628498490e+02 5.813082884437974371e+02 -5.062570972101335803e-02 4.012045465278030743e-01
2.125495941617447784e+02 6.456699089586345508e+02 -3.132602760414707893e-02 -2.902921412494000042e-01
2.420292085610553272e+02 6.739279926784848840e+02 2.513746058041495604e-02 -4.459894888695240672e-02
3.355204465845888535e+02 5.517786273400953405e+02 4.517926408084349532e-02 1.472292065952842677e-01
6.826814692257350998e+02 1.017436006311702727e+03 1.111721102533162232e-02 -9.292443109984560579e-03
2.683238530458648938e+02 4.790900763372596884e+02 -5.350184285441628163e-02 1.844037330925516471e-01
1.094256309493139042e+03 1.506702388703076565e+02 1.160091259439468558e-01 -3.211060790773387907e-01
1.086738858303351208e+03 2.013428548033709831e+02 8.383298192654820014e-02 -1.498408378688793618e-01
1.144029692090920435e+03 1.961700130016740502e+02 -7.449274781947679003e-02 1.411883547238090841e-01
1.295819274187886776e+03 3.462430269784716756e+02 1.138438941870845156e-02 2.014448067200191872e-02
2.083858817759951023e+02 6.248310830222234245e+02 1.497917517224323092e-01 -3.314548858214720894e-01
7.970891578962088033e+02 8.825989062188737080e+02 -9.378217370567654143e-03 3.884673068881738800e-02
1.035597375053878977e+03 8.757991953517373531e+02 3.379049380248488887e-02 -1.274895086305605219e-02
2.301858715156467952e+02 2.908800656466906389e+02 0.000000000000000000e+00 0.000000000000000000e+00
8.921622703629911655e+01 3.703104143072300758e+02 0.000000000000000000e+00 0.000000000000000000e+00
2.394250252338724749e+02 3.657798203003694653e+02 0.000000000000000000e+00 0.000000000000000000e+00
2.634077376592163660e+02 3.913231562097273013e+02 0.000000000000000000e+00 0.000000000000000000e+00
2.623683752473519348e+02 5.127045932646391293e+02 0.000000000000000000e+00 0.000000000000000000e+00
1.079952589200741386e+03 1.821400646812293473e+02 0.000000000000000000e+00 0.000000000000000000e+00
1.085181626370166896e+03 2.084886128853864022e+02 0.000000000000000000e+00 0.000000000000000000e+00
1.096798714055941218e+03 2.182033395980236889e+02 0.000000000000000000e+00 0.000000000000000000e+00
9.508520758091995049e+02 3.808595115255042742e+02 0.000000000000000000e+00 0.000000000000000000e+00
2.021228849139937438e+02 5.857897846865085967e+02 0.000000000000000000e+00 0.000000000000000000e+00
2.843511509771597616e+02 9.801943628829183126e+02 0.000000000000000000e+00 0.000000000000000000e+00
2.832299945322002941e+02 9.833549974132457692e+02 0.000000000000000000e+00 0.000000000000000000e+00
3.256336870006109052e+02 1.091770196607631533e+03 0.000000000000000000e+00 0.000000000000000000e+00
4.412514488999073592e+02 1.099297262621393429e+03 0.000000000000000000e+00 0.000000000000000000e+00
