1.346888513924645849e+02 3.843904277645896173e+02 8.708290163519679175e-03 2.039560514802277180e-02
2.523532955651671443e+02 4.643064190604102919e+02 -2.040958096718931743e-04 -1.070032582449562380e-03
3.078919559556497916e+02 4.823127834277524926e+02 1.859170600433720589e-03 2.061355857880989295e-02
5.635359051317666399e+02 3.786232475252420500e+02 -9.290227643239830618e-04 -2.929219343389597840e-03
7.052290871701032984e+02 4.149671654323291818e+02 2.046294849423256970e-02 1.590709476767748418e-02
6.343670708144820765e+02 8.220662159112740710e+02 4.026110911597540463e-04 6.945873200581021822e-04
9.124295315176951817e+02 8.059253136482774380e+02 2.650478894554565855e-05 -1.963227632991715310e-04
4.599476123312699087e+02 9.415673961035211050e+02 5.026320862255191510e-05 1.725962926767883078e-04
9.053246532721616404e+02 9.225710435620044336e+02 9.940155974361751870e-04 9.773900889362410402e-04
9.000497080491684301e+02 9.264502966704322944e+02 3.171003151336582193e-04 1.898501097490126136e-03
7.071200652666078668e+02 9.925034108708924805e+02 -4.277942252576511645e-03 -8.346263127985384693e-04
7.151214400166501264e+02 1.011479517666007496e+03 -1.909190532691498938e-04 2.016214361432422299e-03
7.049385851458235948e+02 1.023704055686250285e+03 4.690855700161618747e-04 -3.961401078532788373e-04
4.816557084868503580e+02 1.099054899776836919e+03 -3.460804077972756096e-05 1.825486085996125881e-04
7.044807585419339375e+02 1.036537777630781420e+03 7.300891987757260858e-04 1.500854571842486808e-04
7.518494604808365693e+02 1.067575622621574439e+03 -1.417979622979911708e-05 2.846688971860905767e-04
7.455416447338230910e+02 1.071494178919962224e+03 -3.157900140591339945e-04 6.842840306836649828e-04
1.310063296572309639e+02 3.248236774467475811e+02 -1.244159046416427232e-03 -1.535917293105541932e-03
8.997758204196705947e+02 1.102155440275360661e+03 -2.389175634429157539e-04 1.869826212846914515e-04
2.630051979821423060e+02 4.674476670608834183e+02 1.474355143007770597e-01 -2.063897289626664688e-01
2.430132248395858028e+02 7.555862617134115453e+02 -4.504809987354697377e-03 -4.538470287692383115e-03
6.393414825057086546e+02 3.757072831040848087e+02 4.601473988294279768e-03 5.248823728997609357e-03
1.241076632337562842e+03 3.832379036148153659e+02 3.357986833414020717e-04 1.808993950916855950e-03
1.178484083423749553e+03 2.345559823266388548e+02 -1.023281059447117038e-02 -6.037610094240887341e-03
7.154135190941768769e+02 8.817343019285153787e+02 -1.118674571361819676e-03 -2.937898255653959793e-03
2.360373492347328295e+02 7.204110911183089456e+02 2.718756557231195772e-03 7.789489438993210191e-04
2.498864549714210739e+02 7.164175754475186295e+02 5.691987864648268697e-03 -5.778546602755341155e-03
2.379666060223388229e+02 3.670432449598724816e+02 -5.686428753982861878e-02 -2.786241590821970648e-01
2.506156654643885702e+02 7.469413998591682002e+02 4.770142752592207089e-03 -8.732580622315911029e-04
8.306926235457140137e+02 3.045388762603397481e+02 1.172179810241754522e-02 -2.926667572309481907e-03
1.441335933341959503e+02 3.930384351286311357e+02 1.549358617140172284e-02 1.646352650592608144e-02
5.723978377958383135e+02 3.799946490045811629e+02 -2.830869954849920666e-04 -3.592494258625585253e-03
9.316979219410902715e+02 8.445261472676418180e+02 2.417374798462990516e-03 1.409902387910625526e-02
5.697019118741457078e+02 4.373132821239307759e+02 -2.638014125025593226e-04 3.101794511975852070e-03
1.007341237913338432e+03 8.123754820313857863e+02 7.593136485577968789e-03 -1.254505498057387550e-02
5.017690349293108625e+02 4.344851264886852960e+02 -3.393241060410169454e-03 -2.030762111719682309e-02
2.442666857935249141e+02 7.439136608559023216e+02 -1.457710075436636403e-03 -3.779905138570723109e-03
9.810502655112208004e+02 8.310098436260554990e+02 8.727141532699983842e-03 3.152702245217644389e-02
3.057618407243295451e+02 6.618312667728856695e+02 -1.066977709526984418e-02 4.394902776334674854e-02
1.012726368794798077e+03 8.179094283611975698e+02 5.220542964719801331e-03 9.410469810339433874e-03
9.412853386022652558e+02 8.348100366399912673e+02 4.516397070083617848e-03 6.007362809475242944e-04
1.003496076905172345e+03 8.365020327837806917e+02 -3.643429759901016356e-03 2.898351333310709294e-03
2.321362534953902639e+02 7.240242797127535823e+02 4.999424838676941405e-04 3.606656855993714030e-03
4.807345318869669200e+02 4.370997585062538633e+02 -1.401837937421172679e-02 -1.446471401401154024e-03
1.019838720111611224e+03 8.073574577209794825e+02 -1.147912449868731524e-03 -3.875461798365409122e-03
1.213559858967978244e+03 2.536674429386582119e+02 5.841095744333888590e-02 5.194773573821418085e-03
5.482005819421950719e+02 4.422092831020867720e+02 -3.620137319131518355e-03 4.900563891785150207e-03
2.273643546826218937e+02 5.203927501460493659e+02 -5.852497880388880629e-03 2.295477001084826434e-03
5.763530939063685992e+02 4.201394449838515470e+02 2.837278430748969849e-03 1.231296654161229088e-03
7.334514640805908812e+02 9.216217632921383256e+02 1.277728311692098457e-03 -3.118343348094163286e-03
9.559806481730074665e+02 8.449007512533764839e+02 2.188054430853929398e-03 -7.276221850545852967e-04
7.486511975803032328e+02 9.538636542809022103e+02 6.965207370859560244e-03 4.193181170988975401e-03
2.657463623102391352e+02 6.668122020250178821e+02 5.761386415708266489e-04 -1.894491242333826066e-03
8.247750143427202829e+02 1.102217382171209010e+03 3.620102143526814499e-04 -1.321519426476310602e-05
2.603384397809407460e+02 4.778117243458121379e+02 1.448182680688786250e-01 -1.650472788976615757e-01
7.501567611443059604e+02 9.579969741562141508e+02 1.606008998579670907e-03 -9.905298621505931669e-03
5.619959521171184633e+02 4.713398497016266333e+02 -7.783229938414109456e-03 -2.156814158106139245e-03
5.678217064649129497e+02 4.743168499495633341e+02 -4.209897782461081593e-04 1.928036515588102320e-03
1.205213448677767929e+03 2.309065150714147023e+02 5.477978886344794969e-03 -2.569119447212140500e-03
9.124140476231707453e+02 8.456407642959786699e+02 9.913039323102097386e-04 1.821409661555896831e-03
7.722066126570117603e+02 9.608105247226681058e+02 1.510479383391116716e-03 6.714315717824256846e-03
7.748678965721348959e+02 9.423317208730161383e+02 1.626821885518456605e-03 -1.406624240331384929e-04
7.733640783110847678e+02 9.488043174451751156e+02 -3.108867400890243712e-03 2.329694690764305340e-03
9.844894516038027632e+02 8.675641746467936173e+02 -1.841967590480905618e-03 1.718601875206268942e-03
8.010403423084816268e+02 9.515502428791107832e+02 4.503235183982282931e-03 -2.782126886255481112e-03
2.109220500366780584e+02 6.734339629359476476e+02 -1.942541802398326054e-03 -3.430723335922906026e-04
6.193955309684056374e+02 9.358931636009209569e+02 -4.709393065375947851e-05 7.998544205324517869e-05
5.737164537348998010e+02 4.892638234966680102e+02 -5.826399431043682853e-04 -3.504752710911122806e-03
9.747774953744254844e+02 8.852057871163767686e+02 3.143435299352408726e-03 3.768129377504865745e-03
7.677571533768624477e+02 5.205639405474234991e+02 2.282936670208849939e-01 -9.007138421173357945e-02
7.854881922436677542e+02 9.442014237752467807e+02 9.248683872727377075e-03 1.832458903466359368e-02
7.959630987945995457e+02 3.823377007730672403e+02 -6.912327372156772424e-04 3.778441766633810692e-03
2.353165049875538273e+02 6.989201891737581036e+02 -2.535510038761471831e-03 -1.936894269758930587e-02
3.084022189088898926e+02 5.653060783290901554e+02 -3.620480544117130398e-03 -3.428464878248466130e-02
8.072608456259482637e+02 4.201517158362000828e+02 -8.017461208470817030e-03 -2.250436952342151943e-03
5.867244053431727480e+02 4.028324490438699286e+02 -3.004560151749717523e-02 -5.255289650121296868e-03
1.034484400625821536e+03 8.359865286771363344e+02 1.649970844818027986e-03 -6.299385468240204433e-04
9.937427421249046802e+02 8.218080277186934381e+02 -5.881648440636396899e-03 -6.488368238380941289e-03
2.269276620935501967e+02 7.271607032831658444e+02 -3.730312919558817063e-03 4.188482493198012260e-03
1.278644269703833970e+03 3.718479121953531035e+02 -3.551538415541643330e-04 -4.696805267664024702e-03
2.269224024221072114e+02 7.667071408500756888e+02 2.098944060065354236e-02 9.748633645254939362e-03
7.335742595260231838e+02 9.809319014907424616e+02 1.175689390398510691e-04 1.291086591101864821e-02
3.208918934370517491e+02 5.452592739380654621e+02 5.987124950437835991e-03 -3.721141542780402513e-03
9.907963176012314079e+02 8.308689674435584038e+02 4.507410975777182034e-03 -7.620078685067260479e-03
1.054623312506795401e+03 8.579054262663414647e+02 3.513448192846694434e-02 2.554000234209470935e-02
8.274190773579711049e+02 4.013091386348642686e+02 7.082827985313862491e-03 8.654160419170990604e-04
1.016986756596472787e+03 8.309018322916017496e+02 -1.973503955410156954e-02 -4.443860912073937207e-03
9.470301995694517245e+02 8.366587577088250782e+02 1.199891083801688137e-02 1.167957241620732169e-03
4.653498903169710843e+02 4.547802041543530436e+02 1.039008826303742215e-02 -4.682748856221268722e-04
2.681985564328438159e+02 3.008752154842925393e+02 -5.254711141373767528e-04 3.417932657078151699e-03
9.550041992158395487e+02 8.221413922940517978e+02 2.738029429187152728e-03 -9.386660826567770621e-03
8.185626227482371178e+02 9.353076898555759726e+02 -1.818884766856910433e-03 -6.560250227021422170e-04
8.182585042926632468e+02 9.432208027248669850e+02 -4.152075331233229076e-03 -1.047246449881262566e-02
5.494844465952028258e+02 4.325789491373517421e+02 4.239332682825286067e-03 -1.425544505134934865e-02
7.307176829042030022e+02 9.373407124944277484e+02 1.657484744544147990e-03 1.019145810139231905e-03
9.295799010214159352e+02 8.606470663755274018e+02 -1.650666048798448641e-03 -3.101322363311800889e-03
1.077384617693919836e+03 2.038315051920635028e+02 2.406217203137616962e-03 4.428028930380036553e-03
7.534913400203400897e+02 9.719742537268265323e+02 -9.891848289085639068e-03 2.121738031764542134e-02
1.030149422970800288e+03 8.245840163539783134e+02 -6.756971816966512306e-03 -1.389016393349297440e-02
1.021473122096575253e+03 8.148259004539746684e+02 1.041754476530666954e-02 -5.821602138131212571e-03
1.028537282290642679e+03 2.110194155288228615e+02 -7.013141753720159022e-02 -3.187014109582461674e-02
9.548807865235584131e+02 8.774186464102392620e+02 -1.274809577997003400e-05 2.008992370458081989e-03
8.180922157412388742e+02 3.797953944901328214e+02 -5.700869627851194547e-04 4.963413717724947849e-05
9.717701450687280840e+02 8.892357846074570489e+02 3.209035379349738093e-03 2.531084182250971544e-03
9.053194702300861536e+02 8.411799467845582967e+02 -1.039640436241789315e-03 1.197559757559760749e-03
5.786866464597418371e+02 4.674123732264917521e+02 8.678740096067288565e-03 -9.905098774596006461e-03
7.906332632570251917e+02 9.232308293513325452e+02 2.138815421658094202e-04 -1.405540001863048822e-03
9.623216533057270681e+02 8.485913765014681758e+02 -4.777515908082734524e-04 1.250388667930303957e-04
1.932389947565501132e+02 5.889594756096072388e+02 2.006558856427408458e-03 -3.574186159925834324e-03
2.323146601169188443e+02 6.910406174203430965e+02 -3.912110996148696410e-03 1.732594553047334465e-02
4.929598982496686403e+02 4.482649441375732522e+02 -1.047248120342076798e-04 -1.280482594183067219e-03
8.328975786533449082e+02 4.131399965510561287e+02 -2.972315260475994186e-03 2.043910736912300623e-03
9.698678062116961200e+02 8.758926050902163070e+02 3.161703770283250808e-02 -7.680028490847572858e-03
7.966293868035854757e+02 8.834698929405892613e+02 -1.204970863130297026e-01 -9.979039460758129532e-02
9.690107175154535071e+02 8.248076449919549304e+02 5.846426881330759294e-03 -9.756422664271541907e-04
7.915344913523655350e+02 8.845810506483419431e+02 1.495286364646213582e-03 1.093105101462454182e-02
1.192707036222321449e+03 2.107404207970540710e+02 -2.550835666924474842e-03 -2.628595538298121419e-03
8.124549119508469630e+02 4.024080740009994770e+02 -1.833196426966901202e-02 -5.887782946563175322e-03
7.675394355043432597e+02 3.853175565025572951e+02 1.006689509008853360e-03 -2.617846858069611520e-03
2.252751050671981830e+02 6.864794708245664197e+02 -3.433379007301234995e-03 2.101301552681776510e-03
5.593995134685521862e+02 4.134034037564335335e+02 -1.048405865090710088e-03 -4.597051888531732133e-02
9.501314366561874749e+02 8.565575231496472952e+02 7.329173443312951043e-03 2.885456652568854641e-03
3.349694063113929019e+02 5.541753371092496536e+02 -1.717098888191500791e-02 2.076418440078714109e-02
1.127481965589462561e+03 1.874098392207663721e+02 3.128859488059346911e-02 1.907581410571907235e-02
7.178991379731198776e+02 9.521048062569246895e+02 -8.377994060914139337e-04 1.334218860947792955e-03
5.112436667585853343e+02 4.391602129872828755e+02 7.936115745055173252e-04 -6.843469168112134918e-04
9.946338465260981820e+02 8.732101423753191511e+02 -4.591923145872077797e-03 2.669494924462149747e-03
4.808889247766932158e+02 4.672638379830469262e+02 3.960744589675760895e-03 -3.143647876582366437e-03
8.850469475833785964e+02 8.697247769892262568e+02 1.090329598815798634e-02 -1.468991858414055683e-02
8.016709820673704598e+02 9.382909479008561675e+02 -3.822337796683620420e-03 -1.728814982299701391e-03
5.346027928674852774e+02 4.151742348917015306e+02 -4.510187785924001797e-03 -1.329673635814119202e-02
3.262426038260770724e+02 5.359547036535939242e+02 -2.836774897337426826e-03 9.176461733789951234e-04
7.442471585736166162e+02 3.958203159603077665e+02 -5.053448969295117575e-03 6.087518965832804238e-04
9.971871784273181447e+02 2.495198529518283976e+02 -9.285058375132510672e-03 5.360095091448599178e-03
8.507261903931618008e+02 9.314799777620618215e+02 -3.032689690006927659e-05 -4.223401254923355970e-04
6.303462079329516428e+02 3.839689396566071764e+02 2.529155079549460713e-03 2.919760442553339871e-03
8.163137055993481681e+02 3.634693941059011308e+02 1.221711784379826173e-03 6.972464610951215015e-04
8.576619575412544236e+02 1.101664966097031538e+03 7.721651161633903259e-04 -1.680574189997582229e-04
9.275293478317279323e+02 8.340284758185431429e+02 -1.663985933176078888e-02 -4.217873101020647164e-02
6.020050653291294793e+02 4.334991199872881680e+02 -1.217311390457150033e-02 -5.627343090536962404e-03
5.091702295738402881e+02 5.064438185329835278e+02 8.140424323067411636e-03 -1.852050607347546438e-02
5.445698042302348085e+02 4.081872590882385339e+02 4.041118661128769579e-03 5.385577375750022142e-03
2.388312986211612667e+02 7.399969940054239714e+02 5.531168397292749415e-03 -8.461708427731618430e-04
2.315064593239242186e+02 6.478007674535422211e+02 -8.377677624766852876e-03 -4.695392291717209038e-03
5.414922550585957879e+02 4.775110546821114212e+02 -1.399870640291215555e-03 4.786472558925477030e-03
9.775203979155392062e+02 8.455694244874700871e+02 2.559009879672263961e-03 -1.685682088755624574e-03
5.456828394180319037e+02 4.826864333231701494e+02 4.351582494930178110e-03 -3.005932463481983050e-03
3.211300969576727766e+02 5.309861126900188992e+02 3.573379929650967544e-04 2.104107802512258582e-02
3.150473541736677703e+02 4.712398777589430665e+02 6.436249190669244072e-03 2.423777852297939479e-03
9.338496091898801978e+02 8.660683146927824509e+02 -2.416187424018116387e-03 -6.957677982268701058e-03
2.692958607677351779e+02 6.099744063396855154e+02 8.698614111819600800e-03 1.561951759350733299e-02
1.061587270254685563e+03 1.850154271227616505e+02 -2.250782384022602389e-02 4.411102602086732632e-02
3.236060111940358297e+02 4.773379381791370406e+02 -3.726783962421639351e-03 4.290128605603486453e-03
9.714145901791926008e+02 8.303060795538829097e+02 -3.712547129871741902e-03 8.271993397205607002e-03
2.483346003387087535e+02 7.408110036416696857e+02 1.244548894322439030e-02 4.671087054614169939e-03
2.202634629564342958e+02 6.857921764810397462e+02 -7.875102323775326138e-03 -1.237613421366548505e-02
5.059527985171087039e+02 4.430377527042462589e+02 2.409252851160963941e-03 -4.302361177717737434e-03
6.530446613858748606e+02 4.966307655269896486e+02 5.522214773416090489e-02 3.457791124489545953e-01
2.752366961960212279e+02 6.699148926701988103e+02 9.651757108191633128e-03 -1.214562142011588880e-03
5.891233083775043724e+02 3.761032713723573693e+02 1.043085763016017922e-02 6.494744900565045491e-03
6.122918111926389884e+02 4.276949240481965262e+02 4.301627316697767545e-03 -3.512968011052342520e-04
3.021497319166648481e+02 6.126460147725807701e+02 -1.945152451162807800e-02 7.898351235912561691e-03
4.765655721229373398e+02 4.655987863845056722e+02 5.141351663420628063e-03 -9.103409126255698845e-04
2.248635052476172405e+02 7.582618146106935910e+02 1.592671445156203930e-02 4.299217917714193843e-02
1.218580859984497920e+03 2.583679894106726351e+02 1.888208029855953721e-02 -1.441037438599881981e-02
5.678004013455885115e+02 4.295149378003925449e+02 -2.169253072544493309e-03 -5.632716078333478878e-03
1.231832968085264156e+03 2.602614516855665556e+02 -3.314525517580568098e-02 -1.168374429424390987e-02
1.016711838379449091e+03 2.737896016246493787e+02 3.304915071403724796e-03 -4.730404301177137602e-03
2.081572838573977435e+02 6.971807053296000731e+02 6.923144276896664451e-03 -3.522708991702997762e-03
5.482472345384554728e+02 4.102470875169889837e+02 2.463646915892844097e-03 -3.825325780629590996e-03
2.510564371041330674e+02 5.819219809940650521e+02 -1.119122877840863645e-01 2.556630572682033753e-01
2.474339229024031113e+02 5.030205010152093337e+02 -4.369838813910336718e-03 -4.232582162726171437e-02
1.095310510314477142e+03 2.840425296605598646e+02 -2.336469866957887054e-01 -2.225060460213124369e-01
9.993923717102054525e+02 8.236075365586414136e+02 4.362354966911150683e-03 -1.759600921809803889e-02
2.265477578974727635e+02 7.030381698617998154e+02 -7.003704412975839426e-05 6.863479025153960966e-03
2.983246857329428963e+02 5.797626296069124692e+02 1.248012393462021898e-02 1.027166973130729521e-01
1.052572693021487339e+03 1.844422738519287748e+02 -8.522752266697911777e-03 -1.616475972789633425e-02
2.664629901667816512e+02 7.387910046396012831e+02 -5.054786984715065046e-04 5.291983646666177307e-03
3.104556938349817301e+02 6.094046813436425509e+02 -2.429962105931774211e-02 4.208328055466550519e-03
1.033580560001370031e+03 8.549736511326850632e+02 -1.859545804696644596e-03 2.201614547877199859e-02
1.153716961938682971e+03 2.297711007618735835e+02 -1.702325258817368250e-02 -1.428879659615271518e-02
2.543621238346698590e+02 6.431175852281330663e+02 -7.004476082363115391e-03 7.327913136519458200e-03
2.737060038442592145e+02 6.528282325088299558e+02 1.900609196712652613e-03 1.447024131749854482e-02
1.210883227835651041e+03 2.172854580169479846e+02 9.904843953111117788e-03 -2.133642112221170034e-02
2.321099486296827195e+02 3.289506266493290809e+02 -9.867906298303709411e-02 -3.887022442763753416e-01
5.892479444827362158e+02 4.492485861885766667e+02 -2.247696017642702385e-03 9.507310076831138393e-03
2.377435520533923352e+02 6.940548509005276401e+02 2.775383811281964975e-03 1.941124851517016204e-03
2.651925543923268265e+02 6.347299890631746848e+02 7.814186126245991400e-04 -2.742792813207172581e-03
1.208250219147651933e+03 2.079022865208055748e+02 -7.188736653287747941e-03 -4.740849519422871139e-03
1.002980151924643337e+03 8.758381118874619915e+02 1.802448278288529054e-03 -1.966871194720777941e-03
2.670796354102752730e+02 7.176367072934805265e+02 1.068288792751981601e-03 6.682473056018649327e-03
2.634282209507798029e+02 7.261734475341773987e+02 -2.011659655912097049e-03 1.059536218883412075e-02
2.646911446687187208e+02 6.175629654993742861e+02 1.943297377592763560e-03 5.357664717048509807e-03
1.265972659026570909e+03 3.944788327296222405e+02 1.569032294297033944e-03 -1.341926110146991237e-02
9.438951949552174483e+02 8.551012409520061510e+02 -4.262042835515749209e-03 1.968795003841199241e-03
2.538049795136591911e+02 6.852755544967197920e+02 -1.445227851243292074e-05 -6.540203521524852893e-04
9.328057843923904784e+02 9.059954126823624847e+02 7.415831176539504702e-03 -1.635830925805870431e-02
1.241324251351024259e+03 2.803079837168067456e+02 5.656120203632394525e-03 3.372571341851417215e-02
2.773333113254916498e+02 6.446983290730676117e+02 -3.701346896410048076e-02 -2.494844727392422912e-02
1.008239559572088638e+03 9.275663630737711856e+02 -8.928069707681600886e-04 3.785357699263102544e-04
1.056033596644150293e+03 2.377806619548662468e+02 -1.176744422247865407e-01 -1.760177304142210020e-01
9.519667794756147714e+02 8.967510360050853251e+02 -3.336895803271329539e-03 -6.502482504985063715e-03
2.516692200156998638e+02 6.717718859331001795e+02 -1.622535056919550706e-03 1.198279211586517415e-02
1.068725627717455382e+03 1.843898888528783857e+02 8.578957243006437791e-03 -2.778758322767602498e-02
2.570300403330309678e+02 6.731338309249358645e+02 6.192017004952215901e-03 7.213242007129103649e-03
1.013346861332701906e+03 8.530216231109125147e+02 2.307416555512114241e-04 8.735521258070701525e-04
2.309683889754431618e+02 6.693443590997089814e+02 -8.640966333627089204e-04 -1.204538051283769555e-03
2.629071123170007240e+02 5.602503137997960039e+02 -8.704104620679259385e-02 2.044324873678454724e-01
2.949003776317294410e+02 5.745993266469993159e+02 1.440958769954099085e-02 7.444028499794670684e-02
2.276096388110639737e+02 3.186399378739331496e+02 -1.149764584330032202e-01 -3.693358962338296192e-01
2.522997122690505307e+02 6.332560210952011630e+02 -3.422585057496509847e-03 5.781690207666966008e-03
4.419192575313226143e+02 1.086133167679622147e+03 -2.556807626856177993e-03 8.871765427617748709e-03
5.216649871270587937e+02 4.710950956043272413e+02 1.961878170512739578e-03 7.739865300608795955e-03
2.692112948817452889e+02 6.804411473609154655e+02 1.142743436412893727e-02 5.662732540208078105e-03
7.340457006346312028e+02 9.296451944136335896e+02 -2.935078944366104666e-03 -1.793359823238353150e-03
5.065213610799032153e+02 4.848312605797800074e+02 -1.691149754007838929e-02 -6.105103880370302228e-04
2.318516842558799169e+02 7.368499560157127917e+02 8.119691388985599001e-03 2.643644234054401843e-03
3.107345202442019172e+02 6.448370382681794126e+02 1.287821178450181646e-02 -1.168133157583913992e-02
1.201985881669098035e+03 3.861889825819536668e+02 -3.424595630912164856e-03 9.236745058634405689e-03
2.260661380637777711e+02 7.500191367881939186e+02 2.679878872043283625e-03 5.634486270775938745e-04
1.035842597081420763e+03 1.754550600032002023e+02 -1.284985064247317309e-02 -1.913702756870026486e-02
2.415517975254555267e+02 6.408351394175813311e+02 2.786097549611296544e-03 7.532440902290509291e-03
2.983934844557273891e+02 5.427186044330500181e+02 4.072741686025321134e-03 3.498604022370678437e-03
2.453425287201064293e+02 4.873840190327744608e+02 -8.136089468235180311e-02 -7.999952032425296233e-02
2.399405660293793403e+02 6.286644016178643142e+02 -2.459877248285373234e-03 5.625040350046579818e-03
2.401622872039211245e+02 7.262040153967269589e+02 1.296067697373162828e-03 5.224787707039233418e-03
2.752735792730424009e+02 5.170094690804066886e+02 -5.359986881597764846e-02 3.446663707925815001e-01
1.000273201700411732e+03 2.250344755645165833e+02 -5.250908912697437037e-03 9.363067279905983031e-03
2.435711517560128812e+02 3.845638474666899356e+02 -8.799616877650909275e-02 -3.092087067578025983e-01
1.017813938422464958e+03 2.618527805079219775e+02 1.161839710922358410e-02 -2.155323309741426219e-02
2.439256314841328788e+02 6.881581333466735941e+02 9.479188994904439586e-03 1.029996832916016403e-02
2.422879574324370253e+02 7.001190113027899997e+02 7.395526951793868903e-03 -1.143447180392385184e-03
2.529530901082177365e+02 6.214987279003255480e+02 2.975722588053819270e-03 4.824255161796566112e-03
2.747225711382558302e+02 6.967957661598194363e+02 -9.062806788001512640e-03 9.235942703711960688e-03
1.151341012869737597e+03 3.649445072339476042e+02 -2.107252408540721128e-02 1.220177117310321073e-02
2.426292008933041302e+02 5.084748582681549465e+02 -6.321074959755763889e-03 -2.029353748772035407e-02
2.463763694890538147e+02 3.713270622513208536e+02 -5.278522976154514240e-02 -3.636556632685630785e-01
1.105488382145541436e+03 2.005161214444531765e+02 -1.062205477288750147e-04 5.434938806012728357e-02
2.485163170657336025e+02 6.074738298371181600e+02 -1.549474321305728819e-01 2.800360724159942638e-01
2.314371849856193819e+02 3.413648740355137647e+02 -1.450960072995836625e-01 -3.494434202422048164e-01
2.501281780782996691e+02 6.457066642713127749e+02 8.362052177810058370e-03 -4.530287251469363591e-03
1.179094656524061520e+03 3.574737068261171657e+02 -9.189415937728404732e-03 -4.373308541440421374e-03
6.042534536293044312e+02 3.986844149817546850e+02 -5.479613907755940226e-03 1.173305314396900362e-03
2.591273910984165809e+02 5.186721301200246899e+02 -1.476267940923872979e-01 2.826957025357125231e-01
2.442160865690253502e+02 7.216023920439789663e+02 1.648099503418986450e-02 1.392694537385226125e-02
8.650141964032839041e+02 1.102290324201895373e+03 -5.178570801364353960e-04 -1.213928188476394535e-04
2.931373850456721470e+02 6.258307746398368181e+02 3.776588746007737696e-02 6.410157032430763291e-02
2.128647685771800013e+02 7.552563752087298781e+02 1.519763583905645032e-02 1.885892801761647215e-03
7.243253827884584553e+02 9.673828022570706935e+02 1.033402355366014932e-03 1.190467554816128544e-02
2.682584083510838013e+02 5.388237257076127662e+02 -1.158157259882835882e-01 2.669174997558298457e-01
2.885201919365028402e+02 4.789562685663725574e+02 4.396027332799212067e-02 2.568310125130932042e-01
2.462195432776492225e+02 7.614938377715560591e+02 3.214205846519732276e-03 -8.426174344791514600e-03
2.443757337508164937e+02 6.023889917383527290e+02 -1.504053328694754388e-01 2.627659510800165465e-01
2.596562392180503025e+02 6.556519278181816617e+02 -4.922402810555272235e-02 -2.609993953296344676e-02
3.251775602864077541e+02 4.959085019367546465e+02 1.165636038793687289e-03 -8.459624647836299152e-03
2.621069734643594416e+02 5.712002328090028413e+02 -1.295993286719795690e-01 2.106847246791313522e-01
6.774951134156767694e+02 1.023297941893444772e+03 -2.017185057898042075e-02 -1.318133856384317605e-02
2.172183166362768816e+02 7.654768013355518406e+02 -7.727026242429865799e-03 3.094102507319992489e-03
2.375030488094744499e+02 7.651859289349937399e+02 -3.145290825680622203e-03 -5.989551302240224244e-03
1.138641552574607658e+03 1.848386071293702457e+02 5.225862479752808876e-02 -6.555945664374007720e-02
1.181846144495957788e+03 2.111239601987413437e+02 2.006630780233355921e-03 -2.132724557483108192e-03
9.301495921585118367e+02 8.979730197686785687e+02 -8.705431151428915867e-03 -3.582009629776666294e-03
2.844427572415320924e+02 4.592443786219560593e+02 5.056198295385749136e-02 1.915681607299884737e-01
3.080964197876717776e+02 5.885529644641519553e+02 1.144043089522906731e-01 -2.738526651953589464e-01
1.171367018094498235e+03 2.337486261266418524e+02 -2.760248574347342124e-03 -6.254052366751684973e-03
2.075080330919354594e+02 7.267214193078300468e+02 5.294154374114283523e-04 2.520172473450116562e-03
6.817017288623768536e+02 1.019104908429645775e+03 -1.159221774292579395e-02 1.495297425021412455e-02
6.109439876567371357e+02 4.240859239794888822e+02 -1.317094902611364114e-03 1.300330833850923571e-03
4.935539419424222842e+02 4.543437610750909812e+02 -5.559690264593621697e-04 -2.264337387866997148e-03
1.167545134607315958e+03 2.515451189205950016e+02 5.795633310769814084e-02 7.885725690694343412e-03
7.388374957113954622e+01 3.198323545163148083e+02 -3.943610598042823767e-04 6.677663430478463120e-03
5.169485417735372721e+02 4.229745546168317674e+02 -1.483633520943966394e-03 2.157576547660645157e-03
3.137261505291169783e+02 5.680848194650848200e+02 -4.595777446805789784e-02 -1.331842283979321924e-02
2.223231662570035496e+02 3.069235542095431697e+02 -9.206196813444773863e-02 -3.786393001550363291e-01
2.674398612854324710e+02 6.451841790820383267e+02 2.312857027599384777e-04 -1.430756984049060855e-02
2.663989692970088754e+02 5.457381723193294647e+02 -1.080739862422083336e-01 2.323987305262145975e-01
1.005875718989077200e+03 1.972350865678022842e+02 -2.431561875061453298e-02 2.355505525765456704e-03
2.937054808558155514e+02 5.961502172221507863e+02 -4.149090442709139556e-03 -2.088079640174382318e-03
1.142083083814313795e+03 2.194457289071353330e+02 3.097650600150223324e-02 -3.546754300248295549e-02
1.048500758494784350e+03 2.834160403267375159e+02 1.302220300167976873e-02 6.819577211416853746e-02
1.013452264140570833e+03 2.598665457357509467e+02 4.257179595589321609e-03 -3.226452850967261379e-03
5.072444904686625478e+02 4.526479913854537926e+02 1.203909877816467270e-03 3.580304132025737430e-03
2.300736146683204879e+02 7.754390479841864590e+02 -3.283708902402075573e-03 1.928571539072364239e-03
1.094907050451606892e+03 2.023454653734270323e+02 1.656730693144204932e-03 -1.933611901797790099e-03
1.996930800495713640e+02 5.071840040074415015e+02 -2.769927290877871855e-03 -2.142706377385636060e-03
2.614119140646986921e+02 4.352741578133987446e+02 -6.190110075683470658e-02 -3.313421729461910603e-01
1.019898616734415214e+03 8.669462310979139374e+02 3.886827727987254930e-03 2.918346497190979407e-03
4.884696946412389025e+02 4.747908349369522512e+02 -5.015658142865797413e-03 3.604752094481614936e-03
2.971602095778297326e+02 6.604781148704564657e+02 -2.830905448104822919e-02 7.230943676518672425e-02
1.073233892708140274e+03 2.195186881869180695e+02 -4.596262811403876644e-03 1.182461742889210320e-02
2.946911340728108257e+02 5.387404629316779392e+02 -6.548141110952224349e-03 -2.769904547016951817e-03
5.378859453940254980e+02 4.274831633766846153e+02 5.082972116711196968e-03 8.823867161760347300e-03
1.154736462435789008e+03 2.140521749256648434e+02 1.546921349553359928e-02 -1.876523999243515095e-02
2.542144762213785896e+02 4.363273016325543949e+02 -8.750288856479461475e-02 -3.456089269684109455e-01
2.660210575175685790e+02 4.475547704013058592e+02 -2.677131561032602275e-02 -3.493977295976856134e-01
5.488589694483853236e+02 4.606305869445072290e+02 1.028257360199985246e-02 2.038905188768670024e-02
2.561902275109188167e+02 7.455245336975666532e+02 9.617514837946383038e-03 1.639341801806175163e-03
1.026913520118026099e+03 2.231985081861548679e+02 -9.541460065916584563e-03 -2.468881893323955981e-02
2.612847558966794850e+02 4.820517001820699079e+02 6.712839779927637363e-02 -2.327639722615529594e-01
1.116542667436299553e+03 1.745186495135011171e+02 5.528377776785968478e-02 -2.004532858775927989e-02
1.140413212416822716e+03 1.932567426659657031e+02 2.690353759890238422e-02 2.696467578339882304e-04
2.650118786369491772e+02 6.254474123970344408e+02 2.552339611000742445e-03 -1.912774617489553311e-02
2.792583686427863654e+02 4.614806946014506934e+02 3.727256454294097104e-02 1.730652373923717013e-01
5.229024380538160131e+02 4.602756697884467485e+02 -1.517629668235191080e-03 1.739262868769324809e-03
1.057471466864808690e+03 3.020333103209197816e+02 -3.892215672783212472e-03 -2.849300230394928319e-03
2.024333119124176221e+02 7.006993893143154537e+02 1.369881957043223193e-03 -1.068778546407159365e-02
2.738579724406633318e+02 4.347874377420836822e+02 1.108689281845006910e-02 1.889058891440909826e-01
3.244424859024850889e+02 5.181140688268106942e+02 -1.943813978560584525e-03 -3.237088509232163760e-03
2.332755011957252975e+02 6.287786935322845920e+02 4.276936405403549551e-03 2.263285986559101636e-03
7.841858949379892465e+02 9.555722176473148011e+02 2.043300686579533308e-03 3.089205133643181406e-03
1.117000639638225493e+03 2.199561816059654689e+02 3.335023675858657388e-02 -1.222517472419523687e-02
2.408815850175870708e+02 5.240594320339308751e+02 -9.391484834092035314e-03 -3.984892467198872940e-02
7.169399502997898708e+02 4.196567878169043979e+02 6.252767566151742895e-02 -4.693547272383550434e-02
1.010348883776262596e+03 1.966698461423222852e+02 -5.563802512346349705e-02 -4.654072467831477100e-02
1.021647651880040144e+03 2.118685782135871136e+02 -4.583528796756199120e-02 -3.193601476949500112e-02
1.003239301256900944e+03 2.284726357373221504e+02 -7.465955776119203875e-04 5.594024627174126393e-03
1.032260300001488758e+03 1.617100334877094099e+02 4.307095501669867127e-02 1.596478303927390116e-03
1.185724060506181104e+03 1.733514852910641650e+02 2.918158241971126419e-03 -8.016960023206313665e-03
5.533964145989563121e+02 4.832088794926024207e+02 -1.451046096872682942e-03 -2.536083010548029963e-04
2.682295126414279025e+02 4.293868365683081265e+02 4.972996787667776503e-02 1.904468401056286786e-01
2.565679407389432072e+02 7.000885602748512611e+02 7.269172346762406726e-04 2.805589253538041949e-03
2.388466109264566057e+02 5.897415960038672438e+02 2.635835361638529800e-02 1.887659447112118860e-01
1.174076823326380691e+03 1.730714226897075321e+02 6.892018272726928470e-03 -4.267130298933408811e-02
2.537045572092865484e+02 5.117030337664977537e+02 1.395809985197601633e-01 -2.289809615578958790e-01
5.028289654045169073e+02 4.686197239825364136e+02 -1.236099907482628331e-02 -1.791825752211210002e-02
2.614718409227353959e+02 6.683826735300731343e+02 6.133044542091756505e-04 -1.432441816812588279e-03
3.188216204442258004e+02 5.185666939715109720e+02 -2.185626464771046711e-03 4.842762188610043078e-04
2.383792053304933916e+02 7.101860708448667765e+02 -3.392918200491954177e-03 4.565076630473017053e-03
2.693356382617756708e+02 5.936159086576607251e+02 -7.600471493141118529e-02 2.511725381893151199e-01
1.153357882708749003e+03 1.916737799860021028e+02 -1.114693401527261721e-02 -4.548716024202695686e-04
2.205692906855287276e+02 7.171467314824642472e+02 -3.885928666109617850e-03 3.482943063705299888e-04
1.058844279105428086e+03 2.967922674109565833e+02 -7.728180776694169862e-02 -1.113690803023842796e-01
8.119570190184889213e+01 3.242463885554555532e+02 -1.789991440333123804e-03 3.295578009574275552e-05
2.311790938083541107e+02 5.532810406791494415e+02 1.140717575910155240e-01 9.422307768393621552e-02
2.398580688243087877e+02 5.789187989472644631e+02 8.959380836216976340e-02 1.955517970890432722e-01
1.198501442954074264e+03 2.284233894254447250e+02 9.772993535201442844e-03 2.028701090913748173e-02
1.064706128141094723e+03 1.946841467935516903e+02 -3.009984115033598889e-02 -2.801536819265577558e-02
1.064535527505031268e+03 2.155839443736144290e+02 -1.524550853234431236e-02 1.288329030144707427e-03
1.943801786395855231e+02 6.968266082110966408e+02 3.061872113635060334e-03 6.894293243886065459e-02
1.115521919182095189e+03 2.365757715092425997e+02 -5.356700228064552316e-03 3.162322913090008947e-03
2.588960774962973801e+02 6.948587186166458878e+02 1.249705249860973372e-04 2.301935142601887509e-03
2.857400788638134372e+02 6.309655047984467728e+02 7.064501406110630308e-03 1.214044441224433890e-01
1.093061454183701926e+03 3.563202605725477952e+02 -2.212101945511757775e-02 5.383592049162301552e-02
1.947524566470304421e+02 6.900341845990757292e+02 -3.445118976837492457e-03 -1.038993887840489877e-02
2.789102717411653884e+02 4.135328903240472300e+02 6.668528780555575686e-02 1.933370723385235135e-01
1.238036421537743536e+03 3.679552054125703648e+02 4.320558078269110536e-01 -6.807125097200319996e-02
2.181229961356449110e+02 7.237592038406461370e+02 3.584705017268201288e-03 -1.367832787347723997e-04
1.130984510354019676e+03 2.458220054357806816e+02 -5.562429497707277112e-03 2.350364171726571517e-03
1.095783170580553360e+03 3.135874984038691196e+02 -5.550599223866892196e-02 5.379450987805967088e-02
2.691299642634027123e+02 4.137741619064292991e+02 8.357251352703931602e-02 2.349508883909620371e-01
2.481838980811938029e+02 3.998341072494037576e+02 -8.704835162569088403e-02 -3.302817748439352830e-01
4.968487126762083221e+02 4.667889170445530453e+02 -3.936436364892195207e-03 -2.058557376020441615e-02
2.772520509904617825e+02 4.472600333542586668e+02 6.013978020699947691e-02 1.893355264622841039e-01
5.976562703472634439e+02 3.882255907509344297e+02 4.333127817317808383e-02 -8.066100002310176015e-03
1.138637791843277455e+03 2.473972081161634833e+02 5.296137952628029652e-03 1.828048059033983777e-02
5.719924304498654237e+02 4.126372715742518267e+02 3.500086439769370134e-03 2.222777021823688429e-02
1.024442330773812500e+03 8.717717460301329311e+02 -7.576748720285280542e-03 7.535811582951652127e-03
2.182657235899742716e+02 7.756923118377350193e+02 -3.509802858685746440e-03 -6.346340117361386028e-03
2.146384735967967856e+02 7.215329549742680229e+02 3.366885196527110140e-03 6.007555241866936561e-03
2.857217331148856942e+02 5.834281930270165049e+02 1.320022745529448281e-02 -2.119006938288645059e-02
1.204354882874431951e+03 3.589876247141671683e+02 3.538629888968745571e-03 4.654123047524954052e-03
2.865474106212998322e+02 5.763115672303138126e+02 9.835027131662127040e-03 -7.265225776428892689e-03
1.204762650154575113e+03 2.784929772754992996e+02 2.645640892920385952e-03 -4.448179067716103580e-03
7.593352526263687423e+02 4.552449320901735632e+02 -1.241746766807112334e-03 -1.914238724927851869e-03
9.182650001610210211e+02 1.102636287608129805e+03 -4.046676854463074542e-04 1.553076791345453164e-03
1.029991413507984134e+03 1.949586657619910568e+02 5.465843453831970879e-03 -1.321834781626757792e-02
2.373259508566362115e+02 6.838708101111261612e+02 1.513989965856283714e-03 -6.391839654506748999e-03
2.678074645399318570e+02 4.593921860734490679e+02 -3.042871243238631871e-03 -3.383894057405450462e-01
2.553206251013319559e+02 7.106990369714609415e+02 3.642600457542323651e-03 1.236827651312766979e-03
1.208677300148909126e+03 3.400284393214220131e+02 1.834621342498074792e-01 -3.313490181564178461e-02
1.020739190167953893e+03 1.723835780187197599e+02 8.289181051432789951e-03 -1.226313827947342512e-02
1.869436942964053685e+02 5.575769284921137796e+02 -2.651005773650543795e-01 -2.087049164946528090e-01
2.171581323425535288e+02 5.371939215954897691e+02 1.367923449121958845e-01 9.342371332479502966e-02
3.102910162349917300e+02 6.195167099652589968e+02 -6.425368487984681458e-05 1.058610767264362616e-04
2.601546195808275570e+02 5.438348130292158658e+02 -1.286552870808148619e-01 3.036049785835064352e-01
1.807522471976209602e+02 5.544341600815309903e+02 -2.473419888083428497e-01 -2.203384398368877506e-01
5.585426222163742978e+02 3.962183247387773690e+02 -4.424551112349783323e-04 -1.154472589088907999e-02
4.975128133159560093e+02 4.592255549801103598e+02 -5.947646547820856396e-03 5.047163759448465396e-03
2.178828087896691841e+02 7.009244265441100197e+02 6.688497070553744116e-03 1.972613929654421991e-02
2.694730392214950712e+02 6.917917194008009574e+02 -6.488623351524911397e-03 5.311709142850503090e-04
1.110373138887720870e+03 3.143101620574490198e+02 -1.985213347997799305e-01 -6.017461658870564001e-02
1.188210497517474778e+03 2.059781471251170615e+02 9.029057063015547479e-04 -6.076541192158509998e-03
5.298184794610169774e+02 4.500194059426103195e+02 3.278551654679321190e-05 -2.380921770674768179e-03
1.180103098745287753e+03 2.246261199948586409e+02 6.527956785734799179e-04 2.295833844573393154e-03
1.191514724420801713e+03 1.774926710092904045e+02 1.571589520008814453e-02 1.635364442604598720e-02
2.725987986081785834e+02 6.226031643881071886e+02 -3.350854518826076617e-03 -6.479702965530033040e-03
6.052228903068686350e+02 3.864834205375380520e+02 -8.652100361927079477e-04 7.459423209656781701e-04
1.037003219150936275e+03 1.919505986204399619e+02 -7.181048944952599881e-05 -5.716065102851441114e-03
1.247523840590834197e+03 2.892213601681660293e+02 3.358126728059714419e-03 8.100169696878748229e-03
2.995488521902345838e+02 4.082854688748853960e+02 7.142634620284226028e-04 -8.002535793844228057e-03
1.939697976300685980e+02 3.192939016525841112e+02 5.908166737792343130e-05 -4.063020910361146145e-04
1.186883965116570835e+03 2.511876500597576580e+02 -4.797637073237421765e-03 5.227024635055870123e-03
2.198916636511594334e+02 7.447564754508748592e+02 2.814671060990419239e-03 -4.447177702968924465e-03
7.862476812878019246e+02 9.363867322034573135e+02 2.494992172114957833e-03 -1.443203938160787445e-03
1.976187671377925597e+02 5.586687825237059997e+02 -1.460156999741869244e-01 -2.823681611776280298e-01
2.602276313867110957e+02 3.989688991884945040e+02 6.771742343708794798e-02 2.602772438243433073e-01
1.035859062700341383e+03 2.022391128512529122e+02 -2.009152910981545567e-02 4.376139730467770023e-02
2.472469484139666633e+02 7.314729359314080739e+02 1.339698032251022877e-03 6.785595797322961512e-04
1.172272076304718667e+03 1.841398722014074849e+02 3.954629350414282096e-02 -7.920188899380282976e-02
5.106548616494584962e+02 4.926387668765387389e+02 -1.196201872438329081e-03 -4.566110352062752176e-03
1.181231843842298758e+03 2.040391495174111469e+02 9.607878602520653066e-02 -2.167543184446231452e-01
1.032508159039226257e+03 1.990869143958403811e+02 -1.025375375723180417e-02 1.874264254985150840e-02
9.914950663319817750e+02 2.289645229957952210e+02 -7.708162937597710582e-03 1.881846441314689866e-02
5.347995496361262440e+02 4.276033473905691835e+02 7.513546313002914239e-04 7.756755538086918499e-03
1.979887250725341232e+02 5.787958473424943122e+02 3.896080562323939265e-03 7.208129996482480484e-03
1.879691832837151537e+02 5.648814209594575004e+02 -1.901617221543653313e-01 -2.234588463078521769e-01
6.068062454229752802e+02 4.065578029843740069e+02 8.890683900179931817e-04 -5.405909900002712522e-03
2.261581904063216655e+02 7.430157973277205201e+02 1.217090310681574966e-04 4.018990272096843166e-04
1.253864651517046696e+03 3.377582837958260029e+02 3.859609938424770625e-01 1.378342117069602801e-01
9.754590189966037315e+02 8.643631317840233805e+02 1.286315373058281690e-02 3.334888662037667484e-02
2.249943996461743723e+02 3.247407427963356099e+02 -9.960124484370122544e-02 -3.886191161281026818e-01
2.098703450569579161e+02 5.735528899142259434e+02 2.619494458710842216e-02 -3.140814236275678017e-01
1.153717092908820405e+03 1.423600459814142027e+02 1.050966108967187019e-03 -6.855035582301559176e-03
7.930034233304722875e+02 3.937057375797350574e+02 1.321244375681585080e-03 4.087861369912230980e-03
1.983855152378148148e+02 5.273104617056459347e+02 1.109514040793532358e-01 1.076177055364708063e-01
5.742510689207500718e+02 4.970201602316755043e+02 -1.231933088101778637e-03 1.201925987972441660e-03
5.915292635317229042e+02 4.172862875068903463e+02 5.519552484278536161e-03 1.025850572226219039e-02
1.149094133974912211e+03 2.638908814685246966e+02 1.399963329003419375e-02 -4.636095835134917617e-03
1.027067394947574257e+03 2.686005587497065221e+02 1.339556737093516858e-02 4.592191016671855197e-02
2.638538618240775691e+02 4.101518717853343787e+02 8.783999699476321976e-02 2.353534817601521112e-01
2.581889160226609761e+02 6.219656561909371248e+02 1.191246613325685133e-03 1.275770673424352162e-03
9.539484069070117584e+02 8.928789846874328759e+02 1.015419118879062055e-01 -6.884240445967884821e-03
1.147405372479865719e+03 2.208772414077433268e+02 -8.003128600392138761e-03 -5.674090599058271428e-03
1.073503547527313231e+03 1.963547603800563763e+02 -2.074693565065341416e-02 1.813079035059714794e-01
1.043966402346201448e+03 2.580312868260132291e+02 -3.066194944387173882e-02 -2.260264534337769887e-02
2.665971433534786570e+02 3.619689648264393327e+02 6.462363737547253961e-02 2.889373033990849660e-01
2.435119714933341299e+02 5.585806550549327767e+02 1.883027343295148315e-01 -2.826660378292984999e-01
2.050044357751595498e+02 5.743210610028367000e+02 3.690501565225472180e-02 -2.678905620932968690e-01
1.148999829239134669e+03 2.288379177157595450e+02 -5.096327219689555932e-03 1.319487298940371636e-03
1.250261798590590615e+03 3.238962082144896613e+02 2.768885833814548891e-01 1.256688291964503101e-01
1.060360706357009349e+03 1.882251393597876756e+02 3.791956223614022670e-03 -1.418954999559978586e-02
1.225880622261790222e+03 3.973201609826668346e+02 6.567244003220069903e-03 1.482232985892443415e-03
2.804526947609871854e+02 5.499232864440991762e+02 -7.284349819432427153e-02 4.111248080382434722e-01
2.457040637448255609e+02 6.172031210217320449e+02 -5.065050704411021981e-02 2.751546296343970743e-01
2.246848832721498468e+02 5.959133988097675001e+02 1.748766174771671511e-01 -3.310593188896910344e-01
1.088738337926664371e+03 1.960472997182047834e+02 6.623652803130939196e-03 -1.539051761597894259e-02
1.157235925904032456e+03 1.984078119638103601e+02 3.348485137761788438e-02 -5.919604130522489183e-02
2.223932719642452582e+02 5.370609532610104679e+02 1.146440455692159938e-01 -7.830030502265623860e-02
3.269043369980598186e+02 5.537964503982792621e+02 -3.061243192136505874e-04 7.529096558197251321e-03
8.075299427134875714e+02 4.003699740944662722e+02 -3.912699458464210557e-03 -8.965950857849307523e-03
1.011349283937158248e+03 2.052069284311188540e+02 -1.141217084786698205e-03 -2.937220237260583164e-02
5.462547569714577094e+02 4.267151118210704226e+02 2.784926760207529373e-03 9.268081108229067264e-03
2.395410284725689962e+02 5.649011670538627641e+02 1.519256787746314785e-01 -3.267442329113282029e-01
1.164996079896500532e+03 2.084937324304216304e+02 8.422609277449557424e-03 -8.568331790809955925e-03
1.020125780828925258e+03 8.062456558579467583e+02 -1.890834635169580434e-03 -1.366033245867493849e-04
2.759676052045355732e+02 4.894980407203456707e+02 4.732734460574057785e-03 2.930331194055103561e-01
2.646667927363165518e+02 5.481569202036420165e+02 -7.633331181978740554e-02 2.249160355339361872e-01
2.283143556834469052e+02 5.873270088916981422e+02 2.046300584397489630e-01 -3.234500298509252469e-01
1.838222116418533574e+02 5.285248773728610558e+02 9.958046347395566045e-02 1.573345475635089252e-01
3.054493455825299293e+02 4.594230010889277764e+02 2.772008200470101741e-03 -4.519119780869653054e-03
1.173280024289266748e+03 3.338498175933071934e+02 9.669993509324777137e-02 2.018669169956151810e-01
8.902523195010024892e+01 3.565826954837397125e+02 1.462653261132127770e-02 -2.734145673199936746e-02
2.475788077645652550e+02 6.327647945399637592e+02 2.483481037788181495e-02 -4.427872547889008699e-03
1.906047145276409367e+02 5.194869813723495326e+02 9.185089328430237621e-02 1.236041509197315230e-01
1.276952091859581060e+03 3.007651142561708184e+02 9.870309822228664348e-03 -3.913378217736416913e-03
2.605945420789615241e+02 3.660181188798878793e+02 6.870235194340926221e-02 2.739188619947557912e-01
9.453545132331666991e+02 9.001626375641736786e+02 2.082333204153129225e-02 -2.217955197338731914e-03
9.913922648753018620e+02 1.903895559181860335e+02 -7.300210875504633753e-04 2.427734148078863549e-02
2.058254358633215588e+02 6.841576157761389823e+02 -3.774264245042572435e-02 -3.281332495709360364e-02
2.411685478550071196e+02 3.531846684455257446e+02 -1.302993746398328767e-01 -4.286165652650913427e-01
5.907396112057209621e+02 4.573915366952438717e+02 4.707369918660918480e-03 -7.409014366600677991e-03
5.121081267076988297e+02 5.025678914967843411e+02 8.411466272428418404e-04 2.966022960665645790e-04
1.190589908963549760e+03 2.275013523586390818e+02 -8.089505336912306520e-04 -6.532706875685874437e-02
3.252778039420900313e+02 5.031442312920992208e+02 -7.108969172720932747e-03 -1.448924634325301185e-02
1.131248078418107752e+03 2.072849639568196380e+02 5.335932187078766542e-02 -8.323907970643090737e-02
1.704721533102258491e+02 6.255362676761325247e+02 -1.615793304229004926e-02 -6.102918263976933599e-02
2.562834503949734994e+02 3.802863774636144285e+02 1.167276000539202163e-01 2.730101466562721013e-01
2.688759026654255990e+02 7.093683513054097602e+02 1.060802596043123507e-03 1.263133545903386131e-03
1.101782126065270631e+03 2.960638211238039617e+02 -8.743490617038926493e-03 -3.209501980507238339e-01
2.205107690005503400e+02 6.009566180716552708e+02 1.761996959677547547e-01 -3.186449449476674300e-01
1.060209267741133090e+03 2.270945172655706870e+02 -7.269152863509499227e-03 2.892655522332303764e-03
1.157023947031211264e+03 3.728196659450615584e+02 1.475864385470276353e-02 -9.397895040463184746e-03
2.163836811281377663e+02 6.609064280363577382e+02 -8.270845884352005448e-03 -2.474862051830615736e-02
1.029547939509250455e+03 2.344172236380200616e+02 -2.769148029556793567e-02 8.619045322526719399e-03
2.673747061929162783e+02 5.736546333116796177e+02 -1.458659142058827962e-01 2.268148749527215124e-01
1.909142612861060400e+02 5.125653326400935157e+02 6.918381008379319297e-02 1.343654056018999399e-01
2.313812644638850031e+02 5.416861065855198376e+02 1.656997142055439687e-01 5.629989890411648407e-02
1.127165794041720119e+03 2.038171386275414534e+02 -7.730568800937335713e-03 -4.789487537806280670e-03
1.203306589620047816e+03 2.550632093144480166e+02 1.375027788565891425e-02 -5.845550371341744905e-02
6.711636941878309699e+02 1.080334266138586372e+03 -5.370797600563708210e-03 7.806391415039734332e-04
4.807510869154037323e+02 4.457774216737394681e+02 -2.796841991134289482e-02 -2.738103371603983760e-02
1.213213581124000711e+03 3.463664005227884104e+02 -7.150320025760778866e-03 1.852125714590430530e-02
1.087612338275612501e+03 3.147632981887533674e+02 -6.896018837233887366e-02 4.829824342948597221e-02
1.191620681887152386e+03 2.627573355021806947e+02 1.312337061769747182e-02 8.336224650572254813e-02
3.000208763663155196e+02 5.498742776079074019e+02 3.710527519318263662e-03 4.353435000900776966e-03
2.460796379743591444e+02 3.574432443963204378e+02 7.656279426022608026e-02 2.857881931037430934e-01
1.162518882840637616e+03 3.781146853874460589e+02 3.210962601792518960e-03 1.928612239702159545e-02
1.042972695650433707e+03 2.427619349684432848e+02 -1.405821944975034765e-01 -8.665466934039776914e-02
2.265410107276272811e+02 7.159188783272572891e+02 4.666762833401849782e-03 9.816301382235033055e-03
2.620876379240667120e+02 3.526367220420103195e+02 7.338248914393070976e-02 3.004932036682738117e-01
1.030363673862378391e+03 2.656654184452935397e+02 8.558901679164294951e-03 -1.060183323733211898e-02
9.799888676850175671e+02 8.516435833564152063e+02 -2.462435412045880720e-03 -5.599714578487250717e-03
4.919707524630826470e+02 4.481241241621028735e+02 -5.188924382425716452e-04 -8.774254958185824082e-04
1.129208021664172975e+03 3.403882818328272606e+02 1.573818826048157399e-02 -2.831805739857420207e-02
2.250125847154768053e+02 5.692868863725111623e+02 9.547156799380719649e-02 -3.845250290767868728e-01
1.049051144547551985e+03 2.296486107655470335e+02 -3.683500935036172069e-02 -6.520121154693864218e-02
1.069732279517517554e+03 2.888402476819556455e+02 -3.236271766046355802e-02 -6.030598388256823428e-02
1.151051892397422307e+03 1.941735541033801553e+02 -7.586407716423696282e-03 1.074534144991267856e-02
1.196720502771580186e+03 2.511580593715550265e+02 2.876204155695226829e-04 1.298272720567516733e-03
3.414345755155212601e+02 1.066272693273496770e+03 -1.910221901522953653e-02 -2.341170463542577643e-02
1.123749114805968020e+03 3.412928459644157897e+02 9.352768010585080141e-04 4.881754668677687307e-03
1.811520152210384538e+02 5.049065093910892301e+02 5.393344562560343364e-02 1.429149266152329456e-01
2.090653670700694420e+02 6.067873369061726407e+02 2.310146789321293748e-01 -2.425887041758802154e-01
2.807393006262066706e+02 5.978206106576125194e+02 1.155686205290501478e-02 6.756291562376393273e-04
2.567497285444052295e+02 7.351334690696363623e+02 -1.440836829941600193e-02 1.828677349233023136e-02
1.170180724690160559e+03 3.136233141300357374e+02 2.283297610633870933e-01 1.849482558504584317e-01
2.154360818243586664e+02 6.165518169525410030e+02 1.963252285380393813e-01 -2.895488757984695516e-01
1.086702317377914142e+03 1.516077276775514804e+02 -6.018532669211051206e-02 -8.552460657127069349e-03
2.123467356778981241e+02 7.066210432989333867e+02 -1.591981278658304369e-02 -3.161841430820833132e-02
2.685914493519125017e+02 4.900825350552779014e+02 9.240625944646592427e-02 -2.634523704724445747e-01
3.305842669783997394e+02 1.072215327395360646e+03 -1.438983243840955828e-01 -4.512823774072362293e-02
9.720848112914828789e+02 8.677895906802498303e+02 -4.146882351088463162e-03 3.113248798083284672e-03
5.328126160237100066e+02 4.128772752085607181e+02 -6.045007406797676085e-03 3.791034933399687820e-03
1.895252314413889110e+02 5.867689103748823527e+02 -1.054211778122214279e-04 1.036053104007468063e-02
1.189371202291818918e+03 1.942967212733898066e+02 -4.241045854271958959e-02 1.110365823464249946e-01
2.623840132229938718e+02 6.480146409188271264e+02 1.468738053211152529e-03 1.895776535268914320e-02
1.162361282166179990e+03 3.040460919046846584e+02 1.552374675514122115e-01 2.107616237783655477e-01
1.091782652858516940e+03 1.899858801302945892e+02 3.070186193259576146e-02 3.794247586794868843e-02
1.078136175505194160e+03 2.219733875266349514e+02 1.169909901816504165e-02 -3.367213442460877115e-02
7.712175688478660049e+02 3.983334218106821254e+02 -1.001634390948959511e-04 2.162615484617207910e-04
2.217601640201749547e+02 7.691058252404236555e+02 1.056189679034521666e-03 1.714845971640321584e-03
2.124696966642083282e+02 5.859986748253871838e+02 2.042935031791030531e-01 -2.477596947306408559e-01
1.000680328993715648e+03 1.963289896037267965e+02 -2.288567598238369291e-02 8.988579952614372814e-03
5.305349516055085815e+02 4.870404847941380808e+02 -1.842291050455978612e-03 3.217519725820234492e-03
1.043713757683413633e+03 2.187207121820017051e+02 -3.063155781326191540e-05 -3.087391885408619346e-03
1.077469587543173930e+03 1.940981032052054047e+02 -4.106259019964580981e-02 4.593026861828245627e-02
1.157738359157663353e+03 2.355747874154616568e+02 -2.132170974269314775e-02 6.120889616288265056e-02
2.084326183761482980e+02 5.871341200521796964e+02 2.191913962520058157e-01 -2.647566764107482928e-01
2.749103165557502848e+02 6.847909913998890943e+02 1.753309697459605812e-02 1.877314748139386966e-02
1.235651445232500919e+03 1.361175243110743054e+02 -8.194888979903792656e-03 4.705899436472640862e-02
2.496314328935647495e+02 3.408452962860183675e+02 9.083761197437430213e-02 2.975927271277591379e-01
1.082091235306065755e+03 2.160083783394735804e+02 -3.081468684583256734e-01 9.501653313167771064e-02
1.867416063753259152e+02 4.991291800850340223e+02 6.317572785444959538e-02 1.263821623401449878e-01
1.041982714353890515e+03 2.287224225050078417e+02 -3.545045595890742446e-02 1.504098231143077488e-02
1.181507991942325589e+03 3.707629402194950217e+02 -2.996483185813871106e-03 -1.562104683182271745e-03
1.213863776413177902e+03 2.249086688584912110e+02 6.472373120277102529e-04 -1.475989821909031319e-03
1.752241497611153136e+02 5.155465912019224106e+02 6.137478904838813282e-02 1.751261888680273326e-01
2.603791440305895435e+02 4.959953387579748210e+02 8.530399120595891227e-02 -2.343156601785336135e-01
2.099813150040023686e+02 6.567161676436048765e+02 -1.890428923948745885e-02 -7.123083577956698664e-02
5.560343826178439031e+02 4.985477393759847473e+02 -3.372285228197548224e-02 1.926918030240398760e-02
2.135400535590152344e+02 6.299294991811938189e+02 1.549998622996067998e-01 -2.883096422317971697e-01
1.982309670579006990e+02 7.156764546456497555e+02 -9.046219563673064045e-04 1.965775734288850111e-03
2.393769400133664931e+02 6.170313585837733399e+02 -8.049869040185271551e-02 2.442168618160444060e-01
4.907305140639876981e+02 4.820130372471496685e+02 -1.435108914067611055e-02 -7.893670761264090160e-03
1.156431951338521685e+03 2.237740013781624668e+02 -2.811112507355808133e-03 -2.114387581788814731e-03
1.180298748250028439e+03 2.544009246646021154e+02 9.091609282751447751e-02 2.188354674757138612e-03
2.525127904216510615e+02 3.302784045160195774e+02 7.139341070232563258e-02 3.130648451400103727e-01
1.175856592701194586e+03 1.934000197530355365e+02 -1.356711514084522549e-02 5.074886421117255630e-02
5.214555803673083574e+02 4.419679128164023609e+02 3.390313527957725549e-03 -7.240677647821418088e-04
2.448392710963942989e+02 7.100766445344276008e+02 4.581114997761807049e-03 2.290501100922951816e-04
2.084997153128036871e+02 6.264288300168083197e+02 1.509512068894487136e-01 -2.949210190374157436e-01
1.160658403271705993e+03 1.886467216644701352e+02 3.249394333152795522e-02 -6.609205921494921976e-02
1.014843834760057348e+03 1.738587154493191917e+02 7.947376963030175490e-02 1.055033925858156058e-01
1.070163424361320722e+03 3.420136821537232663e+02 -1.155399652983004136e-03 4.503893147565270899e-03
1.511611724379313273e+02 5.108340079729986769e+02 -4.143368050889232462e-02 -2.819501393472687578e-01
1.263058806499374896e+03 2.933413295968241528e+02 -1.128984510042791573e-02 3.553851679876714187e-02
2.353873912863921305e+02 6.412427563572189229e+02 1.166384832119276085e-02 5.229357669615709685e-03
1.106354344296387126e+03 1.839835777626448703e+02 1.247058323624672393e-01 8.298158253284561303e-02
1.668770436750611452e+02 5.091595417434204478e+02 8.175911795869005017e-02 2.111614344315458358e-01
1.179763151138072317e+03 3.144808769170845153e+02 2.286986649918716363e-01 2.265904349239551974e-01
2.626953905105321496e+02 7.075083741208156880e+02 -2.493337728173745677e-03 3.925865794611685215e-03
7.837051175830547436e+02 9.600518230785642118e+02 -3.704041104540893234e-03 2.951394246438347573e-03
1.038308938732150409e+03 2.828270228563498563e+02 -1.613278467364508096e-03 2.602196018857636135e-03
2.023360085523822818e+02 6.488800955948566980e+02 1.011426759701265360e-01 -2.254844631195091764e-01
1.059725673903797542e+03 2.355948725915376940e+02 -1.328803477165185487e-01 -1.889045816561094604e-01
2.654502845023067721e+02 4.738355808633635888e+02 6.986868515729562079e-02 -2.053165759100404053e-01
9.609292346177916215e+02 8.350490079142157356e+02 5.914360588549513829e-04 -3.654664079746934927e-03
6.700953512044408171e+02 1.101236551501776830e+03 4.543346498549719493e-04 -2.844332981688842826e-04
2.433482269386565235e+02 3.262368324111702691e+02 7.802524410928637910e-02 2.923988543946164920e-01
2.506611504384222542e+02 3.858496232424561754e+02 -8.383487478176132601e-02 -2.983742573576843027e-01
2.865147913171734899e+02 5.496650630204667323e+02 -6.715811971027770000e-02 4.161147743936919330e-01
1.197399526578753694e+03 2.015826848549802719e+02 -1.358210862218980387e-02 -1.775022409379791583e-03
1.151220974924476195e+03 2.972316638092000289e+02 2.111264442036021038e-01 1.223241915275168346e-01
6.656151972785639828e+02 1.078640985303282605e+03 -3.979252715403658585e-04 1.473925223326479766e-03
1.051686611688534640e+03 3.000942412393068821e+02 -9.915618682674056349e-04 8.937337697946055176e-03
1.215962103809234122e+03 2.820557168774319052e+02 -3.052081814174845056e-03 -1.122976065749924784e-02
2.637121781069366193e+02 6.854351006903730195e+02 5.182317723989795719e-03 -1.498819319329184122e-02
1.353820642015464841e+02 4.353323794009058361e+02 2.903594198149706540e-01 3.484105808731338683e-01
8.781132158935231473e+02 8.709901709844767765e+02 -6.631055046263649444e-03 -2.747499001943066402e-03
2.821763497967106105e+02 6.772645501149550000e+02 2.415624814781751513e-03 -9.882524522810295226e-03
2.074385320792720506e+02 5.153535565417715816e+02 3.047647064869886749e-02 -9.728643997371111407e-03
2.176331190817991512e+02 7.709190625543964188e+02 -2.366274540418821046e-03 4.995729351988005551e-04
2.059634918305298470e+02 5.446583085275896110e+02 1.407521738380841936e-01 1.254445532705809052e-01
2.425444634365370860e+02 5.173588791455155160e+02 2.806018457074194172e-02 -5.759915407572569618e-02
3.072741251492997208e+02 5.182722979044551721e+02 2.547728952209066255e-02 -5.038210219015019226e-02
5.945159460299645389e+02 4.585206858579728078e+02 1.592409017133706098e-02 2.864825360125514142e-03
1.102871270544266508e+03 2.163875761634280366e+02 1.404015351859511139e-03 -8.622084669559288567e-03
5.205185757164308598e+02 4.334012322024730679e+02 -2.721988194592779662e-03 -8.385386894511468250e-03
1.125984080070400523e+03 2.407553583621378266e+02 5.799439199599513983e-03 -5.870727068271424168e-03
1.627249124089519512e+02 5.114825524299334916e+02 1.097844585328483363e-01 1.894832848542534476e-01
1.004650235907153956e+03 1.766857244629420052e+02 6.629305095344030507e-02 1.042990948784090627e-01
2.552872907400743827e+02 7.090263351628479995e+02 4.035249107992052581e-02 4.311837260066379157e-02
2.702758247516701999e+02 5.617538934123357421e+02 -6.272746647973667655e-02 2.760763817725850333e-01
2.969845628926581753e+02 4.716139537072725147e+02 5.907041096706973360e-02 2.779851573351306282e-01
5.414423300405663895e+02 5.086305255227499629e+02 -4.955018674474495621e-03 4.649823033355404006e-02
1.130081584645850171e+03 2.268835482421244762e+02 1.426707513152482287e-02 3.629202081479930564e-02
1.252212900506231790e+03 3.622055255895735399e+02 4.339740606233698506e-01 -7.733998130196942378e-02
1.191737595558123758e+03 3.864399293208639961e+02 -5.141709245645140897e-03 1.075198657824751394e-02
1.225946473956357522e+03 2.400536068388402384e+02 1.637316954725740945e-02 -2.762378976821099411e-02
8.345431672217492292e+01 3.341861614064164314e+02 -2.393710138090276648e-02 -2.887293004157594819e-03
4.638517905613426251e+02 1.100110876028540815e+03 -6.301450315603606724e-03 8.784627396218441233e-05
5.467792291100503235e+02 4.911740648043823967e+02 4.103361845690784576e-03 -3.374629437114615854e-03
2.451230894409029588e+02 3.168344316624702515e+02 2.920482546457520492e-02 2.783082959759968222e-01
1.684433711616280505e+02 4.966655601034319147e+02 1.298612182879120003e-01 1.112401356399498886e-01
1.009467360110669347e+03 2.477962900594846758e+02 -7.845671154894821170e-03 3.022592248143552568e-02
1.169230448461870992e+03 3.027298324239740168e+02 1.520348755004963803e-01 1.771436771331832971e-01
2.597212464098374198e+02 7.052645475451812445e+02 3.169941684826980185e-03 6.311317043963132929e-03
1.153413931291014251e+03 1.804781232977465208e+02 3.269187265863284786e-01 8.036052363841340862e-02
1.060271521810475633e+03 2.041642884892635266e+02 -2.870129054756827003e-01 -1.248728609543061085e-01
4.400226910034671732e+02 1.084510684722869883e+03 2.636997776837215514e-03 -1.227822816613612783e-02
1.986020495870298532e+02 6.391363333816243539e+02 1.583499800264248913e-01 -2.995752341510931060e-01
1.929536242205044232e+02 6.119776330567171954e+02 1.842087686370729172e-01 -3.290777733003446004e-01
1.181933405385451579e+03 2.447102370638182265e+02 3.395833502056196801e-02 4.548160341404520329e-02
1.269385984822253931e+03 2.950848953645857478e+02 -3.622250662725198106e-02 1.505527481691378401e-03
3.113574696890514701e+02 5.499447982235865311e+02 2.832363492261199319e-03 -3.603442321780411014e-03
2.374210204689570958e+02 3.164945895185347808e+02 7.617741554091587985e-02 2.396595256983166666e-01
3.175318291836528601e+02 5.243129965417341509e+02 -9.851562794587582703e-04 -4.735623023467078001e-04
1.027159189880289659e+03 1.947215446118175919e+02 -2.089323344314738748e-03 3.303369538076893815e-03
1.213829357054778939e+03 2.755715023697940751e+02 -1.267407132049093443e-02 2.387751015484187306e-02
1.958390642406623385e+02 6.343811550350338848e+02 1.537797947509159935e-01 -2.979896964073711629e-01
1.992042882394940762e+02 6.557525285845242706e+02 1.275899627277421178e-01 -2.789489661708166035e-01
1.118180435225120618e+03 1.954374344590013663e+02 3.376071792264976473e-02 9.619398225719220930e-02
1.647313181958926691e+02 5.737717540569109360e+02 -2.914602847998618573e-01 2.355463770069313734e-01
5.618285658748774267e+02 3.939497604135290203e+02 2.467781513731400356e-03 5.013674531697789638e-05
2.217204853245139589e+02 5.917425384768616823e+02 3.397262012942096066e-01 -4.003127571866090806e-01
2.744046116254720573e+02 4.417331979730061562e+02 6.523050789038724318e-02 1.635119134847310973e-01
2.538189840585623926e+02 3.107804861568212118e+02 4.811857576962291078e-02 2.753762171215076160e-01
1.204679486124755613e+03 3.464285825349127208e+02 -8.794265826734008404e-03 9.891352367495316253e-03
1.023277322847391702e+03 2.332613946971274288e+02 9.842834949813815404e-02 -6.776735388348441302e-02
4.180534067827509261e+02 1.100274037769411962e+03 1.005484744174483212e-02 -1.012711278227724620e-03
9.330262756358132492e+02 8.838481853210162171e+02 2.844621268014820709e-02 -1.057998265334899983e-02
5.951595793271005732e+02 4.826129169432550157e+02 2.867429668185789149e-02 -3.497885357301642323e-02
1.307744706873659425e+03 3.493903411762243536e+02 -1.299370760366345273e-02 1.129674167507401655e-02
5.292455820419502288e+02 4.392836478178633115e+02 8.224365100347684129e-03 4.477989194937335299e-03
1.185479497224403985e+03 2.004206487611133412e+02 -3.406207824251216570e-02 8.217632157000011317e-02
3.690356597835635171e+02 5.183421081517415132e+02 6.148787005439515334e-04 4.707142085966353924e-03
1.120726225945510805e+03 1.968738536968496931e+02 4.743308129158995551e-02 7.490512500195395384e-02
1.113420276694911990e+03 3.199321828893823181e+02 -1.897527666811153202e-01 -6.945111906009060476e-02
5.024581467237974266e+02 4.392846650785224938e+02 9.065305543140312087e-04 5.395798930288340546e-03
1.288444238934730265e+03 2.914494684946253074e+02 1.268575196156537799e-02 9.816354495344890851e-02
9.915617318795848405e+02 2.009238661571291118e+02 -1.476839335438509537e-02 2.107304017205382032e-02
1.146102661377480445e+03 3.717361414257509296e+02 -5.420969794407618121e-03 -3.825119872860458046e-03
1.013460003146251211e+03 8.697287518605326113e+02 -1.602541491041466681e-03 1.339872326099879937e-03
2.551164676926863422e+02 6.645645186524432120e+02 9.100775560331267680e-03 1.327319018431565197e-02
1.167469731751424860e+02 4.317714750788377955e+02 2.485678426968327415e-01 3.891259802219164121e-01
2.561619413179239473e+02 3.899190899137715292e+02 8.997401887841655066e-02 2.334953127882371526e-01
1.067514178621987185e+03 2.152646013548918802e+02 -8.994883391208749815e-03 -7.407301076046168831e-02
1.135348056400663381e+03 2.389565495025955215e+02 -2.739309859311439381e-03 6.377212199237432266e-03
1.173788238093175551e+03 2.447729162221959882e+02 -4.288960162403128787e-03 1.017222297421117340e-02
1.278882749577841651e+03 3.449640176916762471e+02 3.748353768652686879e-01 6.935372823312890844e-02
6.799444025635299340e+02 1.030734585611678085e+03 -4.074972710324326758e-03 6.306475076973558358e-03
1.063222348369476322e+03 1.610898715637498242e+02 8.809060923244292629e-02 5.345376862273910901e-02
1.143613553572959972e+03 1.591764675524716495e+02 9.270476138486694051e-02 1.276156805906282499e-01
1.119661348139741449e+03 1.852522460117262710e+02 8.958581555474587343e-02 3.494302083753118501e-03
1.116577385355494471e+03 2.525295743311170042e+02 -4.514021409083207592e-02 2.464640831062196447e-01
2.886570630409150908e+02 6.006594542699914427e+02 -1.596715842504181637e-02 -3.196473304661363868e-03
3.423449877806529003e+02 4.798750506896116690e+02 -5.716089974689948505e-01 -2.443133173208832165e+00
9.220765494688706667e+02 8.910101632376334919e+02 3.845534228085893767e-03 -7.433161477940723218e-03
9.874909097389740964e+02 1.851552008955158612e+02 -1.010549706975463324e-03 -2.793973122324404715e-02
1.140074730793536446e+03 2.237078286697861813e+02 1.736857833057139575e-02 -5.577905732581477441e-03
1.143995224461324369e+03 2.402217430638663132e+02 2.036815529998931007e-02 -1.567751011124240632e-02
1.887669550951999611e+02 6.290464523593640251e+02 1.532156303758023808e-01 -3.707545035673358025e-01
3.342183309929279176e+02 1.081532927624765080e+03 3.072528155535971806e-01 1.757477903534050354e-02
2.460734068905169067e+02 3.050918035542524649e+02 5.414071913239651423e-02 2.682917642572349992e-01
1.069133014725239491e+03 2.285403533064115322e+02 -4.011336493789433022e-01 -1.652506756954476852e-01
1.235404492610230591e+03 2.851074603448483344e+02 -1.400416274793594984e-02 6.666502521078690111e-03
2.777705147540297617e+02 6.881121273123463880e+02 -5.332282389021586466e-03 -1.574695790261032916e-03
2.350955941687458051e+02 3.615200607178327914e+02 -7.953392607015219440e-02 -2.851981362324869096e-01
2.049934317501622729e+02 5.348992228304048240e+02 1.556345370947957996e-01 7.242272498109336709e-02
2.901020839269476141e+02 4.524530288975780650e+02 1.491045761588161156e-02 1.631253104793586317e-01
5.902315860220572858e+02 4.771083101556322958e+02 -1.158409887045408482e-03 -4.312562471181724533e-02
8.875521153865309998e+02 9.288905175835737964e+02 -9.560127149384811673e-03 6.805660270845947935e-03
1.148502831507621067e+03 2.447977436246746379e+02 2.394861087099170102e-02 -6.583096035181114358e-02
1.912348024074409238e+02 6.509649605840417053e+02 1.214371631871777324e-01 -3.113257935808921850e-01
1.077403632133910378e+03 1.710973001585073519e+02 5.933741540311456703e-02 -1.424446296459649375e-01
1.128415379837620549e+03 1.815770948392039088e+02 -9.694028126571743037e-03 4.668349426855220030e-02
1.267052374073850388e+03 3.185160887978631195e+02 -2.865465135007452032e-03 1.371538666296142663e-02
1.134530280683527280e+03 1.920350793715508075e+02 -1.515898031551036855e-03 -1.599763947938178527e-02
1.159920751733764973e+03 2.193221016287740213e+02 7.545229360619219033e-03 -1.505546437180352477e-02
2.844849318063992314e+02 5.176876009658230942e+02 -1.056730855570331556e-01 3.431875081944790740e-01
5.555091198672021164e+02 4.940151166825447149e+02 1.752436237995687622e-03 1.742669402790590280e-02
1.210058730236569318e+03 3.296751256862619357e+02 1.888340949834647342e-01 -1.589191064869248035e-02
3.313188242575247386e+02 1.094876467679394864e+03 2.485450453713637931e-01 1.120592326379333398e-01
1.043237817117314307e+03 1.936491862017076642e+02 1.116530081287339382e-01 -2.020975340547501165e-01
1.112718268498738325e+03 2.183793721138902129e+02 2.135348626566234420e-02 -5.295626185129314462e-02
1.026027080842046416e+03 1.820679458600403962e+02 9.863346007709320861e-04 -1.380943941664650350e-02
1.028350333831747776e+03 2.601450047449474141e+02 5.154138405443295379e-02 -2.415798510664819492e-04
1.111078078095452838e+03 3.470435750194794196e+02 -2.189604564126599456e-02 1.009628696590196134e-01
2.606080690770460819e+02 6.020290354018857215e+02 9.536857689503202076e-03 9.387402914594451808e-02
2.691884422425489447e+02 4.211969409671627318e+02 6.222772705586976372e-02 7.968560951364724032e-02
1.153272333101945833e+03 2.098810706228815661e+02 2.979112770227792476e-03 -9.742723250161995294e-03
2.850239857026120376e+02 4.876739529545887422e+02 3.157919019309619185e-02 2.989344216221328510e-01
1.126313327202487699e+03 2.162935031010923979e+02 -2.167927419725608484e-02 9.558221244908406480e-03
2.405655297431774216e+02 3.099439761854603148e+02 8.168389367720968464e-02 2.694686104142384186e-01
1.204734715413743515e+03 2.019936345061076111e+02 2.165168631723577916e-02 -1.853602167293460015e-02
1.260091682750690552e+03 1.956594083769467716e+02 4.913611374132853191e-03 -9.124966247430553457e-03
1.218548783302327138e+03 3.729328699836226519e+02 -3.358112830179985856e-03 -1.548083626026915995e-02
1.082517592207536410e+02 4.104538240770345396e+02 2.253008284000992401e-01 2.951842585348962711e-01
1.008697616076700797e+03 2.100165428887513599e+02 9.323491942894796686e-03 -1.011241729942174289e-02
2.365773190024368944e+02 5.502630918401633835e+02 6.593631830023395646e-02 7.906598008484045856e-03
1.865854997370295507e+02 6.318267444217296998e+02 1.733063207641514780e-01 -3.637954126944428213e-01
1.981688440760853780e+02 6.716189754606939459e+02 -1.378903329951005619e-01 2.297114510736371629e-01
1.130689526748730032e+03 2.215279200329298135e+02 4.025268088652357579e-02 -5.241554434445724886e-02
2.464449351303412641e+02 5.835569155518677462e+02 -1.036819556163128264e-01 2.598658578102248651e-01
2.590733857232808077e+02 7.178115276041023662e+02 1.180934033659892211e-02 -2.234441981227955917e-04
1.097910408559321922e+03 2.288678611955571682e+02 -1.197273782665433765e-02 1.593039568161827915e-02
2.589791624533200434e+02 4.475910318463897966e+02 -1.207506201055635747e-01 -2.883425586780750116e-01
1.060832068922866256e+03 2.870046331682559639e+02 4.044334808171771989e-02 -3.460495349111518404e-02
1.173932775540083412e+03 2.109906085200778705e+02 -2.169780009473735657e-02 2.334146150148441734e-02
2.508538405736626089e+02 7.134798496373377930e+02 7.834333364460377425e-04 -7.226817986889955137e-03
1.047225673778866849e+03 2.696646673558580005e+02 7.525161878917022325e-03 -1.161534288854222385e-01
1.166485271364504115e+03 2.185971997330395027e+02 -1.187409826709088199e-02 2.442888855540680318e-02
2.642303993643203626e+02 5.411139490692434038e+02 -1.246544511308007169e-01 2.566943518192562612e-01
1.098708775814217688e+03 1.927101237246412211e+02 1.083766349435949378e-01 1.868530841064591219e-01
1.071342184371119174e+03 2.109003346619662409e+02 -4.695613765316802163e-02 -1.072526323312419233e-01
1.107179851373379279e+03 2.277795368009563219e+02 7.542685003559199131e-02 -1.113112168617236448e-02
1.179983842396700538e+03 1.829285080051262753e+02 2.732254181733474556e-03 -1.135962944197785839e-02
1.275518098765870491e+03 3.362852434939832733e+02 4.641114776024248267e-01 1.060962417097294393e-02
2.678163949010093461e+02 4.023968354383924861e+02 3.780437815798878831e-02 2.055525574514017739e-01
1.017279131116434428e+03 2.153911592740172694e+02 1.229940969767850112e-01 1.730940072551835351e-01
1.167276965613131097e+03 1.494481197963314685e+02 4.991187896776368670e-03 -2.247656441686726389e-02
9.898912929296938046e+02 1.716904572453583171e+02 1.432910070919068690e-01 -1.083052852170058450e-01
2.757085939372750545e+02 6.060059317680053255e+02 6.334047965248675027e-02 5.262975808641068287e-02
1.152947304748148326e+03 1.542654142894033100e+02 5.003334259063086514e-02 6.419076740355865451e-02
1.042056503382203573e+03 1.785603853515821982e+02 8.517742771988694173e-02 -1.830867274235511710e-01
2.131838245930232176e+02 6.469301816241910501e+02 -6.822005224106032772e-02 2.255136401117310840e-01
2.469818945820694580e+02 2.980885385577940383e+02 4.612887558170849361e-02 1.981627645195574994e-01
1.625338897803691793e+02 5.176273993655582899e+02 4.782373340939108375e-02 2.499663474967796783e-01
5.146471335986818758e+02 4.874401368705499067e+02 -6.796513942249031957e-03 1.417753081045841461e-02
1.152891307059978772e+03 2.551319054809486886e+02 -3.401470192934206299e-02 1.032570773486281429e-01
1.265897115667892194e+03 2.608842198647907935e+02 -3.526600994916029991e-02 -5.733040763764637310e-02
1.265445450954584658e+03 2.847124988848281646e+02 6.032714971361866768e-02 -5.147430744254157670e-02
8.861012064298082578e+02 9.298729496866552608e+02 -2.145647339451954919e-02 2.298690676574039957e-02
8.249201047197520609e+01 3.489249185413586360e+02 -2.161565283564087503e-02 -1.325654446630248062e-01
1.086613068483838788e+03 3.323807597197488235e+02 -4.394471456524302357e-03 1.358336620902141773e-02
2.792707817429792385e+02 4.697687899957242621e+02 5.556058900211867380e-02 2.072608232937481754e-01
1.161389447534058263e+03 2.355341544589976195e+02 -1.047725941711489250e-01 1.311915595886387620e-01
1.299242979595371025e+03 3.128988684204549031e+02 2.813862738171816515e-03 4.161803051998223119e-02
2.122769782706863850e+02 6.643770803689988043e+02 2.358037242872064107e-02 3.634883628205300143e-02
5.747103348155485492e+02 4.049211499511740158e+02 2.709811116737050052e-03 3.120363317758021240e-02
1.078328944273152047e+03 1.562401401270688837e+02 1.370812357714766283e-01 7.978719580337015338e-02
1.153698108841105523e+03 1.988025009312958673e+02 -9.013634181422498087e-03 6.768033891021224546e-02
7.846679695064611906e+02 4.078798629283102173e+02 -4.090935342491914400e-02 3.675781032667341935e-02
1.324303879495849515e+03 3.306755269235409287e+02 4.263294183457257414e-01 -5.320621382576165570e-02
1.802879584041209000e+02 6.283060284878748689e+02 1.726631473708274411e-01 -3.300666193097596679e-01
5.354675196724239186e+02 4.394960034980599630e+02 -1.226974559290283607e-03 -1.332211891750603207e-02
1.160840697779621678e+03 1.606681740891704919e+02 4.297547247258860087e-02 -4.076530449191376887e-02
1.070841586892098121e+03 1.602417979769106182e+02 1.753639124024509999e-01 1.503169825227739509e-01
2.904480207037921673e+02 4.769486255786283095e+02 2.224368626047400991e-03 2.895598493308129684e-01
1.160040642621209145e+03 1.453901327813566695e+02 2.625695818622978545e-02 -4.951643167427991106e-03
2.651220966138988615e+02 5.876216240792111876e+02 -6.156237509436447014e-02 2.277863416665805996e-01
2.168550689656088650e+02 6.370212980363146471e+02 1.276211127591407590e-01 -2.884693135172152756e-01
2.421678772095099532e+02 6.737695456737726545e+02 6.487303945329420465e-03 -8.855874284032930546e-03
1.302890507666895928e+03 3.449681730802256538e+02 2.216875705577052713e-01 -3.858015427818806131e-02
1.037703918460864770e+03 8.749324248593298989e+02 6.794138733096133365e-02 -2.788338731667394654e-02
2.309598199786948669e+02 2.990716063687285668e+02 2.496607945316360599e-02 2.642432490979976789e-01
9.470036226168491567e+01 3.704417741340365637e+02 1.769075879156709330e-01 4.237413767951224083e-03
2.342570790640198766e+02 3.574500860448675326e+02 -1.667079409629870501e-01 -2.687011050161913772e-01
2.646244779232553128e+02 3.980662477151198573e+02 3.924968593674021955e-02 2.175190808191146963e-01
1.085523870259743944e+03 2.062780567341316953e+02 1.104012547022736532e-02 -7.130826294370022633e-02
2.044971786036044534e+02 5.165148215209878799e+02 -6.172209975156874723e-02 -1.158847413336237253e-01
1.105314013299143653e+03 2.376243218223182225e+02 1.607477903856609734e-03 6.254050580756143410e-03
2.047016517846196848e+02 5.404570282617789871e+02 -1.118844745339136679e-02 6.765440066488584425e-02
1.019392272047397682e+03 1.702354407789240156e+02 9.783499268008137573e-03 9.966864540981022758e-03
1.184420583923443473e+03 3.545200426470012189e+02 -4.739830723301403231e-02 7.007237294640081791e-03
2.476060288194080385e+02 3.666750355624342319e+02 5.744754259513826927e-02 2.287844941941591104e-01
1.514215638361369258e+02 4.541635354019489341e+02 -9.412676150246936449e-03 -1.774384413821676609e-02
1.066241100447099598e+03 1.697775338712735049e+02 1.935825873710436407e-01 8.125372406780578816e-02
2.317285960608979565e+02 6.078617320455564368e+02 2.535334869797886345e-02 2.570619655624863456e-02
1.891135895703260701e+02 6.678447211832433368e+02 1.584005602698413118e-01 -2.476810055907376629e-01
4.815367435285745046e+02 4.373434966016340013e+02 2.673325509811320597e-02 -8.668366491209326952e-02
1.046166135484193092e+03 1.679950093877110646e+02 2.518105743873093327e-02 -7.525158643543704284e-02
2.339777004701159626e+02 6.496664902145889755e+02 1.698294939002380557e-03 1.754999255112579815e-02
1.041716014810303932e+03 8.550226681489903058e+02 6.296756240382819780e-02 -6.845849165588333007e-02
1.101177128413223272e+03 1.959200357852772925e+02 7.342803063724545609e-02 1.917154251024063283e-01
2.376180278397327186e+02 2.986224446166620510e+02 5.290665472209293146e-02 2.546281150366518919e-01
1.049034446515695436e+03 1.790151419826145798e+02 -6.332662071629428270e-03 2.195164713307917737e-02
1.045782260172094993e+03 1.926949631793348203e+02 -3.321927452678051784e-01 -3.096047931111849949e-01
1.160890318650400104e+03 2.286514931405590403e+02 9.829754700149351265e-03 2.873285526378743272e-03
4.566268893180456416e+02 1.100466195340498416e+03 -9.349143229033270511e-03 -7.906074570407574820e-04
1.308268746807466414e+02 4.105423494876718564e+02 -1.495617306954819536e-01 -2.281481727129062165e-01
1.164899450983701172e+03 2.299383377495834395e+02 -8.104130731716654990e-02 9.742546918918801660e-03
1.190894069484719921e+03 2.563522911444329111e+02 2.297875102889130466e-02 8.098896568513071215e-02
1.147516265544521048e+03 3.544773630958566741e+02 7.497624521474357227e-03 -2.628163547232513150e-02
9.824004123608283408e+02 1.771807915327420631e+02 -4.962540572423108920e-02 -8.483002399959645168e-02
1.042023109735898970e+03 2.022958109067302530e+02 -8.482787592163277060e-03 1.714121166380238107e-02
1.167764807351270520e+03 1.977308006987202589e+02 -1.238971936418465647e-01 8.930966791992460685e-01
1.841503327603698494e+02 6.594097062776907023e+02 9.437633470948156300e-02 -3.006521913207734764e-01
1.203849056777946316e+03 4.269385475403743726e+02 -9.367603555574532948e-03 9.651969887372047197e-03
9.448986168559457610e+01 3.766944968977888948e+02 1.953120517122275412e-01 1.720533221638004817e-01
2.616689756742850363e+02 3.849478913507065272e+02 3.796710253668546947e-02 2.348004616056749427e-01
1.528775734083854445e+02 4.812396163831680838e+02 2.374104603602712749e-01 1.772448437083234685e-01
3.991660267374873570e+02 3.401570870051747875e+02 -4.066791699998654683e-03 2.572293260407987835e-04
1.103189996409163314e+03 2.379003176236093680e+02 5.088828882297715545e-02 7.491209445125802946e-02
1.179575897291774709e+03 1.872439805046025185e+02 -1.105943219473422279e-02 3.666285929189502801e-02
1.180535929959305349e+03 2.411021895355589209e+02 -9.316762320706498818e-03 1.580656735510381841e-02
1.179940870907926410e+03 3.304872691330548378e+02 1.174453541211972346e-01 1.573184485343164796e-01
2.721328267268290233e+02 4.796574845136517524e+02 1.746287107362750057e-01 1.369354852481339813e-01
1.134973853636939793e+03 1.783886589555513069e+02 -3.820546955071475043e-02 1.910600162093408771e-01
1.195035668028359396e+03 2.963201703202324779e+02 2.334536803791959630e-02 -5.054726352440436915e-02
1.073228058244969816e+03 1.873763716891616014e+02 -2.550813966805061048e-02 4.592854414976072115e-03
1.172574558125066233e+03 2.253785048473043560e+02 -9.836668264757890759e-03 2.506587147834860724e-02
7.959839469637573757e+02 8.830798266588791421e+02 -7.824093629625061136e-03 8.665047868094809952e-03
1.083384160567445861e+03 1.891852899987218279e+02 -7.537744668833568085e-02 1.580646861203582887e-01
2.492656804752824371e+02 2.900344092001335525e+02 8.467038284773403811e-02 2.140150708277171188e-01
1.029430014825901935e+03 2.488326573060750491e+02 -6.483310622479620741e-03 -1.485144526484589167e-01
9.679975947585627409e+02 8.249970891894469105e+02 -2.077265828421938354e-02 -1.077373357663115490e-02
2.438071466244581131e+02 3.691657914533801659e+02 -1.144141436939370149e-01 -3.792532901196555839e-01
2.907408409498364676e+02 4.698542379765305554e+02 4.007587009616843388e-02 2.412461996361555117e-01
1.113629328068120913e+03 2.364573305587020400e+02 1.844864928167615778e-03 8.876794784945169978e-03
1.261199314539928082e+03 2.005833808290384468e+02 -2.948259505988711816e-03 -3.394430831201183333e-03
1.265863751680149790e+03 2.036634119431922443e+02 6.248087068375493460e-04 -6.251210050513529223e-03
1.226320213016204889e+03 2.605604944972501471e+02 1.765997518223879877e-03 6.331399060317721705e-02
2.117620634861531812e+02 5.431356333077288809e+02 5.494166561664875353e-02 2.247108112402429470e-02
8.201349016179889304e+02 1.102189498639769909e+03 -3.913157723007186463e-04 -1.614579993916517549e-03
5.658295610930639441e+02 4.667648327039748892e+02 -3.710889997548222612e-03 4.866748063412055722e-03
1.080911094591272331e+03 1.896955553423431411e+02 -2.333647435044930094e-03 1.426926689662020784e-02
1.033489478758627229e+03 2.148470239225673595e+02 1.420077677167473074e-01 2.674059648419437329e-01
1.018890932111983943e+03 2.835853623259741312e+02 -3.704042606795103221e-01 2.421587788577557465e-01
1.181841536731362794e+03 3.644044703375872132e+02 -7.800309955874021317e-02 9.056364541776072696e-02
2.421065493785143019e+02 5.741688717578331307e+02 2.853923535589680816e-01 -8.493122130456552676e-02
1.392918994359293094e+02 3.879674072304711672e+02 -1.664580119943934733e-01 -1.822908104542477759e-01
1.591301633637640407e+02 4.798754171708579861e+02 1.173378889851145884e-01 1.017518565645805922e-01
1.845386190463682397e+02 5.097516027064257855e+02 2.110951761510454217e-01 2.857028994198647642e-01
4.829284807347410720e+02 4.494076474911142896e+02 2.103292085944967124e-02 5.746500617145026274e-02
1.053034660580952504e+03 1.891927983453000195e+02 -3.452472991019325029e-03 5.816331056436278152e-02
1.046232603327779543e+03 2.782373998922226406e+02 -1.106240827229498791e-01 -1.333082551275121264e-01
1.203470880172601255e+03 3.418611351807684287e+02 2.131906619491132915e-01 4.759994526997009430e-03
3.716857798959942443e+02 1.053235286749878242e+03 -1.201927835811507882e-02 -1.928291703588532260e-02
2.629115331780463407e+02 5.093081219711096992e+02 6.557928962234366166e-02 -2.556575081451807341e-01
2.889417083053751867e+02 4.440917023322953128e+02 7.788567723044211022e-02 3.874905563917123430e-02
5.594737050889763168e+02 4.187482851858534900e+02 -1.301991721290753773e-02 9.960346690724525276e-02
7.951803448460832442e+02 3.819765997051747490e+02 7.370063757037893792e-02 9.164122943540385646e-02
1.185937464165975143e+03 1.860413437942885935e+02 -1.123474450140416955e-02 2.825721197582062860e-01
2.165366705147268078e+02 6.687283508140710637e+02 -1.288840929853243096e-03 5.209921656829796105e-02
3.091491837331838610e+02 5.659514517319638571e+02 2.466066676953460046e-02 4.743199223087231353e-02
1.006655795704680486e+03 8.363270039978547175e+02 4.437482162380775030e-02 -4.772820247729896159e-02
2.106275337977266986e+02 5.361431207780484556e+02 7.612718252703921940e-02 7.771910585141642014e-02
1.111183743174374968e+03 1.868400680190467824e+02 2.226956695499716921e-02 1.396771171897626118e-03
1.155061025147036617e+03 2.468081350829224050e+02 4.498374881690223037e-02 -5.053768730299958243e-04
2.015092606502093133e+02 6.460362237193701276e+02 4.788276197395981149e-02 -4.153805580635889783e-01
2.560660753421311711e+02 5.306000981527965905e+02 -2.965418689714383049e-01 1.721432083046749995e-01
2.799675729683014538e+02 4.140620842315002506e+02 5.616624681086790360e-02 2.562877504538079165e-01
2.924167526282839162e+02 4.768807111487274710e+02 6.635129618054236289e-03 1.849737915228786278e-01
9.314317957091893732e+02 1.913143499210785023e+02 -5.224773988459219254e-02 1.051594662314769835e-01
1.136692015608302881e+03 2.129482687293225069e+02 1.760274852048837602e-02 4.501430745088441654e-02
1.304516895709024084e+03 3.340760050132769265e+02 2.094704138830252305e-01 -6.824293581320972635e-02
1.018227880712788505e+02 4.114039333262543323e+02 2.701079031862373414e-01 4.117851434708654779e-01
2.843866762644091182e+02 4.460114966702518018e+02 3.185264058342746757e-02 -5.348619166984137918e-02
1.092193050163722546e+03 1.717438192075529457e+02 3.563471602031832997e-01 -6.787427318649983388e-01
1.080200248097190979e+03 2.059541240856666491e+02 2.625208687859412748e-01 -4.267457659254724756e-01
1.023568015904571325e+03 2.808055770576467580e+02 2.521622873830762796e-03 1.283961928301583302e-02
1.214016773916533339e+03 3.885830859910056461e+02 1.426388296892712633e-02 -6.980371146120692427e-02
2.255444002534557910e+02 5.778482746395769709e+02 -1.032885278005924862e-01 -3.350968449052191267e-01
5.024331431066730147e+02 4.818891656442348221e+02 -9.398835013201771449e-02 -7.279644836683966946e-02
1.057941975395451209e+03 3.047897878238688918e+02 -8.061643253669596720e-02 -2.151624447519016881e-01
1.170305551592766960e+03 1.803918214397393456e+02 -4.528786855848920823e-02 2.777884702172646672e-02
2.115025585832788408e+02 6.338205591060384450e+02 1.569598991954563871e-01 -2.411226602774453054e-01
2.766504285787577828e+02 6.339951105738882688e+02 8.808575251929558203e-02 -2.147281314249009088e-01
1.846308149467980400e+02 6.713381513935262319e+02 8.191831392320618466e-02 -1.870769189811767319e-01
1.036561046943540532e+03 8.599816658722443208e+02 4.176016653434544423e-02 -4.999113464252028655e-02
1.082876740407305306e+03 1.980850561391592066e+02 1.137970091840998094e-01 2.441067798563380936e-02
1.076217371908310724e+03 2.294529899229937939e+02 5.923265351352711289e-02 -4.101997402667109105e-01
1.197725129849980249e+03 2.283516644191713567e+02 8.042133461003686534e-04 7.602012039444616849e-03
2.683891554992109718e+02 5.799296867268224105e+02 -5.611221999414510442e-02 2.626431974313618301e-01
2.428365334034693888e+02 2.881374850950231234e+02 -1.717944145656957744e-02 -1.181277587934914663e-02
1.387680425238041266e+02 3.972466560982060741e+02 -4.452515924478461784e-02 -1.369625661005500206e-01
2.582161559937873676e+02 4.444579776620403777e+02 -1.625975474217966621e-01 -2.670797574594985235e-03
6.125519493058245644e+02 4.278517010330080552e+02 -1.669669301404042017e-02 9.410832934329960153e-02
5.388108330031446940e+02 4.679094190045452137e+02 -2.491482165169145446e-02 7.319350923084755323e-02
1.138436312882993434e+03 1.904549231310400899e+02 1.962826273336304439e-02 2.218585554733465415e-02
1.083398899965970486e+03 2.091418584629018369e+02 -5.755025773453326110e-03 -7.782736382458921298e-02
1.212220395874790256e+03 2.550685859335557666e+02 1.812991377181560892e-02 -1.100488000745443173e-01
1.205904822149000211e+03 2.578909982032670314e+02 8.758706400624305388e-02 -2.026618268496349629e-02
1.212034443654278903e+03 2.686184462155310939e+02 1.460140735450750071e-01 8.551009324321512395e-02
1.423873371375449892e+02 3.921675002298114805e+02 -3.175762766289835781e-03 1.105114687785923450e-01
1.036358044233474175e+03 1.627570920174987066e+02 3.075181559346067961e-01 -5.970437348503878638e-01
1.126941650515193714e+03 2.082171559409549957e+02 3.531023804346962729e-04 -8.575257142641135033e-02
1.115303944302770333e+03 2.489817804837901747e+02 -6.346177012824227859e-02 3.662593983999708480e-01
2.251776141976532699e+02 5.456241347275803264e+02 7.427906519804612639e-02 -2.239072226752417405e-01
2.287710528462334594e+02 6.051182027243465882e+02 1.289969961356784156e-01 -1.931753216097528425e-01
1.770567376217487379e+02 6.484088375662129238e+02 -6.779946785349011407e-02 -2.385768455220234896e-01
4.645782167304333257e+02 4.551418440904478757e+02 -7.723908786513788982e-02 -1.832257379038537692e-02
3.125214739658256349e+02 4.979957133821648085e+02 7.201380140884339198e-03 -6.538700810341424585e-02
1.035552672978506507e+03 1.792921381428859888e+02 -3.339178833823552850e-02 1.451624724560929280e-02
1.055181557901927363e+03 2.989736714082106346e+02 1.843369474705696121e-01 -4.240757907158752005e-01
1.153729227979426014e+03 2.241743015899540410e+02 -9.854397900312505953e-03 1.340843780752436487e-01
1.226257300305803028e+03 2.454685635498344425e+02 6.022459056714524195e-02 3.136802867059884647e-02
1.187527968735127160e+03 2.816133878531384767e+02 -1.821205477987177801e-01 -9.670442589469985251e-02
2.045947890457638891e+02 6.411250878631520891e+02 4.791242319356570079e-02 -4.475508364430424990e-02
3.132518068576957262e+02 5.543088838497749293e+02 9.866480120990672731e-03 5.445658026695809895e-02
2.680175679406215750e+02 4.269693881316801480e+02 0.000000000000000000e+00 0.000000000000000000e+00
2.762215594352517769e+02 4.894499427303447305e+02 0.000000000000000000e+00 0.000000000000000000e+00
4.453819425611242764e+02 2.775189395195916404e+02 0.000000000000000000e+00 0.000000000000000000e+00
2.742187194983346217e+02 3.850469242733728379e+02 0.000000000000000000e+00 0.000000000000000000e+00
5.214923549740971112e+02 4.711224629031176505e+02 0.000000000000000000e+00 0.000000000000000000e+00
1.052151318776346670e+03 1.844569469729867706e+02 0.000000000000000000e+00 0.000000000000000000e+00
1.047124408973564414e+03 2.124983503928487778e+02 0.000000000000000000e+00 0.000000000000000000e+00
1.030990368578620519e+03 2.783915544688385353e+02 0.000000000000000000e+00 0.000000000000000000e+00
1.139051729220262587e+03 3.882568673126298222e+02 0.000000000000000000e+00 0.000000000000000000e+00
2.648262949429401942e+02 6.036209608531896720e+02 0.000000000000000000e+00 0.000000000000000000e+00
3.018549674106450880e+02 6.128853926408456800e+02 0.000000000000000000e+00 0.000000000000000000e+00
5.097799723004176826e+02 5.070094913517494888e+02 0.000000000000000000e+00 0.000000000000000000e+00
1.004776578244954749e+03 5.116054838498798176e+02 0.000000000000000000e+00 0.000000000000000000e+00
7.907592665797649261e+02 9.233882048782829770e+02 0.000000000000000000e+00 0.000000000000000000e+00
