1.346838764140253772e+02 3.843352565009509476e+02 1.602521812524055483e-02 2.562802004571424971e-02
2.525797272990156159e+02 4.651522726826078724e+02 1.591916383658275366e-03 9.972435465498403692e-03
3.077199862071543066e+02 4.797613661804719527e+02 6.699076147727660822e-04 -2.401268248057096197e-02
5.634053892816961024e+02 3.785963437329257886e+02 -2.353550422017719208e-03 -2.804643752932690264e-04
7.034221843416203228e+02 4.142995160095755978e+02 -2.863952336252906933e-02 -1.277184245260165260e-03
6.343624152094009787e+02 8.219993566897599067e+02 1.745297316599342266e-04 5.384893543843717427e-04
9.124012016011381547e+02 8.059763540002517175e+02 -3.775565786959800534e-04 3.435214629989066359e-04
4.599862263078288152e+02 9.416116153810836522e+02 4.747300618189478861e-04 2.318545183222998007e-04
9.050983982174683433e+02 9.223992983626482101e+02 -2.726123961906523618e-03 -1.573806420469286418e-03
8.991570857423045027e+02 9.260455550506364943e+02 -9.832762145662747588e-03 -7.723696652605402391e-03
7.076992494076794173e+02 9.926063820924415495e+02 7.027031920308604920e-03 2.183929047503462787e-03
7.151116999526444715e+02 1.011357187804785895e+03 -1.869468928929347693e-05 -7.339491158331433321e-04
7.048818108830822666e+02 1.023818427185599148e+03 -5.854698965439377508e-04 5.612076887529730395e-04
4.816716122813330685e+02 1.098973681401457497e+03 -2.306642767972460659e-04 -9.485561943030448211e-04
7.044639040561016827e+02 1.036496920354988333e+03 -4.603759471869539339e-04 3.946429006412085377e-04
7.518475600451037053e+02 1.067498514601099714e+03 1.848077480046035094e-04 -7.241777383758672866e-04
7.455508846515723462e+02 1.071489764158723347e+03 -1.192749585403128209e-03 -3.394283746301610436e-05
1.310466753299479024e+02 3.248600805503934339e+02 -1.452603507341100348e-03 -3.223093200816573665e-03
8.997665268332892765e+02 1.102163408412088984e+03 -2.416880824088960802e-04 -2.358245648482275823e-04
2.600462398929974484e+02 4.473726206436664370e+02 -1.007824609749573275e-02 -2.593596426394743082e-01
2.435432769516080214e+02 7.553071541832213143e+02 6.690706869798280533e-03 -3.917523006888100345e-03
1.241457143841332709e+03 3.831105634254558936e+02 3.222558988303861425e-03 -5.082049919059779611e-03
1.179149387392223389e+03 2.333350628967366447e+02 -2.489343348813262760e-03 -1.148694042409218082e-02
7.153959785147386583e+02 8.817817999782284915e+02 8.708046702861225920e-04 -1.066029911288355345e-03
2.370654411327217872e+02 7.201823405314397633e+02 3.794085173323668344e-03 -2.305261694037554767e-04
2.496146801723159854e+02 7.168540382566802691e+02 -1.317217352360749386e-03 -1.449898427509732938e-03
2.305652197796122493e+02 3.448899327078020178e+02 -1.004682214863974604e-01 -3.092652728265985473e-01
2.507504346811051619e+02 7.469782299504166758e+02 -1.039072499783245951e-02 -2.315021933876629939e-02
8.294011745376042199e+02 3.040713537936826469e+02 -5.550216567346772170e-03 -5.318185194832296576e-03
1.436173667878246079e+02 3.925815995849827118e+02 5.197166398275358465e-03 6.772525323593653335e-03
5.721986294769822052e+02 3.806499392027706676e+02 -2.609780338596213046e-03 7.344200486460126034e-03
9.318853519884370371e+02 8.449207879942770205e+02 4.509203301623609917e-04 2.404482106483258729e-03
5.694318193694535921e+02 4.376528362129085394e+02 -3.597752916239007476e-03 4.469975744958483085e-03
1.006733456115174135e+03 8.134663805941172541e+02 -7.578848366381520617e-03 1.018587230286658804e-02
5.018568306872098219e+02 4.346776026541955389e+02 1.283311820492878642e-04 5.948616009934787471e-04
2.428646013439336855e+02 7.420899990985769819e+02 -5.506851163481836682e-04 -1.729525431420316298e-02
9.824469125174158535e+02 8.273126221013295662e+02 1.456746988627639731e-02 -1.949388355541540902e-03
3.079764390291028917e+02 6.640514481608217920e+02 -1.127772388082404946e-03 4.664968853402871873e-02
1.012370235615939578e+03 8.183114103910332915e+02 4.606616780822853216e-04 7.572236120968047629e-03
9.414155547248147968e+02 8.344240666439405913e+02 -2.626557983083528387e-04 -4.784061424512662912e-03
1.003750693353240763e+03 8.369042127974051937e+02 4.886177471564791784e-03 2.326216818018885142e-03
2.325756728961817430e+02 7.241181291724541325e+02 3.227284981792567786e-03 -2.557002317504643405e-04
4.813787964637254504e+02 4.368408277361841670e+02 -2.377861051092177141e-03 -2.005459646640942936e-02
1.018991432567881475e+03 8.077245574895798654e+02 -6.293223281738058797e-03 5.138781736560970453e-03
1.213039840069163120e+03 2.541379716679785190e+02 -3.198811466617290569e-03 -3.962333598476313820e-03
2.274876861812263087e+02 5.213060715647776533e+02 3.846639303990534355e-03 9.185491375826068672e-03
5.763194867754809820e+02 4.199488410733119395e+02 -1.306466409050249236e-03 9.501141933341306100e-05
7.331552530469259636e+02 9.210013844598481683e+02 -1.502745075840991465e-03 -7.136807294191070163e-03
9.563465464349220611e+02 8.454288827286073911e+02 3.228002456600986402e-03 6.789994143940309042e-03
7.486225717030517899e+02 9.542699647035875614e+02 3.158174387981444418e-03 6.014841839235280166e-03
2.664426759153907938e+02 6.664148791340961679e+02 6.811020949494422418e-03 -2.528592194817245314e-03
8.246852138460967581e+02 1.102201675270601299e+03 -4.378413879539768436e-04 -2.932635042639904687e-04
2.670882400901084566e+02 4.592087265277972961e+02 1.206187005777010074e-01 -2.390349743117150816e-01
7.501423716307634777e+02 9.578573684598136424e+02 1.825586501220389330e-03 -2.035444310619445064e-03
5.622425557201564743e+02 4.709712315957535225e+02 3.606720504599747728e-04 -4.334478987161246091e-03
5.677616708014976439e+02 4.741807781236340134e+02 -7.133529298768492366e-04 -3.346527464454183412e-04
1.204800157031645313e+03 2.313341007942840122e+02 -3.513257281361118096e-03 5.501911555778532525e-03
9.122961661632017467e+02 8.454326142806633015e+02 -8.753567462265143774e-05 -7.618895196920261008e-03
7.717427899510785210e+02 9.604432291634533385e+02 -4.566703336431511204e-03 -2.337749902146764921e-03
7.747894635554710021e+02 9.423267613710911519e+02 1.943244923120684064e-03 -2.836335800584312869e-04
7.735291381016279502e+02 9.487340145680620935e+02 1.376092793295788635e-03 7.588353672329927347e-04
9.841773953253276659e+02 8.675828067986788028e+02 -1.497023074149849559e-03 -1.105557204416054680e-03
8.009088875425303513e+02 9.516327257457895712e+02 -8.539426405019581159e-04 5.694935877011513117e-05
2.112973213975315048e+02 6.770733775694691303e+02 1.472326116756036843e-03 4.002788767636075024e-02
6.193856590406837768e+02 9.358750800013028766e+02 -4.245713755225740939e-05 3.523845858571893327e-04
5.733726916225232344e+02 4.891669441902366771e+02 -5.059558129788807763e-03 9.016859200645479161e-06
9.747908173960418026e+02 8.848158375439800238e+02 3.475877565532269065e-03 1.175074705509242734e-03
7.700532246804195893e+02 5.242761156957877802e+02 7.266014770928648503e-02 -1.646620426575480176e-02
7.856843865199347192e+02 9.429336628522386263e+02 1.618970478519749651e-02 -2.384719971139407594e-03
7.963662257175673176e+02 3.832271577131885465e+02 8.235222349556731158e-03 7.544706472760192737e-04
2.352033043517741078e+02 6.994920559634600750e+02 4.690031003650687279e-03 7.916569884390683987e-03
3.073763001322228092e+02 5.629469052430538341e+02 -4.126593364894193434e-03 -1.958381199413920457e-02
8.078288791521206349e+02 4.198279884419985137e+02 -5.992638835971657568e-04 -5.882103181063642883e-03
5.859091937660779195e+02 4.018999489172941253e+02 -2.397003570927221799e-02 -8.822589529369685712e-03
1.034398736646704037e+03 8.359524896266841552e+02 -2.657968150040435833e-04 -4.162399494994628840e-04
9.941058923560375433e+02 8.214187844688956375e+02 8.257325450655783128e-04 -2.280787755344225801e-03
2.272492277628645070e+02 7.268712272257694167e+02 2.655777421643331043e-04 -4.137282349052604467e-03
1.277970198244443964e+03 3.724485888011178645e+02 -3.097726911556213190e-03 4.869085231250507018e-03
2.254327503829451302e+02 7.668036506081271000e+02 -1.534473464215073413e-02 1.532094610592373441e-03
7.335519711540956678e+02 9.802158142831068517e+02 4.936386372538201749e-03 -7.882686176428998007e-03
3.209353325040380014e+02 5.453412324240042608e+02 1.461812351469644021e-03 1.925855168438054925e-03
9.900091001359895699e+02 8.308436282790015639e+02 6.838698545115364999e-03 1.241845925119828284e-03
1.053903481733782428e+03 8.528764295198515129e+02 5.399704447327482310e-02 -4.497316761377406769e-02
8.274171336256953282e+02 4.016052103312043755e+02 9.704810812063621988e-04 -5.034210982314719918e-04
1.017689016109517183e+03 8.311575959618419347e+02 1.904430603156353184e-04 3.818654373196412894e-03
9.470766420491719373e+02 8.368938212050305765e+02 -3.717949251531175515e-05 9.211182011655399135e-04
4.655700732015524750e+02 4.539329613357040216e+02 5.712717447996546946e-03 -3.275979359770109147e-03
2.682998692250860699e+02 3.004062710851815154e+02 -7.885099639246177057e-04 -7.130673310275979955e-03
9.544253331982446298e+02 8.221898296160170503e+02 -6.615410500251861156e-03 -3.483830434042334018e-03
8.181151619114897358e+02 9.349437502982428896e+02 -1.867688730295403738e-03 -6.397923914236533505e-03
8.178313378467821622e+02 9.436649975693029546e+02 -2.975071718474912950e-03 -1.988333955439137209e-03
5.486651653107654738e+02 4.339453773682714086e+02 -6.974240510607439616e-03 1.044524405910290769e-02
7.307967541074036717e+02 9.374014521445917580e+02 1.596757778773929106e-03 1.692854326266920962e-03
9.303702783345366925e+02 8.610938210756847866e+02 8.861483803372883702e-03 9.840842189019571948e-04
1.083707929207434518e+03 2.097084804756028120e+02 6.241213694067374723e-02 5.976442005328633233e-02
7.533176555663667386e+02 9.716245342877429039e+02 -2.205734757243328961e-04 1.406242742481625483e-03
1.030130733241431244e+03 8.251777351177516948e+02 -6.712110131398857371e-03 -3.028473619899681776e-03
1.021286401940900078e+03 8.150052133571342665e+02 -1.695340203160313754e-04 8.920560422680945054e-03
1.027994146459424201e+03 2.106639934678941870e+02 1.095853835234418885e-03 -1.926123440960713154e-02
9.546784627620902484e+02 8.775294316977272047e+02 -7.825983878360197191e-04 -7.729177028119857190e-04
8.181512250475226438e+02 3.798749903860972950e+02 2.724671491669501677e-03 7.730723237910292270e-04
9.711680543484891359e+02 8.891510720969614567e+02 -3.192792027395472895e-03 -4.282345453743395677e-05
9.054886303149827427e+02 8.416465172688152734e+02 1.286767421825826731e-03 3.241662144646532788e-03
5.782729837096367191e+02 4.694838478921395790e+02 -5.705822331465512307e-03 1.585155306943059061e-02
7.907153478793845807e+02 9.235355662970333697e+02 -3.375920721271198719e-04 4.923880038943772956e-03
9.624288949008312102e+02 8.486235277191241266e+02 2.918942694007023182e-03 4.006698937624461414e-04
1.934230384784768830e+02 5.890302649498967185e+02 3.835991926095094675e-03 -1.480183878005719928e-03
2.319225591717315922e+02 6.896867623123382600e+02 -6.686387911147425971e-03 -2.557859577730749526e-04
4.929496564574317858e+02 4.479927389097670130e+02 -7.404991764300945323e-04 -1.886490324824702074e-03
8.332507561366968503e+02 4.130435941864720348e+02 -4.394094868212951159e-04 4.308460650001466781e-03
9.701088055201552152e+02 8.764289000442236102e+02 -5.297859480448762837e-04 5.911578722001614109e-04
7.959105397320319071e+02 8.836982797875878077e+02 -1.889533155859806843e-02 6.956082821934704910e-03
9.692956618547036669e+02 8.254584228745148948e+02 -2.841213195671287318e-03 4.606525884293596884e-03
7.912125774365196094e+02 8.852465769163246705e+02 -6.270208387622735330e-03 7.254127004257092913e-03
1.191183907774444378e+03 2.094602750119240966e+02 -1.530531529436140493e-02 -1.287761153579992240e-02
8.113203103140386929e+02 4.023316215993047535e+02 -2.131142229967677645e-02 -3.407489278085657023e-03
7.675436400912866475e+02 3.851080774913519349e+02 2.592145801234230131e-03 -5.793370891296382129e-03
2.252832347370531920e+02 6.866770213177843516e+02 7.455793983635908241e-04 5.627494433529947430e-03
5.590869630988150902e+02 4.137284181698387329e+02 -5.265566424283617958e-03 -1.340641475469161667e-02
9.520479918667846277e+02 8.570076128072362280e+02 2.074758377351160893e-02 7.619904517471218046e-03
3.344312166808680331e+02 5.556598696808144950e+02 -1.402105845726293702e-02 3.104031314482500956e-02
1.127288346575704054e+03 1.875360418496079831e+02 -6.345709207222837572e-03 1.475535398177493102e-02
7.179792323323376877e+02 9.522494397594189195e+02 -1.658723602240075269e-03 3.396204379008408748e-03
5.111522631998202542e+02 4.393066436751925039e+02 -7.796762518670121442e-04 1.296861141569668596e-03
9.961280640925840544e+02 8.724830484598045359e+02 1.032327721930860302e-02 -3.169974266501016449e-03
8.845041960216645975e+02 8.708047202359183530e+02 5.744377532889780209e-03 -1.090857872227253648e-04
8.020905128797145380e+02 9.388318262481136571e+02 4.278401005833957702e-03 3.868323166622560268e-03
5.346029324854968081e+02 4.148873852926739687e+02 -3.060221378999326836e-03 -5.097849041402638046e-03
3.262344611864459694e+02 5.357733808139056464e+02 -2.133575032798539026e-03 -1.738077068943996327e-03
7.452182808609665017e+02 3.962535096557445513e+02 7.660714998015500862e-03 6.079516161551032187e-03
9.979140992304369320e+02 2.489013810971964915e+02 5.728274654476837521e-03 -1.048753602421808283e-02
8.507456235063341410e+02 9.314854017699184396e+02 -5.746090009059044885e-05 2.276329740092172392e-04
6.302172527628670196e+02 3.840533542025813176e+02 -2.013296156560094672e-03 1.844616479802268106e-03
8.162583300455012250e+02 3.633951056069853962e+02 -9.319062095920065429e-04 1.115788478299768217e-03
8.576625347899780536e+02 1.101615528407817465e+03 -5.173510087636056730e-05 2.406084768176472259e-04
9.297277655425330067e+02 8.363068600043678771e+02 1.458293558551524739e-02 6.312090336451763387e-03
6.022905160212484361e+02 4.334233073479803693e+02 -7.944636301256803937e-04 -5.694485317131257017e-03
5.095688379773584984e+02 5.075142817017438119e+02 -5.368872983732073459e-03 1.248852844802477574e-02
5.445424655101728604e+02 4.083607011365851349e+02 -5.679036772936243158e-04 5.133565091241935538e-03
2.359539567418729575e+02 7.378875962282337468e+02 -2.758410258368235515e-02 -2.333795621462056782e-02
2.318338987354694609e+02 6.472883233071414679e+02 3.446573124363405075e-03 -1.181056781111728456e-03
5.412981427927695677e+02 4.769257199292529776e+02 -1.320066482901326079e-03 -1.359941215806803431e-02
9.772252822876090477e+02 8.456867273060431671e+02 -3.004142455721995307e-03 2.290997052518202372e-03
5.455649582644579141e+02 4.827116850027139776e+02 -1.615367505316030704e-03 4.901819108593795382e-03
3.205845112363970770e+02 5.297503974568840022e+02 -8.344134218525663289e-04 -1.000130223518802888e-02
3.148772840421858064e+02 4.712691404019439574e+02 -2.726443173205237748e-03 8.200984852929776858e-03
9.333278788991863166e+02 8.655939532035775983e+02 -2.734765558078843233e-03 -7.813510043924547233e-03
2.692557909399462801e+02 6.097148116307444070e+02 -5.327118222031359271e-04 -4.254536180726495136e-03
1.063069490280446871e+03 1.805179648717925147e+02 -2.883241246817675276e-04 -3.697641387142795895e-03
3.212179627186471293e+02 4.792125609144405871e+02 -2.614016944504567175e-02 2.179479191160944157e-02
9.725969970594898086e+02 8.314236974592020033e+02 1.237952621129194755e-02 1.793145644336222380e-02
2.478430071292810908e+02 7.408593102624081439e+02 -3.589281593195723166e-03 2.245171213212190757e-03
2.207925940880361964e+02 6.865022409970349599e+02 6.757419626291939936e-03 9.309610583718585033e-03
5.054624456625959965e+02 4.436706121523106958e+02 -3.190676260183719550e-03 1.950467081806466288e-02
6.530040292095435461e+02 4.986511124403153872e+02 -1.774785366838540004e-02 1.188923486937168011e-01
5.891435804834339933e+02 3.763451610052219394e+02 4.033301179164806459e-04 4.150060008709202317e-03
6.100768550499137746e+02 4.256080902689862455e+02 -1.938763431633443515e-02 -2.370031566032378134e-02
3.073764217342333609e+02 6.139840584082234045e+02 5.441595203860168789e-02 1.313838374569558688e-02
4.764699733981159966e+02 4.650344044412879043e+02 2.556096692247516143e-03 -4.257613429756204951e-03
1.231388223413781134e+03 2.467802935796230486e+02 1.493165557070338101e-01 -1.318488597049483069e-01
5.658277324485131885e+02 4.288333059277915709e+02 -1.917897176953586164e-02 -7.376033088836729361e-03
1.016312870520613842e+03 2.751931324115622033e+02 -7.656334424178558480e-03 1.532133288713965341e-02
2.080376228114947708e+02 6.968452221226874599e+02 1.567016076930400270e-03 -2.909849455359153104e-03
5.480789744080467472e+02 4.105945025854946380e+02 -1.324171519737580736e-03 5.916497628581198973e-03
2.449223712145626450e+02 5.964882325133928589e+02 -7.927835918669565163e-02 2.304924576209541054e-01
2.493915331046329413e+02 5.006644164382892086e+02 6.176063720438873788e-04 -5.192262415347093790e-02
1.084870866222872564e+03 2.651523502789730742e+02 -1.639959033509872932e-01 -2.457689336445015305e-01
9.989024415002804744e+02 8.249427239851434024e+02 -4.398895995600559522e-02 1.164993762184883194e-02
2.264156506846785817e+02 7.021704262477151133e+02 2.907638885855055692e-03 -4.340610904265385073e-05
2.998207243672251820e+02 5.901306167384528862e+02 -9.689727150840094297e-03 1.586322441984046039e-01
1.053623662932839125e+03 1.842164731717471113e+02 2.981787997970680552e-03 -3.339856660469867067e-02
2.655763726172644965e+02 7.383188330771944266e+02 -1.033281926293012042e-02 -3.073520129478851410e-03
3.123433964539588601e+02 6.099826447681996342e+02 3.193374109972603632e-03 -7.410885086981147630e-04
1.033318020396643078e+03 8.558609022761809229e+02 -1.807033678003358308e-03 5.649723761008983852e-03
1.154427071713690793e+03 2.289919532994304632e+02 4.718054266083644005e-03 -5.237248702995895774e-03
2.551749855958975388e+02 6.432254805528093584e+02 9.061278959178638293e-03 -7.043677868137360534e-03
2.727787395687016101e+02 6.530424053116043979e+02 3.999206731951645936e-03 4.016278372469825678e-03
1.210295201492618389e+03 2.186704000868857349e+02 3.451180311998595669e-03 -7.675775801971548330e-03
2.259606081696219633e+02 3.035258840146851185e+02 -9.145730432658689957e-02 -3.632455515167306581e-01
5.892353884832850781e+02 4.493120630969957006e+02 -1.778954089849600542e-03 -1.610934959017251309e-03
2.378796982330638059e+02 6.940708906653554777e+02 2.153866181071078698e-04 3.050982161762521498e-04
2.643229683089145965e+02 6.350047432401520382e+02 -1.525597081075321174e-02 4.918368211199119176e-03
1.207631753719944527e+03 2.089791318973656473e+02 -6.237894321474873535e-03 8.311388441888644882e-03
1.002702653906072442e+03 8.760242224270392626e+02 -2.932549949738167457e-03 5.820286822285251427e-04
2.672843206113105907e+02 7.156476622950112869e+02 -1.805888787321192034e-03 -3.534509556780984774e-02
2.634929963520945648e+02 7.258340611961783679e+02 -1.175464220177718268e-03 -1.440764204501350076e-03
2.634278829551367380e+02 6.183454930409109238e+02 -1.723593769306863352e-02 3.130309004248347723e-03
1.266986078165618665e+03 3.939178800522763595e+02 1.137517686890874950e-02 -4.689338643473628908e-03
9.438269585149971590e+02 8.554224131121363826e+02 -1.350817917268208905e-03 -1.462043728286579808e-03
2.538662775567622987e+02 6.851036877190699670e+02 1.217091112701130335e-03 -1.577342186622688464e-03
9.328784206666792898e+02 9.065503851694016930e+02 3.317328869908722777e-02 2.446388411510612426e-02
1.240347654543866383e+03 2.795489902744229767e+02 -2.607595947568883479e-03 9.027096486150158403e-03
2.790842844125925808e+02 6.457857477663942518e+02 -1.261690843126576228e-02 -1.765089259438782504e-02
1.008335461837612911e+03 9.275033961231160902e+02 8.517847995531470677e-04 -8.425675840613837961e-04
1.050480613733471046e+03 2.341176110220421833e+02 -8.621450014325181266e-02 -3.500376364628960540e-02
9.543950436774005084e+02 8.935639903399321611e+02 1.961246795416974470e-02 -3.271005254484209146e-02
2.519849720856969668e+02 6.716155497165623274e+02 3.374802701003572561e-03 1.767768579814194127e-03
1.071380539344025237e+03 1.834367591482322837e+02 3.171399940173623422e-02 -1.057265572539016311e-02
2.570908234404498103e+02 6.737005559917453184e+02 2.916013919046366639e-03 7.975738060777795568e-03
1.013236153932108323e+03 8.531454992164351552e+02 -1.441698502438355507e-04 3.634336244712727242e-03
2.313435615729440258e+02 6.682923539437671252e+02 8.448554401473927500e-03 -1.188239325787016770e-02
2.578924696491886266e+02 5.770118698648686859e+02 -6.705593878649214468e-02 2.239552232780600005e-01
2.938840299788926131e+02 5.887550878728862926e+02 -1.784880055038229330e-02 1.892635618949369825e-01
2.227724657294104986e+02 2.928290551205241741e+02 -9.153913866153357004e-02 -3.671924503108738858e-01
2.524277856991749047e+02 6.337552593625126747e+02 -2.393088950716536559e-03 4.595808506375832596e-03
4.411192045982732566e+02 1.085969083289006903e+03 -7.975266834035769220e-03 -2.316815834270114210e-03
5.212137072628077021e+02 4.711567802710678734e+02 -1.229926170440599461e-03 3.855375223352974865e-03
2.689340851536906598e+02 6.804931499451760146e+02 1.521445515861907295e-04 1.928692051618295655e-03
7.349346156739907201e+02 9.289022609568270354e+02 8.011753232582609352e-03 -6.793729802272384030e-03
5.068140925279088833e+02 4.844883266463137375e+02 -3.129192018035394183e-03 -2.264612822191023646e-03
2.315168683667557161e+02 7.373278084837290862e+02 -7.498813796380905672e-03 -4.783470631036159694e-03
3.105537121714771729e+02 6.470280395475813293e+02 -3.007573418383097195e-03 3.341065429164907785e-02
1.202165270303971965e+03 3.853236123149841319e+02 -1.414741535395793468e-04 -4.154824539569961298e-03
2.272341556113742911e+02 7.497593519903414290e+02 9.745293334215194073e-03 4.198204229608266946e-03
1.036300234208597885e+03 1.796678424903302016e+02 4.847083112823870332e-03 3.072800880002771531e-02
2.413609231137262157e+02 6.402042349260433411e+02 2.189120840990644874e-03 3.974350866548036860e-04
2.978694923375620078e+02 5.427005352924984436e+02 -6.428347497078020292e-03 2.170133341829424880e-03
2.435761364562547442e+02 4.897615490298194345e+02 -6.307816899858763315e-02 -2.283790986271667586e-02
2.397691202094807750e+02 6.293542132012279353e+02 -5.569433520260008187e-03 9.120746911411525132e-03
2.400378874276018166e+02 7.262689033431284997e+02 -1.746377796746007190e-03 -8.799978445945316123e-05
2.705822789409003803e+02 5.375162293654069572e+02 -8.340144719402202422e-02 3.199212738716209481e-01
1.000835096469287009e+03 2.236709167184495755e+02 2.028920180261800741e-03 -2.597812231844011562e-03
2.359348787150034070e+02 3.605788191820270185e+02 -9.103567716737959170e-02 -3.398713796522718766e-01
1.016925954526298597e+03 2.640706398458951867e+02 -9.855145619551444053e-03 1.723255960939189257e-02
2.438137077633224692e+02 6.877523573774745955e+02 2.534063995935889341e-03 -2.905797315719664282e-03
2.427082552555411326e+02 7.012069754773914383e+02 4.143211527392194962e-03 1.297145104828728926e-02
2.750785965118948866e+02 6.956314390647512482e+02 3.592433783865652853e-03 -3.537459833255930251e-04
1.152413135995477205e+03 3.633763903604681786e+02 5.442959298858509806e-03 -3.019135000169405770e-03
2.449381043143926604e+02 5.042902648490634192e+02 2.250879828563533483e-02 -5.905009427956631890e-02
2.385215453083737884e+02 3.414271434044871967e+02 -1.080536578812292675e-01 -3.983117469861065518e-01
1.097760590715914759e+03 2.173034177657526129e+02 -7.683766823662055434e-02 1.809721475776054078e-01
2.465251084742629075e+02 6.112660828000033462e+02 -5.474315566075718675e-02 1.132102903243344116e-01
2.239482690043803359e+02 3.173790755836802191e+02 -1.301796684788789904e-01 -3.280022259027527975e-01
2.494883083065464291e+02 6.455522577678972311e+02 1.595415363700094765e-03 1.440247405982950351e-03
1.179059044424157264e+03 3.578853434909494808e+02 5.875603054673234765e-03 -3.811088459941055530e-03
6.027147459057182459e+02 3.988692845142558667e+02 -1.914232021568854081e-02 1.235702171985588295e-03
2.451232716259049766e+02 7.216797460737886922e+02 1.634640109605445951e-02 1.296252983877816366e-02
8.650635124497862307e+02 1.102276604246453644e+03 8.462390245799409879e-04 1.979725885724625584e-04
2.944804769940984102e+02 6.293187740339868697e+02 2.134436551295667076e-02 6.157644113871059421e-02
2.129663707750902972e+02 7.554215125403818547e+02 -1.325725525935531003e-04 2.531552999129200988e-04
7.233246493703960596e+02 9.664829009042819052e+02 -4.398404752866401021e-03 3.689449940982668548e-03
2.635122072149864607e+02 5.492590759537440590e+02 -7.397363811854025528e-02 1.766381096132768613e-01
2.885862691690359156e+02 5.013459838643317426e+02 1.600809276068545714e-02 3.064818267002379915e-01
2.453663127320941157e+02 7.610307332235014428e+02 3.334505943590018815e-03 6.458431075256527293e-03
2.404369535649424847e+02 6.098168863079378070e+02 -8.667247966513405566e-02 1.663051494786110807e-01
2.639687479143287305e+02 6.578166573039490004e+02 5.782863995721534284e-02 -4.730714807724010519e-03
3.253989053436780523e+02 4.959994220959498534e+02 2.740280023527536142e-03 1.034138130326973156e-03
2.597517475309468296e+02 5.887038171685406951e+02 -5.443615879088856829e-02 2.419717396587736102e-01
6.773427204010764626e+02 1.023727283787554143e+03 -7.823110967841344701e-03 3.236372647437080809e-05
2.173234634685483684e+02 7.657188995122307915e+02 -2.116829087857288044e-03 2.807221649581295806e-03
2.376660284872909017e+02 7.636036561865381600e+02 1.456583137834601598e-03 -6.769684680919697134e-03
1.139094116080852700e+03 1.922074199331486568e+02 1.239773138538094108e-02 5.919353258813280644e-02
1.182074189423429061e+03 2.109224308809004640e+02 -5.388282231301177744e-04 6.169595858026885159e-04
9.311765316249092166e+02 8.959395233345601355e+02 -2.337421514864267483e-02 -4.560910918416431065e-02
2.859730209203549407e+02 4.743599156480583474e+02 3.827973674804194260e-02 1.993560489456807916e-01
3.081623410690717151e+02 5.858924043692021542e+02 2.843590062221352036e-02 -1.006098026540091089e-01
1.172056715848109206e+03 2.332748336126956019e+02 6.691003121936278837e-03 -2.378025799654639137e-03
2.066814144214309010e+02 7.243908059299428714e+02 -6.845260888778199188e-03 -2.064524559856600189e-02
6.804177799793865233e+02 1.018691661374343994e+03 -1.935834052236790753e-02 1.173577698756333304e-02
4.935981618501860453e+02 4.545953255762793788e+02 2.834634607859580751e-04 4.050691020154317812e-03
1.167857813709150150e+03 2.659705168192535893e+02 2.779090380358010745e-02 1.573184100650650841e-01
7.377668931847247791e+01 3.194165203272196436e+02 3.308273668124435581e-03 1.024740169495909001e-02
5.168110067151362728e+02 4.232461025190177679e+02 -2.916361221793684674e-03 -1.528473613381837483e-04
3.133176829266816412e+02 5.682621345951024523e+02 -2.348493578776496976e-02 2.454757469794377131e-02
2.671005088717226386e+02 6.450987273787943650e+02 -6.512090362344670653e-03 -1.052040054343935868e-02
2.621004875357145920e+02 5.634481143229443205e+02 -8.830963394495262853e-02 2.356919145480098898e-01
1.006343933124769364e+03 1.969192882145641192e+02 6.502477445593232014e-03 -1.813319604523674477e-03
2.936876417271639639e+02 5.962306606970872735e+02 3.121934692348806578e-03 -2.093099290984562358e-04
1.140536271668492191e+03 2.232051931965112601e+02 -1.582568634751957068e-02 5.548314636747579687e-02
1.048975173265333979e+03 2.834993017785566849e+02 -9.318195966008968600e-03 1.781022889229806269e-02
1.013689431918013952e+03 2.588140349687853927e+02 2.877775906076839377e-03 -1.724238368292322493e-02
5.065340635842775896e+02 4.515619859392222679e+02 -6.785002581095525911e-03 -9.597403508324883065e-03
2.298141241541202078e+02 7.755365031251930077e+02 -1.839769051336266831e-03 3.337411366502318708e-03
1.094951312988562222e+03 2.033996122840257783e+02 3.979981905277412552e-03 4.034701884748837473e-03
1.999168599597670664e+02 5.066422816010211818e+02 2.283508395273015339e-03 -5.533801381119193147e-03
2.527224094706541848e+02 4.115189468383031226e+02 -1.232568408708975133e-01 -3.376570056494227479e-01
1.020345834024041096e+03 8.674280862047576193e+02 9.292072686333644610e-03 3.795141484313870398e-03
4.880862174322875831e+02 4.748859552218102635e+02 -4.360012086903729787e-03 2.358888067436005955e-03
2.898431751228200710e+02 6.687355420781012754e+02 -7.396019589643484937e-02 1.227135860543559776e-01
1.066042081667940693e+03 2.159564763788499135e+02 -8.647810420239639140e-02 -3.028734020458440090e-02
2.946854671919377893e+02 5.387385856652092571e+02 -1.510984927958838615e-03 1.287969679694496894e-04
5.368939890889812432e+02 4.281297338696602424e+02 -1.911900843859905622e-02 1.524020156152136943e-02
1.154567078023083695e+03 2.131546974406946049e+02 9.556646144295036444e-04 -2.093043336549159361e-02
2.482917470478115263e+02 4.110187488883591413e+02 -1.034956635722394241e-01 -3.638042910447135125e-01
2.593901016211852379e+02 4.243942404850788535e+02 -8.400866573237347756e-02 -3.246577594064684602e-01
5.470378448994645169e+02 4.581870859133144336e+02 -6.380452675403326147e-03 -7.369160746830825948e-03
2.559274746694493956e+02 7.451522344090446950e+02 1.947249704891259366e-03 3.222068270699787480e-03
1.026355789298840136e+03 2.252148436472788831e+02 -5.362259576630472833e-03 -4.945584418882533959e-03
2.635340186917825918e+02 4.649589669073634468e+02 3.666517562650277451e-02 -2.204860848102780935e-01
1.114694447687144020e+03 1.749375811217346381e+02 -1.713029323901978443e-02 7.293484925719215077e-04
1.148757716515497577e+03 1.948649276911815207e+02 8.844710165609996622e-02 1.094774823087337184e-03
2.646637159650429680e+02 6.252924751407704207e+02 -4.675150275790368286e-03 -5.980205427305810683e-04
2.808375079903215692e+02 4.774657695952889185e+02 4.081469761073625718e-02 1.993685485152905390e-01
5.227338703048262687e+02 4.603228472977301635e+02 -3.092258327973747192e-03 -4.695209479681319072e-04
1.057833757632589595e+03 3.023217785165488181e+02 -1.429949333628833781e-03 -1.046800831637924659e-02
2.027172291592537192e+02 7.018374791836403119e+02 -1.378016105812686007e-03 9.826288733161209557e-03
2.813584275926363603e+02 4.536585468321832195e+02 8.739609475960695428e-02 2.282619744280717788e-01
3.240187012195551688e+02 5.186714220615862132e+02 -5.747099683084329856e-03 -2.535772436769575394e-02
2.335577535514186138e+02 6.296214920695294950e+02 1.039928024549973719e-02 1.095391443233312626e-02
7.845160693041864306e+02 9.548611326221026729e+02 4.861387839185334937e-03 -1.005436242980459367e-02
1.122429890789784167e+03 2.084752121259131457e+02 6.317589906357080898e-02 -1.203789207567142888e-01
2.407936276979129673e+02 5.171828298818911662e+02 4.579043232730206289e-03 -7.233479355344421546e-02
7.168250766902435771e+02 4.181578074059572145e+02 3.359762100590520106e-02 -1.927252361617369861e-02
1.011281921476467460e+03 1.963471538022147627e+02 -1.079717700906712707e-02 1.456563147055706976e-02
1.022314865113661995e+03 2.334055226195040689e+02 -2.556561826801755262e-03 2.100159084088967232e-01
1.004912025676576945e+03 2.275299340498743561e+02 1.828862679922910184e-02 -1.195441767752882835e-02
1.032999181136447305e+03 1.631890932553141056e+02 -3.447272098478741664e-02 3.856538151379703544e-02
5.534736730027427711e+02 4.831979334423055548e+02 1.602102399239343188e-03 2.217465690310939548e-03
2.726361472182227885e+02 4.419981956845740001e+02 5.319248682218526841e-02 1.846664142289405897e-01
2.563451886665035317e+02 6.998760085821508028e+02 -3.268247227291196013e-03 -1.220048851332694063e-03
2.350832539607557408e+02 5.921908260210828985e+02 -7.057268690177671833e-02 7.711306864249277415e-02
1.176135199755374515e+03 1.703387014591174307e+02 3.763217422670545736e-02 -8.856191821142136988e-02
2.615325146652153876e+02 4.936676673926024250e+02 1.103155424283805558e-01 -2.557367871278594662e-01
5.032316675700032533e+02 4.680372763949426940e+02 5.385142613479251654e-03 8.553678989457720941e-03
2.615055784343292089e+02 6.687111872412720004e+02 -2.126633238759441640e-03 8.635705013026688103e-05
3.190967879990402594e+02 5.191181461388507614e+02 -2.709158412106618067e-03 8.649148793857997300e-03
2.384939789610290575e+02 7.100545289758924810e+02 -2.624671207151644875e-04 2.287951582693854846e-03
2.778901680761402986e+02 6.059197914123797091e+02 7.175091655288851067e-02 1.895805825885719664e-01
1.152053186448649512e+03 1.927236206484269871e+02 -2.739500565392311016e-02 2.277527584780698541e-02
2.200774356977652531e+02 7.170910883121691768e+02 -6.176386710940492096e-03 -8.367352162282475645e-04
1.052251494178098255e+03 2.761879466406307415e+02 -1.139513099266455110e-01 -2.550794270208227021e-01
8.104469694652648570e+01 3.241609101813776874e+02 9.878423917897261562e-04 3.747317577714475659e-03
2.347610946010880753e+02 5.580658521082486914e+02 4.379222206431883369e-02 6.849107104640120292e-02
1.201597498271898075e+03 2.280498024427777182e+02 3.733917092516337438e-02 -3.396417492604987282e-03
1.065427809321721043e+03 1.984824547115355813e+02 1.448296899963616609e-02 2.249200141475307321e-02
1.061435058401084007e+03 2.073161093602695644e+02 -3.066707843303411590e-02 -8.080706452498606640e-02
1.939657948460379373e+02 6.976645963837373756e+02 -1.455223658738805798e-02 -1.670581805555148875e-04
1.114909737343571805e+03 2.364277771347965995e+02 -5.182792087964008775e-03 9.756898249773680865e-03
2.584971651274664737e+02 6.940911300981371141e+02 -2.816843953023815544e-03 -2.396004352565589326e-03
2.883351303245872828e+02 6.363869909798255549e+02 6.170257189184537132e-03 8.384653843461702116e-02
1.094449555140862685e+03 3.579033261152047203e+02 2.541188794906711415e-02 3.889290440068322169e-02
1.263849350672787750e+03 3.760091691975937920e+02 3.986979385587851032e-01 8.671641370902043178e-02
2.178398263749605519e+02 7.239797265191244833e+02 -1.388316706474275681e-03 2.348517945610057323e-03
1.130165043387698006e+03 2.465953637787110324e+02 -3.564363017491391228e-03 3.227883888470868892e-03
1.094419742507253204e+03 3.084275174624280567e+02 -2.284911102140198356e-03 -5.846113983946537446e-02
2.728635769970777574e+02 4.264467847756117749e+02 5.236673463601767414e-02 1.790305103273412135e-01
2.397191608912748961e+02 3.755890134237607185e+02 -1.066666364005020573e-01 -3.424529352828544204e-01
4.969557495728457184e+02 4.667641993498193642e+02 -1.927712187200360944e-03 -4.488264548769219792e-03
2.716734563171848436e+02 4.720522560303064097e+02 -2.500255716353757401e-02 3.035982148082083665e-01
5.989148914781202393e+02 3.870740637019046630e+02 5.726995990568240630e-02 -4.812760035341310388e-02
1.137597277097435381e+03 2.456401544363316987e+02 -2.894889673715138334e-02 7.994083789285040889e-03
5.718033637141805912e+02 4.128208439550073763e+02 -6.724742387776510254e-04 -1.738531603980773789e-03
1.024892333107071408e+03 8.715663192521491283e+02 2.216798659703434534e-03 -3.679036243769056268e-03
2.176518570729124349e+02 7.759972596051017035e+02 -7.791220605101875467e-03 -5.941862660612366037e-03
2.150889951686904453e+02 7.216398482168498276e+02 7.292937387727995747e-03 6.776861441693707994e-03
2.860229552614779323e+02 5.833359202582676062e+02 4.431987862192677576e-03 -7.080640396640486105e-03
1.209277061516597769e+03 3.562822137572492238e+02 5.005855691546916980e-02 -2.742220930308418916e-02
2.877762495529312332e+02 5.773814559756797280e+02 1.142269821047315129e-02 5.554292187103684712e-03
1.204468471153848895e+03 2.785953268204432334e+02 -1.939895417837472595e-03 2.309553226023869539e-03
7.594125360298062333e+02 4.501420367982704533e+02 3.441463292946005635e-03 -5.506264792014667342e-02
9.182567961322082510e+02 1.102593586071786603e+03 -2.822649162350115873e-04 4.416456971861101172e-04
2.386410006105211039e+02 6.842733649030869856e+02 1.248351816307256314e-02 8.550658954656754733e-04
2.579516973096651782e+02 4.335757780254457430e+02 -9.797936096450678145e-02 -3.530699292504180242e-01
1.022398823653190675e+03 1.742397464422299151e+02 2.019212792070465903e-02 1.369284441322846622e-02
1.712097178340280550e+02 5.442262520188431836e+02 -2.369829206183256542e-01 -1.743817338742262302e-01
2.242157688023565640e+02 5.399916934845261949e+02 1.077905451589826064e-01 4.573360866573122213e-02
3.104857797866871465e+02 6.188614588244103061e+02 5.608724759405625884e-03 -7.699210534865144964e-03
2.559420157882754836e+02 5.566945796123917489e+02 -7.671227099090788260e-02 2.197113806534722602e-01
1.628068367964684171e+02 5.391398775493482844e+02 -2.594935342712101356e-01 -2.019747396578073784e-01
5.585937212366849280e+02 3.968481930728292468e+02 1.162107104311988848e-03 -1.108329221037280079e-04
4.976552418245929061e+02 4.590532211687046242e+02 -6.902970703191781956e-04 3.556193820544410657e-03
2.177305976567238872e+02 7.020222590788288244e+02 -1.969166068258879770e-02 2.212987145925792570e-02
2.696509954493503187e+02 6.919903975726566614e+02 -6.569920325818661908e-03 2.352997738642956596e-03
1.107057882525434025e+03 3.108685350116852533e+02 -6.512558709774377008e-02 -2.177457148599779013e-02
1.180136544168806722e+03 2.238132509977197344e+02 -2.266378629482829459e-03 -5.009314731667007317e-03
2.726526018367173947e+02 6.230900947420329885e+02 -2.943326275432229123e-03 4.500243317338707737e-04
6.051262258396046718e+02 3.858891312150190060e+02 4.071004644473949496e-03 -9.043519119188096755e-03
1.038565284599043935e+03 1.921044356225752949e+02 1.222983263116052266e-02 -3.253801059419838583e-03
1.247702429917258769e+03 2.888005315383018683e+02 2.214205117205451413e-03 -3.640168512281389233e-03
2.995982295862649494e+02 4.085207618683490978e+02 1.832593038360224268e-03 9.934322912954485219e-04
1.941232497176938807e+02 3.193183545773743504e+02 5.414860331095407023e-04 3.947753195162287832e-04
1.187291260788082354e+03 2.514105961384751993e+02 1.160694004481976514e-03 5.122267010631163277e-03
2.199899430687196400e+02 7.447293223595272593e+02 4.482899822015510606e-03 -1.246871125525977290e-03
7.863218687015722708e+02 9.358464179248237542e+02 4.049658274594224346e-03 -4.050376121483060220e-03
1.801662621127192949e+02 5.500772044577267934e+02 -2.532423586764652734e-01 -1.605437482920830106e-01
2.608534277228225164e+02 4.130975640774498743e+02 1.289095335147463252e-02 2.118074494709136779e-01
1.035369829456926709e+03 2.027672467322924774e+02 -2.766935374732401934e-02 5.070930284118067150e-02
2.475916494179068081e+02 7.311191789192392889e+02 4.092069229800596349e-03 -5.049492901172592321e-03
5.106649982608994378e+02 4.925620158904072241e+02 1.654717617311847033e-03 2.231833064279902055e-03
1.182174305650025417e+03 2.007276835109323088e+02 6.708523658726515959e-02 -1.741206834381434365e-01
1.031669383374829977e+03 2.008048641983620826e+02 -9.051643289375093174e-03 1.521079063816964567e-02
9.916778555782682361e+02 2.279677253942278128e+02 3.087355949418506013e-03 3.930062422774867857e-03
5.346956246892660829e+02 4.270531006348969072e+02 -2.739994573883873519e-03 -1.956011661853059025e-03
1.986286791205554607e+02 5.793910491274847345e+02 5.956058508327023888e-03 4.138754563279356882e-03
1.711547433519062054e+02 5.517476339197203288e+02 -2.662695910331325799e-01 -1.808354121572095519e-01
6.063492111776885167e+02 4.071200180701404179e+02 -1.061008366011967482e-03 1.511198866311777144e-03
2.264094635533868711e+02 7.431907936665400030e+02 -7.986755875882152727e-04 -1.218412723601161726e-03
1.280911704956095036e+03 3.406572744547672187e+02 3.801672953365533014e-01 8.299085550118598387e-02
9.770626794308388980e+02 8.653856482509632997e+02 2.309553867096068164e-02 3.339218840929306792e-02
2.192111256972038689e+02 2.986611516529804931e+02 -8.481841090830520569e-02 -3.596967492140261125e-01
1.938415529925456724e+02 5.609809829232920038e+02 -2.065150916411053750e-01 -2.360302605632249306e-01
1.153387227077384296e+03 1.421267363028146917e+02 1.348762106707197643e-03 -1.883327587202080627e-02
2.107831538748591811e+02 5.300412940332182643e+02 1.643402731557531138e-01 4.696935775959022730e-02
5.911547719589686949e+02 4.161800926104509131e+02 -8.114400876154219400e-04 -9.296773315913182262e-03
1.158557307003772394e+03 2.574095186169525391e+02 9.772581122936545295e-02 -5.796620814087385248e-02
1.032882752274249015e+03 2.648078487881552405e+02 6.295426794459257902e-02 1.186684617414526279e-02
2.668156452258662625e+02 4.227787334126590508e+02 5.044447091759735741e-02 1.877100401620078740e-01
2.582680243075442945e+02 6.225216139408256595e+02 1.604763860672558766e-03 8.673914969700480954e-03
1.147843307742437446e+03 2.200728297259834960e+02 -2.724790658239816324e-03 1.496187970433716626e-03
1.045748574263092223e+03 2.623134590282449494e+02 1.832561690957395378e-02 4.172750578152880502e-02
2.711258990497757964e+02 3.810803198015072439e+02 6.488850053528105732e-02 2.657789557117227752e-01
1.893164586667678577e+02 5.598293347620531222e+02 -1.924786327257275442e-01 -2.252926673248670242e-01
1.147834641340058397e+03 2.270685235608384573e+02 -1.368337805335235503e-02 -1.037370285661689054e-02
1.224224538439794969e+03 3.950136850929540628e+02 -1.586525697766909271e-02 -2.203813424573593249e-02
2.742468799510505733e+02 5.771116784466964873e+02 -8.487555264106096120e-02 4.052988708757032654e-01
2.448036887191774440e+02 6.189866887398668496e+02 -6.578581656636159521e-03 6.701126083494543528e-02
2.320136707499445947e+02 5.743882426720986132e+02 1.227538032234319620e-01 -3.042002118160087587e-01
1.087387826002405518e+03 1.968953613194745174e+02 -5.507874743333297969e-03 -1.174320188975727479e-02
1.154614173414403240e+03 2.037640736525447949e+02 4.723016052650456063e-03 -7.389456594383977776e-03
3.269169434162919856e+02 5.529697927549627821e+02 -7.894033606990518348e-04 -6.681863400310906510e-03
8.079769492942094757e+02 4.002535035280293982e+02 2.880233616124179725e-03 -2.657967779080846939e-03
1.010612813322622628e+03 2.042653341573223997e+02 -4.292125672586645166e-03 2.496272788956201485e-03
5.448356430696269399e+02 4.264329398578329915e+02 -1.449855889852935155e-02 -1.717013106198833996e-04
2.511352205976683081e+02 5.470181844643817612e+02 1.767692028663000459e-01 -2.513015254971405210e-01
1.165012675742989586e+03 2.098412608622056155e+02 -3.423022453030216163e-03 2.579518843463637912e-02
2.766203069286776781e+02 5.087889364002051025e+02 -9.334436825308402991e-03 2.786100631878541400e-01
2.592769801470895459e+02 5.641140845198221996e+02 -8.823615063379416923e-02 2.130072789900432084e-01
2.468427298906044598e+02 5.651748772134436649e+02 2.333014663548726719e-01 -3.260464030782299627e-01
1.948186858709763953e+02 5.373020395342547317e+02 1.444262192812815204e-01 1.266373645676477644e-01
3.058214983224135040e+02 4.610160542489519457e+02 4.628381567561581597e-04 1.054375143884936014e-02
1.175257988393717369e+03 3.383085205220651233e+02 5.862471457260086394e-02 7.914081415564135080e-02
9.212452939253820716e+01 3.534984633661552493e+02 2.429518264398915217e-02 -4.279105019580664582e-02
2.465357976021613808e+02 6.324192384063484269e+02 4.920833706186800334e-03 -2.284855269284763891e-03
2.002707363940303651e+02 5.254059635531847334e+02 1.376026016424564957e-01 7.490435242876777866e-02
1.277038660921521796e+03 3.017913712213614872e+02 5.088671001557134807e-05 8.786315474039702728e-03
2.646576806570377585e+02 3.838603791637765994e+02 6.359563857059620517e-02 2.571295324413377381e-01
9.447382774681897217e+02 8.991461194136818449e+02 -9.140989960071850551e-04 -1.432636393054274350e-02
9.913510185007780819e+02 1.908865409942025053e+02 1.925230608282329885e-03 4.342738551263727550e-04
2.061877500240093468e+02 6.850234505944309831e+02 -2.543003268465101853e-05 1.794688293610909730e-02
2.328937163257244833e+02 3.274009144287732056e+02 -1.100104469210276270e-01 -3.795378676102346693e-01
5.910371639704745803e+02 4.566548971505877148e+02 1.464833010456936552e-03 -6.177721986159554791e-03
5.122503148914422582e+02 5.025368817317966545e+02 1.999651349415847244e-03 1.031539467123933438e-03
3.257807034882015955e+02 5.043330278367058668e+02 -3.732811173559900768e-03 -1.281897752275568602e-03
1.130088960102479405e+03 2.080699253814493090e+02 -1.373703435659549485e-02 1.751182526385883231e-02
1.705815531302467036e+02 6.257081968404922918e+02 -2.415279657529621239e-03 -3.621970025689490863e-03
2.576512510608536672e+02 3.953610378226188118e+02 3.750204890152479542e-02 2.266336928530906791e-01
2.680582008386560346e+02 7.082064434675880875e+02 -7.834506629494468466e-03 -1.085455982456326116e-02
1.098706466303075103e+03 2.771130492483572993e+02 -3.147953322424187211e-02 -2.870959387513465910e-01
2.260416562254286532e+02 5.784245200712074393e+02 9.830066519625300925e-02 -2.998803109668539135e-01
1.156936321190795070e+03 3.729243285125685361e+02 1.288477924818195878e-03 -4.478890329336748105e-03
1.031533045351991859e+03 2.275074152560101766e+02 -6.147978989641313466e-03 -5.187591061680432020e-02
2.662587370406254763e+02 5.831471792108494583e+02 -4.502514538981557124e-02 1.592326270080149653e-01
1.954151989544817241e+02 5.198176440487135324e+02 6.038670110559948845e-02 1.143800721467317649e-01
2.386492705281640951e+02 5.446113609912769107e+02 9.910348712628574974e-02 2.514153976303622542e-02
1.201064574674628602e+03 2.544538571347814297e+02 -5.126068935167063696e-03 -2.347277116114449003e-02
6.716846869410902627e+02 1.080331458885464372e+03 6.228277857120035482e-03 1.017932522357807438e-03
4.803762157361903178e+02 4.452817420806310338e+02 -2.292446877122653048e-02 -4.273400155055879363e-02
1.085962544125530258e+03 3.134329016602071647e+02 -2.522717565772053180e-02 -2.382890459863414717e-02
2.999219450923194472e+02 5.499137600873002611e+02 -1.842602712186628289e-03 2.041591615999671996e-03
2.499131682412054545e+02 3.720525174411955618e+02 5.298128502038011028e-02 2.238229558710578548e-01
1.164259256137502234e+03 3.773343755688780448e+02 1.332707694492491629e-02 1.468432243312929467e-03
1.042348488487107488e+03 2.423892954033470630e+02 -1.288538572670728556e-02 4.794789942582269003e-03
2.265910404795106388e+02 7.157838111342740604e+02 1.557124167938676645e-03 2.912949226121178820e-03
2.676435748352855626e+02 3.690811185334852667e+02 8.145066550512543302e-02 2.537180466252171862e-01
9.799963460640755102e+02 8.520775780507134414e+02 2.000126504227220815e-03 1.702005215906415283e-03
4.920206966320017159e+02 4.478864987187021143e+02 1.303627708624178398e-04 -1.772844580018207274e-03
1.128069195634283687e+03 3.422008490836892065e+02 1.189467654204137085e-03 -3.991045354384800507e-03
2.296885554032963341e+02 5.419801131923741195e+02 5.097484784206365166e-02 -3.797316822708636797e-01
1.068091165795357256e+03 2.664878430540243244e+02 -3.559777746061239950e-02 -2.808008399291458956e-01
1.196165159308506873e+03 2.520350125432718187e+02 -4.527465605795639829e-03 1.750449053819429918e-02
1.124082911953007397e+03 3.409347802384571082e+02 6.508476829880561641e-04 -3.087905143473508845e-03
1.848555739810559828e+02 5.183845277971474843e+02 5.358796318214580079e-02 1.670738857716574377e-01
2.176912660935645647e+02 5.896332531325690525e+02 1.334530427749618109e-01 -2.533022174729978038e-01
2.800570204227058184e+02 5.983322607803875144e+02 -7.311654247205139068e-03 6.038729274668058755e-03
2.559488968763354251e+02 7.349449156587454581e+02 1.454652622260367654e-03 -5.206953776495997985e-03
2.252150517434670292e+02 5.984024072141000943e+02 1.678242592816079903e-01 -2.603727339205671454e-01
2.690123600352698077e+02 4.719076190936896182e+02 9.694552188464194281e-03 -2.568112275440141978e-01
9.730152526065077154e+02 8.675684259637508831e+02 5.876526887511704725e-03 1.313884152014537865e-03
1.894549698397192685e+02 5.866632342498028265e+02 -2.065837124118865848e-03 1.853475227847519542e-03
1.184467317247881738e+03 2.028121222590978618e+02 -6.401900229091794792e-02 1.201671962359556201e-01
2.623332073307914243e+02 6.477854500010942047e+02 1.717934943535015481e-03 2.574810515019779287e-03
1.177436426798209368e+03 3.155356629145076113e+02 1.844794610937679213e-01 1.965604451522305618e-01
7.708856666059870122e+02 3.983390351741754785e+02 -3.859420896515526004e-03 2.042601016988006279e-03
2.217492317043414971e+02 7.694670187602027909e+02 1.573736641568142854e-03 6.110681525325558847e-03
1.000427316255988330e+03 1.977573725102579374e+02 -4.082681790471201846e-03 1.678752641760915612e-02
5.281135593952541285e+02 4.886396163637151062e+02 -2.539921429599129032e-02 1.724060407149980920e-02
1.044426627769076049e+03 2.204062490769003659e+02 3.915025979947609099e-03 2.109102708575088386e-02
1.077641850692822118e+03 1.946939869470009228e+02 -5.085287410939500494e-04 7.497336328470390922e-03
1.158331809528755230e+03 2.338547021737867908e+02 7.740254740365524327e-03 -1.060807368574529300e-02
2.009363295784867489e+02 5.662691104619875659e+02 -2.374047546929926658e-02 -2.912222182106679602e-01
2.750894373765258365e+02 6.825907011464643119e+02 2.767465812596718415e-03 -1.049459602698465076e-02
2.524641303150897897e+02 3.594907366769919577e+02 5.243504688818680093e-02 2.791170497082278712e-01
1.888207964920985091e+02 5.104773424642635291e+02 4.857276429040672389e-02 1.644153797269266304e-01
1.036342860126607547e+03 2.358539409998315364e+02 -7.579687752424640879e-02 4.055997846640339161e-02
1.180336108087954699e+03 3.719482777125842858e+02 1.413432268374872555e-02 -1.221788436408128252e-02
1.213908209583898724e+03 2.245407014911979502e+02 5.710670557137106570e-03 -9.075420453480699881e-03
2.644600013271002581e+02 4.809913495313039675e+02 5.510107577752609148e-02 -2.298443160826798004e-01
2.012970042239109603e+02 6.698217804597931035e+02 -1.077380928325255560e-01 1.103754534862295411e-01
5.517357734026775233e+02 4.994910463642499394e+02 -7.755347499819369161e-02 8.310777846991704298e-03
2.199341465441985122e+02 6.089371563535657970e+02 1.113914264403372267e-01 -2.792291605958438505e-01
1.980276231845033976e+02 7.153220860667315719e+02 -4.051449328101463902e-03 -7.593739644204502634e-03
2.394629934961225217e+02 6.186870115233774641e+02 1.134974279932099255e-02 6.552529842896533119e-02
4.912248262091632682e+02 4.825033964539299518e+02 -1.953765217110955618e-03 -2.101831878232502098e-03
1.180390625876769263e+03 2.541080747289787496e+02 1.476832721557164683e-02 2.903289688475751973e-03
2.588133759788789803e+02 3.496962399625413127e+02 8.096284679218193614e-02 2.835735939298233976e-01
5.212605989671441193e+02 4.423613639154950192e+02 -2.698268125184335748e-03 2.010915312545835405e-03
2.449085905998947794e+02 7.100372478659322724e+02 1.266398579419370733e-03 -1.889921898246389948e-04
2.158451890968354974e+02 6.059267442559113306e+02 1.141250177772586138e-01 -2.841108435087056350e-01
1.018556783558043549e+03 1.788620217257210356e+02 7.112714266563242849e-02 8.133572167977128065e-02
1.372964965233372254e+02 4.951406367096868735e+02 -1.892141005864110270e-01 -2.130589636630819406e-01
1.262871839076883816e+03 2.950290902864165901e+02 2.756043918776809529e-03 1.171303568358129932e-02
2.353083615439883545e+02 6.410489055284967890e+02 -2.886401224389887124e-03 -3.255573971644858643e-03
1.200641331984698354e+03 3.257900794758396046e+02 2.661546406985566549e-01 1.819259183201831498e-01
7.836725821732339909e+02 9.598861538359183214e+02 -2.336797544338572313e-03 2.376320505221082326e-03
1.035292831475376261e+03 2.831846761880670442e+02 -3.164278966091887274e-02 2.156936528541282885e-02
2.765778980462013124e+02 4.856265207196592542e+02 1.508950845741546809e-01 7.373364467080271989e-02
2.495429693683893788e+02 3.453993246392282686e+02 8.599015469229388808e-02 2.811651744437775879e-01
2.424213690810885282e+02 3.629305897381321415e+02 -1.112582115917315762e-01 -3.185470501922588182e-01
2.794743614164017913e+02 5.756962528171568465e+02 -9.784829357588725740e-02 3.860177173500489722e-01
1.164140940831929584e+03 3.080227931939688233e+02 1.784104829944654080e-01 1.524594666054916725e-01
6.657514853900695471e+02 1.078348924080964025e+03 1.395044232424987691e-03 -5.944794731796251190e-04
1.051950222726141192e+03 2.992894940822960166e+02 3.472485849877305231e-03 -9.694104546923935223e-03
1.216621080190037446e+03 2.814237828517693174e+02 8.905263052590928425e-04 -3.761948107099030367e-03
2.648460962148511726e+02 6.865090760560299259e+02 9.686141365181815885e-03 -7.156007837447939373e-04
8.779596073908913922e+02 8.697827778945992350e+02 -1.121115500460192517e-02 -4.999265200610514444e-03
2.842621892281330247e+02 6.776113740166739490e+02 2.091265686213449396e-02 -1.774739716128945861e-03
2.083105271244007213e+02 5.148641254796787052e+02 6.750932420753669172e-03 -2.303394257251394420e-02
2.177193828948781231e+02 7.712095635662002451e+02 -3.004848165003036475e-03 -3.606384028089586018e-03
2.132011434717394991e+02 5.458798828229779474e+02 1.018044493611153789e-01 6.232524316533159803e-02
2.434331440414346162e+02 5.116828641843062542e+02 2.250920604343058240e-02 -7.312900815350639738e-02
1.103612612341280965e+03 2.174090802432374687e+02 6.631952666224389878e-03 7.761019989943903838e-03
5.204649354106946930e+02 4.329525848505290355e+02 9.753400404136273560e-05 -6.386674492555830494e-03
1.699282302243175025e+02 5.266933551945001000e+02 8.691629950956133999e-02 2.127359232513130749e-01
1.007971369753558406e+03 1.830782521795090076e+02 5.942113205795333114e-02 8.532186287288823223e-02
3.014454408539127712e+02 4.944694427434652653e+02 6.211157622271687440e-02 3.148246287122790088e-01
5.426409353647512717e+02 5.110392273722563345e+02 8.817588183217027822e-03 1.533110862414440584e-02
1.130530843116381675e+03 2.191436826743842232e+02 7.837076275602230385e-03 -8.429938206550295632e-02
1.270848752321637676e+03 3.696741441365140304e+02 3.149250959361212243e-01 5.796136626635121220e-02
1.191533745548130810e+03 3.863292396477377224e+02 -4.081300979742711818e-03 1.448612618227037672e-05
1.225580377455893995e+03 2.442842826780004941e+02 -4.239143734341971467e-04 4.314356029378853263e-02
8.386139095181395930e+01 3.339998749242378153e+02 3.888171620352179510e-03 -1.604213099390468461e-03
4.648568324900808193e+02 1.099832891897073523e+03 7.095805218097716270e-03 -6.841968885724007514e-03
5.465419411056802801e+02 4.910872996150922631e+02 -1.060632218059929643e-03 3.808729668084071419e-03
2.533548403954677894e+02 3.355374540122185181e+02 1.062897992547332249e-01 2.638286719655197898e-01
1.738032314979492128e+02 5.108501997964938255e+02 9.050654125836204988e-02 2.002279112585527709e-01
2.103448833802714546e+02 6.208198378304974767e+02 1.629785965121980096e-01 -2.656722982917933407e-01
2.066831314253450103e+02 5.916318423771084554e+02 1.909750270953605999e-01 -2.975148020752682587e-01
1.183657830223218525e+03 2.444177107743603017e+02 3.797840367167169828e-02 9.801815513474938096e-03
1.270876398011312403e+03 2.941400038939191859e+02 3.070241802594981823e-03 -3.765341306171933033e-03
3.109079684781381729e+02 5.496354683722896652e+02 -7.426678575862045474e-03 -4.744059703455713074e-03
1.027459416069995768e+03 1.943988102289696656e+02 9.919951539280524519e-03 -2.602690294880835847e-03
2.070756251520373894e+02 6.166989537608529872e+02 1.591333053348953641e-01 -2.566803386117433861e-01
2.067949764286510117e+02 6.367279546854065302e+02 9.424013287548799189e-02 -2.720920875246378157e-01
1.117145971060188003e+03 1.953390725191364652e+02 -1.604165088692392424e-02 4.087173047777793028e-02
5.618879395313015266e+02 3.941875478861260262e+02 -2.357812217222108068e-04 2.713785209049218283e-03
2.379373181804352555e+02 5.721389400006898995e+02 2.379671951419735088e-01 -3.316949733072281359e-01
2.749775576790706282e+02 4.638038794628724304e+02 3.881791755294544677e-02 2.578448954879141719e-01
2.587163280806809667e+02 3.275277579981692497e+02 5.968644224934914477e-02 2.690555891429034507e-01
1.204773061194345701e+03 3.466524679817418360e+02 1.914348076916842865e-03 -4.505837865547344251e-03
1.018399804870756498e+03 2.341366978943780452e+02 -4.066339777463358340e-02 -2.174722021091170937e-02
5.948654935255102600e+02 4.819872465578029050e+02 -2.970488368424583237e-03 -1.702657786342844787e-02
1.314745345541740789e+03 3.481565528302398889e+02 6.312537769303847024e-02 -2.334790187891055274e-02
1.111997977085317643e+03 3.189726011945892878e+02 -5.508513262501953806e-02 -2.009815023352879218e-02
1.288969921600854377e+03 2.906573688612335218e+02 -1.444835324606390378e-03 -7.543357419906712366e-03
9.912682957195013387e+02 2.010711227006846684e+02 -7.752349056046780457e-03 1.209529515304524558e-02
1.146005823787100326e+03 3.722596155665606830e+02 3.516687896197902459e-03 -2.862180721194255116e-03
2.549443829234636212e+02 6.646351604839329639e+02 -4.800335370862397570e-05 -1.400669412038662957e-03
1.136700965347939700e+03 2.389298302686958380e+02 1.265598238930606100e-02 2.042495310559946865e-04
1.170609559387420404e+03 2.504914664209424302e+02 -3.724841733851057268e-02 6.878351865055935821e-02
1.302254582474469998e+03 3.345138386006198630e+02 3.418777600666922933e-01 -1.199217556668434603e-01
1.072066515287901893e+03 1.672293253673197171e+02 1.071428511583109311e-01 9.116716834498275746e-02
1.141653508072004115e+03 1.664901464785827443e+02 5.670323216337589019e-03 1.527876552036270819e-01
1.119046889985770804e+03 1.841761508092123449e+02 1.641536239422649451e-02 -2.661478327536484154e-03
2.890351051862559189e+02 6.006447090671168780e+02 5.796714040435731706e-03 -8.657287901123348955e-04
2.898711157052925387e+02 3.183090576464189780e+02 -7.175255559101489933e-01 -2.323465938937233854e+00
9.227467799122593988e+02 8.922757620578227034e+02 6.891874950425327939e-03 8.908107551668187005e-03
2.043821233171065330e+02 6.052833613040352247e+02 1.969132323153842956e-01 -3.432106737400689167e-01
3.600388928260529156e+02 1.090470614219490244e+03 3.515257901904821347e-01 1.031687445600543290e-01
2.510427921183458864e+02 3.227079873721091872e+02 7.439029536427489708e-02 2.585270906444639971e-01
1.060527499220828531e+03 2.301480288498533184e+02 -1.989925652173343829e-01 -1.654561441546911413e-02
1.233461146574557461e+03 2.867474144550834012e+02 -1.968860622657464879e-02 1.936573053333604660e-02
2.291609980364717671e+02 3.365620133305848185e+02 -8.028580001973778524e-02 -3.450744202336318289e-01
2.114124045213421823e+02 5.415103883534255829e+02 1.117811862586474692e-01 1.073566739725207025e-01
5.909133838928709110e+02 4.778763228873704634e+02 6.870507611815450388e-03 -3.405262631629441938e-03
1.994531264614392114e+02 6.305804136689936286e+02 1.115836370461663341e-01 -2.905118363847749019e-01
1.129585002069889015e+03 1.790638546461826763e+02 -4.321254705313783465e-04 4.480500427358900112e-03
2.782591451739903050e+02 5.398057789398887962e+02 -9.564870014763766914e-02 3.227505106932956336e-01
1.218025696239502395e+03 3.313224950706872960e+02 1.238601533564336332e-01 1.323754722568312378e-02
3.575433674558154848e+02 1.097076138195831163e+03 3.297698771394694250e-01 4.846252502496252446e-02
1.030583589821709893e+03 1.870213150645620317e+02 4.589871718098947895e-02 4.597287282276096843e-02
1.026492277917229558e+03 2.645635293077320398e+02 1.052505810170628955e-02 4.170465627674112968e-02
1.111471501930094519e+03 3.499863299122163198e+02 -6.535413894110629618e-03 5.410808934861691122e-02
2.596768529353520876e+02 6.020031058268284596e+02 7.532036159066385697e-03 1.850510168597536628e-02
2.731225965328280836e+02 4.329045161018941599e+02 5.698409024632319908e-02 1.724388927145185380e-01
1.125574269086726872e+03 2.165933570095037339e+02 -8.345847786392485840e-03 1.694078198694781018e-03
2.464316225386727126e+02 3.303065802639058006e+02 8.149258484568398797e-02 2.796214437552371757e-01
1.204088748601060843e+03 1.999593639085907739e+02 2.901280024756001941e-03 -2.923627562447389527e-02
1.260185249816099486e+03 1.957846477931304605e+02 1.085166222634539315e-03 9.680611006313208627e-04
1.217539721364098568e+03 3.724829158809816931e+02 -2.036679756225332968e-02 -1.939823686473794283e-03
1.232044863968431656e+02 4.331080364637635398e+02 2.135424514240588934e-01 3.079413623579253523e-01
1.008164507030923573e+03 2.107809781636559023e+02 -2.683019946832948446e-03 -1.194711090587958027e-04
2.395219697692737100e+02 5.562008445966260979e+02 3.098094167868165050e-02 6.292748067975557913e-02
1.994437524886091637e+02 6.089816423524789570e+02 1.825563361382236405e-01 -3.417878909417966793e-01
1.952077221286452300e+02 6.776549192673460311e+02 -8.243165747753529449e-02 1.537535023757331809e-01
2.404298544083113995e+02 5.982694568168112710e+02 -8.849624786514685704e-02 2.270969186110476379e-01
1.060783695059533784e+03 2.706191124265965300e+02 8.028334396126726724e-03 -1.904768103823498426e-01
1.171058694166722034e+03 2.143663747847197385e+02 -3.610383843807080800e-02 4.268171459734015905e-02
2.499657973577001826e+02 7.145310554966589507e+02 -7.974391665659469330e-03 8.668368772710478148e-03
1.047607759209444112e+03 2.717090914850748504e+02 -2.370113850418528213e-03 1.068170177489214875e-02
2.594656068086729874e+02 5.536813697316439402e+02 -8.369358317069516828e-02 2.018263774935682153e-01
1.107174755028319623e+03 2.299356856179810507e+02 1.932829085217911344e-02 1.773423714773528573e-02
1.181819470617860134e+03 1.762270996373817979e+02 2.024977865547646777e-02 -7.188151836174404286e-02
1.304540294540788182e+03 3.237535374551654854e+02 4.293623096211268697e-01 -1.250482599387915394e-01
2.724215934673648007e+02 4.137475774692440496e+02 6.165218190209496157e-02 1.788445048726914344e-01
2.834556025647291335e+02 6.172848474851922447e+02 1.109383387944555405e-01 1.587133032891188122e-01
1.709499295726274397e+02 5.326756502143402940e+02 9.461825558817689441e-02 2.256057789382233392e-01
8.860263487039057964e+02 9.296873129237357034e+02 -2.813715046567501644e-03 -6.475860657201788003e-05
8.210135361731718717e+01 3.420330357098219451e+02 -1.071273743370907208e-02 -1.094580217772026520e-01
1.087895242956741868e+03 3.316741376845433251e+02 9.662021740433094849e-03 3.681989555506073094e-04
2.849299417064168551e+02 4.850742453840571216e+02 6.161743299667824664e-02 2.084029577523512367e-01
1.161854657768805964e+03 2.341072899732158703e+02 -4.124461949020157003e-03 -4.898683568278061791e-03
1.298954274135138576e+03 3.152960069046159788e+02 -4.456515153874129019e-03 4.235950751028228628e-02
2.122557433058111371e+02 6.641626373199878799e+02 7.291608218486877666e-03 9.778545944475872109e-03
5.742659095809605105e+02 4.065952268474495099e+02 -3.190099026510054628e-03 3.128730704204180785e-02
7.888951967087433559e+02 4.106959174949430462e+02 2.746977650462559956e-02 3.846672051738866255e-02
1.924399713647397618e+02 6.037763924413167160e+02 1.823768609257085949e-01 -3.400290449172713725e-01
1.077253578308971328e+03 1.609779141544752292e+02 1.161383124670257727e-01 5.299348057186821503e-02
1.158714488121933982e+03 1.460756088028856539e+02 -1.129699198098717099e-02 1.758110911991861425e-02
2.698495847038865918e+02 6.002848116949793393e+02 2.819610733699745228e-02 1.878863688235831997e-01
2.423424317582764331e+02 6.742698851446008348e+02 3.101219774466395206e-03 3.385073921940106884e-03
2.373875307702086275e+02 3.192137794116971463e+02 7.130355697585973040e-02 2.805318194555099787e-01
1.021473058877612630e+03 1.644983706320369947e+02 2.388392231300185201e-02 -5.503061692119769199e-02
1.185556466048541097e+03 3.514389000025804535e+02 -1.951739565579280536e-03 -2.943816326704942060e-02
2.279357812623496784e+02 6.264748890449479859e+02 -3.204406581136957227e-02 1.990435495506212571e-01
2.040304912139060320e+02 6.452611058988894683e+02 1.978733687718111089e-01 -3.017629117041627507e-01
1.046455497458066702e+03 1.679321421537897834e+02 9.672509577282988047e-03 -2.046480941902323672e-02
2.355721123502450496e+02 6.517992575561116837e+02 1.723020266951733048e-02 2.706860163474582304e-02
1.041178831639151667e+03 8.557969468232838608e+02 1.091585146256253067e-02 -9.865090706352930977e-03
2.428643855988668463e+02 3.173761126610023666e+02 6.949689051335769530e-02 2.646248891417560256e-01
1.049267803053686521e+03 1.786994829246087875e+02 9.430678531570784199e-04 2.034718559731492089e-03
1.183767834013255111e+02 3.940760665557755829e+02 -1.713284354288598932e-01 -2.335977424051352003e-01
1.187720138640826917e+03 2.561876377498096531e+02 -2.957557222292622398e-02 1.688038334906029683e-02
1.147565674527078272e+03 3.559543566918208626e+02 2.273176895694352904e-03 1.016570605544352482e-02
9.819670674794197112e+02 1.783022242825414310e+02 -1.584281106548057066e-02 -6.390752557695123133e-03
1.038639251231085836e+03 2.064153822991008269e+02 -3.948349174062665973e-02 4.958217361829579672e-02
1.928504112661308341e+02 6.399985139036447208e+02 1.176400577772290651e-01 -2.824915133384605648e-01
1.044812392250135815e+02 3.943197769615367179e+02 1.539585002466441477e-01 2.347673391557306977e-01
2.662512694855669793e+02 4.003493686502725950e+02 5.959178381437041372e-02 2.231762479783583331e-01
1.632007817436251287e+02 4.984205931884042116e+02 1.666742368773577454e-01 2.308834700639806059e-01
1.101836750720015971e+03 2.427476782871096077e+02 -4.341215747312100921e-03 7.045719615813643422e-02
1.180487182706972590e+03 2.445255787227553412e+02 -2.536693667709922963e-03 4.183948277464486637e-02
1.181022132768881193e+03 3.329450792662499907e+02 3.722161336244415863e-02 6.120068152075467532e-02
2.796625262218348098e+02 4.909033188970926176e+02 1.212842760029401862e-01 1.558031036125826774e-01
1.073832493700441773e+03 1.907227454507383868e+02 1.963184840403415891e-03 3.936152053599285827e-02
1.081386056473072358e+03 1.899505654145175697e+02 -3.725747955101015724e-02 3.830593481071482148e-02
2.530803731445613778e+02 3.081365656265561483e+02 5.982056955288177907e-02 2.507339116333923701e-01
1.029636807516783847e+03 2.478402906302084148e+02 1.288741547584911157e-03 -3.788333488933550569e-02
2.918579227829314959e+02 4.896174904713060982e+02 1.997790493382602811e-02 2.754845153533538316e-01
1.396562984765908766e+02 3.882325662743540988e+02 -1.991581833257505610e-02 -2.344305709229319024e-02
1.685147889367121081e+02 4.981844281956509803e+02 1.316180517167005182e-01 2.381711378483897801e-01
1.905419717236435986e+02 5.178761571594393445e+02 1.041035950132671167e-01 1.408901127567309397e-01
4.824022973886243904e+02 4.494256332242984513e+02 -3.338881656137628745e-03 8.628851307823962383e-03
3.715940651138163275e+02 1.053440385437322220e+03 -2.877391737503630191e-03 -3.206867925200640457e-04
2.685034287602412633e+02 4.933125134045231448e+02 7.794157738321855211e-02 -2.321955698294264625e-01
5.600135729789091101e+02 4.185737189079086988e+02 4.896898772726054373e-03 1.137125750660378590e-02
1.186525269151697103e+03 1.858870296948012708e+02 5.731145632179179654e-03 3.646887923275243110e-02
2.164564749105831254e+02 6.691281493947432182e+02 -1.165096967556396345e-03 1.201098719658558016e-02
1.159698159561061857e+03 2.498360839558552016e+02 6.382263485287797966e-02 3.827089216551299300e-02
1.152130594457938884e+02 4.337615409097818429e+02 1.984548921664766041e-01 3.277935530886177951e-01
1.024367308470621992e+03 2.795547836694298667e+02 1.060966137879847289e-02 -1.507683186020494087e-02
5.021728358260176037e+02 4.817737731088382702e+02 -1.084522870325680538e-02 -7.265410863126183297e-03
1.171332930725544657e+03 1.833531819603004180e+02 9.942788439825801794e-03 4.115833687751883213e-02
2.767326153522914751e+02 6.346728640135668229e+02 8.035543271703497401e-03 -8.034412485142783042e-03
1.973189932935987088e+02 6.501730645402457185e+02 1.734169503992092909e-01 -2.932572153574680707e-01
1.037344289552677310e+03 8.598833455170712341e+02 1.360267905714277088e-02 -5.240357408265900428e-03
1.077822810582597640e+03 2.231990297686776898e+02 2.535469255806068259e-02 -1.107327847419954520e-01
1.197752791355099362e+03 2.278804601523085012e+02 4.224342913281968243e-04 -5.775922755541766478e-03
2.469669414548937141e+02 3.052026934335679584e+02 5.488770656213576987e-02 2.299723950679383455e-01
1.389524453313459844e+02 3.978671482182274985e+02 8.516446706377448341e-05 9.816466975570853088e-04
1.205440601379958252e+03 2.595006683051150844e+02 -1.538817743472783387e-03 2.065682933929998549e-02
1.215777330626093772e+03 2.697211951931211615e+02 5.847220629723201557e-02 1.952418041301254292e-02
1.123809619159651902e+03 2.081086309675206394e+02 -4.289002806028093667e-02 -5.010721749501238081e-03
1.125231828156352321e+03 2.420782287654818674e+02 1.333903910027022244e-01 -7.951744552203281191e-02
1.907276670013475552e+02 6.250229654225963714e+02 1.844867256991554461e-01 -3.301589408244194890e-01
1.153005310476474506e+03 2.259650808378577835e+02 -1.032814303822407118e-02 2.859650005630874625e-02
3.130415546420666715e+02 5.540506172312186663e+02 -2.646100769264908038e-03 -2.074353583643705548e-03
2.788513654647277917e+02 4.009383236074935439e+02 6.524853473793197634e-02 2.238225258326859979e-01
1.139022705946986662e+03 3.890726252492723347e+02 -4.087784968440143847e-04 1.148954840341566939e-02
2.320724822992256406e+02 3.105693435433576610e+02 7.798873990918479826e-02 2.890051562353562753e-01
2.897661874390810794e+02 4.429314035830940952e+02 4.461920852441667723e-02 1.328162093916613051e-01
1.010299803864077489e+03 2.336200500270797704e+02 -3.017496511119384384e-02 2.010113253109678810e-01
2.391529690878049621e+02 3.097686294656984956e+02 9.191429392369385165e-02 2.841653749850750477e-01
2.096819603110026549e+02 5.349532574286623685e+02 1.715812731506925204e-01 -2.972731460889790900e-02
1.047162350813654712e+03 2.105221647638615536e+02 -5.957033620665483364e-02 6.045417351489385666e-02
1.094222781860346686e+03 2.261059714216021064e+02 -1.064756120371124076e-01 2.973494219102242875e-01
2.132333625631648033e+02 6.326195111933718636e+02 1.565332760442384452e-01 -2.314359389079691243e-01
2.077325078813866810e+02 6.010518815692145154e+02 1.597916234949388337e-01 -2.886956662619302172e-01
1.001074201962644565e+03 1.723184597613231404e+02 1.708941581864736881e-02 7.446378906281707344e-02
1.186860186691709032e+03 3.266635402253618281e+02 2.452084322944549644e-01 1.798442104495949767e-01
2.537374626008937071e+02 6.223440484466864291e+02 1.288274763915396581e-02 1.383607109124279123e-02
1.884770403877593594e+02 6.832344385368463691e+02 -1.213393587913449700e-01 1.743535900808410588e-01
1.026258971719127430e+03 2.427822154370158785e+02 -1.915207653603800964e-02 1.387828212887898260e-02
2.338979375069262687e+02 5.469292582834827954e+02 2.626453858492761029e-02 4.449569442388323637e-02
2.592924201122136196e+02 7.534260158617090610e+02 1.453279587769162797e-03 -2.953576731025956640e-03
5.161287675759706417e+02 4.744983767541484099e+02 2.543481330391269678e-03 1.286686134573569035e-02
1.191501761807097864e+03 1.737206074841339785e+02 1.547376940597968570e-02 -5.316898778595936098e-02
1.225380959494929584e+03 2.576808074922997207e+02 4.188390837969329511e-02 1.370774801178563720e-02
1.074175596185365976e+03 2.185470656660001509e+02 1.096600463262772940e-02 -2.457917799106456788e-03
1.124357354943419296e+03 2.348745770186334028e+02 4.565974666499388220e-03 -1.778475854741389667e-02
1.255184682371592999e+03 2.938930135754146136e+02 -6.667686482067393394e-02 6.633456171785189620e-03
1.109202560870501429e+03 3.628583867038835820e+02 2.029787123852716622e-03 -1.148859350503598185e-02
8.816818003097214387e+02 1.100582809815261271e+03 1.553404408342117318e-04 3.825469608109117277e-04
2.133086320718001900e+02 7.091858667903842388e+02 -1.649608927480670020e-02 -1.403085564080333407e-02
1.832400077683602717e+02 6.163013815261483614e+02 1.675505637888476396e-01 -3.445763220781553615e-01
2.490314570703083916e+02 6.830447414804629034e+02 -8.896438288185835874e-03 1.491532559983930854e-02
7.531674868742957187e+02 8.451963513910184247e+02 -8.067802007908061795e-04 -1.221709302313412661e-03
9.879888598359617617e+02 1.745080402163455915e+02 -5.147114034906102170e-02 4.026780830896571628e-02
1.223270864997313538e+03 3.772931436819296778e+02 -3.658857085180732688e-02 4.630833120181809121e-02
2.225095642139851577e+02 6.275311624413022855e+02 -4.545882146232274601e-02 3.184640606217271630e-01
1.115677409139933616e+03 2.216846419209223598e+02 -2.011072088942422037e-02 2.546838661224205130e-02
1.301990875744952291e+03 3.496282865522054522e+02 -1.537580052559793346e-02 7.637101483603327134e-02
2.442280480945475176e+02 3.376590210257450053e+02 8.419762008551320842e-02 2.787894046232760048e-01
2.523289279195163317e+02 4.220647840463887519e+02 -8.425627605649578522e-02 -3.558792309714292057e-01
1.272352746540385169e+03 2.749657646722876621e+02 -3.987877555192117368e-02 -2.347978355191994160e-01
1.035641782790689376e+03 2.994647866208116511e+02 -4.029026578551180710e-03 -1.523008375767832302e-02
1.142348706613374361e+03 2.186165302878325463e+02 3.132839837929587978e-02 -6.281845236819641465e-02
7.417851787552471023e+02 9.595820039624074980e+02 1.872840817690338147e-03 1.372341789566287580e-03
1.111652102174799666e+03 1.720767133368954376e+02 4.241551279545217185e-02 9.311028872154597513e-03
2.428923843734823720e+02 2.987230614261355299e+02 5.751056474149379705e-02 2.049405044338823145e-01
2.245736635663435834e+02 7.557686419775978948e+02 1.726458297825445368e-02 5.362548954854674116e-02
9.441239379618841099e+01 3.344718203852586385e+02 -8.532133244347399424e-04 -1.237702342557997492e-02
1.080321507526526375e+03 2.697524087527056054e+02 -2.236327601994329284e-01 -1.410672861541139023e-01
1.047148830053707570e+03 8.511724468066206555e+02 7.834605033784620629e-03 1.239002077720298758e-02
2.309803343241674156e+02 6.015512246967152805e+02 -8.879790402910714420e-02 1.798225247376166180e-01
1.037217352806157578e+03 2.217281239633465191e+02 -2.029135379795523469e-02 3.797208088358385719e-02
1.131525719544453750e+03 2.384557999248357305e+02 -5.061378811951825624e-02 1.144307648259813501e-02
2.339840003835068671e+02 6.760708168895023391e+02 -6.448005751749356917e-03 -1.940035536849741768e-02
1.039881284435454290e+03 8.619883633328204269e+02 3.006687153628678430e-02 2.924463659897098746e-03
1.082594995983030458e+03 3.018835908365807086e+02 -6.273009915842825412e-02 -3.117970799256707393e-01
2.230073706095047044e+02 6.682134688527713706e+02 3.031760326438314931e-02 3.898662709297393003e-02
5.355965262228277197e+02 4.648839026016188427e+02 -4.389866099879941204e-03 -1.588122301705182076e-03
1.102990111704596529e+03 2.048201730685780717e+02 3.062432970617983211e-02 2.176228232786027172e-01
1.181886237252957244e+03 3.590876960727751452e+02 2.330560720897770915e-02 -6.060899513070892863e-02
2.498043627913154126e+02 2.961114434964189286e+02 7.578140948137550292e-02 2.055961412447483705e-01
1.282657543940866162e+03 3.247755824569572951e+02 4.485580531347100885e-01 -6.529819343013189281e-02
2.052571297686527885e+02 5.637022736803785392e+02 -1.469124179317101986e-01 -3.387284829451573387e-01
5.025814706620048469e+02 4.401546783376900294e+02 1.095930962471617504e-02 7.245684460577156427e-02
9.922099040033532447e+02 2.270142903228007185e+02 -2.928924551740027041e-02 1.316492309861860277e-01
2.750489567659108729e+02 4.517196047856623409e+02 2.313847062826113188e-02 2.295145611863347312e-01
2.957652682481940474e+02 4.962690126954562970e+02 3.888386229571239028e-02 3.120977883281128018e-01
1.223954213278997031e+03 2.702250300038587625e+02 7.656449135427578767e-02 -4.385936266409942025e-02
1.914821581310829117e+02 6.669228723733498327e+02 1.477201364595465694e-01 -2.486507997581838825e-01
2.464780331856210864e+02 3.110063450700580461e+02 3.671900493972803103e-02 1.598571023615136255e-01
2.803897560866813023e+02 4.987935865221427889e+02 7.436689278276641113e-02 1.993916549266422922e-01
1.053486468058878472e+03 1.568071024341443547e+02 3.577539529133282881e-01 -1.839467781196552076e-01
1.129624503635844121e+03 2.282173148710820385e+02 -3.896358892473615783e-03 1.017496106471813509e-02
1.171828333052975495e+03 2.278152450577970285e+02 -2.006961821179007247e-02 4.964309533162903493e-02
5.304674912295672584e+02 4.348594921608081449e+02 -1.437080261021529129e-03 1.708203685380776590e-02
7.833476109231194187e+02 4.023558464212751460e+02 -7.872166349782956651e-02 7.092343167329624720e-02
8.096415632514941763e+02 4.235141948655056581e+02 7.868415223190429811e-04 2.094913968356785280e-03
1.125667180078231468e+03 2.277334428025952491e+02 -3.514486080251952999e-02 9.263888899450292702e-02
1.098362591409674451e+03 2.471134293463921665e+02 -1.584157514147394681e-03 1.132701182204736735e-02
1.196632319720887381e+03 1.843184463154851187e+02 1.466116592631486713e-02 -6.025618260182039748e-02
2.805534140320476695e+02 4.418366894507944380e+02 1.189080866305245246e-02 2.094987458712706807e-01
1.517993691089409936e+02 4.547016765417285455e+02 1.401639792940616996e-02 1.118148160615027760e-02
2.627566484104178244e+02 6.911390064643267124e+02 1.360008536342623695e-04 -7.930313893379233037e-03
3.690611701791382870e+02 5.184089483549964825e+02 2.858086620598701902e-03 1.115017368201084297e-02
1.092566363161145318e+03 2.261282137449832419e+02 3.250048356256748927e-02 1.137117966430594151e-01
1.137649373779521738e+03 2.133751349931678760e+02 4.465188727926942824e-02 -1.110349353351482854e-01
2.515811700756593723e+02 5.376648738370945466e+02 1.310565283589320562e-01 -3.158499106900957698e-01
2.753333307100343177e+02 3.909019268376845275e+02 4.798634021432569841e-02 2.414864746743570212e-01
1.133804818810827783e+03 1.909842502265450150e+02 -4.747715119106701853e-02 3.524500477095671158e-02
1.021593307279256464e+03 2.105621240489996637e+02 1.498950806980554537e-02 -7.053887568255845508e-02
2.176068551426906481e+02 6.626525275006208631e+02 3.199413718562863634e-02 5.585140532273873831e-02
5.598271712911761142e+02 3.901702303347769885e+02 5.949667458900986501e-04 7.833353036076143305e-03
1.505905971143697002e+02 5.272585353298576365e+02 1.778140937391015086e-02 9.344003302279091372e-02
1.033802959767338962e+03 2.307574348073334249e+02 7.948795078821291327e-02 -3.017688701706529031e-01
1.007802215249673509e+03 2.562799301544252444e+02 -2.393860315706319852e-03 1.510970833126101809e-02
9.615089460325128812e+02 8.733531225282954438e+02 -6.943460625485897708e-04 -9.722558059301888989e-04
3.991054805129815009e+02 3.401701980863392123e+02 3.866104109401784380e-04 -8.998453416198469793e-03
1.138853069242506081e+03 3.021619694681530177e+02 -4.998957050590375206e-01 -1.158324217258525392e-02
1.096165306517095246e+02 3.838507850259832139e+02 -2.434948240674638525e-02 4.020611154303272428e-01
2.365881234559567190e+02 5.265228000903645125e+02 2.022289226382866789e-01 -1.848930444890508340e-01
1.090897219805402528e+03 1.876583085847612438e+02 3.803416162238591053e-02 -1.279498504257171876e-01
1.044496457245725651e+03 1.927343038712506598e+02 -2.720231400207921979e-01 -3.383508408089379027e-01
1.019232224861911163e+03 2.192667917611457540e+02 -1.468154350700387988e-02 2.019654180521494521e-02
1.269064376111297406e+03 2.851792960958754293e+02 -4.499954181558980977e-03 -1.536812476670528782e-01
1.035441931342474390e+03 2.759429496945311939e+02 3.399321346838907187e-02 -2.131734834574868301e-02
1.176661657857435330e+03 1.948716615068249780e+02 3.045373817061427721e-02 3.619935118699647240e-03
1.096160892434064181e+03 2.019574614349151318e+02 -5.730842522970241298e-02 6.458723364093950370e-02
1.254478287198069893e+03 3.520215862996993224e+02 -3.621863186288659664e-01 -1.268935620271268438e-01
2.177359542101546879e+02 5.408629609043489381e+02 1.017512747040346527e-01 5.706224972740463891e-02
2.810123524700548501e+02 6.492563822054376033e+02 1.008846488482463728e-02 9.083583711439148500e-02
1.087082362839200869e+03 1.883966598521384412e+02 1.501532034731267451e-01 -1.749379519159051377e-02
1.101679646199511581e+03 2.302141598918367151e+02 9.667661718410475169e-02 -3.310404032656900919e-02
2.661921363963847966e+02 5.703092360566887464e+02 -5.419675883126518628e-02 2.449740597119132446e-01
1.150089502315953496e+03 1.877073401935253685e+02 3.047545746502377390e-02 9.779564442045249328e-02
9.507129426710165490e+02 8.983365476648092454e+02 -6.395477555235209999e-02 5.828222114911341123e-02
2.608943284141202525e+02 3.690692724989551721e+02 4.518891629012387195e-02 2.032507855751805315e-01
2.645390497483796821e+02 6.737530783524870230e+02 -1.256097973987380188e-04 -3.205637091014068574e-03
7.940475196589615052e+02 3.808121645970352347e+02 -2.577300568286489124e-02 7.165677518907879844e-03
1.112394733930442726e+03 1.544715587826197236e+02 1.247395710261116619e-01 8.538910003545059635e-02
2.427569658144096820e+02 3.316517001226540629e+02 7.775742753062415968e-02 1.714181865203173727e-01
5.557992258065673923e+02 4.926850608077091351e+02 2.233704936498804271e-03 -3.034630826195562625e-02
1.113366896371597704e+03 2.165997921882444643e+02 -3.614564700114897278e-02 4.937222743019546028e-02
2.362440905461943146e+02 3.450493038720018717e+02 -1.103412902413496849e-01 -3.038813893615394113e-01
5.176744968907883049e+02 4.579223076422703116e+02 1.735210972813919575e-02 -3.118005082786174179e-02
1.076281956877535322e+03 1.808581730222190060e+02 5.585815009732703756e-02 -5.537783575482018578e-02
1.077707710692194951e+03 2.035794364132030978e+02 2.617416414429126967e-02 -4.220206276076252094e-02
1.145982718212574127e+03 2.842491967211268502e+02 -4.103735667312093938e-01 -3.186282523391190113e-01
1.264049389801277812e+03 2.828215218771507011e+02 -5.202056450246510949e-02 -2.190681673992855849e-01
2.545725178085135383e+02 5.467375029234124213e+02 1.188583314462903218e-01 -3.087303827983460258e-01
6.494522049315074810e+02 5.130566477980976288e+02 -4.050446132184374638e-03 6.643287405111406030e-02
1.078623673424208675e+02 4.244229645025111495e+02 1.910815043302238059e-01 3.511271615374821353e-01
3.067513355078169184e+02 5.170676310688551212e+02 -1.395754066978346052e-02 -8.858187357214947211e-02
1.046158808190340778e+03 1.587387729217356593e+02 4.869932683498496839e-01 -2.301449227847618684e-01
9.305507324800869355e+02 1.902234857930386340e+02 -3.693941507104964161e-02 -3.622075702248090529e-02
1.058984845961538667e+03 2.252213068337857180e+02 1.417630289459209103e-01 1.302131022815756212e-01
1.217263571116018511e+03 3.448980457327728573e+02 3.215926081887638538e-02 1.274896898138259960e-01
1.264481513888721111e+03 3.803976545563297691e+02 2.023268973471312182e-01 5.154990289842197732e-02
2.233401455377050979e+02 7.077509058658035883e+02 3.726888331213390471e-02 1.188913200272141008e-01
1.019782386212724077e+03 8.061818819202467239e+02 -1.565078737939984421e-02 -7.551370812133687514e-03
1.067639836635183428e+03 1.967276833557860414e+02 -1.770009855351872786e-03 -1.249104705885884046e-03
1.095903147149980214e+03 1.924998497753495315e+02 2.034675109898216872e-01 9.802026305229247227e-02
1.068973999880820884e+03 1.989070196420414334e+02 9.978193417741750004e-02 -2.456214463836403072e-01
1.160964069855442858e+03 2.544904341854228278e+02 1.635128845732651895e-02 2.414566200945955556e-03
1.256087804433656402e+03 3.045939385622218651e+02 9.958934235214655928e-04 1.952440162177140198e-02
2.369026439675029678e+02 6.503904338607254658e+02 -4.814683536540087690e-03 1.032832545377004863e-02
2.752013770101240198e+02 6.696642235953083855e+02 -6.730217596194165361e-03 4.839047914049388055e-02
1.086712827101285029e+03 2.018054507415729972e+02 2.349492618521397194e-02 3.273737197012924205e-02
1.139425888614456198e+03 1.975970059577661573e+02 -6.104492615487575741e-02 1.984912780438994606e-01
1.038142551261806602e+03 2.281283420999678526e+02 -1.319408845326602575e-01 -5.353303619098351285e-02
1.155101466128063976e+03 2.662892988956721183e+02 1.130413217764438850e-02 -5.397247523304234823e-02
2.376318439310669817e+02 6.146176492607258979e+02 6.036663574598689908e-02 1.155595303646410471e-01
2.652907911708119286e+02 4.122833303377962579e+02 3.537864209714788183e-02 1.471127544303195978e-01
1.851335845614454172e+02 6.618073740558029385e+02 1.454553350569275094e-01 -2.886858239252584890e-01
1.838163385843930655e+02 6.713871263211900668e+02 -3.748372477937945285e-02 -6.893812188624959258e-02
7.950071539361535997e+02 8.834452064897549235e+02 -1.845004029967319339e-02 3.738331890576773731e-02
2.509253137903177731e+02 3.156533668521357754e+02 9.902059832653549443e-02 1.939062556153165473e-01
2.344502001718199153e+02 5.364318105298905266e+02 -2.863118710632288066e-01 8.600113103360247646e-02
1.051920689263950180e+03 2.044281246589980583e+02 -3.934604298411678580e-01 -1.145050738291867459e-01
1.141165491759493534e+03 2.418953466754565227e+02 6.322529278950891375e-03 -2.029749828748452292e-02
2.720195784936463497e+02 3.778846976922044973e+02 6.979151119602769460e-02 1.060501593298331796e-01
1.059915764512426449e+03 1.579731707924028115e+02 4.330596300230983770e-04 1.609864187193291163e-01
1.040722558972427123e+03 2.614316794491381302e+02 -4.801564591461311426e-01 4.204162417188224699e-01
1.161468432443187794e+03 1.445619781906960100e+02 4.961309760934303099e-03 9.159947363004997470e-03
1.121875126758902525e+03 1.628489717076870420e+02 2.143211664218635237e-01 -2.142917823576269143e-01
1.081960135071619789e+03 1.999384052064289108e+02 6.533786722396446589e-02 8.091332066851464333e-02
1.030089715787151363e+03 2.265312040260500908e+02 9.327380712591093470e-03 1.778164903396941554e-01
3.113995059004080304e+02 5.419860126891007894e+02 1.270727496524652091e-02 4.876166321287200844e-02
3.103406400517003476e+02 5.531584159014321358e+02 -5.603312566928290821e-03 2.010053385149982927e-02
1.732823429496004621e+02 5.252038244119409001e+02 8.071340259675965911e-02 1.296664610425233843e-01
7.435122478094485814e+02 3.946028333092955904e+02 2.717976836294672474e-02 -3.918004782858795082e-02
1.140374315117904189e+03 1.431412237784842318e+02 -4.667303299910682823e-02 3.469085461265370568e-02
1.025637173150917988e+03 1.834001763190243537e+02 2.500527440361111076e-03 8.922822997848552443e-03
1.014483465397621785e+03 2.270582519290955190e+02 3.957284749212290620e-02 -9.660526491560196549e-02
1.088899307940516337e+03 2.232493499318645149e+02 -2.495935919002725129e-02 3.779624005150336585e-02
1.150086627079494974e+03 2.461384266297190209e+02 1.131391253110119871e-01 -1.393082439157534644e-02
1.173306620040434609e+03 2.444736275931947773e+02 -4.522690346448143828e-02 3.303082222830704823e-02
1.134319671237349212e+03 2.604552832177299138e+02 1.704871087667925167e-03 -2.910983244653276777e-02
2.235904699472265236e+02 7.226200769891150912e+02 2.875308283181642402e-02 4.361521045244775435e-02
9.609093889449590051e+02 8.350898208086586010e+02 -2.076172652112456482e-02 2.787364832215644128e-02
2.811624216846466311e+02 4.342268309366322683e+02 2.982906430029288319e-02 7.970876757843256555e-02
1.060640402678388682e+03 1.952347324998937097e+02 8.554205519180868925e-03 -1.634162419436989977e-01
1.047356029420708182e+03 2.217033993323085213e+02 2.011961713848449962e-01 -1.132487661378576149e-01
1.211695293524329145e+03 2.553982788966142436e+02 1.042971758370185922e-02 -2.505786806734420363e-02
8.457165470917453831e+01 3.469876114302875862e+02 -3.726663137885882077e-02 -4.728660596289399609e-02
2.386990010332812346e+02 5.200267809821287983e+02 1.526525568841224090e-01 -1.853052018714783644e-01
2.940841398288986852e+02 4.654466976321542688e+02 1.289858857589428753e-01 2.200872641508529737e-01
5.792573257513415683e+02 4.664500042310427830e+02 3.763260263490843336e-04 1.809036646442147289e-01
1.035705429099391267e+03 1.745215377828644705e+02 -4.905495607967066962e-02 4.806539525929073159e-02
1.069533740374824902e+03 2.145111588222677597e+02 8.780862990930574097e-02 -3.406050057693840172e-01
1.129005582254748788e+03 2.740059998596264563e+02 1.967322325632368252e-01 2.142231378685753307e-01
1.768584668826281927e+02 6.456401564329064513e+02 -2.711200131076591663e-02 -5.024465167650633557e-01
2.529766670733571061e+02 7.050969771881877932e+02 -6.038913938798234383e-03 -9.066751590504887673e-03
9.340652449369516717e+02 8.829119512486064423e+02 1.560602914106918038e-01 -1.491987395224012025e-01
1.616447059279278449e+02 4.629739556496323871e+02 7.981710187871726703e-02 2.861785321400134308e-03
6.390395768365010554e+02 3.758019834389631342e+02 -1.186999270767330472e-02 -9.947040599442402709e-03
1.037159479096380664e+03 2.889590213775404095e+02 -7.481390418149658217e-03 -2.315970744268724957e-02
1.183626940051051406e+03 2.169480253866998680e+02 -1.688828963901300995e-02 5.181515890071963781e-02
1.214418290438650047e+03 3.451162240186000076e+02 -3.355183745188128341e-02 7.463511702366787404e-02
2.264429135304510510e+02 7.095093963942523487e+02 9.362890177680327497e-03 8.271612356216451190e-02
2.085953133914122191e+02 7.340732610092535424e+02 9.198546334260981894e-03 1.696248404046230007e-02
2.927995580711835828e+02 5.021534205940753850e+02 -6.570183991954081648e-02 5.001575274657901193e-01
1.050042634045937803e+03 1.704841251664645370e+02 3.962985007930066028e-01 -6.097497010098565928e-01
1.036924311053065139e+03 2.692187968874620765e+02 -7.388989708842277904e-02 1.669564829811309159e-01
1.169051422125823819e+03 2.151350076005437586e+02 5.197308191993345317e-02 -4.646036767821166286e-02
1.195836713272864927e+03 2.243263970247441819e+02 2.212609626267944204e-02 -7.704912676844953567e-02
1.870029145962807036e+02 6.792749968759612784e+02 5.588882027801186231e-02 7.150755869132094378e-02
5.078234676397559610e+02 4.765775267894649119e+02 -2.936511682425665178e-03 -3.628203551667752436e-02
5.506662993107913735e+02 4.978105361139343472e+02 -3.218926407506236126e-02 -1.195886632265133614e-01
1.073865303300390451e+03 1.575022526942243815e+02 2.463326692819691743e-01 3.807619203175107714e-01
1.061783262095509144e+03 2.265675683337881026e+02 1.735744731596848001e-01 -5.423645049988200517e-01
1.236247483961884200e+03 1.315437758251401590e+02 -4.101946909543888187e-01 7.998520151126200517e-01
1.137570060669017266e+03 2.604225198769368603e+02 3.363767469473562949e-02 1.078374071394705425e-02
1.185728337134360686e+02 4.617741181121652403e+02 -7.504434887283650824e-02 -1.978232857437887959e-01
5.397462229214872877e+02 4.692999459474825130e+02 -3.087102546980986448e-02 -1.204651438075416137e-01
9.898418752321692864e+02 1.750150622579055550e+02 3.757153774988637729e-02 2.774003580578039418e-01
1.071561447800433825e+03 2.025459459141523268e+02 -2.617956647819937865e-01 7.045003669792379020e-01
1.159124734495104576e+03 2.214434501965460811e+02 -4.909486195083445290e-03 1.532140742682486234e-02
1.179599625683510567e+03 3.539630713458186619e+02 -2.089067849296952911e-02 -5.480995690310237756e-02
2.032878309315698004e+02 5.155184421332783131e+02 -2.175140673758590992e-02 1.016768198280715296e-01
1.545218041761505106e+02 5.355427952723609906e+02 6.451083139623392526e-03 3.469376755623443387e-02
9.990519692127111284e+02 1.814751384988087750e+02 1.128855263811772147e-01 -8.738302151308374732e-02
1.038850741348870315e+03 1.764810475588770942e+02 -8.913112972891212848e-03 2.412873899146745771e-01
1.022292452625776832e+03 1.818210388711784447e+02 2.052118855988851465e-01 -7.418828292882437836e-01
1.060035384039184009e+03 1.878026605179780404e+02 -5.317575204401236988e-02 2.904089234656694885e-01
1.027792343909152123e+03 2.671543626291435771e+02 -2.513164757565391483e-01 3.328123504756490547e-01
1.177430908167608095e+03 2.002194784172830282e+02 1.006189452658077244e-01 -2.760240868347523246e-01
1.169191421707174186e+03 2.520080121402347118e+02 -2.532363898592393525e-02 5.729402057824017902e-03
1.262297753157196439e+03 3.926692174131194975e+02 3.664241700374759603e-02 -1.417292236532290417e-01
1.603718301888638393e+02 5.641418053278473508e+02 7.779064086818010537e-02 8.683278047931253241e-02
2.571963564829905522e+02 5.706939526453685403e+02 -7.814437093600190565e-02 -4.609796395740772823e-02
2.189378544265186406e+02 6.139685500470612851e+02 -4.774741003634375147e-02 -2.478570452383053180e-01
2.475626250353249418e+02 3.151873918912830277e+02 2.192099034982580574e-01 4.397359095874738277e-01
2.918294150670398039e+02 4.740620213685477893e+02 9.631670286826950200e-02 3.455322274769325186e-01
5.058345402016195749e+02 4.444055603633127021e+02 -6.511975252844119481e-03 3.606516515452540261e-02
9.834454687788231695e+02 1.784002064185293648e+02 -4.414426212747457612e-03 5.804448091702359841e-02
2.748427556585870093e+02 4.809676711640494204e+02 -1.006184402720009530e-01 5.966193453303958449e-03
2.846213558403516117e+02 4.844076136999926234e+02 3.923385591579631182e-02 -6.389711161384070692e-02
1.116676458052159660e+03 1.712974542801794939e+02 9.674265902049228316e-03 1.046278919403675900e-03
1.071219950641975629e+03 2.562314365505567935e+02 -3.026956655957064868e-01 2.984256022910329875e-01
1.274817442784065634e+03 3.663777048418697859e+02 3.508455049245640112e-02 -3.687225610304381007e-01
2.687840131549883722e+02 6.096777564370516984e+02 -6.790034009793544101e-02 -1.164381747351512786e-01
2.063631210588813474e+02 6.627456584045847876e+02 2.390140496733295095e-02 2.577926856849330761e-01
1.972582425251156053e+02 6.905809405062344695e+02 -2.890383006513275177e-02 -3.513566110763122197e-02
2.923124677153043649e+02 7.057594206344469967e+02 -2.631827318452906184e-03 -2.916942353147078393e-02
5.747264218108579144e+02 4.970052323887760508e+02 1.090169112148942077e-02 -5.058033524437632877e-02
2.511553666759936050e+02 3.824311698810191729e+02 0.000000000000000000e+00 0.000000000000000000e+00
2.368330247314250698e+02 5.326294865069435218e+02 0.000000000000000000e+00 0.000000000000000000e+00
2.820019960776497783e+02 4.228058032980708845e+02 0.000000000000000000e+00 0.000000000000000000e+00
2.921015621018678985e+02 4.609197220565249609e+02 0.000000000000000000e+00 0.000000000000000000e+00
1.042938404567969883e+03 1.669176311056739337e+02 0.000000000000000000e+00 0.000000000000000000e+00
1.081283839710905568e+03 2.075463639866186156e+02 0.000000000000000000e+00 0.000000000000000000e+00
1.017085062217098084e+03 2.334764985285150374e+02 0.000000000000000000e+00 0.000000000000000000e+00
2.743302963117208151e+02 5.771471544105095290e+02 0.000000000000000000e+00 0.000000000000000000e+00
2.014680302979575401e+02 6.084714853511050023e+02 0.000000000000000000e+00 0.000000000000000000e+00
2.647968961077642689e+02 6.252741794401889592e+02 0.000000000000000000e+00 0.000000000000000000e+00
4.458253356092328659e+02 6.936049729465189557e+02 0.000000000000000000e+00 0.000000000000000000e+00
2.674918286707638799e+02 7.153929215590239892e+02 0.000000000000000000e+00 0.000000000000000000e+00
3.174326362694113186e+02 1.084281537521701694e+03 0.000000000000000000e+00 0.000000000000000000e+00
