1.346986258626140511e+02 3.845684739324565271e+02 6.261206189600781319e-03 1.159445452513258902e-02
2.524084696631938982e+02 4.649562284712383757e+02 -2.809169066230287129e-03 -1.142679707449119862e-03
3.088450751754099315e+02 4.785286331459416260e+02 1.034341283916276506e-02 -3.888121580303049996e-03
5.635822796558358050e+02 3.789946701449287048e+02 4.097306636569132687e-03 6.414941970779700076e-03
7.026044614625157010e+02 4.136071886807388864e+02 -1.722890825725032632e-02 -4.092321495110386176e-03
6.344106568409699776e+02 8.221048139229776552e+02 4.719374409070483029e-04 1.704863319285341043e-03
9.123982502766606331e+02 8.059551609317464909e+02 1.189588473549195972e-04 -6.355300993175093307e-04
4.599426471222926125e+02 9.415914967560260038e+02 -3.152700498693919635e-04 2.235792360622353603e-04
9.052906188488565249e+02 9.226747896105189284e+02 1.725492599411433594e-03 2.994794402341783429e-03
8.974747468069829210e+02 9.263009626984573970e+02 -1.015474818638546772e-02 3.005523349283165720e-03
7.074322619372412646e+02 9.929502206202149637e+02 -2.364998217788047679e-03 4.117687791413478238e-03
7.150696852475036849e+02 1.011480144605865803e+03 -5.842699445032272561e-04 5.834860270397257409e-04
7.049825111376522955e+02 1.023746346981298984e+03 4.237737164180768908e-04 -2.464131898243589907e-04
4.816703025014462582e+02 1.099065282281917007e+03 -2.410513929155310776e-04 -1.934818328506237391e-04
7.044401889575534597e+02 1.036489733816345961e+03 -6.357062226828533733e-04 6.851483430393885687e-04
7.518926283956947145e+02 1.067586912724671265e+03 4.766585609930567256e-04 3.010492345049780010e-04
7.455717383761374322e+02 1.071489042078369948e+03 -1.492944789655630770e-04 1.739249367792671376e-04
1.311960720527086437e+02 3.252801786999431783e+02 2.646617846210682777e-04 2.851922431624765233e-03
8.996415411622905367e+02 1.102441513061861770e+03 -1.063998973586196715e-03 2.619907883107060013e-03
2.511368326200216359e+02 4.112847602661000792e+02 -8.278401925106901316e-02 -3.333515724457795648e-01
2.426953910356683366e+02 7.541980992330946947e+02 -8.788508192125310883e-03 -9.281915788373189605e-03
1.246498295836204079e+03 3.783528538132061954e+02 5.321627497804200246e-02 -4.765608902885454246e-02
1.179834276839047106e+03 2.385721418028668666e+02 1.274646478844549020e-02 3.485787844322974643e-02
7.159063152396288388e+02 8.818114027615315536e+02 5.279690288592847613e-03 -6.429166598394712518e-04
2.372476422966982170e+02 7.201880796570471830e+02 1.342820077941370366e-03 -1.741297007982319607e-03
2.495470713531773299e+02 7.170347112052712646e+02 1.022164387577932090e-03 1.366110471366536810e-04
2.218765907504428583e+02 3.101015926694706764e+02 -8.609618105212225869e-02 -3.042751051506645821e-01
2.505715221340846313e+02 7.467786858714649725e+02 -1.199895464101347281e-03 -4.023674769176986514e-03
8.179422306872578474e+02 3.174127536123629625e+02 -1.138027262384724986e-01 1.375402181403666824e-01
1.429031382384654023e+02 3.921499200810721391e+02 -6.630714818862264463e-04 2.169459251480911934e-03
5.712103652148678066e+02 3.785689242627538533e+02 -9.447417627904209150e-03 -1.846595064895021829e-02
9.318524840676820986e+02 8.445543898911154201e+02 -2.400110970318627968e-03 -2.152468759477684998e-03
5.684908764050858281e+02 4.394744279112107961e+02 -9.331526472870377981e-03 1.419570704899178297e-02
1.006268332782393600e+03 8.141050819971070496e+02 -4.881759017357940877e-03 8.943440826326445187e-03
5.019936225555628653e+02 4.345516641404337292e+02 1.205492329668997244e-03 -2.316470623613310241e-04
2.433713388031398779e+02 7.425016136842609740e+02 4.476018762714505279e-03 2.362921936915737733e-03
9.825079722891160827e+02 8.272479695833284268e+02 -2.719056054695894158e-04 -3.752425427937806056e-03
3.119338469952963919e+02 6.632481233567600611e+02 3.484036864660644550e-02 -9.541658963952263234e-03
1.012446779038096452e+03 8.184486638772651759e+02 1.773435968451138041e-04 2.982827711712791961e-03
9.411814783085216050e+02 8.343250216210508370e+02 -6.840740650609900258e-04 -3.115442165501395525e-03
1.004568300330281318e+03 8.352800284586631960e+02 -8.979972343029045401e-04 -1.552883725850558172e-02
2.324271569687456918e+02 7.241331173217896549e+02 5.068608290979916865e-04 -1.449646526226604356e-03
4.811583877516911798e+02 4.377778980690921458e+02 -1.710700774547059197e-03 1.206784592492137799e-02
1.018757581928440914e+03 8.074818616146541217e+02 -3.228463011475135938e-03 2.279239184872494661e-04
1.214178025084174351e+03 2.560685342128085153e+02 2.504813423255844093e-02 7.524281168808683029e-03
2.288532529114058889e+02 5.213839734164619131e+02 1.210505999980799642e-02 1.391127395148185689e-03
5.766206680698353466e+02 4.198321618374790773e+02 3.089597835011124831e-03 -2.785997555835396933e-03
7.315196521009469279e+02 9.226621763074429055e+02 -1.716429876666827198e-02 1.697306377000154173e-02
9.560614872116437937e+02 8.452497422004013288e+02 -3.752584185962864246e-03 -4.126494558227247929e-04
7.477271485092727517e+02 9.536056213471421188e+02 -8.037723672549026976e-03 -8.241982615489557018e-03
2.669824288048751555e+02 6.675576602679022926e+02 -8.309828469525047320e-04 3.256106829880001021e-03
8.246962997498943650e+02 1.102261386281734985e+03 -1.053041981328920715e-04 9.505863411522843826e-04
2.576295808222077426e+02 4.248926848645141376e+02 -8.962059045203285557e-02 -3.137519889814348040e-01
7.503528530533573075e+02 9.579440270691235355e+02 1.065088311492046885e-02 -4.693439495574490937e-03
5.622997529188146473e+02 4.709791779607664353e+02 7.184179052373029263e-04 -4.856149903931432886e-03
5.668837840580847569e+02 4.761049177956577410e+02 -8.701573423727855527e-03 1.722645455869201842e-02
1.204935647442148138e+03 2.307333819287403287e+02 3.395176303276439302e-03 -7.617449184539113252e-03
9.128642900585663256e+02 8.453111848259226235e+02 7.431002970012588402e-03 -7.229252230231260302e-04
7.720761226964082198e+02 9.602786837021667452e+02 5.414645739756226810e-03 -2.617386083165280843e-03
7.751009789770226917e+02 9.423439872858398303e+02 3.528474092302819227e-03 -1.520161113936716469e-04
7.734607192091447132e+02 9.489751463445616082e+02 1.707892024647113477e-03 1.608177232984047767e-03
9.841700607056457102e+02 8.670410133184805090e+02 -1.997185443332058843e-03 -6.275520378989817537e-03
8.012546454967744012e+02 9.514487053780875385e+02 4.345518550539649062e-03 -2.803223110648483084e-03
2.109878124219921460e+02 6.756116486767368770e+02 -4.505574645502754584e-03 -1.333108600584358150e-02
6.193909093735783244e+02 9.359333458210206800e+02 -4.039366050358576945e-05 2.463153810633301848e-04
5.727666870357791140e+02 4.907192213611200486e+02 -5.905808253945645132e-03 1.534493224808991529e-02
9.757551134478641188e+02 8.843114939964507357e+02 1.053897926400699549e-02 -3.564344554154622036e-03
7.699042487574064353e+02 5.237512256363168035e+02 8.899857741855860113e-04 -2.915686028311956744e-03
7.858383153855071441e+02 9.435389723403266089e+02 1.575070944653870781e-03 6.235758824905223222e-03
7.966964238358281136e+02 3.835776711363802747e+02 3.688671037754811567e-03 5.558535213246010992e-03
2.359269978721934820e+02 7.016191994869066093e+02 5.050611142256920642e-03 2.056672516679518975e-02
3.072938614581340175e+02 5.631728180670354504e+02 1.729754019054168413e-03 2.250302171250500357e-03
8.086158862928850795e+02 4.201350331145290511e+02 8.776645941463699988e-03 2.263645195758200342e-03
5.873199842524491032e+02 4.031083009593317570e+02 1.263636927041653264e-02 1.194639833834071872e-02
1.034049863051782950e+03 8.361584989646930808e+02 -3.414941682660697832e-03 2.084669327967564496e-03
9.947589382949503261e+02 8.207282038877714285e+02 5.447948289736697508e-03 -5.621366218000019115e-03
2.271535955277912819e+02 7.262784978921523589e+02 -1.405548077716187822e-03 -6.770635404288243182e-03
1.278095875429596845e+03 3.715476844313243419e+02 -2.361231680145528533e-03 -4.679649315104967428e-03
2.251298953072534346e+02 7.663784709307589083e+02 -4.441601479885942688e-05 -1.074251115722849080e-03
7.338238569394914066e+02 9.796372754928944460e+02 2.857305036224652706e-03 -4.711145491540102807e-03
3.212901714437547867e+02 5.458720805207489093e+02 3.615705519581355679e-03 1.777813733471279856e-03
9.897167309641970405e+02 8.309668034623276753e+02 -3.020308901215127025e-03 8.773100147324146844e-04
1.053020407089070886e+03 8.530388842487076317e+02 -4.707796307558406897e-03 2.603695452330387176e-03
8.274635251597230763e+02 4.018870412713369547e+02 5.886574316142593327e-04 3.386832648535382292e-03
1.016803633833319736e+03 8.312953342729711039e+02 -7.367900489516434476e-03 3.254851525293860938e-03
9.469417291972998783e+02 8.367247649818868922e+02 -1.631869378827266849e-03 -1.461012706245398566e-03
4.654460832874887615e+02 4.544188903616593507e+02 -4.068665631478162793e-04 3.190681261389276876e-03
2.682585948812755419e+02 3.011395407624675045e+02 -1.996496951298720247e-04 5.898385528508800872e-03
9.591445992465766039e+02 8.211947116716307846e+02 4.663731141326281360e-02 -1.018105775456588924e-02
8.183405765228014843e+02 9.348862655597290541e+02 2.219014242388478268e-03 -7.950989455875429957e-04
8.170825010854579205e+02 9.436595442370412457e+02 -7.083282414919042473e-03 1.443219650899673061e-03
5.490377913691371532e+02 4.331462984590314136e+02 3.157108623425004378e-03 -6.905230627247568170e-03
7.307995050720744530e+02 9.370384118103370383e+02 -1.701803880700711140e-04 -4.135788461497321745e-03
9.303511984508054411e+02 8.610423483743865063e+02 3.613764848011561358e-03 -1.676427785526465137e-03
1.094794484751834943e+03 2.237242481975336830e+02 1.044977500376077922e-01 1.405796914666822828e-01
7.487912188309702515e+02 9.692511831854170623e+02 -4.345603220602215627e-02 -2.336832311897127715e-02
1.029988057057058541e+03 8.254938865091447724e+02 -1.957103533906846653e-03 2.401326096292401204e-03
1.020224236653881349e+03 8.150779380057430217e+02 -1.111599090942792453e-02 1.756944550441466362e-03
1.025710527851135339e+03 1.955859980382221011e+02 -3.016403438949838769e-02 -1.350479617673387978e-01
9.573464407942969956e+02 8.789849416268303912e+02 2.472233576446175585e-02 1.444299802520361380e-02
8.175190596736019870e+02 3.800306705915195380e+02 -6.139313625961375157e-03 1.762474388474086868e-03
9.714259176080665839e+02 8.890910278281064620e+02 3.351950684944286427e-03 2.291803092712053501e-04
9.053352080680931522e+02 8.410430106993349000e+02 -2.536721488631387984e-03 -5.092861975212784401e-03
5.782057135099846619e+02 4.687193867912154133e+02 -2.526111114210573445e-03 -4.704654485534423385e-03
7.909623083244958934e+02 9.193703898778583152e+02 1.393280639921622415e-03 -3.981694946777666194e-02
9.621674858794898455e+02 8.484720757515276546e+02 -1.307403432207084309e-03 -4.007920464069269877e-03
1.932606568162805729e+02 5.892661442014536988e+02 -1.343662758486207894e-03 -1.047994522180191050e-04
2.318302422616408194e+02 6.902081883690404993e+02 -2.005656588269153200e-03 5.730981967697669835e-03
4.931277047780595240e+02 4.485718182626850421e+02 1.769222150818393997e-03 2.501740738881439233e-03
8.333684719884882952e+02 4.125388072738675191e+02 4.104569868739435827e-04 -1.746403361806025565e-03
9.692732264940856339e+02 8.743694677542058571e+02 -1.124169027285474784e-02 -1.675888105593219268e-02
7.941789472901846239e+02 8.852762294620529246e+02 -1.485140169418826088e-02 9.676353522020843603e-03
9.693883123416898115e+02 8.261468759841412748e+02 -2.665390803210159094e-03 5.850987253379031500e-03
7.891627907510388695e+02 8.849325341086616845e+02 -1.381959406175119892e-02 -1.283502585265253312e-03
1.192187935798614490e+03 2.086516268991119318e+02 1.051102672035409726e-02 -6.509351945034817788e-03
8.131169637538188226e+02 4.032347361544934756e+02 1.779129090805844915e-02 9.683150247325904292e-03
7.679978841704954675e+02 3.847330764239397922e+02 4.888978477098216389e-03 -4.240434617003355916e-03
2.251582283632930341e+02 6.867123044204083726e+02 -3.688061097607102921e-04 -1.717060156509676221e-04
5.599666141806673068e+02 4.142515291434451115e+02 1.124695044813173520e-02 4.373505087329757762e-03
9.498110132343430223e+02 8.566514095708519108e+02 -2.875103489150498612e-02 -4.340491620293712369e-03
3.346829271588733263e+02 5.549669866934401625e+02 -3.382255423790042257e-04 -1.726675151078302644e-03
1.127403339119802695e+03 1.873051273813829312e+02 -1.308021713258664077e-03 5.191064058562228425e-03
7.181523473475295987e+02 9.517893059970507466e+02 1.638112300185801508e-03 -4.885487154293775662e-03
5.113593561393291225e+02 4.392582081831328651e+02 2.036130964944448275e-03 -2.898904788303928210e-04
9.964551289562381271e+02 8.728985571292763552e+02 1.910022811500203992e-03 1.919286047172865523e-03
8.847695134863665771e+02 8.705803868541245265e+02 2.769956534186601271e-03 -1.477088452061973024e-03
8.005178963783208701e+02 9.402953331677626920e+02 -1.568931544911697853e-02 1.884980293531237153e-02
5.341119413731800023e+02 4.145824145229545934e+02 -5.297471828057361172e-03 -3.846489509787671089e-03
3.266755704647458174e+02 5.355313871061807731e+02 3.997618512569418858e-03 5.426968404647299071e-03
7.477303594460414615e+02 3.982112688568796557e+02 2.304789369246364877e-02 1.950799002297132906e-02
9.981657106707656339e+02 2.487568437837068132e+02 2.895139404758407479e-03 -3.615895328902531559e-03
8.507377290560166330e+02 9.315253788048347587e+02 -5.364489728392954739e-04 -3.501052223359377700e-04
6.302601376951387238e+02 3.834674344031589044e+02 1.699404247209722590e-03 -7.148822823562185451e-03
8.183333129193051718e+02 3.626309373627195782e+02 2.071764568195181427e-02 -7.236319377549498347e-03
8.576180536469468052e+02 1.101658754375207309e+03 -1.390043864954476247e-04 -6.374954603208859765e-04
9.295827314491682500e+02 8.356061749239813707e+02 -2.370969391420495957e-03 -4.357083200315543109e-03
6.044652803647924202e+02 4.298963671741597636e+02 2.715870322524799318e-02 -3.946755062095842759e-02
5.096361986113785747e+02 5.069178487841688252e+02 1.528289214633386534e-03 -8.401927910346339984e-03
5.444601708655310404e+02 4.080542777839829682e+02 1.579087273379591819e-04 -5.450772501961695729e-03
2.372838489903011236e+02 7.378618321452379405e+02 1.202983328955206828e-02 -1.914536258008375184e-03
2.324149690751260096e+02 6.492412638540874923e+02 4.556970738823147224e-03 1.510854481677084173e-02
5.417606766819707218e+02 4.776718088006373364e+02 -8.267109591822127462e-04 -1.185699868666787501e-03
9.772623543852062085e+02 8.457133451450283701e+02 3.583702912293921096e-04 -2.069798609785595024e-05
5.457312353146842270e+02 4.829879137976142829e+02 1.075203770102855887e-03 3.469416424810662248e-03
3.210671213806015203e+02 5.305307721292274437e+02 5.774031381358128885e-03 4.278860592582514090e-03
3.147086796762933432e+02 4.717324748229334546e+02 -2.415558815447085286e-04 6.033383219000870192e-03
9.333696232067628671e+02 8.657984777526248763e+02 -1.802345033273932014e-04 1.344344188710508295e-03
2.695120106072668591e+02 6.101624951645651436e+02 2.784209269193389964e-03 2.483865438494327251e-03
1.060557949117981934e+03 1.881476542317589349e+02 -2.784880298486314132e-02 6.851285394796463590e-02
3.210559452237710616e+02 4.798963693825937185e+02 2.831358501184537847e-03 3.300004191735094860e-03
9.714319441915739617e+02 8.294572031943260981e+02 -1.040456732741093515e-02 -1.988785098750902106e-02
2.483371384531248793e+02 7.412225941486061629e+02 1.178867782897722889e-03 -1.901153832500088008e-04
2.201578462128587717e+02 6.858414797857656140e+02 -4.210130314770493820e-03 -6.601109795923602169e-03
5.058823069147055662e+02 4.437516834562673580e+02 -1.052058006586443009e-03 -3.243292286979362633e-03
6.547521868259416351e+02 4.975825355223819884e+02 2.064431979400942890e-02 -1.546525229814854976e-02
5.933517094445269322e+02 3.798968687726402322e+02 4.135884790826542534e-02 3.574395665218346729e-02
6.165949250173672453e+02 4.214540649987478673e+02 6.561906287020582984e-02 -3.825614398149276146e-02
3.041542750709676284e+02 6.119066133160253003e+02 -4.050658408528189786e-02 -2.513610587512891612e-02
4.767534566632938322e+02 4.655326581597665268e+02 3.830704438010654102e-03 3.455098595383229785e-04
1.226236764633167468e+03 2.390710239869312659e+02 -5.608983415224276514e-02 -5.173954077065248680e-02
1.016089998811449846e+03 2.744043487025231798e+02 -2.842428368489666006e-03 -4.468254281461987894e-03
2.057812546464223260e+02 6.947934011342008489e+02 -2.046799083343631143e-02 -2.120352960735832903e-02
5.480788205692622341e+02 4.111790573786151413e+02 1.047209431010400014e-03 6.316733806707109690e-03
2.309136838772688520e+02 6.140482753132658900e+02 -1.264003897513974461e-01 1.632337891203766156e-01
2.493442241427989359e+02 5.009826983974600694e+02 -5.508811381532993743e-04 6.258343384693394740e-03
1.068097093579692455e+03 2.642485392107641928e+02 -1.501431199064409416e-01 3.664455136468422990e-03
1.001550279788269222e+03 8.248523687116118026e+02 2.656945883052005616e-02 -1.728871054482813540e-03
2.283431344228025637e+02 7.035643142987287320e+02 2.066631098848338219e-02 1.519276886003380865e-02
2.999909465933353658e+02 5.904600806598896270e+02 -1.276921937366609291e-02 -6.134273211199176186e-03
1.052853825232476083e+03 1.842251523750416595e+02 -1.095704722484643415e-02 7.737542511640437513e-03
2.640629120879517586e+02 7.371937228351014255e+02 -1.060936503193830698e-02 -6.074258234675518515e-03
2.553666372657160082e+02 6.436932321185187220e+02 1.030085921191902301e-03 3.099351268732257990e-03
1.211205667854852891e+03 2.169048602997074227e+02 6.221846590933907337e-03 -1.251573570258381410e-02
5.888508830426753775e+02 4.499403390705951438e+02 -3.534192151231997973e-04 1.228265748582854644e-02
2.378289298486836856e+02 6.940002632642076605e+02 -5.699882535539851317e-05 -2.619353217937714362e-03
2.644493682319541676e+02 6.353374735993404556e+02 3.387009492142863207e-03 2.071987258809353250e-03
1.207971755238227388e+03 2.089500671938444327e+02 1.550541892669625183e-03 3.915422017816000411e-03
1.002544195680042208e+03 8.763031124438726920e+02 -1.416255781601639691e-03 2.999897309240226809e-03
2.602721806376994778e+02 7.148645093866094840e+02 -7.312238788656351407e-02 -6.378673488823119637e-03
2.636904018698580217e+02 7.253490019045871122e+02 1.454460877530526844e-03 -1.120995081268714289e-04
2.661412741173531913e+02 6.171481254958287082e+02 1.665078520853672389e-02 -7.100370042574486416e-03
1.268469066089095122e+03 3.937154811304773148e+02 1.027365733032881839e-02 1.284902336370051480e-03
2.537441716161419833e+02 6.851485683259045345e+02 -6.000773357186517387e-04 3.471197749802578726e-04
9.322077098596348605e+02 9.066147549808042641e+02 -7.587973534531565305e-03 1.341732906118774842e-03
1.240959398696320932e+03 2.791022185752476048e+02 6.843147223599492165e-03 -5.969007680797552146e-03
1.008382058699948402e+03 9.275255103378527792e+02 1.724278009252731489e-03 5.700284280730628754e-04
1.039101970685399920e+03 2.214754825776804523e+02 -1.193405431241142955e-01 -1.003717936672757355e-01
9.547478920797016144e+02 8.941020475736098660e+02 2.386888027433654944e-03 5.063648751749748843e-03
2.518434132949500963e+02 6.713206093540860593e+02 -2.750177846301445073e-03 -3.084246399777326383e-03
1.071133850727069330e+03 1.837880507964271999e+02 -9.095274627353849839e-03 9.764677341122636467e-03
2.569937534952304077e+02 6.734281042772315686e+02 -1.586493636696082159e-03 2.167560125941452189e-05
1.013724937314284375e+03 8.530297485509016724e+02 4.040055547792158717e-03 -1.711334860146962455e-03
2.319611597719498093e+02 6.685693404403389195e+02 5.120108025728808791e-03 1.953381908433044194e-03
2.380671271430502145e+02 5.974650696415116045e+02 -1.918760680437615329e-01 1.877372227975735719e-01
2.945960780367123562e+02 5.895447724694623730e+02 1.614841661152486077e-02 -2.650563021030384343e-03
2.520555766791315762e+02 6.333817748403274663e+02 -4.931617205386654851e-03 -8.119352597466984994e-04
4.391209299192827302e+02 1.084867192397777899e+03 -2.026966500583926578e-02 -1.057272889502966495e-02
5.212763444831560946e+02 4.710481406810632166e+02 -1.906943522546480614e-03 9.694370875909854310e-04
2.683970007955613823e+02 6.796654470380383373e+02 -5.644231880214332399e-03 -8.453079442920124684e-03
7.357965485705437914e+02 9.295578685858652079e+02 5.153024875018654728e-03 4.771397752229444671e-03
5.065591848652845783e+02 4.854192465583630565e+02 -2.666649286207320967e-03 6.748499939807389714e-03
2.313018267454957879e+02 7.373618531809687511e+02 -1.942287406646442871e-03 -3.308654865924097899e-03
3.095502077094133142e+02 6.466183097049165553e+02 -4.310133202857916943e-03 -1.392829479142831256e-03
1.201746032399242267e+03 3.856533730179026520e+02 -3.487214642180981768e-03 7.299110227905874224e-04
2.272182933140755665e+02 7.503012539923066697e+02 1.485879665255656560e-04 5.358206954506295958e-03
1.037980342039302741e+03 1.779837236097430093e+02 7.871483161876979134e-03 -3.311545768492342185e-03
2.412931415247600455e+02 6.400428090487127974e+02 3.198010971351494076e-04 -1.812667748472539600e-03
2.984143209914146837e+02 5.425812503793897577e+02 6.399651241892034305e-03 4.374404863611824879e-04
2.445301892824145398e+02 4.860856844536694439e+02 9.555161411102214286e-03 -3.198521312984241305e-02
2.404627645780309990e+02 6.294006097131209572e+02 8.314532650728671814e-03 6.180728494493252251e-04
2.403511908259664267e+02 7.263161249058557587e+02 3.374151014844472369e-04 -6.490956588216852813e-04
2.659499603288613798e+02 5.606326585918179717e+02 -3.864414331508214673e-02 2.130309235855628591e-01
1.000370960420004508e+03 2.244516240064492933e+02 -2.735309884154066805e-03 4.827461807810315940e-03
2.241587985636610654e+02 3.216076579616051276e+02 -1.041205142707897768e-01 -3.497921335962392853e-01
1.016640073030468557e+03 2.637336293449901632e+02 -2.855208960944188509e-03 -3.834213765042202710e-03
2.437539342245416378e+02 6.874966314983787470e+02 -9.716026571764490140e-04 -3.632606953263996415e-03
2.424635889420243871e+02 7.004314781583769900e+02 -1.085197437665029420e-03 -8.361568088480679159e-03
2.749471077895410644e+02 6.958985432850211055e+02 2.348675091219761500e-03 8.718779020078178121e-03
1.151583137663681100e+03 3.641053814519520415e+02 -6.903579124411299804e-03 7.225695726557466829e-03
2.462940227224415537e+02 5.052580598358166526e+02 -2.631778773107806813e-04 4.181320411119751612e-03
2.267544820408432145e+02 3.045039857453396053e+02 -1.074674084861920592e-01 -3.414032544322817553e-01
2.465433423811344085e+02 6.111058170497582296e+02 2.888748962581728745e-03 6.539054166629591075e-04
1.177882521396823904e+03 3.589201805653057704e+02 -7.381506358959284524e-03 4.907356393656831829e-03
6.038590803115891958e+02 3.980261325286595593e+02 1.156697650887085482e-02 -8.869167268191478423e-03
2.941317021993997400e+02 6.300841333236762694e+02 -1.298937203013437233e-03 1.191700523524969434e-02
2.129779608427835171e+02 7.548290262094559466e+02 5.477223897927241923e-04 -8.074454936157656609e-03
7.244041359540614167e+02 9.667156602928253051e+02 7.790566959910041715e-03 2.540710828636499972e-03
2.575849544171370553e+02 5.760174357194667891e+02 -6.678160908117575234e-02 2.333564652882713641e-01
2.836358907086653289e+02 5.334404322465533141e+02 -5.459768470219198561e-02 2.952658690840666567e-01
2.449893037903608786e+02 7.610229696101424679e+02 -2.572311532500776415e-03 -1.275886614129520622e-03
2.403219199393087422e+02 6.098851263586103642e+02 -1.086449545677549769e-03 -2.133774008095117199e-03
2.621354191488966308e+02 6.555431761488581515e+02 -1.882927231538912213e-02 -2.600198081647997136e-02
3.263636791941394222e+02 4.962844931817979841e+02 9.381399022290093717e-03 7.974399714624264349e-03
6.780785849625378887e+02 1.023550880780839520e+03 6.624406283894996271e-03 6.732209563364954058e-06
2.172816537349405053e+02 7.654969222496279144e+02 1.321226241627485162e-03 -1.526914280365156531e-03
1.181991117078325487e+03 2.117056208672526623e+02 -2.377451492468998784e-03 6.339346166329830161e-03
9.319603127540735841e+02 9.003530678651472954e+02 1.037616391892859889e-02 4.760554742612686796e-02
2.701020244716872867e+02 4.881540374492856245e+02 -1.627860605272373196e-01 1.121254281995925084e-01
3.083495066185710698e+02 5.857158407353851999e+02 3.359728560760888872e-03 -1.087127145344293474e-03
1.171805503580883851e+03 2.346233002841857456e+02 -1.491732874654027761e-03 5.390008619614398803e-03
2.061254674607215236e+02 7.248931176036360284e+02 -3.711781953044091063e-03 8.736520549733891444e-03
6.800944318759184171e+02 1.018879079724585040e+03 -6.789509732495596292e-03 4.838285903074978191e-04
4.934956026334571675e+02 4.547059613235135203e+02 -7.323789896081461890e-04 6.934423255494615804e-04
7.275313664574235872e+01 3.181864315072568843e+02 -1.283880813073089502e-02 -1.098891759574535838e-02
5.198826313346272627e+02 4.302081130801004747e+02 3.272469931434358187e-02 6.384929536180958265e-02
3.137679083028126570e+02 5.686758048836650232e+02 3.965879497809397282e-03 4.801969044158137766e-03
2.671546960695180246e+02 6.460321498222613172e+02 1.752955534534454077e-03 1.164063966792123171e-02
2.526008802410443650e+02 5.787931755026208975e+02 -7.722331125728150447e-02 1.472715867269117906e-01
1.006297278861945074e+03 1.980387263124718515e+02 2.077940588653273170e-03 2.170654508808181511e-03
2.941506816533286042e+02 5.969840696300076388e+02 5.799967755633746169e-03 8.982554136014862800e-03
1.140487735132228181e+03 2.223049659371018549e+02 -9.724008054587498714e-03 -7.810958384160448034e-03
1.052017607751551850e+03 2.841319183987080805e+02 3.284793161835052738e-02 2.610846567906696929e-03
1.012604402116951405e+03 2.611986878454073349e+02 -6.346157624054988081e-03 1.109806522456404168e-02
5.073783510141340116e+02 4.521045570120259640e+02 8.009694752952935606e-03 5.173906408708492215e-03
2.304693611650448304e+02 7.758669197457021482e+02 8.269140635759571201e-03 2.001015456291479512e-03
1.096318174336346601e+03 2.052975683863634515e+02 1.777578281604913490e-02 1.523962290433850814e-02
2.003768877698448989e+02 5.062483942928054717e+02 -8.293073928234324672e-04 -3.270686117195064063e-03
2.420337432831978219e+02 3.724575258319505906e+02 -1.028773621710651898e-01 -3.491485195504487327e-01
1.020399648066609984e+03 8.678240301372266003e+02 1.862048619150390508e-03 1.984665285173904496e-03
4.882297766294360599e+02 4.772678894805592336e+02 -2.319631689904146782e-03 2.031913510290793423e-02
2.905112934474613553e+02 6.695870278770340747e+02 7.074521264556070041e-03 7.491098407124827628e-03
1.065742517709006506e+03 2.146449669219545626e+02 -5.033353962697237859e-03 5.205678729137476783e-04
2.953353635887393693e+02 5.387703325357009589e+02 7.683707504547851105e-03 6.845047170404226474e-04
5.375946340778925787e+02 4.269296238320966381e+02 6.545114627859148666e-03 -1.553418854823767487e-02
1.154280864534139710e+03 2.139575511418417761e+02 -5.933586380161605563e-03 -1.481476355672614207e-03
2.373911781843644917e+02 3.719564786368036380e+02 -9.552007602945455922e-02 -3.553078779198879378e-01
2.476070172916645049e+02 3.885986832557456978e+02 -1.043123968363969672e-01 -3.292171000863982067e-01
1.026106413347384432e+03 2.128251087558474239e+02 -3.518565724674556448e-03 -1.219364080462216615e-01
2.574488569473261350e+02 4.346839658007686467e+02 -3.736840952133645838e-02 -2.494731849883132790e-01
1.108227250872261266e+03 1.917093828338510093e+02 -8.617591762046263038e-02 2.071033867242290660e-01
1.155280746528028203e+03 1.910763100077023466e+02 3.595148574266762709e-02 -2.967836282170474571e-02
2.662083504115883557e+02 6.260065190708703540e+02 1.022239397675807349e-02 1.026761568824093723e-02
2.681736330070783083e+02 5.050725156007475789e+02 -1.322130915873858115e-01 2.529829810616217589e-01
5.230461189218649452e+02 4.605416081485379891e+02 8.893745255046260471e-05 3.129981672877379679e-03
1.058537000140629061e+03 3.033947517124695423e+02 3.115740230396563896e-03 1.376998887884599461e-02
2.013766511757346791e+02 7.008630730073967925e+02 -1.377171151134006129e-02 -1.175511017763733283e-02
2.884423467936748580e+02 4.852796069174387981e+02 5.605184032717738796e-02 2.403623163776088256e-01
3.243412741003451742e+02 5.173768352913496074e+02 4.877773000086477878e-03 -1.509138347356802495e-02
2.329652796157438104e+02 6.288313061530327559e+02 -1.041333268698742699e-03 -1.668634549865051714e-03
7.849260340768149717e+02 9.543733665460096063e+02 3.157342140391595098e-03 -1.227864444314432637e-03
2.406123400238053591e+02 5.155678962250397035e+02 4.219965766074354127e-03 -1.243731526467782567e-02
7.167946572240801970e+02 4.173258072238430145e+02 -1.088362043609065739e-04 -7.305113287648145118e-03
1.023207070703120735e+03 2.354363682030939344e+02 3.207967590743230745e-03 1.027108639749541724e-02
1.002829543244126057e+03 2.289629354583931615e+02 -1.516845280395325013e-02 1.418404711133920172e-02
1.033612764922174392e+03 1.619024653188083960e+02 3.105195725725430535e-03 -9.152948408045473438e-03
5.535039394700852426e+02 4.835718739126693322e+02 -1.637617541019149034e-03 5.017642201771155448e-03
2.778370844116097942e+02 4.700720677979513198e+02 5.536056582558060435e-02 2.792862475325340599e-01
2.554288145822242484e+02 6.997939355697720885e+02 -8.490043785385387870e-03 -1.632884839643725778e-04
1.177251359387775210e+03 1.785591542182819751e+02 2.342081802988437919e-02 7.318040464303976478e-02
2.621414622189648753e+02 4.624784140477624987e+02 1.739095839272774419e-02 -2.943561147863044125e-01
5.028289616634076538e+02 4.689231399137749463e+02 -3.888881147288024507e-03 2.898275671604510790e-04
2.615497746034949955e+02 6.687974976075836366e+02 5.011189217094118466e-05 2.059002030775202580e-03
3.188158679874345580e+02 5.187491881355306305e+02 -1.749792634456915187e-03 -1.610797914232120476e-04
2.385751598249256062e+02 7.101918164166298766e+02 7.831889400637068741e-04 5.329749888410828789e-04
2.831485972411973648e+02 6.093097979010874496e+02 3.792130504525000056e-02 3.776576524924481898e-02
2.202207926661108388e+02 7.170703359488376236e+02 1.257381844630678022e-03 -2.795505629713864598e-04
1.049371596534065930e+03 2.521429145244505037e+02 -2.768881537393117279e-02 -2.159106662773662422e-01
8.117686803490852299e+01 3.238000426318901077e+02 1.202461480679990974e-03 -1.704973849152703266e-03
2.404830801116482064e+02 5.758422284366084796e+02 5.341573684322493271e-02 1.670613390089191741e-01
1.201453979505604138e+03 2.287606650982179701e+02 -2.149572074935043181e-03 6.733822793895096782e-03
1.066879074108930354e+03 1.965887768574289396e+02 -5.704314992992366544e-03 -3.497605400451844412e-03
1.952437330733470162e+02 6.976356137083680551e+02 7.103273359189638328e-03 2.308773677756593978e-03
1.114013107108261238e+03 2.380160232308614638e+02 -1.196438025237404196e-02 2.638641107293634991e-02
2.585209200573362409e+02 6.946714344618459336e+02 -5.374983531329000606e-04 3.245852861671593044e-03
2.854840912361569849e+02 6.326801223452981731e+02 -2.487371455258495859e-02 -2.478019513061288301e-02
1.265199168841376832e+03 3.705707481941162200e+02 -7.957078228009147394e-03 -5.318860781846472541e-02
2.177925387937474397e+02 7.244051661986313775e+02 1.378073933594096403e-03 6.700312755344952319e-03
1.135103248763606871e+03 2.459039169293166367e+02 4.915190697456051777e-02 -4.489868572380659520e-03
1.088248143389197821e+03 2.778655474251233386e+02 -5.055564738398799635e-02 -2.613733023322192817e-01
2.809646762865283449e+02 4.537728522254754466e+02 6.924560456821771126e-02 2.478108968013982838e-01
2.292038588638061185e+02 3.388883170879716431e+02 -1.002350615744950352e-01 -3.351815442647798071e-01
4.969634705056010375e+02 4.674692651041879685e+02 -2.039021806316812600e-03 5.234862294183711962e-03
5.975241881124770771e+02 3.868880344660900050e+02 -1.320388586590398941e-02 1.623810975112776060e-04
1.146281611989938938e+03 2.494323527501706508e+02 7.406446409508098128e-02 4.487225353131656103e-02
5.721639347299224028e+02 4.123557193498605784e+02 3.689781146240510637e-03 -6.239365952543302670e-04
1.025312581429667034e+03 8.713721013817234962e+02 5.130644849878710986e-03 -1.173082286143626576e-03
2.906343890531683201e+02 5.835890661178733581e+02 4.760737780835856692e-02 6.275564754786284657e-03
1.209753831099375020e+03 3.546588707541716303e+02 8.146022995009447390e-03 -1.655931372884104913e-02
2.882010663525957739e+02 5.760871145640027180e+02 2.890676880952014471e-03 -6.651533514211295343e-03
1.203898372931508220e+03 2.801953282142210355e+02 -1.462433085965689217e-02 1.390616902870923065e-02
7.590327187650641463e+02 4.497602818167144960e+02 -5.358232638983362849e-04 -1.067474878609438356e-03
9.182467775923173576e+02 1.102566793437349361e+03 3.251928264220812614e-03 -1.569759568290932973e-03
2.365787284380266726e+02 6.839411456851759112e+02 -2.577335211024058340e-02 -1.239817396527307779e-03
2.454037405765166966e+02 3.969286900301775631e+02 -1.112281522933862010e-01 -3.268292002351256276e-01
1.024233519746694128e+03 1.730334407157600083e+02 2.315321823203874557e-02 -2.607064908952390347e-02
3.103385227750921445e+02 6.188057505022544547e+02 2.454495616411174713e-04 8.028080286195371485e-05
1.448110908343398933e+02 5.037486241463158763e+02 -1.720430575631268222e-01 -3.199105155177200399e-01
5.586121375755426470e+02 3.971353711316423301e+02 -8.000431274796379947e-05 4.916852748037584334e-03
4.974560232206107457e+02 4.580775588851869315e+02 -2.047334963705371626e-03 -5.121161232366803692e-03
2.192647949738025943e+02 7.002550065707845306e+02 1.756067045940960109e-02 -6.854892958010690325e-04
1.180201135596915037e+03 2.245411631992976140e+02 2.919754998401913326e-03 3.941885806124961929e-03
2.733996724779257192e+02 6.229608499413160416e+02 6.778481881089065686e-03 -3.263632726078741328e-04
6.015139809715933552e+02 3.854147337853449926e+02 -3.438184053665943596e-02 -6.190598956967876751e-03
1.041338900733294622e+03 1.900703455276401144e+02 3.485037927207891573e-02 -6.532295245379532433e-02
1.247310707602235198e+03 2.893182508412182870e+02 -2.812996531479212102e-03 3.951247309971384243e-03
2.994442274921723879e+02 4.084679376337792860e+02 -2.112755577447932367e-03 9.058965272991840274e-04
1.943575285093908747e+02 3.196162976192017027e+02 1.579260811164059832e-03 4.516183608669476098e-05
1.187263512396221586e+03 2.510183480399332723e+02 1.161897502319478390e-03 -2.512324417544745982e-03
2.208285515665288870e+02 7.427130402876447306e+02 9.286234116595635038e-03 -2.181008955315379833e-02
7.850262922244063475e+02 9.368840478638367131e+02 -1.016446968758891005e-02 7.279745549031660205e-03
1.612846498852264574e+02 5.261145199316488288e+02 -1.660915557953623334e-01 -2.088689035744241418e-01
2.718139023449343199e+02 4.352121818759811731e+02 9.794665391551587996e-02 2.003420288687337292e-01
2.481927017705937430e+02 7.339321030324035746e+02 6.092283627303136939e-03 2.663733287441812092e-02
1.035234723699391907e+03 1.998254545029933524e+02 -3.841351794520024218e-03 3.952965487859090576e-02
9.914636663589462842e+02 2.288901973881755509e+02 -1.190687062340108288e-03 8.437832351990377094e-03
1.985570375409864994e+02 5.792690113978151203e+02 1.466186344027047483e-03 -2.108901687619220509e-03
1.539692178478045719e+02 5.212930821643633408e+02 -1.490403863402869622e-01 -2.771849684291807225e-01
6.060970814446914119e+02 4.074105412808605138e+02 -1.809294100509516862e-03 3.121418762425987297e-03
2.259878748735168870e+02 7.428394264035378001e+02 -2.353661164904667560e-03 -2.341497550401523079e-03
1.320544610147020649e+03 3.330839392168669519e+02 3.448037109886348262e-01 -6.395677490128252873e-02
9.773991104065261197e+02 8.664270281289982449e+02 2.918612891314954143e-04 1.028434004651764162e-03
1.928361768547781878e+02 5.585500089379358997e+02 -3.544231232202527723e-04 -1.000421671120524381e-02
1.160862097799456478e+03 1.461906932970670994e+02 7.231160706880634947e-02 4.204537457766973491e-02
2.249289397453066499e+02 5.318877314683893474e+02 1.339935678233865057e-01 3.657037819052878086e-02
2.741932125607926878e+02 4.480861756135122960e+02 7.621443281628459410e-02 2.322874638401439262e-01
2.580763255589819209e+02 6.221177610436676559e+02 -2.753825473393031915e-03 -3.297042274259030445e-03
1.147976182590830604e+03 2.225656918816919756e+02 1.057593287606044350e-03 1.783489535651033159e-02
1.043072414029456468e+03 2.596719995660916425e+02 -2.611392680672105365e-02 -2.333694373643907874e-02
2.804264662769272149e+02 4.047067824886876224e+02 7.749402232562627169e-02 2.067534587991389505e-01
1.875087451977524040e+02 5.560440986738947231e+02 -6.322520294970267705e-03 -2.245963631274563305e-02
1.146592679373223973e+03 2.299929711317626868e+02 -8.079326255944966131e-03 2.075780927904561507e-02
1.235181529451302822e+03 3.819555899061647324e+02 1.089218478437460613e-01 -1.377037999913399702e-01
2.716727388377403827e+02 5.980183398156127623e+02 -2.335291832920268623e-02 1.697099845299072096e-01
2.453492302305602095e+02 6.184982431446192095e+02 5.721843883360868722e-03 -1.090013764890653339e-03
2.296347588548912597e+02 5.479622789888254601e+02 -3.789748406081450138e-02 -2.411182603222364884e-01
1.154009882689420010e+03 2.066562112557184605e+02 -2.674930853466924580e-03 2.010980293293683496e-02
3.268760740021382958e+02 5.531765651947638389e+02 -1.275220894049851166e-03 4.609693629926467535e-03
8.099643905640809862e+02 3.966181209294668975e+02 2.188797409067067684e-02 -3.835351972344594462e-02
1.010448133874341920e+03 1.971541139399155043e+02 -1.010715555149671379e-03 -6.889186808961265951e-02
5.426181493709830193e+02 4.263597836926118703e+02 -9.415578892998436450e-03 5.607489777058743963e-03
2.685269607981500144e+02 5.278616094149948594e+02 1.541866932234845777e-01 -1.592502814830293878e-01
1.163820874614274999e+03 2.133098788402924697e+02 -8.531795218169184111e-03 3.815794130943938461e-02
2.705718770179068997e+02 5.386932552033098318e+02 -5.003900140206613695e-02 2.577933228650295949e-01
2.601378552341648174e+02 5.273271479019889512e+02 1.176534878695831843e-01 -3.348959063041300199e-01
2.120311436764836230e+02 5.346192339143590289e+02 1.547425355276166870e-01 -2.897084821461473961e-02
3.064328992009060357e+02 4.611000253767354025e+02 5.973005590925088357e-03 1.092638977320685911e-03
1.175460255563641340e+03 3.376747204494263883e+02 2.457648219415384944e-03 -2.806094885856807043e-03
9.449498262400344117e+01 3.532814324925692517e+02 8.723908734319590214e-03 2.796482210360094235e-03
2.473995296853643140e+02 6.327214107601823798e+02 1.314551285928034635e-02 -4.445753810195678113e-03
2.719190367610607382e+02 4.215826405045378351e+02 7.337679057260267090e-02 3.546783927488388333e-01
9.429313960300138433e+02 9.020145939694831441e+02 -1.433827055517001431e-02 8.860528345878427789e-03
9.916265084829592524e+02 1.901303203157595192e+02 4.280360451077447510e-03 -1.048961483812318497e-02
2.062359490983364196e+02 6.845545157635940541e+02 -8.098720871162028156e-04 7.322989817216784061e-03
5.926489462124931151e+02 4.589168202717372083e+02 1.607023364647037697e-02 7.140028899399485963e-03
5.121876710521383984e+02 5.025287835506520082e+02 3.570483314919923717e-05 -1.907211707156542327e-03
3.259876348952009835e+02 5.037074209144387282e+02 3.495436117281324178e-03 9.412605881307892653e-04
1.135475268285310904e+03 2.052838380431035716e+02 4.809437032575279020e-02 -2.252678420989616057e-02
1.706468139968763467e+02 6.253457953833147940e+02 2.367546991274368899e-03 -3.846614929038383052e-03
2.661640606594820042e+02 4.176964896396627296e+02 6.628029617122638273e-02 1.995750546359161548e-01
2.684649177291342426e+02 7.091284633551367733e+02 3.051533538617190715e-03 8.841407228545102026e-03
1.089943577635241581e+03 2.540386446188906859e+02 -9.142318433235700759e-02 -1.966603240082493154e-01
1.159593928759444225e+03 3.745159349961805333e+02 2.525561519815926192e-02 1.693696847028116140e-02
1.031458167812371812e+03 2.114976517468476800e+02 -1.778272877114017714e-02 -1.507713096773105055e-01
2.658189465115814869e+02 5.893439172423339869e+02 -9.900929840384969233e-03 4.497324527182451626e-02
2.068489046177765545e+02 5.320907323198388212e+02 1.122585040344349638e-01 1.091216083266700332e-01
2.452551238438447285e+02 5.546148305797557896e+02 5.939021374769336281e-02 1.002435759142345229e-01
1.203607658729738432e+03 2.472055800717348575e+02 2.576552468387111744e-02 -6.829973156552067437e-02
6.713777900739980851e+02 1.080378635388879047e+03 -1.635727834297432586e-03 7.130289594208601318e-04
4.800250537149983074e+02 4.438927236095468061e+02 -3.662417890865580800e-03 -9.345925035982435500e-03
1.080604543805851563e+03 2.847039149685757593e+02 -4.324205708652842373e-02 -2.920015255659740849e-01
3.003367284205071428e+02 5.506763899506399866e+02 2.962800884852816261e-03 6.108586494687557461e-03
2.570074671123221037e+02 3.960200175889245315e+02 6.091475515012319264e-02 2.080417965406099190e-01
1.163893919119229395e+03 3.806362468118555284e+02 -9.642938224724185645e-03 1.988190468041286380e-02
1.041954784463070382e+03 2.428610916445336727e+02 -7.985358754084889710e-03 1.423872611233397084e-03
2.267579146961691094e+02 7.161648133493292789e+02 5.354363245474040621e-04 6.284476017576212832e-03
2.714520343608209032e+02 3.917970638429973178e+02 3.594165650155624336e-02 2.034877876334258984e-01
9.807988194625540928e+02 8.539879888799677019e+02 9.074682089020609174e-03 1.586694029613047036e-02
4.920044584725582126e+02 4.485391046187649522e+02 -2.708018366274024861e-04 3.129928129413152207e-03
1.127697194290620473e+03 3.422787390919264112e+02 -2.980495531655023280e-04 -2.618500148053674956e-03
2.547560805073906351e+02 4.992497921839640185e+02 2.331210455594486530e-01 -4.045354618009897041e-01
1.061490673377534677e+03 2.515917596560443599e+02 -6.641513697353289281e-02 -1.190800926556891126e-01
1.197823313075930400e+03 2.496013448356409867e+02 1.150043235642586592e-02 -2.921954577448808432e-02
1.123133387558304094e+03 3.413719123442965611e+02 -7.436745465816099916e-03 1.729007413445342106e-04
2.290434285918212254e+02 5.649907805082049208e+02 1.065106891261174138e-01 -2.169004347667614629e-01
2.812673977616080379e+02 5.965896685943425837e+02 7.015686419222085142e-03 -2.188280737117462293e-02
2.360065682349095653e+02 5.735067792896456922e+02 9.458526088982584235e-02 -2.161521661758721014e-01
9.732680505527150672e+02 8.669265929384946503e+02 2.366175336761659666e-03 -4.690973294700732758e-03
1.890765302483864616e+02 5.848183729804877657e+02 -7.027739676957052775e-03 -2.564592909112492838e-02
1.189835647087109464e+03 1.949417967877905085e+02 4.904102422856925630e-02 -6.498974742045181274e-02
2.631707129578602462e+02 6.490975818749907376e+02 1.279356342113845656e-02 1.674877672569842144e-02
1.219163790309113892e+03 3.193427277778701523e+02 3.712091642566456851e-01 3.893626039226965457e-02
7.700831407485210320e+02 3.982772003735736916e+02 -6.059005972475677362e-03 2.566580690181761298e-03
2.218096072665236704e+02 7.695101442420576632e+02 3.540291871362319636e-03 1.585169419376152283e-03
9.992145448123108054e+02 1.967762495963312404e+02 -1.301218187823131693e-02 -1.063642103030116616e-02
5.290845710296849802e+02 4.912234131396716066e+02 1.766844688362616961e-02 2.833830954278205791e-02
1.158631065552767950e+03 2.346771539971136349e+02 -1.076492310952933615e-02 3.449167351299740197e-02
1.940763495985954705e+02 5.431958521369126629e+02 -3.566260610898158712e-02 -1.976569069449052585e-01
2.735213915918603220e+02 6.830910763330872442e+02 -1.490838281425018071e-02 4.327613047014820975e-03
2.600434364231795143e+02 3.888296728937860962e+02 6.563188005133785419e-02 2.526411742942079597e-01
1.967313843554522350e+02 5.211851621577011429e+02 7.317443984424787384e-02 9.208646490471250612e-02
1.184611703681284098e+03 3.543580704735777545e+02 4.705766685965544899e-02 -1.757529586951040723e-01
1.214184732541974427e+03 2.257564618416531061e+02 -1.332486225092312931e-02 2.567262069283313825e-02
2.616440092070378114e+02 4.464236191824636535e+02 -3.419893979738201223e-02 -3.196791205805165070e-01
1.924882177274965329e+02 6.851035583545184409e+02 -8.824573979309956184e-02 1.415206043590869489e-01
5.489338249171505595e+02 5.012626517308257803e+02 -1.966469238079685683e-02 2.055213520057604798e-02
2.316941061764811423e+02 5.837110780185031444e+02 1.018605417799813423e-01 -2.330685866209957768e-01
2.392079242437647792e+02 6.184175296820808398e+02 -1.517360244540184692e-03 -1.242466340639535038e-03
4.911275157626871533e+02 4.837641354009661541e+02 -2.318378405426742804e-03 1.224389141357041903e-02
1.179956505426659533e+03 2.548615809596869610e+02 -1.944269425261118626e-03 1.713882788527176446e-02
2.660157107505654608e+02 3.752147374749526989e+02 6.405680014238677999e-02 2.230493876869474867e-01
5.213443309329163640e+02 4.424992492010876504e+02 5.017864850146051348e-04 3.665585980474300558e-03
2.448564202557773228e+02 7.100535058094288843e+02 -2.050028150329193826e-04 3.243141932081457430e-04
2.275600945552204166e+02 5.814966703976373310e+02 1.069135844334121732e-01 -2.246731385705189599e-01
1.017644831081465213e+03 1.795904682460209472e+02 -5.178731703947528527e-03 8.703939817429713274e-03
1.263823323859372067e+03 2.923208019557389434e+02 1.948714081805240361e-02 -3.128420406998225212e-02
2.359338975027904723e+02 6.427386606726390710e+02 5.882352199468623456e-03 1.667364102241316454e-02
7.838172901134831818e+02 9.597014673281968271e+02 2.018606358321881327e-03 -2.598816053858460547e-03
1.037418083728997544e+03 2.876756544460999407e+02 3.291072585735752704e-02 2.195498213856103900e-02
2.921144544366010791e+02 4.978627424470627147e+02 1.524007387140747793e-01 1.036001174000359820e-01
2.559073114306447678e+02 3.730058381274207591e+02 4.857102378508023482e-02 2.556506380408578583e-01
2.334192531551913987e+02 3.245905962982023993e+02 -8.006044814662389986e-02 -3.437386992697368249e-01
1.189825230086066995e+03 3.216710146819818874e+02 2.342627224883818693e-01 1.228718616553399617e-01
6.656345380351363019e+02 1.078626964546702311e+03 -9.080759378305332252e-04 1.080693706898732667e-03
1.051492260238115705e+03 2.999395435114882957e+02 2.411514794340012568e-04 1.243382174691598117e-03
1.214786887001642299e+03 2.877676789613100254e+02 -2.431528401080589041e-02 6.254435799612599600e-02
2.644731496382467526e+02 6.861061663674057627e+02 -3.742180344543180343e-03 -4.622558241755928346e-03
8.795174565401066502e+02 8.667597449300661765e+02 3.274780545202792340e-03 -9.772895773914236708e-03
2.841832235542640319e+02 6.780145549179343334e+02 1.010765809668316825e-03 -2.828700169422770157e-04
2.036452731194147816e+02 5.133265606920463142e+02 -4.403979695534545463e-02 -1.344224893139851600e-02
2.229816200264887129e+02 5.498787359403689834e+02 7.769670324626667957e-02 2.151478189123529061e-02
2.430503080135941900e+02 5.120503905817881787e+02 -9.042173003442510737e-03 8.871462005280442847e-03
1.105343357098483239e+03 2.163658440855093374e+02 9.957682678820521313e-03 -7.021470669443342048e-03
5.202696043731089048e+02 4.325343636795569182e+02 -5.863687535187780617e-04 -6.999958184193550738e-03
1.881286617224014890e+02 5.355100534729399442e+02 1.742787302755209322e-01 8.239092977968053011e-02
1.010154349209868997e+03 1.846287211806120467e+02 1.635560760757813481e-02 9.719834875147007058e-03
5.426372863132590965e+02 5.113720035628288088e+02 -7.244407054765297565e-04 1.705296851430758388e-03
1.271102409743454473e+03 3.689108461610425138e+02 2.643752701834444375e-03 -1.334989400829490573e-02
1.192102031521217441e+03 3.856927697164825872e+02 3.126005841218867844e-03 -3.975191460358023718e-03
1.224587094553894531e+03 2.500825999433119193e+02 -5.271989865942748425e-03 7.546871051438347466e-02
4.651315995543940289e+02 1.099360735846399848e+03 4.609520998279000026e-03 -5.469443908744927446e-03
2.589025838032903266e+02 3.660050285889855104e+02 5.184015701496632461e-02 2.646605155762166151e-01
1.833052441896761877e+02 5.252680269702703981e+02 7.779958563425043438e-02 1.314729903078284690e-01
2.204083077235842438e+02 5.918347152425798186e+02 9.494012418836875189e-02 -2.555690375623840827e-01
2.169513929086523945e+02 5.615856470959384978e+02 8.470055884318451744e-02 -2.662230481408430216e-01
1.183908167186173159e+03 2.458895674726549032e+02 3.320794577427144362e-04 1.515814020253861832e-02
3.114739432043631382e+02 5.497744618153164993e+02 6.118200244971754541e-03 4.856463829643718408e-03
2.190358838854608052e+02 6.095841606094394365e+02 1.033328577687723793e-01 -2.480009074967861882e-01
1.117734528906848936e+03 1.929250746806040979e+02 7.952846812772218846e-03 -1.920232115045005308e-02
5.621806944504413650e+02 3.940616677670261652e+02 3.462633458000952819e-03 -9.278017633346730478e-04
2.559279743886208678e+02 5.200777489725788882e+02 -1.891071862195312092e-01 5.063223468357659351e-01
2.661101224507078200e+02 3.547156126574897144e+02 6.756649263392902616e-02 2.497189759506061868e-01
1.204621439746312944e+03 3.473893093712668474e+02 -1.940146343612117507e-03 7.227579177971043753e-03
5.950265387160252430e+02 4.831386322399989126e+02 4.406187967484440429e-03 1.654955492349731438e-02
1.096267152789909233e+03 3.155390950695234551e+02 -1.572260900023786934e-01 -3.666535968448393634e-02
1.288513380679090687e+03 2.909297390145286499e+02 -1.384755645989175230e-03 -8.142470720780928012e-05
9.914343437070508571e+02 2.042047870015736066e+02 4.189821124206297848e-03 2.774455532034291599e-02
1.147392263922735083e+03 3.713119223939979747e+02 1.999864960166317790e-02 -1.379799690704149387e-02
2.548303782358146918e+02 6.648523223836913303e+02 -1.411365788644582510e-03 3.124098975936339187e-03
1.174911802363906645e+03 2.481639672429277539e+02 3.651492173036902794e-02 -1.582431672483631743e-02
1.135718730336631552e+03 1.739042147105760137e+02 -5.197260951939428747e-02 6.091557207354422743e-02
1.119031316080844817e+03 1.850562343808135495e+02 2.148205923123608189e-03 4.708801452220440220e-03
2.907539577634420880e+02 5.999569596538104861e+02 2.116094437278909224e-02 -4.695690262886021739e-03
2.188278713325209992e+02 5.783923030129319613e+02 1.171582996630483597e-01 -2.374611835974533014e-01
3.961003980580971984e+02 1.084850419342651776e+03 3.107463144123817078e-01 -4.580555803520180297e-02
2.588535396432884568e+02 3.540132105341003239e+02 6.055693548585601438e-02 2.744913568254061520e-01
1.233992895661015609e+03 2.865728174755145687e+02 7.739809547107899187e-03 -4.068455460741920646e-03
2.196122925141700364e+02 5.480104641149979443e+02 7.675544762985181402e-02 6.732783648635407014e-02
5.912257620252653396e+02 4.780628500092709601e+02 3.949738033246839690e-03 1.789088249775022156e-03
2.129048444081237506e+02 6.045973566121215299e+02 1.253105688532587525e-01 -2.164104632537171002e-01
1.129294427806403519e+03 1.801010769539337275e+02 -3.003211803276133098e-03 2.633700559028223642e-02
2.734082219339383641e+02 5.629541094664572256e+02 -4.611003108868040601e-02 2.003657111691318771e-01
1.224265017599232124e+03 3.514053418033071239e+02 6.300500769618726238e-02 1.982278850606833953e-01
3.889294514236967757e+02 1.093700950576255309e+03 2.698920637102896758e-01 -3.555994529110063224e-02
1.025151238657847671e+03 2.614022001731848377e+02 -5.397607541827611870e-03 1.391459094633215599e-02
1.111970142364145659e+03 3.492835990067861189e+02 2.746591421663481091e-03 -3.642604963062857134e-03
2.595320173334866922e+02 6.010307140979983842e+02 3.372883352517082062e-03 3.159318256872202264e-03
2.808197908728177481e+02 4.608702052029293554e+02 7.208381371552854966e-02 2.543817766911812828e-01
1.127156394514706562e+03 2.163234829838553424e+02 1.224530218264860242e-02 4.235753416674352661e-04
2.534076701556849969e+02 3.608178096196019737e+02 6.470082369978931436e-02 2.777485712690954123e-01
1.204903741981559733e+03 2.020164334933448629e+02 1.405051676293299877e-02 1.508540717168328944e-02
1.260190401029562281e+03 1.957948966652909064e+02 1.534472287254751502e-03 -2.898990777914537634e-03
1.008620236132173204e+03 2.104950586605656042e+02 2.449601116124162405e-03 2.926124184795926824e-03
2.428797908859486085e+02 5.707683045464948464e+02 3.430449247835272442e-02 1.443827590606761579e-01
2.168054245448526842e+02 5.806463552734118139e+02 1.483336319120706626e-01 -2.507329619780211960e-01
1.173408520377051445e+03 2.101928774210538222e+02 3.006842189433927767e-02 -6.313901671280650052e-02
2.521389256412417978e+02 7.138263165239239925e+02 2.106220085410638251e-02 -8.121436071828927461e-03
1.112737277316941572e+03 2.214455195916813750e+02 5.795328783858734456e-02 -7.692301552197022829e-02
2.785266317581348972e+02 4.410805140051535318e+02 5.291102043945399014e-02 2.524598095967300337e-01
1.851627893722767908e+02 5.434646908950160196e+02 1.345132767064980417e-01 8.798876882693067170e-02
8.859958999947920120e+02 9.297243730565302258e+02 -4.485667323226855260e-04 -5.438099175622968916e-04
1.078529661796353821e+03 3.163062757136175946e+02 -9.248555795450484618e-02 -1.476752351567369170e-01
2.917777081273154067e+02 5.064486965770436768e+02 5.508162140445435617e-02 1.988222951750333312e-01
1.299285014633730498e+03 3.142433813046609430e+02 1.876251604458858274e-02 -4.676825811723761550e-02
5.747238760823203165e+02 4.057097415104403808e+02 2.767457256343525043e-03 -1.162630450102648729e-03
2.104391791599879866e+02 5.770628508244616341e+02 1.551696159549422749e-01 -2.355341211223580256e-01
2.767788347410626670e+02 6.056766385373401818e+02 5.948805643858671999e-02 4.362999117081179518e-02
2.460757609528340879e+02 3.511987029643541405e+02 7.990073209790360398e-02 2.943093427290741082e-01
1.022829153923891454e+03 1.611833727009105814e+02 7.749704191679024703e-03 -2.720368294051561664e-02
2.066207345155175403e+02 6.586804078766115254e+02 -2.032091138499595717e-01 2.695621444704759395e-01
2.196815631920738952e+02 6.158420970065043321e+02 1.194473199705460426e-01 -2.663708729546006015e-01
1.046315893138223828e+03 1.679253456364472186e+02 1.036623267439851920e-03 4.720718373298855852e-03
2.357018747228103450e+02 6.517517471198682415e+02 2.983913926000961468e-05 -1.872397340477645897e-03
2.517818772839506778e+02 3.495993458037346500e+02 8.113152806208830115e-02 2.923311325809257455e-01
1.044709156827801962e+03 1.843038284995423339e+02 -1.972352537112071966e-02 2.898277794916413394e-02
9.534250528063263630e+01 3.747675061042093034e+02 -2.106627218537900914e-01 -1.663353679168592669e-01
1.188643688376298996e+03 2.539630363667843653e+02 -6.154288572453411009e-03 7.769947281105086612e-04
1.148960019193259313e+03 3.552397066641779588e+02 8.335863704421018691e-03 -2.647672896451843533e-03
9.824159788096919783e+02 1.751752999107696951e+02 -1.554150967182418809e-03 -2.685705419218077997e-02
2.080670065466295000e+02 6.071763397478981688e+02 1.529002377712362082e-01 -2.906224966062305737e-01
1.284960914591316623e+02 4.304445449728834774e+02 2.120311800193923346e-01 3.265907088468985031e-01
1.755016257656482139e+02 5.171796501184732051e+02 1.079924715748852709e-01 1.757964741015429766e-01
1.112091090290886314e+03 2.659384633599787549e+02 1.130078604624166899e-01 2.134314743769585021e-01
1.180211326547400859e+03 2.437796136485734166e+02 -9.195508839127904122e-03 5.665034704688056387e-03
1.180372518634405878e+03 3.360711322397311847e+02 -1.033376315197727206e-03 2.084860464378328337e-02
2.586795518855795422e+02 3.363952481950576612e+02 4.801947843794879267e-02 2.569098147445298408e-01
1.029390027154990094e+03 2.478558699595816393e+02 -6.379248030903494730e-03 1.117623624944452838e-02
1.403380665985031044e+02 3.900052587174293421e+02 6.999449912064725429e-03 2.127658223280614117e-02
1.810020685443022899e+02 5.168874677425759501e+02 1.093261632755456458e-01 1.765653966281178489e-01
1.974209603025036586e+02 5.291958569597298947e+02 5.472353564675926096e-02 1.051741621022391909e-01
3.713906984653470431e+02 1.053233009726834325e+03 -4.616641230681201892e-03 -1.466045183124691864e-03
2.486359903678353191e+02 5.260869579386928763e+02 -1.892634653504549069e-01 3.419990605475481948e-01
1.161339099149709455e+03 2.536236122278499181e+02 1.150129109249622972e-02 3.099868267628999585e-02
1.023631280880698341e+03 2.804152834053035690e+02 -8.747787040917527970e-03 4.899447703040901887e-03
5.020091526012041072e+02 4.824539414143623617e+02 3.760803229269105174e-04 8.517228155061175657e-03
2.155023215289908478e+02 6.198851032894248192e+02 1.490678218959631818e-01 -2.702086996676558162e-01
1.197675222788896008e+03 2.284043143300112320e+02 4.131398834645794773e-05 3.940353803843640694e-03
2.515914942105976024e+02 3.349067683794593790e+02 4.258182839144371984e-02 2.724223223482644118e-01
1.389229732689764489e+02 3.978375887475142463e+02 1.153892642173897287e-03 3.090409655482231552e-03
1.128010665271340486e+03 2.397035156733119834e+02 2.275290459530906334e-02 -2.330712887370177747e-02
1.157753713604506174e+03 2.248130892668208958e+02 4.550089695659369216e-02 -6.561615860516836415e-03
3.127990279054917551e+02 5.544344231032378048e+02 -1.586770700779458919e-03 4.643858669177155368e-03
2.418550586872446786e+02 3.425975375145167163e+02 8.860513169182099302e-02 2.944344407196700653e-01
1.093377513842754524e+03 2.428824826133912325e+02 -1.700468610757336144e-02 1.558566283751874337e-01
2.232438156980663564e+02 5.688349505891943636e+02 1.346760865367191140e-01 -2.952030917025636469e-01
1.218509148042328661e+03 3.378480387077989349e+02 2.761308358064732404e-01 1.203814279112987023e-01
2.533529498317248567e+02 6.218987829210525433e+02 -9.608217056713310973e-04 -4.324846151918097814e-04
1.026563143354002250e+03 2.419670491159684502e+02 7.631206317662620787e-03 -1.655615449834331801e-02
5.145375231835402019e+02 4.743273933359837997e+02 -1.996036740491481318e-02 -2.345794807538233322e-05
1.185140649691588806e+03 1.741584425395702453e+02 -7.079049430226989903e-02 1.102494264822406929e-02
1.227588597757770458e+03 2.734263220971932924e+02 2.904013477694719972e-02 1.505327560823556676e-01
1.117573450040580383e+03 2.392219433010054956e+02 -3.335764105277166242e-02 2.751574627594810443e-03
1.257145227806392995e+03 2.937301199489716623e+02 2.185640495872801306e-02 -7.971259539479630743e-03
8.816333080012394703e+02 1.100511432220212100e+03 -2.263025975557101028e-04 -7.968165138960769467e-04
7.531761550425862879e+02 8.452379756686619885e+02 1.607640263800210866e-04 2.221917415584870889e-04
9.881882743995311102e+02 1.770121743100496303e+02 5.945481153395292852e-03 4.724361111100009239e-03
1.222128821899681270e+03 3.763240599480596984e+02 -1.416252242875043997e-02 -3.707045165374821434e-03
2.005928943497915782e+02 6.588627194812117978e+02 -2.034048867257886029e-01 2.712220417502292369e-01
1.112669465644872844e+03 2.175065567847278487e+02 -3.122454495158056426e-02 -4.029915860930637778e-02
2.484968007916249064e+02 3.679890644980540628e+02 3.646970517351801749e-02 2.773497103497596372e-01
2.414291670681492405e+02 3.833655635076775638e+02 -9.092799633916312518e-02 -3.483282931410219829e-01
7.416909509536304768e+02 9.597472089979702332e+02 9.603594705935176437e-04 5.282121349022652658e-04
1.096662721591900436e+03 1.824780947974663263e+02 -1.569380812630756239e-01 1.043368127605622253e-01
2.499679640598824051e+02 3.275283446849257416e+02 6.175607726501005507e-02 2.648127234827551968e-01
2.247730009741965205e+02 7.558354087585244088e+02 3.362211163940202925e-03 4.543502961659629143e-03
2.213372890176040642e+02 6.273585946928492376e+02 -8.254763585199328957e-02 2.415886042321940541e-01
1.139345715435132433e+03 2.408339032778460194e+02 7.811286445368102738e-02 2.416257646363409450e-02
2.229556102018096055e+02 6.674307227272267937e+02 6.774340116024713497e-04 -2.877323016312600783e-03
2.547486750437773821e+02 3.267914648270725024e+02 3.790379697547207466e-02 2.765488370599921142e-01
1.862258249994059724e+02 5.471046865201935816e+02 -1.705806941802469889e-01 -1.325674250163834944e-01
5.024674914038823204e+02 4.389520987967605947e+02 -1.248730242533644893e-04 -4.898381493671202271e-03
2.105497724993940381e+02 6.308199580737535825e+02 1.778109941306302566e-01 -3.281433361537111626e-01
2.526715271066573223e+02 3.443780319495513709e+02 5.387942481555688806e-02 2.961680517099952725e-01
1.060576353386207757e+03 1.653193849598883958e+02 6.153440875964812096e-02 8.303565059171232055e-02
1.130204448481003055e+03 2.278188485126268574e+02 5.703402321607950118e-03 -5.918723209178848588e-03
1.172060904214668653e+03 2.257446419655157683e+02 -4.496870240997607321e-03 2.641975979656481770e-03
5.297510960798681481e+02 4.388439968819225783e+02 5.779386473481020088e-03 -6.740233857424480363e-03
1.196145886722939167e+03 1.854162633335196233e+02 6.750159892713908372e-03 -4.298449984544715913e-03
2.829062543179899762e+02 4.729809020988557222e+02 2.357926585972055025e-02 2.803783874868891468e-01
3.689293713991646655e+02 5.182505804124799624e+02 -2.425623609253919628e-04 8.219780440620272572e-04
2.742862476370396507e+02 5.165887375217639601e+02 1.993178698280742844e-01 -1.853377548819404030e-01
1.135290303193281034e+03 1.916157474842659667e+02 1.167874306359876699e-02 -6.449486483203676658e-04
1.015670952360766591e+03 1.983068817571366367e+02 -6.805572055883554738e-02 -1.103567682558534296e-01
2.184590300281548423e+02 6.623338820327236363e+02 3.735766742444398235e-03 2.266553872963827942e-04
5.601799323677066695e+02 3.902535334013160764e+02 3.363071248829760645e-03 -1.333420461061549708e-03
1.016713429041934091e+03 2.414473780145138733e+02 9.086774001078912200e-02 -1.516113620303301823e-01
1.089390527666231719e+03 2.939938153020679579e+02 -4.437096950272516049e-01 -6.951748408284789960e-02
1.300563496821455942e+02 4.201985806215041634e+02 2.077191649077845259e-01 3.168706940919183701e-01
2.260003881665978440e+02 5.273414349670526917e+02 -8.696402427032542959e-02 -1.025608844811628888e-02
1.019614309176182815e+03 2.181068162420490069e+02 -7.128046975916695841e-04 -6.238562953719713894e-03
1.179491412686188596e+03 1.890294963349361126e+02 2.612833148949372103e-02 -5.543915464556340572e-02
1.149538762172518545e+03 1.940456707802384528e+02 -6.542396750735789308e-03 5.768653484210602145e-02
9.508549346452942927e+02 8.988629233955576865e+02 4.801658804710610962e-03 4.942548383923221073e-03
2.657587307364008780e+02 3.931543625927932339e+02 4.265648689305925889e-02 2.228964480470026766e-01
7.940924545301687658e+02 3.823818039966391211e+02 -6.491341933783002392e-04 1.153551901616184719e-02
5.180152174075524272e+02 4.600815033503305358e+02 2.809335776052225564e-03 1.830945832025441047e-02
1.077410832978899407e+03 2.042564297432702745e+02 -4.410922087980015914e-03 1.124885870118583382e-02
1.247456861552199825e+03 2.773434163639980738e+02 -1.515388254159564796e-01 -3.638247702076850831e-02
6.498328912919413369e+02 4.979589351030748503e+02 5.336381024202601145e-03 -1.432984603795931788e-01
1.060454920828617333e+03 2.265576059265916058e+02 -5.992204962357129856e-03 -3.839066134691895035e-04
1.216864545237176117e+03 3.656683840851706009e+02 -6.482434445622335228e-05 1.691475503691462767e-01
1.019644231608480027e+03 8.063991103944558745e+02 -1.289041851439626371e-03 3.092111849110948038e-03
2.761437629226774106e+02 6.716600658875087220e+02 1.180403508920330712e-02 2.376029873199954692e-02
2.766061535118869301e+02 4.346284414070473758e+02 9.901095825902266057e-02 2.067501696910761799e-01
2.040331381676866158e+02 6.242561499067537625e+02 1.907240032052456569e-01 -3.235591220166504356e-01
1.998561272846940255e+02 6.372862088601539199e+02 1.666585230507671433e-01 -3.175250827386880692e-01
2.565076563344556462e+02 3.446999183050390911e+02 4.500993112743616881e-02 2.624164376538952737e-01
1.066780670758660108e+03 1.654541650076777444e+02 6.945702400498748874e-02 5.467388569475459953e-02
7.440025755966036058e+02 3.946736093924370721e+02 5.034977772809968305e-03 -2.891740527914943380e-03
2.248889934554918000e+02 7.231759199424261624e+02 1.380890471596424307e-02 4.841195098908140752e-03
9.607426264260141124e+02 8.348880556656858971e+02 -2.525908816317109281e-03 -2.104518505402125633e-03
1.051524659720730369e+03 2.165111698992412528e+02 2.666204775319819947e-02 -6.736376935419845224e-02
8.493554776185602861e+01 3.473274162195722852e+02 1.626792237411420119e-03 1.998966821121943901e-03
2.617329863985171983e+02 4.834511930701398228e+02 1.866079550826979516e-01 -3.543040395107897589e-01
1.047554589382881886e+03 1.756083605219324681e+02 1.136652157966785426e-01 1.780320834295859647e-02
1.978141937354842526e+02 6.094557424165850534e+02 1.890116410821902071e-01 -3.283617437827113239e-01
2.521916127008948649e+02 7.066529910233091414e+02 -9.066350334318157289e-03 5.307457909980662671e-03
1.841068208026767934e+02 4.976365254634551434e+02 2.184766891303768777e-01 3.341689506051027103e-01
6.390395034726823269e+02 3.756110221787862997e+02 -4.080966563702928417e-06 1.765210206032730936e-03
2.075828776763852375e+02 7.314915268526243608e+02 -1.007487647052866461e-02 -2.593213346636338845e-02
1.189498451808722393e+03 2.267569635634267513e+02 -5.853582716819422799e-02 1.737119503609122276e-02
1.238669543106429501e+03 1.266130137914343550e+02 7.320676662371030123e-04 -3.057242100272607763e-04
1.909616920123645798e+02 5.643646705082690005e+02 2.791569001902987068e-01 1.562554122889119740e-02
2.969822165749881151e+02 5.125765516235499035e+02 3.247056092732068105e-02 3.162756757371706362e-01
1.978655678526369854e+02 6.914919393787962463e+02 9.611635226652969280e-03 9.072947802468265058e-03
5.771608069966210905e+02 4.969329510276926385e+02 -9.338793662335423884e-04 5.067957695968793551e-03
2.958734708586126203e+02 4.853869528297690294e+02 3.256870380427456108e-02 2.148094462387518389e-01
2.520290249039295531e+02 3.096276441989043064e+02 6.279478387432334274e-02 2.171624041442266340e-01
1.186217849462492268e+03 2.072342331116576872e+02 -2.268050576183686454e-02 3.690879042085665022e-03
1.043347265728253888e+03 2.029363617334825278e+02 5.985088849846049823e-03 -2.127332431586923325e-03
1.031744016012729844e+03 2.236498939819642828e+02 -1.583950288009346730e-01 -6.618931613448972295e-02
1.111204072815149857e+03 1.644352400713664508e+02 -3.426399568878977370e-02 2.922750393118277168e-02
1.014056011961455283e+03 8.695885344299299504e+02 -5.971794251248109878e-04 2.206973861522630240e-03
1.947064933799300093e+02 5.992255219176458922e+02 2.007216143317069601e-01 -3.414920620601777368e-01
1.203063554787603152e+03 3.622586398208508172e+02 -1.509799111202500890e-02 2.025155042422238996e-02
1.917544081429558958e+02 5.320745328345446978e+02 6.892027769290316741e-02 2.712027286834357495e-02
1.144665691379254895e+03 1.744669492652162148e+02 -7.446773355764881031e-02 1.053446625543456444e-01
1.117437792739414135e+03 2.044223646872435438e+02 -2.051728552619723131e-02 -1.573048651406144804e-02
1.006972970414087285e+03 1.758161160582236846e+02 2.657880754757021083e-02 4.024312546423125525e-02
1.144352581808161176e+03 1.989166285656093862e+02 -1.430785688228297658e-03 5.074006551092580253e-03
8.755634657066326554e+02 8.728869006104004029e+02 -4.229563000701356927e-03 5.548090130610934707e-03
8.201477237058900300e+02 1.102227252434119691e+03 2.701929222356606593e-04 3.299711125800778850e-04
2.185144656500048086e+02 6.747902285595084777e+02 -2.216907012243489808e-03 -1.206921565541578187e-02
1.152127293329336680e+03 2.510840489911303166e+02 2.652268417981991019e-02 -4.674060197945579913e-03
1.171417373065205680e+02 4.273492734719251871e+02 2.165980443883411266e-01 3.068985035160362584e-01
2.438138320655817211e+02 3.119738858981457952e+02 7.170601601214875165e-02 2.467370471675006116e-01
1.141065400558038391e+03 1.938277848604158464e+02 9.001372073541190821e-04 -1.726820496346877926e-02
1.008274088591558893e+03 2.482628087580397676e+02 -1.908762944460957187e-03 2.442534292099512311e-02
1.086721118718954131e+03 3.163182919568065472e+02 -1.937241467363189085e-01 -3.019305753679759480e-02
2.966317848385701268e+02 5.243035776530987278e+02 -3.265616014937739592e-02 2.482413279841873543e-01
6.104321637022984532e+02 4.298521713388509511e+02 1.462735237315888025e-02 1.606861319032501165e-02
1.821716171063445699e+02 5.777966429072240544e+02 1.629523392738554122e-01 -6.493792824724019253e-02
1.156132510053339729e+03 2.283007846372719598e+02 9.496604406450941550e-04 -2.478872788267492272e-02
1.249266802148353008e+03 3.053188626717424654e+02 -1.553643167977064241e-02 -9.432300720628560009e-02
9.311383002991068452e+02 8.858122852626120221e+02 -4.705801212192317617e-02 1.921866711931940336e-02
5.600998540465014912e+02 4.176821499515466485e+02 6.156570145131969908e-03 -1.974428270214850442e-02
1.029192790920618791e+03 2.667153187350019152e+02 6.301886528333289911e-03 -2.790451626346304032e-02
2.237623757000489206e+02 6.090626793337263507e+02 8.983439894680840532e-02 -1.954727605630630360e-01
5.464970074031774629e+02 4.424249137825386242e+02 -1.383577790280363963e-02 -8.718546599788525031e-03
1.173576918992419905e+03 1.442077635770891959e+02 6.189836455559773708e-03 -2.901825437565315816e-03
1.834915829910064815e+02 5.668721688660967857e+02 2.653303904839464100e-01 -4.472183972020895432e-02
1.795469828191345982e+02 4.932034807488486194e+02 1.603238658047782539e-01 2.997648409718962625e-01
1.192318847418254563e+03 3.230412329803623948e+02 2.692291616108605234e-01 8.558391525037833958e-02
2.702275735557743701e+02 4.602293190449271378e+02 2.333930742732686844e-02 -3.029468737771393028e-01
1.544090686241172250e+02 5.078179350318371803e+02 -1.361999868074049991e-01 -3.615998627162040902e-01
1.224432335801509680e+03 2.163810115827306788e+02 -5.046769071567942105e-03 1.223446986466138024e-02
1.224240236249558620e+03 3.534823738620461313e+02 -5.538136921703409182e-02 -1.969697637809439406e-01
1.098903770619623629e+03 2.271781272186007925e+02 -6.404281564090961824e-03 9.542911090907093543e-04
1.072828021189723358e+03 3.467247920240617987e+02 1.562054758813825536e-02 4.263059507806182119e-02
1.319517120220876052e+02 3.924784810351893611e+02 -1.649867986835237181e-03 -1.605212179140305673e-02
1.750171997992110278e+02 5.061996048330942699e+02 2.246241737462677246e-01 2.802771231909245708e-01
1.076573624476035548e+03 2.251960452303716238e+02 3.068503393774933870e-03 -4.753985026574980566e-03
1.168720065229080546e+03 1.905272293047308949e+02 -4.581596453213502597e-03 -5.620807409460020811e-03
1.185999767687911117e+03 2.875829296551243601e+02 -2.646793605785337511e-01 2.229837866866411777e-01
1.817766884671537753e+02 5.736224854900552828e+02 1.806090238176915885e-01 -1.100106349126062227e-01
2.839694884797983150e+02 6.201653098107818778e+02 -1.366678938209911530e-03 2.725047884585089786e-02
1.033204053308949142e+03 2.509030125970179199e+02 -1.050375905171332946e-02 2.228884663950277678e-01
1.011107424871060402e+03 2.483712654178689831e+02 -1.154848541365192764e-02 -7.913421077111670258e-04
2.103305274922888657e+02 6.968116849008582676e+02 1.252076951461051635e-01 -3.826070292193711753e-01
1.095589832096006830e+03 1.801912548995052532e+02 7.494654470959163928e-02 2.970084062296258764e-01
1.792747849791651049e+02 5.608934029324640278e+02 2.524041375314697300e-01 -1.021871329295820502e-01
2.881369254243547857e+02 6.257220709173961950e+02 -1.546850281233897936e-03 -7.257640874561563891e-03
1.118922116724236957e+03 2.064578628188002654e+02 -6.011287474976338002e-02 -1.180424402632533204e-01
5.374663780081065170e+02 4.700302290472059781e+02 -4.651860146363580306e-02 4.698703491764553986e-02
1.109817023418485405e+03 1.740017941380326079e+02 -6.163172694822497549e-02 -6.577502359099875184e-02
1.089864480749011818e+03 3.091435080646825213e+02 -2.146117774899748698e-01 -9.706953558250362712e-02
1.038278202048161347e+03 2.731411506538316871e+02 6.477225237448223927e-02 9.594532279547940412e-02
1.169949324404047729e+03 2.535087103577893117e+02 -4.360897925597451846e-03 1.852003655362681814e-02
1.010353831221234486e+03 2.051541730078310195e+02 -1.620148174847249947e-02 4.239575653351503048e-02
1.158339897997445433e+02 4.350609488530448630e+02 2.094282630440686965e-01 3.015865761855582861e-01
1.056950074790769349e+03 2.444749214678657268e+02 1.053697180808422507e-01 2.575244171232642376e-01
5.743159915753858513e+02 4.974600312238889046e+02 -8.819330753468305334e-03 9.438585913897672370e-04
1.177699311349551181e+03 3.705928756932892156e+02 -1.884436282528939230e-02 5.628743015046211440e-02
2.592997705081741060e+02 5.899180845536092193e+02 -1.003215576570200447e-02 -5.353555431389439220e-03
2.372115105696534556e+02 7.651302145854546097e+02 -2.076825460156603602e-04 1.528139314312636221e-02
1.121981653881457305e+03 2.150309635562756228e+02 4.793069093261692615e-02 3.698905740167551109e-02
1.181386132273066096e+03 1.784944141658961598e+02 -8.499621451735492328e-02 -1.388467056396654187e-01
8.372673373044372624e+01 3.345740990793073024e+02 5.094170918312824516e-03 1.578948916243889944e-02
2.888882256582512582e+02 5.317451408341215711e+02 -3.180228183467723180e-02 2.630734034826507917e-01
1.910585772605446664e+02 6.511507090449620136e+02 1.306691029584621522e-01 -3.235591111162044453e-01
2.392412357628726625e+02 5.309943615475830256e+02 1.778038246259890376e-01 -1.926458590626305145e-01
2.568400756462476693e+02 5.403145849268113352e+02 9.081093247999910689e-02 -3.385669621201399249e-01
4.996358430929036558e+02 4.935996601569884774e+02 1.390330507013410591e-03 1.515442942022815487e-02
1.030862643232502251e+03 1.868952156480169435e+02 -8.911210567290238360e-02 -3.970146655534075725e-02
1.176981728583020868e+03 2.238979614175183883e+02 -6.638016528601805612e-03 1.294576256386800392e-02
2.771562718993528165e+02 5.268619594577000953e+02 2.005744904671108164e-01 -1.530513135320055451e-01
2.297613841736968538e+02 5.872092901522548800e+02 9.309258721407941140e-02 -2.523516663522156755e-01
2.876936230202944103e+02 4.767016871171485377e+02 -2.135638266842389277e-02 3.006331398458221837e-01
7.636098226799462054e+02 9.622677148816338786e+02 7.929058897616414253e-04 -9.196599192488396713e-04
4.634930148012555264e+02 3.924161332678043550e+02 -7.342581017103047862e-04 2.784796609234860883e-03
1.898277771634716089e+02 6.484552592899750607e+02 1.457143408507848570e-01 -3.137423510034009211e-01
1.080709157277879513e+03 2.564109608884213571e+02 2.133185437270563034e-01 1.477019545708296300e-01
1.143197699603862475e+03 3.638608873615464745e+02 -6.372406016127123672e-03 1.097243385193146480e-02
2.766980144127643371e+02 6.467339658602537611e+02 -1.275322618487344413e-02 8.303701363394862950e-03
1.051991872211815235e+03 3.110918635908761871e+02 1.912040778575365141e-01 2.726717201107841659e-01
2.811854082566899251e+02 4.345637854307966563e+02 3.773986984597968442e-02 1.075056730042126679e-01
1.660756544177232286e+02 4.945274066501231687e+02 2.226189178259211920e-01 3.636428801882841122e-01
2.887972814567847877e+02 5.204872830174291494e+02 -8.569023272370569766e-02 2.546853152768309703e-01
2.810625864934048082e+02 5.427835865159221385e+02 -4.636700465408346086e-03 3.074292170515584011e-01
9.880318920917269452e+02 1.864269338299422429e+02 -1.098292896827211818e-02 -1.044862600658880564e-01
1.041120115563580384e+03 2.918617196666949667e+02 7.983912171043440476e-02 -1.607636271195755084e-01
2.356990884351857858e+02 3.020695263815920839e+02 9.128241310247631191e-02 2.299162198362552090e-01
1.102365666502389331e+03 1.993946666588299195e+02 -9.416086746156793197e-03 -2.460598921942273518e-02
2.138085678794597300e+02 5.258559193258029154e+02 1.031436165820321799e-01 2.616405664986011168e-02
1.071958005270677177e+03 2.445768049974367671e+02 2.681754605159477056e-01 2.047677791314342077e-01
1.155295122272170602e+03 2.588184822564241472e+02 -8.991264256966903512e-02 1.703549952362657938e-01
1.198645641042112629e+03 2.023982807354134934e+02 7.203760335434910775e-03 7.487007813128658974e-04
1.253613132858064773e+03 3.086469327962689135e+02 -9.434514973441360253e-02 1.155333044211311611e-01
4.639212850508940846e+02 4.564783055846532989e+02 -1.532066390522857091e-02 4.824182780065717352e-02
1.074562308503419445e+03 1.628271949490597592e+02 1.019619192119204237e-01 1.115486398815083297e-01
1.062605900508198829e+03 1.817852378329223768e+02 -4.964056539982017978e-03 -1.712019458487129206e-02
1.145570312908363576e+03 2.443087565148915132e+02 2.636699171327648583e-02 -1.619773775808314858e-02
2.961449479093819264e+02 4.974601808161997383e+02 2.693292431478206406e-01 1.097442831184039236e-01
1.180520553878369810e+03 2.050353407397549006e+02 1.098362843703929032e-01 -1.050863830192344528e-01
1.106065383428480345e+03 2.301888005573570979e+02 1.070678159786417061e-01 -2.981419763298177039e-01
5.271635009271831223e+02 5.061895411090362131e+02 1.189823055037001224e-03 2.485335381134923596e-02
1.261993910277960822e+03 2.696810377641714922e+02 3.787368425152522200e-02 1.064228294405751216e-02
2.724033925671574821e+02 4.067164929745480890e+02 3.059775347571029244e-02 1.713985664438691658e-01
1.015714742717125432e+03 1.736246573597619829e+02 4.986485323619933158e-02 -9.884936408624284132e-02
1.027868954007566117e+03 1.797625673050766011e+02 7.122514607074383053e-02 -8.958488589088886567e-02
1.099453863837473136e+03 2.723531418334902696e+02 -3.064962150440949662e-01 -3.897807088541664113e-03
2.348438315303650654e+02 5.472017877893104014e+02 1.677063544235527226e-01 -1.373874753660940806e-01
2.457138135252257882e+02 5.847878062583772589e+02 -1.775184328673888312e-01 2.626432309700793555e-01
2.232687442146420267e+02 5.963013009191557785e+02 9.567146026390105362e-02 -2.078785505519847865e-01
9.259018447560493996e+02 8.919140272290266012e+02 -2.614561197173627047e-02 3.261219769018153941e-02
6.700440399988914351e+02 1.101323466329449957e+03 -1.549822873190159314e-05 2.304557476858654173e-03
1.085011417925565183e+03 1.800406719176087620e+02 1.586520619519593001e-01 3.455298313332224452e-02
1.083239639334502044e+03 1.841479390555532802e+02 4.489038552401325433e-02 -1.496575167455696798e-01
1.077509267273203932e+03 1.942888200150081275e+02 -5.795783949636372674e-03 1.121851628733575197e-02
1.265861801787531022e+03 2.037526708652604555e+02 -2.502795361732677599e-03 7.103222121589329065e-03
1.088966868599053896e+03 1.718556985002670388e+02 1.465181334698715809e-01 7.263224384946119494e-02
1.061568119546793014e+03 2.081928307202286987e+02 -2.267052861158289426e-02 3.111275087505620957e-02
2.763153697835317644e+02 6.023747932631350750e+02 5.113908435064552782e-02 1.153512740549287041e-01
2.169510580390767700e+02 6.697320344643221688e+02 2.544327274450037396e-02 8.586069813570891551e-02
2.451643749665884116e+02 7.210437199202876855e+02 -1.043714498540756043e-03 -8.105015822385061228e-03
4.424554471052478561e+02 1.085489182670222590e+03 3.463680847529341383e-02 -3.092211592350698531e-03
5.346519255750778257e+02 4.273141855768987512e+02 -3.350937128548788977e-05 8.637458500012533749e-04
1.009092453470514897e+03 1.767431033889456558e+02 5.387481196989288984e-03 1.162037122458546741e-02
2.093263363521101894e+02 5.947554590585584720e+02 1.355586527882572945e-01 -2.486575759884382397e-01
2.129692810507666252e+02 6.717338637084681068e+02 -2.074855796112566597e-02 1.480464163602001823e-02
1.090396474650032360e+03 1.907969242398828555e+02 -8.040104907790383837e-03 -1.086221647962220746e-02
1.118786989618939515e+03 2.433131632960945012e+02 -1.851942237634602861e-01 3.125557209466361397e-01
1.154500244955603875e+03 2.347649038067785909e+02 3.357968313828089621e-03 -4.208611356663074198e-03
1.324403785135528096e+03 3.208663064166561298e+02 3.853909184700328727e-01 -2.663053244237336553e-02
3.132983013918343431e+02 6.094220136076182825e+02 3.088045578889411086e-02 -1.312010835976827605e-02
2.560889949992499623e+02 7.351036470823135005e+02 1.360209709496436499e-02 -5.745791335832162519e-03
1.806160318726988692e+02 5.299561512943862454e+02 1.007497978356089591e-01 1.105969803776050975e-01
1.117115123860825861e+03 1.614330802298207743e+02 -1.695651324068118415e-01 1.653373461234616121e-03
1.169076996937992817e+03 2.149993683251146024e+02 -8.403407899415717142e-02 5.218871989616976487e-02
1.145983845399876373e+03 2.897319150358364368e+02 5.696300585023808538e-02 1.525561231586366195e-01
1.991750411619618717e+02 6.928478259358578271e+02 -8.214204213087992687e-03 1.612729088547535869e-03
2.036745741234278455e+02 7.091064846106766026e+02 -4.870952710298366573e-03 -6.981850242103367250e-03
1.035854521070766623e+03 1.755291356085346308e+02 5.829339371544506321e-03 -8.598891205692460460e-03
2.668455038511879138e+02 5.952077146308406554e+02 -3.749868313080995108e-03 1.080102921151748774e-02
1.026681536598498951e+03 2.243829698307191904e+02 -1.333585223306624490e-01 4.920866475556577579e-02
1.178521059533241896e+03 3.630500766160374155e+02 -1.267885630562476211e-02 9.720193368109667983e-03
1.138216017497391476e+03 1.847402589022261168e+02 -3.947627214953778295e-03 2.312785403802782372e-02
1.048219717403138930e+03 2.696760106932737813e+02 1.583599326712222324e-02 4.153250522269142514e-02
1.157427896955307006e+03 1.970393958535774175e+02 4.956988337817923307e-02 -3.197568369420007023e-02
2.328534354308707464e+02 3.011469795764047035e+02 7.539248872193274331e-02 1.727730237522329404e-01
1.198947626554907401e+03 1.860706817446561274e+02 -1.586992137570883421e-02 -5.671085065947165799e-02
1.163548060453907283e+03 2.097231956718180754e+02 -1.910646248000469685e-02 -5.186537006121115512e-03
2.300615084921823268e+02 6.230461928470815565e+02 -7.271495095571171852e-02 2.821116169799716689e-01
2.628840870076501233e+02 7.077291822911524832e+02 2.197528116945163951e-02 1.282588384787749364e-02
9.668441224269025724e+02 8.710243570911970892e+02 -2.685849319618682784e-03 2.044858975218317304e-02
4.814838074995003012e+02 4.765090576580142852e+02 1.172772374720157731e-02 1.354713099078302084e-02
1.115794272065351379e+03 1.831427140173936152e+02 -1.103182198795918528e-01 2.781251367132376306e-01
1.016498628033429100e+03 2.306284647540650781e+02 1.255772478261617080e-02 2.124072034794721731e-02
5.354425458626818681e+02 4.394304811615154449e+02 7.179095738773934310e-03 -8.864938112491539679e-03
2.137114016710591216e+02 7.225933977905114034e+02 -6.766682535568532830e-02 5.976263963075494241e-03
3.303970483607801611e+02 1.090527921162914026e+03 4.644929782061703039e-01 -6.948670250037342067e-02
1.082676686301362224e+03 1.780662879965048546e+02 1.170263001626363625e-01 1.546952407808718788e-01
1.008567565344349759e+03 2.556284045047569009e+02 -1.649974434908384885e-02 -5.902262794815053143e-02
1.086622508645530161e+03 3.332209352111339058e+02 1.957397001233927569e-01 -2.819406440781095369e-01
1.161766677971264016e+03 1.901472205718694397e+02 -4.277857122702663495e-02 1.429847666251158889e-01
1.179417329892053431e+03 1.727812565764919270e+02 2.141473276956975813e-01 -7.264109460842149701e-01
2.719772543417147972e+02 6.593709667843679654e+02 -5.958737198723768752e-03 1.252210166295788900e-02
5.740241903031344464e+02 3.941286368687226513e+02 1.059398115310159448e-02 -7.427747961264685424e-04
2.426758917588405495e+02 5.869333658395992188e+02 -1.530649384065702612e-01 2.231158314690446787e-01
2.012305909273060536e+02 5.916111694300163890e+02 9.129629834204365524e-02 -1.501658228189899080e-01
3.328671080867943033e+02 1.095228878143854672e+03 4.670797752017801785e-01 -1.277083681047315733e-01
1.149811893489068780e+03 1.417233399967023786e+02 9.995604769557075997e-02 3.774977024794760189e-02
1.101494923117955977e+03 2.662227300483427257e+02 -3.323291746436988769e-01 2.148011192821286386e-02
1.167941955522436729e+03 1.806650066452403678e+02 -1.185092380915288429e-01 1.593857385650151171e-01
1.255744499657806728e+03 3.124458267615877389e+02 1.157276880543918196e-01 -5.091856378028983832e-01
1.193185222151241987e+03 2.253768273302692648e+02 -2.818671056201824468e-02 3.547986757478922837e-02
2.264294029396205019e+02 5.437761078140939617e+02 1.900100613725767579e-04 -1.004134509037106215e-01
9.330725319882526492e+02 1.024821363521426974e+03 -1.603780923046956106e-03 4.552337810051457385e-03
1.082473088778197734e+03 3.389619013371998335e+02 2.696591882442503363e-02 -5.472530712529803665e-02
2.850522674173146243e+02 4.607844718735063907e+02 6.739664274862491866e-02 2.786596418956520660e-01
1.038714643549726816e+03 1.993600533189469388e+02 1.037873384957038042e-01 7.766073049080972346e-02
1.170062893024840832e+03 2.170589757988264523e+02 -1.976936977082459704e-02 7.110695298169389389e-02
1.160139105133971043e+03 2.507251973075321132e+02 5.201341204606250990e-02 -2.062909761028208777e-02
5.904146953242311611e+02 4.157923024233858769e+02 -2.116731049490657400e-03 5.638386750328999025e-03
5.106671403513660721e+02 4.929789474186184179e+02 6.195310477305850105e-03 1.890455712871423610e-02
8.134971823312623656e+02 3.705081155280107055e+02 6.124482348494846018e-02 -8.934521204195944311e-02
2.647251284596761138e+02 6.738330019421789530e+02 -5.108916596381469187e-04 -3.881476474948373622e-03
1.954816457024293470e+02 7.020693965548925917e+02 1.060988017060612680e-02 1.159123756536030794e-02
9.453937466556294567e+01 3.344058578979592653e+02 -3.861093922283645192e-03 -2.947930003062992910e-02
1.146982580850413569e+03 2.819604893223925615e+02 -1.139803272762189047e-02 -5.775880926866723726e-03
2.175451602041871126e+02 5.355202696933441757e+02 -1.604215674718114659e-01 1.608932974365469559e-01
1.089719872771048131e+03 2.209563255146840390e+02 2.765427235432499006e-02 -3.338157210449774898e-02
1.137299692240056856e+03 2.901462527703970977e+02 8.259245911655371808e-02 2.080106878821084138e-01
2.301913005117164346e+02 6.065639374094456571e+02 -2.939628733734794483e-02 2.649238812050632233e-02
2.223376040230032515e+02 6.172589989202773495e+02 1.329144614221872134e-01 -1.778912667361028654e-01
2.496011956021178264e+02 6.876013677432476925e+02 -6.867595257897191226e-03 -2.441826316612605297e-03
1.117706786446453407e+03 2.238293631327537412e+02 -3.346772042166890060e-02 1.923248463056221880e-01
1.072149414669041562e+03 2.630001304641631918e+02 -6.128858872902753774e-02 6.170219844231894513e-02
1.035512770301897945e+03 2.998718453657904774e+02 6.742806871784523537e-04 5.824883526771884590e-02
1.140369485121733760e+03 4.359312184002271238e+02 -3.853615374949015404e-02 8.841751977114498118e-02
5.152260767474040222e+02 4.877329481184117981e+02 -2.982018610509839856e-04 8.716658910789950795e-03
1.072049479612522191e+03 2.024409068298566012e+02 -3.454297895257998907e-02 -3.452980755027208054e-02
1.232501384006359331e+03 1.408278117968214644e+02 2.177485149015107382e-02 -4.349873124428237786e-02
1.351280516380191330e+03 2.610836330496824758e+02 2.378555956990264023e-02 -5.790559394457280712e-02
2.202705358199987415e+02 3.021337106826569538e+02 -1.656366264704709212e-01 -1.344521495679974199e-01
3.000194158932350774e+02 4.902741916467369947e+02 -3.120087890219938945e-02 4.999181754795601999e-03
4.876947613956082819e+02 4.773291456043604057e+02 7.125705779502920952e-03 6.136522871137068888e-03
1.122810031274725816e+03 1.624670366533264314e+02 -2.236160894598080151e-01 1.619118960443992339e-01
1.043914462618936113e+03 2.455334548971634092e+02 1.498832689204781209e-02 -1.754532804223661591e-01
1.088001709896649345e+03 2.437013604168755023e+02 2.247901755831500370e-01 1.529131450917142476e-01
1.102155731844133243e+03 2.420623939103784892e+02 7.341391245826603407e-02 -4.957602909907369432e-02
1.263869855011248092e+03 3.928431644578797091e+02 4.991544399173823005e-02 5.308728383274440021e-02
9.647102374834507827e+02 8.687103535148269202e+02 -3.898286852042279899e-02 7.521138297980607332e-03
3.001483535388423434e+02 5.146224245262147861e+02 9.064912869427224499e-04 2.505571341686469444e-01
1.120290991034348735e+03 1.521044832660698205e+02 -1.410362856139062704e-01 6.242531868061335781e-02
1.095714504782504719e+03 2.779000095455102155e+02 -2.322493336877624326e-01 3.491792063740035701e-01
1.173699860874680326e+03 1.782626676284183418e+02 2.889890459312902463e-02 -5.544951914430384932e-02
1.187659770928658645e+03 2.798871041068543377e+02 -1.218156665753702683e-01 4.473244322133670958e-01
2.131440400633073011e+02 7.102783492642466854e+02 -5.897897006640015830e-03 -2.328006034172001512e-02
5.710174203192887035e+02 4.046644778418239525e+02 1.497570170926110222e-03 3.002330846798410488e-02
1.129639599385169504e+03 1.761118490231354201e+02 -6.812276459472361989e-02 2.367002202348279238e-01
1.097527856621536330e+03 2.482680558006123306e+02 -3.528329176780668069e-02 7.629308513161940641e-02
1.159117978247236351e+03 2.071352868558742557e+02 3.847030173515501167e-02 4.541751779506597586e-02
1.956106670130425584e+02 6.050351030938528538e+02 1.481869800523796243e-01 -3.770751598877571387e-01
2.231962966689380892e+02 2.959879608080148614e+02 -9.238960381777226727e-02 -3.777622385722917420e-01
2.864786352374224521e+02 4.812077155994334703e+02 -2.232195227816708219e-02 2.925635759938297054e-01
1.825136187225486424e+02 5.385461789178250456e+02 5.888207227492485429e-02 1.188758899686283982e-01
9.683673808651288937e+02 1.693013766650292951e+02 -1.149096137249795355e-02 2.162864853527615011e-02
1.064929520205607560e+03 1.957861863814294452e+02 4.394946408937853988e-02 -1.037515102825352642e-01
1.072490945761086550e+03 2.181944958665950764e+02 -3.104681575645041811e-02 1.007458051576758246e-01
1.187117289889246194e+03 1.876072854567395041e+02 3.053425338982213369e-02 -1.012450591899003299e-01
9.963035495530732533e+02 1.982963325278501259e+02 -9.381322893075320912e-02 2.265662662417668172e-01
1.103045196631973340e+03 2.034411469147349010e+02 -3.561414160576532872e-02 -3.458513886942853055e-02
1.044150797055421208e+03 2.202137721672593784e+02 3.559321412096778936e-02 -1.572626789026116897e-02
1.146726702173056765e+03 2.081757583711907102e+02 -5.744193818129587903e-02 -1.057210598127710510e-01
2.118398743787543879e+02 6.637700469771317557e+02 -2.773104559867931723e-02 -4.081654237484144861e-03
2.363929118502822462e+02 6.746697337665528948e+02 1.840312892130668799e-03 3.161642670428364138e-02
2.044033605588670923e+02 6.885126830807149645e+02 9.222885109839466800e-02 2.434336062054058003e-01
7.063642416658876755e+02 5.829231630529661743e+02 -4.724810456139039161e-03 9.682046523448662595e-03
1.137752834256598135e+03 4.357301707113384737e+02 -4.979874807725082064e-02 -1.054927557440009933e-01
2.891096802823173562e+02 5.268121844270397105e+02 -1.395158645150458010e-01 1.754261734750015289e-01
1.092455630779126750e+03 2.154857023224338946e+02 2.749205890655351259e-01 5.814665145340490449e-02
1.142885124961415841e+03 4.378453906145994097e+02 -1.493392799895332246e-02 -2.132891342758043152e-01
2.326125775652834022e+02 2.936253624245493370e+02 -6.505401022429120605e-02 1.188585295182633672e-01
1.514949311662271612e+02 4.547670490545955886e+02 -3.439706358241372691e-02 -3.361373109286854705e-02
5.631920961180530867e+02 3.789034772362451235e+02 1.472157639341276081e-02 3.106641904872731175e-02
4.805562697490269670e+02 4.509599980432581106e+02 4.977068840893090693e-03 2.364953873467356971e-02
5.184776975935328664e+02 4.661794991945355946e+02 -1.145945088452598147e-02 -2.387471764109250216e-04
1.113005574115922627e+03 1.963689271367005063e+02 -2.224391742902298574e-02 4.780161467147893417e-02
1.068618877793186584e+03 2.123633929468783776e+02 4.163808710378751748e-02 -6.708783561471623469e-02
1.289000901236816162e+03 2.899176111480019244e+02 8.305458349192511303e-02 -1.325548048928177625e-01
3.096237214832396489e+02 5.284713791092410702e+02 1.882091460982694975e-01 1.781355067251329805e-01
2.952959120016139423e+02 5.158643356959834136e+02 -8.736326075467104602e-02 -1.164795182558388403e-01
5.142833704017558603e+02 4.303754669350648783e+02 2.635036932199833967e-02 -1.677796786147212060e-01
4.809374238036529619e+02 4.681461975569227434e+02 4.787362251112389083e-02 1.452086991138135941e-01
1.006009598063685871e+03 2.288987084929715365e+02 -6.222760283530229947e-02 -8.893831235869716079e-02
1.237309166861359017e+03 3.242433480683894231e+02 -1.143087020736099219e-01 -1.447072950315183848e-01
1.181279787597629138e+03 3.712701250800602679e+02 -4.069994943923423321e-03 8.497603976093159872e-02
9.308202623557440347e+02 1.910502664909813006e+02 4.477772469329011074e-02 7.625083228065250573e-02
1.052570888849520315e+03 2.050533841311495280e+02 3.973239620931963423e-02 -7.276737551425753459e-02
1.102649393495630875e+03 2.540034841958016898e+02 1.828533879177939581e-01 2.980666542030974142e-01
1.139408288496143996e+03 2.224801379490446038e+02 1.378307062400381186e-02 -1.108241139985750578e-01
1.226993444496424900e+03 3.324773182221713341e+02 3.091310022817196912e-01 1.593491735287443645e-01
1.963514614646862526e+02 6.802508588098801283e+02 -1.286139641241788867e-01 1.631792575808958534e-01
3.241691648541492441e+02 5.444099912217178598e+02 -8.817590694532100037e-02 3.795212189613493825e-01
1.152772164480068341e+03 4.408490640232915325e+02 1.104181803349547353e-01 -6.645948557609245022e-02
2.561168026205888282e+02 7.457966053825624613e+02 -1.367064928828085578e-02 2.450230834974718302e-02
2.487391744287916140e+02 3.063658252691687949e+02 -1.037683159804458910e-01 6.641288601775841016e-02
2.790661018533294282e+02 4.334798701945219364e+02 6.395081583194439645e-02 2.028103548855995086e-01
1.002231398188058279e+03 1.837790153965897844e+02 4.245300686841346760e-02 1.200376707166341816e-01
1.066873665759289452e+03 2.400376230578164893e+02 2.702261095805624791e-02 -2.706290861965499062e-02
2.473231461992318430e+02 5.764731188460846170e+02 6.135024987493409299e-03 7.568869812092771099e-02
2.059268766979299414e+02 5.825954017287825764e+02 1.067157873390129907e-01 4.415740795769806937e-02
2.337616538282177316e+02 6.370024851675775608e+02 3.393696174953220179e-02 3.252871935578127705e-02
3.309446762463169875e+02 5.248099505874178021e+02 1.334127984264910083e-03 4.621671152170847563e-02
1.155484078228176031e+03 4.418010261867023019e+02 7.982247852623913786e-02 -7.110649415375291937e-02
1.395303464854387983e+02 3.881848893755437757e+02 -1.599960940534591106e-02 -5.998130887462593819e-02
1.331832271860434105e+02 4.236356514149664463e+02 1.467910076573275546e-01 3.296441912900529014e-01
5.173609155223823564e+02 4.249827548639152042e+02 -3.047162729698508696e-02 -8.352638321379875219e-02
1.079413622735970648e+03 2.361050378008656025e+02 -4.789000595860670728e-02 2.050716270028090094e-01
1.096115620677071547e+03 2.737314105506717397e+02 -1.927711046497885758e-02 -5.727869282172074611e-02
1.209891961394760756e+03 2.194751676893940555e+02 -7.388107886890793452e-02 2.014222043370542392e-01
2.108986289379709831e+02 5.991614562492560481e+02 1.309224766908793393e-02 -3.165190159094588007e-01
1.808009550443544242e+02 6.610547248855884845e+02 3.872065558198301005e-02 -8.744359996459631634e-02
2.766300542873898394e+02 6.728006898697983615e+02 -4.921895808195131394e-02 -3.844715356463742489e-02
1.159251692934891707e+03 4.414468645301834613e+02 1.498904697056483749e-02 -2.285941402385560650e-02
7.925993967887485496e+02 8.913078011703196353e+02 2.025442323194208069e-02 -3.995065306276046613e-02
4.637522154290762160e+02 1.099852802164128207e+03 1.137483050414781795e-02 8.437583201308976669e-03
7.171233717378646588e+02 4.757722278817066126e+02 -2.199596666173420090e-03 6.075567575226159533e-02
9.338942188433226193e+02 2.383166453852246605e+02 2.127809162685139199e-01 -3.197742031757968562e-01
1.175319058216053008e+03 1.696336528828244923e+02 -1.921256508996975754e-01 -9.582637761751300332e-02
1.900051586312037557e+02 5.434210154983937855e+02 1.599606952904650825e-01 1.912482918431805956e-01
2.828212690031115812e+02 6.084591823628215934e+02 5.177002088223048304e-02 6.268524089671245747e-02
2.273454784955343086e+02 6.733412128486938855e+02 1.929960851606438155e-02 1.849461747576697235e-02
1.867222947180185884e+02 6.797244080202716532e+02 2.082724503636086411e-01 1.308301418710016151e-01
1.178926773025157672e+03 4.403373276275009403e+02 5.770402153405029821e-02 4.556835330939179585e-02
2.397363368399990691e+02 7.258442994032690194e+02 9.862704476347516902e-03 -2.304201516562898178e-02
1.632969854750762124e+02 5.246039828183539839e+02 0.000000000000000000e+00 0.000000000000000000e+00
1.485624399959121718e+02 5.272872644973845127e+02 0.000000000000000000e+00 0.000000000000000000e+00
7.965934360428625496e+02 3.836859190054890405e+02 0.000000000000000000e+00 0.000000000000000000e+00
1.032259290108414689e+03 1.771456907121986148e+02 0.000000000000000000e+00 0.000000000000000000e+00
1.037913902986507310e+03 2.037276324872815110e+02 0.000000000000000000e+00 0.000000000000000000e+00
9.348453705056912213e+02 2.421669545234141481e+02 0.000000000000000000e+00 0.000000000000000000e+00
1.176326990425765189e+03 3.370779496704201392e+02 0.000000000000000000e+00 0.000000000000000000e+00
1.945649079152987042e+02 5.988182174406364311e+02 0.000000000000000000e+00 0.000000000000000000e+00
3.084133287936720080e+02 5.272958476163173600e+02 0.000000000000000000e+00 0.000000000000000000e+00
3.589761621469342003e+02 1.009352362699211653e+03 0.000000000000000000e+00 0.000000000000000000e+00
