1.328710630870822058e+02 3.817061871655579921e+02 1.814543440103210444e-03 7.143641723376789945e-03
2.524195359806626300e+02 4.648694490654784772e+02 -2.253575693777853592e-03 -1.725517106154207366e-03
3.087446343825156987e+02 4.787518660403169974e+02 7.811741341216961454e-03 3.387098922509253728e-03
5.635411075122837019e+02 3.785636875165931770e+02 9.401852347323121041e-04 -6.231601241492541266e-04
7.023763522565831181e+02 4.135499098460227287e+02 -2.815079127265332840e-02 -9.541040968506782349e-03
6.343609480594268462e+02 8.221138161977069103e+02 9.817202023536047376e-05 7.400090396109896412e-04
9.124137149176958701e+02 8.059950263128300776e+02 -2.134494375004668666e-04 7.133251193230949212e-04
4.599264010294695026e+02 9.415891043933310129e+02 -3.127795962562700065e-04 -1.158765316534813168e-04
9.052278154813227502e+02 9.226664222868133720e+02 2.078504276670794897e-03 2.813641214213092982e-03
8.977726992348824524e+02 9.263550449025264015e+02 -9.083185396909609910e-03 4.824027878013643390e-04
7.075063916156020696e+02 9.929174778361195877e+02 6.462448563833376449e-04 3.069735687731871103e-03
7.151402929805568647e+02 1.011387652050851671e+03 -8.833235097647570034e-05 3.061341593131668864e-04
7.048518750542659745e+02 1.023916788013317046e+03 -1.132860924025237042e-03 1.783976270480076756e-03
4.816637622028257510e+02 1.099046799450462913e+03 7.111415034205042444e-05 -4.051277836640678007e-04
7.044667606159297293e+02 1.036506715632723399e+03 -2.654931959609306970e-04 2.109374410122087564e-04
7.518099001814131270e+02 1.067499948488716427e+03 -1.706706749372291433e-04 -6.542792460653673565e-06
7.454949261888475576e+02 1.071470316391117422e+03 -1.364256244835697829e-03 2.619591435465582971e-04
1.311540075608824623e+02 3.254606805327307484e+02 -9.276955687775427246e-04 1.742277350102216290e-03
8.996444268226455279e+02 1.102375597978656742e+03 -7.665753331560036781e-04 1.694967955934249208e-03
2.502843463909882757e+02 4.073176136265047376e+02 -8.273547729687595609e-02 -3.296359277629508644e-01
2.421953319023578786e+02 7.543586870972702627e+02 -1.295892665804852274e-02 -8.030938016654455211e-03
1.246139195610652905e+03 3.786955476535424054e+02 5.192805413872465803e-02 -4.134752984951224619e-02
1.180199811104383116e+03 2.387069594211030505e+02 1.676868432399724121e-02 3.492087258306603159e-02
7.159749705853184878e+02 8.817880703457472009e+02 4.122154863473429312e-03 8.654775993899519186e-05
2.370499757304310435e+02 7.200923047473244196e+02 -1.445983773592870178e-03 -4.144125698686176862e-03
2.496376842824747655e+02 7.169365672269387915e+02 2.792749523220859620e-03 2.934203682231088708e-03
2.200773552845716665e+02 3.061337877891725725e+02 -9.689819048287180714e-02 -3.151585155214483569e-01
2.505907462152125618e+02 7.466921194986935006e+02 -2.661216289820373098e-03 -3.180309468655533305e-03
8.174430870619694360e+02 3.195151692548947722e+02 -1.250779636125904648e-01 1.649604406078536978e-01
1.423934652862634778e+02 3.921276904067233886e+02 -1.063076335768553017e-02 -2.767071665833455932e-03
5.709799171710101291e+02 3.783625500743056023e+02 -1.138767180332657045e-02 -2.399511646651075747e-02
9.318362645187509088e+02 8.445257546159210733e+02 -3.231311154317973930e-03 -2.135493496967179241e-03
5.684560195697184781e+02 4.391269530131771148e+02 -9.248643717463585906e-03 1.247089025457344749e-02
1.007043901200899768e+03 8.137397630710228214e+02 2.066505754758302029e-03 8.394401211834259455e-03
5.019125162241460316e+02 4.343619857465819791e+02 -9.945164425445936120e-04 -4.665082465894241671e-03
2.433226019875589827e+02 7.423549942322927109e+02 2.079313028334559259e-03 1.632178383836095040e-03
9.826826268143125844e+02 8.274688334687601809e+02 1.215934478250796987e-04 -1.461272105921755746e-03
3.120293744580623070e+02 6.631735642746606345e+02 2.278855505722834907e-02 -2.174671822050942491e-03
1.012305621449489081e+03 8.182106467826505423e+02 -3.020559389151368165e-03 -9.288781432144220442e-04
9.409827386392119024e+02 8.342696921202942804e+02 -2.214186471656821604e-03 -3.513280649167202334e-03
1.004543607953698370e+03 8.351775196048175758e+02 5.524860952108935457e-03 -1.773560815080609324e-02
2.323970588320924548e+02 7.240211879605820968e+02 4.178597460210794101e-04 -4.952132147787770451e-03
4.812283782570347057e+02 4.375194186767146789e+02 -8.018420248890384058e-04 1.527786220028454212e-02
1.018730975504841922e+03 8.074385085036047940e+02 -4.038663478809212393e-03 9.893153426646947659e-05
1.216006488715913292e+03 2.550019480826346410e+02 4.828819184323569075e-02 -9.693080572788793578e-03
2.291525376298705510e+02 5.213014766220551337e+02 1.532449650180453364e-02 2.808718333821530726e-03
5.765937980877853306e+02 4.199352769343106502e+02 4.263920975610276630e-03 -5.763932878714472970e-03
7.304902966595008138e+02 9.234655818830896123e+02 -2.865603749448904919e-02 2.415614655313958609e-02
9.559200804360890515e+02 8.452592292455836969e+02 -3.826249930282324147e-03 -3.624162972354866654e-04
7.474673486443238062e+02 9.535924111426825220e+02 -8.670376611051567456e-03 -7.982022759683156735e-03
2.669335368121600709e+02 6.672077608406259515e+02 -2.777299145385192167e-03 1.797453538788116407e-03
8.247620936904289692e+02 1.102244406423890723e+03 2.133202718204581206e-04 1.606401761652552149e-04
2.558984045709775614e+02 4.216050586927294148e+02 -1.103492562124059884e-01 -3.159200384779123350e-01
7.504843158020470355e+02 9.581521903493056698e+02 1.397633353582757032e-02 -1.327867010059430872e-03
5.623130544705904867e+02 4.713947424629643592e+02 2.372333571053453455e-04 -4.644670154210745025e-04
5.662086981329013042e+02 4.771025171984146027e+02 -1.690908558925732080e-02 2.775380020039680540e-02
1.204873264214233131e+03 2.308367628406128063e+02 2.003718363069013474e-03 -4.767719202102443411e-03
9.131947313377581850e+02 8.452175798098121504e+02 1.136937413944469691e-02 -7.353500241759608870e-04
7.722492604521971771e+02 9.602329390207000870e+02 7.407392244304126898e-03 -3.843241136689699768e-03
7.752128240456822823e+02 9.431270707735396854e+02 5.221231011831258852e-03 7.722184149643133814e-03
7.736610567618324694e+02 9.489646499347096551e+02 2.061399245998571991e-03 1.086795363936190421e-03
9.843457379135215888e+02 8.672581058541409220e+02 -6.351262263604998603e-04 -2.691993839129966197e-03
8.012082410412660920e+02 9.513813229544200567e+02 2.268316457374486197e-03 -1.587495377692101734e-03
2.110030802905536405e+02 6.756735952034557613e+02 -5.234032865074888900e-03 -4.222752551780527275e-03
6.193956376679158211e+02 9.359099795255493746e+02 2.772260494012779614e-05 1.869731279913760971e-04
5.728412006409757851e+02 4.908219541548934899e+02 -3.135753752000781762e-03 1.344116548272558491e-02
9.762400310033724509e+02 8.836973216473583079e+02 1.556311051229156486e-02 -9.681050567267691226e-03
7.699862169322003638e+02 5.238534658560781736e+02 3.268584602247612183e-03 3.257022743719962935e-04
7.858836462017717395e+02 9.435301714951335725e+02 3.977498739642881115e-03 6.079039491816396260e-03
7.966429515118113613e+02 3.834007767385905368e+02 5.295009051212786443e-03 5.596734691114689693e-03
2.358550539473926335e+02 7.017898646891021599e+02 4.177050150953825688e-03 2.254802675975830714e-02
3.072799673862718919e+02 5.635563594514713941e+02 3.014702866728317335e-03 5.240692561258556911e-03
8.086611070633479130e+02 4.183229804127811349e+02 9.820165070845411626e-03 -1.680963854343277969e-02
5.875454255803518890e+02 4.032013205588914388e+02 1.220307192344386414e-02 1.503721467975927505e-02
1.034095333378381156e+03 8.362252348478632484e+02 -2.439113218846758555e-03 2.971806855640298211e-03
9.947720182704691751e+02 8.210755642873945135e+02 5.160139283773760785e-03 -1.701548485611695380e-03
2.271846696743749874e+02 7.263863655072747179e+02 9.308052851081086067e-04 -4.067936560081851852e-03
1.279001029129317203e+03 3.699507838095127568e+02 7.048757144212406886e-03 -1.729955882495239419e-02
2.254411672112485689e+02 7.663063808584381604e+02 5.703703423925577005e-03 -6.068283822303170840e-05
7.335725644326297470e+02 9.800479654920510484e+02 -3.129058889922222710e-04 -1.295925641362274342e-03
3.213215336156279704e+02 5.456101809545112928e+02 4.097052626034406071e-03 1.707177162701879356e-04
9.895747245538066181e+02 8.308490840912635349e+02 -1.813853683397790434e-03 -1.770314212330733987e-04
1.053184145868333417e+03 8.533680567457248571e+02 3.777929293641821111e-03 4.120680669020072677e-03
8.274039981820795902e+02 4.017753933898430887e+02 -1.971104677720924517e-03 2.296660112159036680e-03
1.016863762938902710e+03 8.314014248833967713e+02 -2.905121841081381717e-03 2.536182300735226325e-03
9.469645622195265560e+02 8.367230028013848369e+02 -2.515304464849362018e-03 -1.261353604405431299e-03
4.656046433553964334e+02 4.544312144574545300e+02 -1.715532176697454709e-03 1.733492594427848412e-03
2.681288085362895117e+02 3.004238115325373428e+02 -2.776280777515248693e-03 -1.021587501496145408e-03
9.591565454497275596e+02 8.211468863325179655e+02 4.559019838564377231e-02 -1.118920335124139361e-02
8.182473207763347318e+02 9.349132972567598472e+02 6.547365605472192651e-04 -3.281010852396600247e-04
8.172906622652857322e+02 9.433634321769104645e+02 -6.422210710009647675e-03 3.467535921076167049e-03
5.491675626751984964e+02 4.332310247157133176e+02 2.934021967332840330e-03 -3.443638314683093987e-03
7.309829436908213438e+02 9.367258192247024908e+02 6.983430188065180072e-04 -8.098870310573597422e-03
9.302441115403569256e+02 8.610707861750418033e+02 3.430689352206505935e-03 -1.375580241560467971e-03
1.093501507740234047e+03 2.253624217835085517e+02 7.049642587072853239e-02 1.642353283011757925e-01
7.488172652509778118e+02 9.690644461934709852e+02 -4.059584323282040136e-02 -2.197047999898964904e-02
1.030022233158987092e+03 8.254529729180757158e+02 -3.708798601195721373e-03 4.166735304230621134e-03
1.021391279582085645e+03 8.148888239847206023e+02 1.504307241897648913e-03 6.549765732105166348e-04
1.024314981425406586e+03 1.948876214272843015e+02 -3.729077808100438735e-02 -1.157318921016353419e-01
9.570295996621995300e+02 8.783614015177564625e+02 1.917762437135096809e-02 5.269837737610077490e-03
8.174588062066723069e+02 3.800260770034149687e+02 -6.961485773450648042e-03 1.647457991673558549e-03
9.725700335277994100e+02 8.895346559538255633e+02 1.482359048216692725e-02 3.499452077984741612e-03
9.054920871086277430e+02 8.408014410387344242e+02 -3.777260229022016958e-05 -6.472966413927526072e-03
5.781532244296009821e+02 4.683837176742532620e+02 4.066963061205516178e-03 -2.048737055944533508e-02
7.911321105421446873e+02 9.193635150786852819e+02 3.315054722808628493e-03 -3.773203355596215641e-02
9.621968130618910209e+02 8.485721226430938486e+02 -1.431065327891485476e-03 -1.829070427778662017e-03
1.931837222134885224e+02 5.891721692237085790e+02 -1.700179786937350583e-03 -2.543825955439892126e-03
2.317066232814994464e+02 6.897150381927372109e+02 -3.930192122056712714e-03 -6.951163485236165054e-04
4.930335378612468276e+02 4.484088218228841924e+02 3.762794771733247588e-04 5.174508408224550923e-03
8.332831083577198115e+02 4.123378851118160924e+02 -8.167038297674165644e-04 -3.608007279383670593e-03
9.690580581852553905e+02 8.745362924173391548e+02 -7.662440898619222833e-03 -8.921745954043810989e-03
7.955548311876394791e+02 8.841066833864928185e+02 -7.554559200559764296e-04 1.952369844063766170e-03
9.693398461696750701e+02 8.266828092284730474e+02 -3.638909152251057749e-03 1.012401899464239821e-02
7.891176146194499097e+02 8.845102386293989412e+02 -8.707667684444855491e-03 -3.847032881467519864e-03
1.192680529133922391e+03 2.087812327024631145e+02 1.614508771780771845e-02 -4.587222087055783763e-03
8.124307560599228282e+02 4.020061716569617829e+02 8.247268694688473720e-03 -5.167259474505796202e-03
7.679313348711881417e+02 3.848538840335643840e+02 5.233174928592477376e-03 -4.014246034469439416e-03
2.251784825148729396e+02 6.866680327764505591e+02 -6.008320572799909681e-05 1.398656114248513068e-03
5.595655848828911303e+02 4.137639066653223381e+02 7.029077222933656673e-03 -1.089798716435665289e-02
9.496013207596871553e+02 8.563695789936709843e+02 -2.310577066938580837e-02 -3.905125858460172048e-03
3.348313401470571762e+02 5.552091594840322841e+02 2.258996809481943376e-03 2.785203701393746453e-03
1.127425847586685222e+03 1.881188296997469820e+02 -1.368088721878533238e-03 6.228853079097790291e-03
7.188797894720738668e+02 9.508942940136898869e+02 8.430967857290203385e-03 -1.414586222843282337e-02
5.112078299886212562e+02 4.392201585771904888e+02 4.356093115600040292e-04 -3.433749985827777964e-04
9.963875805882075838e+02 8.729301351850369883e+02 -1.557359416284892376e-04 8.569860191098293981e-04
8.847672313887786686e+02 8.701735049631623724e+02 5.624755409756532687e-04 -2.790874676142410336e-03
8.006923189513227044e+02 9.400526355011655824e+02 -5.052536643895767267e-03 1.085359684766827593e-02
5.340843597650457468e+02 4.144172979757223061e+02 -4.644069455090886651e-03 -3.886631497904194203e-03
3.269257266078801649e+02 5.363793880664749167e+02 5.779221436818382865e-03 1.418597620413222966e-02
7.477212500975335843e+02 3.981821626445862421e+02 1.834684651593045460e-02 1.534749331850009287e-02
9.980590123984383126e+02 2.486092217183320088e+02 5.534654565417215615e-03 -1.436012107254664404e-02
8.507850883020556694e+02 9.315395357298594945e+02 -9.083948565623611643e-04 1.328249069998302823e-03
6.303833106830359156e+02 3.838241794604402912e+02 4.424980299194034364e-03 -2.783753535909162021e-03
8.193997024970911980e+02 3.620465003927002954e+02 3.086412073238791257e-02 -1.215072533818333834e-02
8.576396263524063670e+02 1.101608154903075274e+03 2.330125759337335904e-04 -6.131721742178234801e-04
9.293605065208992073e+02 8.357165271004828355e+02 -6.120729414352119556e-03 -2.454782217372135887e-03
6.046168626512618403e+02 4.301797586170628733e+02 3.671732244392594824e-02 -2.860824209547766991e-02
5.100410705880291857e+02 5.059757119773353793e+02 5.642189087870636693e-03 -1.763395557438708280e-02
5.444403145782122238e+02 4.081163968230637238e+02 -4.065679965858387371e-06 -4.449387152798372005e-03
2.369723735296385030e+02 7.379008026321087073e+02 6.268245427654135608e-03 -3.220584246177807600e-03
2.322377377673964531e+02 6.486761113413891735e+02 1.003581416146309685e-04 7.926288275959703089e-03
5.417015902953282875e+02 4.773972153038593547e+02 -4.745473971221001244e-03 1.139752623592556018e-02
9.773706616296183256e+02 8.459070245287672378e+02 2.751503881150297020e-03 2.654891312965113395e-03
5.457831271156350113e+02 4.829572613955039628e+02 2.363536083151140336e-03 2.981542031044804100e-03
3.211145059941263753e+02 5.304545562454025003e+02 5.732654735727847790e-03 2.903039838290871668e-03
3.147860308462781518e+02 4.717229602190776632e+02 1.290221354273142322e-03 1.199150357525853236e-02
9.332957901061835173e+02 8.656863068827486813e+02 -4.550723429102023453e-03 1.022807026622626122e-03
2.695989802796721619e+02 6.100148090527445675e+02 -2.263617497533232381e-04 2.325640720244445160e-03
1.060651624296470800e+03 1.888438809858766945e+02 -3.002379722699002537e-02 8.129546968081283187e-02
3.212292803627252624e+02 4.802842293336125294e+02 5.352399944862811128e-03 3.718310570122574429e-03
9.714700732734903568e+02 8.293453079342341425e+02 -9.009671638202487731e-03 -2.155766866199108900e-02
2.481807858712718087e+02 7.409940408154133138e+02 1.990217002910435202e-03 4.537042986192651658e-03
2.202561196695964725e+02 6.859426645481972855e+02 -2.476040803279681152e-03 -7.605224973657290048e-03
5.065250680553472762e+02 4.448314454240845635e+02 8.311005904332513169e-03 1.347803476573127858e-02
6.547204043856030466e+02 4.976149518483624661e+02 2.593866097493104095e-02 -2.388527275644097836e-02
5.933014958941803343e+02 3.797719605942746739e+02 4.006164449212253759e-02 3.365320518885638046e-02
6.166119549090152532e+02 4.219245750238331993e+02 6.692984257065268117e-02 -2.233848816265075407e-02
3.058015479984852050e+02 6.128603492723648287e+02 -2.386239736791642002e-02 -1.201060325356683237e-02
4.766676262932444388e+02 4.656932096037683664e+02 2.361490648419732781e-03 2.051362107180812987e-03
1.226327994792453410e+03 2.385975452084978770e+02 -5.503746637073884257e-02 -5.022985654038941705e-02
1.016433581910157955e+03 2.743096477035324483e+02 5.097766005376635871e-03 -9.148340460550534806e-03
2.059008943637058167e+02 6.959128292419419495e+02 -1.612634919558645491e-02 -7.059669167722066457e-03
5.480114317806005602e+02 4.110678559925967761e+02 5.464362593286723304e-04 6.058560332638706671e-03
2.280827478806966155e+02 6.167559999308928127e+02 -1.338548210674614936e-01 1.901300441868004065e-01
2.491610993564636658e+02 5.010030976768206301e+02 -1.821987281765091683e-03 4.847154626070908010e-03
1.066924259313333323e+03 2.623045068992926190e+02 -1.351568355334377691e-01 -2.559782505818812906e-02
1.001379833147531372e+03 8.250385650214765292e+02 2.287774207943719940e-02 2.756523752605242431e-04
2.281045494389786654e+02 7.035930066719768092e+02 1.569551771647263033e-02 6.710296437850137366e-03
3.000673649034793016e+02 5.906533291409680260e+02 -1.885759127893348042e-02 -5.280035439526917229e-03
1.053002124833202060e+03 1.839938753266326614e+02 -7.083306167327698723e-03 2.912772124472997985e-03
2.642238490158222248e+02 7.373554300631725482e+02 3.690961984390095461e-03 6.653307217763117232e-03
2.555144507946293402e+02 6.440509010787361603e+02 2.558383862981316193e-03 7.880643526578247696e-03
1.211050571241996977e+03 2.169263315519152968e+02 8.539462801459960298e-03 -1.459294153011002175e-02
5.888592050009516470e+02 4.496312023030944260e+02 -1.259978982398924936e-03 4.745299919651381655e-03
2.377635944533745942e+02 6.939661881255748312e+02 -1.850024505159808541e-03 -3.339763756984400877e-03
2.645503293508521665e+02 6.350019507156628151e+02 3.299997458194267510e-03 -2.500999351434867162e-03
1.208045042336131019e+03 2.085542050198838808e+02 2.625425978632199391e-03 9.826970662047214335e-04
1.002586284670194914e+03 8.763378400755889288e+02 -2.870346452071560056e-03 2.958272721339244050e-03
2.603859121832797427e+02 7.150464641307523834e+02 -7.266030443998819366e-02 -5.715289676776601040e-03
2.637430752504853331e+02 7.254232924952009398e+02 2.585954991707464963e-03 -1.816130854140823392e-03
2.666707417915226301e+02 6.172452358495653471e+02 1.261728662656410108e-02 4.129265611911953418e-03
1.268412326179375896e+03 3.935251539440139936e+02 8.918968310228033575e-03 1.635045494081753927e-04
2.538231861375881806e+02 6.852847935892770010e+02 -1.132194155094722000e-03 2.886996268599243288e-04
9.330967971249269794e+02 9.066543550054296929e+02 -9.032665768846428198e-04 1.682876426210860258e-03
1.240322127170069280e+03 2.798239169317278652e+02 2.732763631031210391e-03 1.379887950929402276e-03
1.008304517076087564e+03 9.274937487624091546e+02 -3.422790871962494820e-04 -1.062177099929568179e-03
1.037763232847313930e+03 2.200071328867477689e+02 -1.210683196559690228e-01 -1.141110498925812511e-01
9.551537999804822903e+02 8.938517636090665519e+02 6.396359963099540989e-03 9.104413381660693720e-04
2.519837840516250367e+02 6.715408469614001206e+02 -2.335749757223045796e-03 3.181561633500497760e-05
1.071206911320418840e+03 1.843406666147422186e+02 -5.291531559132546178e-03 7.584594136887398176e-03
2.571150204294970649e+02 6.736186090239882560e+02 -5.925792616832301855e-04 1.728101313886165223e-03
1.013811040378220014e+03 8.530748855573979199e+02 3.037303102901475413e-03 -1.708938994066683042e-03
2.324290436087067349e+02 6.688683456955388920e+02 7.343934335714063198e-03 4.333450718206114348e-03
2.363616448550916687e+02 5.978388232855676279e+02 -1.986749664273387839e-01 1.586158705588793516e-01
2.944187459789372383e+02 5.891423471429350229e+02 1.027474413844273703e-02 -1.074575471683813371e-02
2.522806451505038012e+02 6.334609191581630512e+02 -7.340996370622084261e-04 2.337267231319577285e-03
4.392690149687546750e+02 1.084879922826266693e+03 -1.928806765824102668e-02 -1.024399109933436282e-02
5.214848842574014043e+02 4.711139363831482569e+02 2.339840489091582054e-03 1.028623177148801915e-03
2.681052735635253725e+02 6.797275738854958718e+02 -7.608218312619704354e-03 -8.901380594118176934e-03
7.359090548926160409e+02 9.294868510437095210e+02 4.053642036972246107e-03 4.294528955276543346e-03
5.065861304173512849e+02 4.853704232156954390e+02 -1.643826465179826007e-03 5.555571947347248858e-03
2.314215686891895416e+02 7.373349312729638996e+02 -2.949759070776112116e-03 -2.496192788430111938e-03
3.095434400314744039e+02 6.466481737196786526e+02 -3.460001413401695997e-03 -2.470771519453214028e-03
1.201904037064158274e+03 3.855248653883716088e+02 -1.336588352099323321e-03 -1.643191887375009853e-03
2.274811725592783773e+02 7.507457579572030681e+02 2.695035167660237829e-03 9.283186316699609808e-03
1.037912615733138182e+03 1.779576583267860030e+02 5.794496745628037286e-03 -8.929867776196891453e-04
2.413017904820096931e+02 6.399208302750340636e+02 2.780846401233000179e-04 -1.955351366451161654e-03
2.980809288058445077e+02 5.425212918273653031e+02 1.178645632025996075e-03 -2.695659439175212679e-03
2.449587630924254711e+02 4.859806146591080278e+02 1.064797542927314877e-02 -1.832787610377037413e-02
2.400765685835787906e+02 6.294304851707396438e+02 3.622660287389029878e-03 -1.005884539665095184e-04
2.401463169941960984e+02 7.258922197808774399e+02 -3.153856617455691631e-03 -6.101259240124656640e-03
2.653342367783881741e+02 5.631821181137128178e+02 -4.280280910022791346e-02 2.171189275793888596e-01
1.000553966218126106e+03 2.242615995251980223e+02 9.283224208779261317e-04 -8.925621248158902184e-04
2.244833576562955386e+02 3.190633745675341402e+02 -8.819016020166006720e-02 -3.493002050294604088e-01
1.017135569591274702e+03 2.628097605028828525e+02 3.409553630855034507e-03 -1.466458069474284309e-02
2.436330690694590828e+02 6.877663562404795812e+02 -4.194258530024755176e-03 -4.036102041169161575e-03
2.423610381068367303e+02 7.005332892481716272e+02 -1.357113673708285626e-03 -8.299434131814531143e-03
2.746089580354469035e+02 6.954320877022881859e+02 -5.461813108844004380e-03 8.954583279960794248e-04
1.152020250315414160e+03 3.641071931158297161e+02 -4.162584994840625233e-03 6.593333707908501616e-03
2.462286978689228931e+02 5.051072001261370019e+02 -1.367346242006723701e-02 6.135599724038708590e-03
2.262713699823038098e+02 3.016332153417059203e+02 -9.411921843314338676e-02 -3.189691454645584012e-01
2.466493591912452530e+02 6.112768678197562622e+02 3.885784972986035257e-03 5.489583932531147083e-05
1.177453132722900591e+03 3.591107927551303760e+02 -1.074757072698804758e-02 6.440232294251738154e-03
6.039248849638977390e+02 3.974061759054400795e+02 8.576467313774979034e-03 -1.249508925912431317e-02
2.940413258036662114e+02 6.301620521371902441e+02 -2.083334471166435403e-04 1.188856843130942781e-02
2.131514630736555489e+02 7.553313157390142578e+02 2.041969996335439748e-03 -3.263244969865367918e-03
7.243178767625895489e+02 9.667860251683622437e+02 4.630156529150562632e-03 2.009387317062277540e-03
2.569874793236717778e+02 5.776741257943120900e+02 -7.097784158370043506e-02 2.246879588139005235e-01
2.834816056154967896e+02 5.362056750848951197e+02 -5.645315587753824138e-02 2.874217125297840458e-01
2.449610893665420406e+02 7.609067498028479122e+02 -3.264780410720752226e-03 -4.982188960779879508e-03
2.406890222236988848e+02 6.102992294925771830e+02 5.056043950109162868e-03 -3.013178382440792938e-04
2.617093239397314619e+02 6.552781307243359379e+02 -2.180636220450786478e-02 -2.933748072430465009e-02
3.266960522840058161e+02 4.964154212262510555e+02 1.042645043862919056e-02 3.913683025216707460e-03
6.779324422657596187e+02 1.023549303770983556e+03 4.938182454848759513e-03 2.023172746566169727e-03
2.173274702491667369e+02 7.653695945412646324e+02 7.086382195476146131e-04 -9.052401860358123787e-04
1.182287526889228957e+03 2.110785859823457713e+02 8.378296263660135312e-04 1.649083888353986699e-03
9.318513626720962293e+02 9.002903900162204991e+02 4.453867525336982491e-03 4.064896970537192067e-02
2.687618910901422282e+02 4.914351278085728154e+02 -1.724692974338360163e-01 1.333368803547923809e-01
3.083447389426442555e+02 5.856557664473517661e+02 6.164134110760399049e-03 -6.705118021738940871e-03
1.171864583115757341e+03 2.347942558955400330e+02 -1.709945237212871349e-03 1.647855827414868371e-02
2.057719017921864975e+02 7.242873496366119070e+02 -7.962184189967268233e-03 4.324164085360145300e-03
6.804711146133086004e+02 1.019297043696341461e+03 -4.926448072414996680e-03 5.072223369124643014e-03
4.935540462733891900e+02 4.547562675198805096e+02 -8.953029437252958819e-04 1.041801416323945122e-03
7.282841724326205224e+01 3.185804776550367023e+02 -1.039278752794237613e-02 -4.712892478131821238e-03
5.202021070200352142e+02 4.324110831834354371e+02 3.338208486360090543e-02 8.792794788095620317e-02
3.136070839782422013e+02 5.683541551481220040e+02 2.449104589453611047e-03 1.950510515294664928e-03
2.672341928540836875e+02 6.460854266076928525e+02 1.779695727770225569e-03 1.081634726468037877e-02
2.520759254195192227e+02 5.814980489060621949e+02 -7.992124579984652422e-02 1.446649265572090282e-01
1.007333743356625064e+03 1.970287961849302008e+02 1.139164208270565526e-02 -5.311874539221390044e-03
2.944019571665300532e+02 5.969969792862563054e+02 1.031951315314983547e-02 1.089787463214440463e-02
1.139595615374332510e+03 2.235587483439165908e+02 -3.997905956681495690e-03 -6.926071179562016955e-03
1.052689620953816529e+03 2.833121215850799217e+02 3.807540327717772594e-02 1.674242306397909479e-03
1.012518817318394781e+03 2.620077348198558980e+02 -9.214459337400593072e-03 3.306177328309192059e-02
5.073623420880176695e+02 4.526001331069301727e+02 7.501611320288131129e-03 9.882520265894454564e-03
2.316977988382041360e+02 7.751202270073528098e+02 1.894088041525734262e-02 -4.822863437399550757e-03
1.096351546641083587e+03 2.030612151108026353e+02 1.294357627260762748e-02 4.153214068011412165e-03
2.004129916009939052e+02 5.061928898747909784e+02 -3.142774827961879267e-03 1.886019090664889939e-03
2.414992541758464597e+02 3.679007400061541375e+02 -1.037331723328258903e-01 -3.595533788807745434e-01
1.020468803139279430e+03 8.677993281572810247e+02 3.391160833586473987e-03 3.296845208700967169e-03
4.882531395277765114e+02 4.767587029641529170e+02 -2.824366964904187829e-03 1.597469189689581029e-02
2.900304617385484107e+02 6.691295370540103704e+02 -2.057714655116383001e-03 2.051614593853790577e-03
1.065939338149997411e+03 2.152181232241384237e+02 3.510830954990812715e-04 5.823357810865587708e-03
2.954657826956491249e+02 5.399628524253452042e+02 7.219520953263232343e-03 1.126144093449295107e-02
5.363464498461955827e+02 4.285800297230715046e+02 -3.570107880721993046e-03 3.020238738291383066e-03
1.154596284887942829e+03 2.130167131070555229e+02 -7.887806568499283050e-03 -2.646873662918985959e-02
2.368332735952192252e+02 3.668948776979764261e+02 -9.072347198432813287e-02 -3.771008659510109995e-01
2.466691985171605666e+02 3.857041686054992056e+02 -9.500094232106111314e-02 -3.319947261723856791e-01
1.024423651247205726e+03 2.111186649347641833e+02 -1.729562881818274417e-02 -1.427394017250299685e-01
2.556716881620980075e+02 4.323594531239384651e+02 -5.870576750502796287e-02 -2.528121211378220323e-01
1.107925459946460023e+03 1.960950290611823164e+02 -8.468952773802523870e-02 2.379310908602092489e-01
1.155420471793204797e+03 1.917650506911386117e+02 4.096791100099349270e-02 -2.002510252641981001e-02
2.661638710862528114e+02 6.263073701455095943e+02 6.589061197680824190e-03 1.514022246725078152e-02
2.674513374778134676e+02 5.068389018151011101e+02 -1.318841330693771852e-01 2.564271441073077140e-01
5.231069498614773465e+02 4.605215548559334025e+02 1.142026161426539351e-04 3.884405303168558896e-03
1.060140142706608685e+03 3.030647572684968054e+02 2.371402120975335190e-02 1.201817439474181515e-02
2.014512120188183530e+02 7.012526014006715513e+02 -9.753610500385969870e-03 -1.102288759810306044e-02
2.895299088743042262e+02 4.869522594376591087e+02 6.166054621152429471e-02 2.423463878062659671e-01
3.246145283977543841e+02 5.172235628363085880e+02 8.838275495342110682e-03 -2.397852870739154707e-02
2.331311092410007575e+02 6.288528626537173523e+02 -2.321721442056644876e-03 -1.745331742322287980e-03
7.850246424471052933e+02 9.541661723447182339e+02 3.215818044952924257e-03 -1.837707272559305476e-03
2.403846176809038298e+02 5.159281394597484223e+02 4.770965074039051207e-03 -6.114816724112814329e-03
7.164600345271129527e+02 4.173873802369765258e+02 -3.886912088412575617e-03 -5.774868409607261145e-03
1.022823065777624038e+03 2.359017847618232793e+02 -3.068992407152379073e-03 8.781880107774371613e-03
1.002811834025712869e+03 2.291295417765207105e+02 -1.098693025538986963e-02 1.606347614680395802e-02
1.033175380486258291e+03 1.617815503450368340e+02 -7.360686702551253683e-04 -9.583554140536956409e-03
5.535526690964509271e+02 4.834084063705405470e+02 -7.035269354775105588e-04 3.435378768626990830e-03
2.777938567565931862e+02 4.736097806347492565e+02 4.933786068792108542e-02 2.680153521948013817e-01
2.555218604595791021e+02 6.995033000402780772e+02 -8.985990510375426940e-03 -1.236666648990217016e-03
1.179440603653956714e+03 1.772734379297931753e+02 4.826317602455314215e-02 6.472227218499609913e-02
2.608507512902393159e+02 4.595680195035428710e+02 1.831865157916270914e-02 -2.971041322487672498e-01
5.030677753074564862e+02 4.698616060393845260e+02 1.927069242256466411e-03 2.536078488641227424e-02
2.616168805355917470e+02 6.689102021268990939e+02 9.207466948844352135e-04 1.908670502251033413e-03
3.189790823216956142e+02 5.184994581111637899e+02 3.561182057268578527e-04 -3.473380643824141439e-03
2.386295728130278633e+02 7.101188297510178700e+02 1.676126373737788769e-03 5.608079056112881891e-04
2.830234332103529482e+02 6.085121212263608186e+02 2.458934389471328225e-02 2.264994931186891519e-02
2.204106148650763828e+02 7.171159608176920983e+02 3.219399591699249018e-03 2.204458126447216264e-03
1.049438937531242118e+03 2.520305043270334693e+02 -3.785372358535625537e-02 -2.111565162465515177e-01
8.102288102978475592e+01 3.243847380561903719e+02 -1.347636215659759294e-03 6.049394013302844542e-03
2.405759522203631207e+02 5.774874708042123075e+02 4.917709127493318649e-02 1.829315914372820207e-01
1.201589307720087163e+03 2.282816700789668971e+02 -1.521047099427366061e-03 2.448922654189185973e-03
1.066408348908516928e+03 1.976917252291851241e+02 -8.550299812515444603e-03 9.243092294107302376e-03
1.955145380974379066e+02 6.978409023287152877e+02 5.146311696786695818e-03 6.804445182310565844e-04
1.113880154852952501e+03 2.380960998168608000e+02 -1.103407760223094024e-02 1.989735914255257726e-02
2.585399883120488198e+02 6.948613072271383544e+02 4.748507718670567836e-04 5.383430618863794224e-03
2.860694558921474027e+02 6.321957122483350986e+02 -1.534115608216953322e-02 -1.844179160299617287e-02
1.264727268068670355e+03 3.704705340976341290e+02 -1.118841628152328523e-02 -5.326180982117229706e-02
2.178089909404975799e+02 7.245990312401335132e+02 5.129244725628385754e-04 8.694958548635394954e-03
1.135620704595443158e+03 2.455747199442415933e+02 5.429509562531400352e-02 -9.145362953336583917e-03
1.088371206075831651e+03 2.728877188185165323e+02 -4.944211168849911575e-02 -2.842876401092063743e-01
2.803779713318585891e+02 4.556058992821119773e+02 5.470065053121756643e-02 2.575620293734802724e-01
2.287251288295087761e+02 3.337955945313642019e+02 -8.166359462183740703e-02 -3.474286336074372539e-01
4.969918515718750314e+02 4.673846270452140175e+02 -1.497237520150538096e-03 -4.201175436098157287e-03
5.976599487753951507e+02 3.868023737698189279e+02 -1.005478793274955894e-02 3.834333641285717770e-04
1.145895403693160688e+03 2.497937546346857971e+02 5.023398531818318996e-02 7.354490110761878474e-02
5.719711366099742236e+02 4.125497083252028006e+02 3.076454121822838443e-03 -3.106398023351851067e-03
1.025272225673203138e+03 8.715462841050620000e+02 -8.688446060448155872e-04 6.419449952343008955e-03
2.915270065988044621e+02 5.834189558928935639e+02 5.701843042638103654e-02 -1.552301740380334152e-03
1.209147870831982118e+03 3.551483884061779008e+02 2.886358694609899005e-03 -9.621288639958619493e-03
2.881114442668377364e+02 5.758856765768470041e+02 -1.230203588441795316e-03 -1.103180604543062618e-02
1.204396586613885802e+03 2.793666745651922270e+02 -1.523804089047099339e-02 9.412706690572986232e-04
7.589254762566770296e+02 4.499577420901137543e+02 -8.925631225777282129e-04 6.140492473548982578e-05
9.182294054462582835e+02 1.102617165150356186e+03 -1.495809477991189235e-03 -1.158429634681014495e-04
2.363816508941220604e+02 6.838275020637797752e+02 -2.990091976717491537e-02 -8.184051203641340465e-04
2.449137428019956246e+02 3.928023142047544525e+02 -1.077086662928852800e-01 -3.290629341000473884e-01
1.024378490937945116e+03 1.710492281085077195e+02 2.956783851631582943e-02 -5.981885198191647796e-02
3.106030620707119851e+02 6.194891023849889962e+02 3.633482481915291471e-03 9.163557497560200632e-03
1.430071599104832671e+02 4.998689999745224668e+02 -1.749451098506638880e-01 -3.234260027680841421e-01
5.585927013100232443e+02 3.972735805950511576e+02 -4.473472682820561416e-04 4.833747845005331549e-03
4.976708548476912597e+02 4.585262068621154867e+02 -4.420839770323210034e-04 -2.122650336877658379e-03
2.186333752864248652e+02 7.019196640688489879e+02 8.481536309716656424e-03 2.555922974416752896e-02
1.180400757249374010e+03 2.240381153275499457e+02 3.679861403207444846e-03 -5.965785898064887571e-03
2.732387034003845656e+02 6.230687453022184172e+02 4.835429777142395170e-03 9.089102555912861696e-04
6.014502834457063045e+02 3.853952119722226257e+02 -3.225554076082535332e-02 -6.913245514100605123e-03
1.040802485165964526e+03 1.911286720690258107e+02 3.072790449837697543e-02 -8.942696037035438583e-02
1.247313908286089600e+03 2.892908986622161933e+02 -5.409575353233227191e-03 1.056630561813934333e-02
2.995638330149969306e+02 4.086799052791860163e+02 -1.429635170739915759e-03 2.372099490204650218e-03
1.940087451130639238e+02 3.195002361404784210e+02 -1.276867099818727608e-03 2.196794838169190914e-03
1.187428202287493832e+03 2.510212817823356204e+02 2.338051856377836111e-03 -2.694452613122893560e-03
2.205872867537266018e+02 7.424648513191376651e+02 8.575380268486115787e-03 -1.513387634677786607e-02
7.850500368315423430e+02 9.368141949844285818e+02 -9.299408939073551886e-03 8.635302014036680754e-03
1.607544518566026284e+02 5.224419766007587214e+02 -1.406400298997509957e-01 -2.202790955076712742e-01
2.721525004210614043e+02 4.381978239041096117e+02 9.023028089344541092e-02 2.093742536884114491e-01
2.482405180507645355e+02 7.338641186004515475e+02 9.623131358257625001e-03 2.388927695738690682e-02
1.035040469885007042e+03 1.994962865699216081e+02 -3.842131025751967244e-02 7.320052401062489278e-02
9.917637935785284071e+02 2.281989395404495724e+02 1.535471840183802580e-03 2.051540695315351003e-03
1.987015362007151396e+02 5.796654263834071799e+02 2.814206652273453652e-03 1.449379818134478122e-03
1.524715788463421404e+02 5.169428134535562549e+02 -1.359047846701272044e-01 -3.004345018296191161e-01
6.060876514386746976e+02 4.072932218761349077e+02 -7.137101743642188054e-04 8.944092901367977060e-04
2.257379077572431925e+02 7.429214510182991944e+02 -4.077537209051815791e-03 -2.380501958209651418e-04
1.323972622958219063e+03 3.334716482211672997e+02 3.556973426925719162e-01 -6.768536452712155260e-02
9.773341361431173482e+02 8.662905980903402678e+02 1.466197277556719825e-03 -4.237091274522655597e-03
1.932258256274348582e+02 5.586365985430652472e+02 8.178631800982339925e-03 -3.057974329130326487e-03
1.161289707676003218e+03 1.466264122936891567e+02 7.555283845952787125e-02 4.949860273005286804e-02
2.278261040366139696e+02 5.329270721610751025e+02 1.520119722804023077e-01 3.696075173966524574e-02
2.745399799401848213e+02 4.503588439982318619e+02 6.671083685830017651e-02 2.364896511471698271e-01
2.581979217409854641e+02 6.222147434432118871e+02 -3.241790986894242145e-03 -3.363979598049971539e-03
1.148013457108343346e+03 2.218585455113923786e+02 -1.770481302479887348e-04 5.608242019117468287e-03
1.041955495253837171e+03 2.583126078534111798e+02 -4.022389901294697728e-02 -3.370396839338550554e-02
2.809333144275296945e+02 4.058326374299974759e+02 6.382429925796227754e-02 2.040728137908366380e-01
1.873559994086700726e+02 5.563404580825729226e+02 -6.513515686335868450e-03 -1.251815703456977263e-02
1.146516615683232885e+03 2.303262484617842745e+02 -1.022922801003500921e-02 2.319324502426857101e-02
1.235722545093076860e+03 3.784341274829125723e+02 1.133585851480775342e-01 -1.760821199573221196e-01
2.723560390398594677e+02 5.996038566204102835e+02 -6.884461335111568842e-04 1.517487575390690235e-01
2.452197384513586087e+02 6.180421163449992719e+02 2.796892386056573469e-03 -5.878678411509910377e-03
2.304855088931029456e+02 5.454527612067133759e+02 -4.055617926353517061e-02 -2.479097300309111296e-01
1.154558542681615563e+03 2.056835897513852558e+02 5.976239954359716632e-03 1.228791560459674935e-02
3.268259822907327248e+02 5.531586542851526929e+02 -1.108247591891522695e-03 4.114359981172984598e-03
8.099735976271992968e+02 3.965733783111913340e+02 2.043320657894650422e-02 -4.127425695336983669e-02
1.010903933768598449e+03 1.969955529000656327e+02 -2.619784280581019358e-03 -5.487769994645297356e-02
5.427997135094741452e+02 4.260738217538639105e+02 1.705861410606879475e-04 5.042105214251572931e-03
2.705140127518893109e+02 5.245200899992883024e+02 1.647051468027159182e-01 -1.692503607001821508e-01
1.164424060189207239e+03 2.125278072298347354e+02 -1.361198415132562156e-04 4.717959093468836185e-02
2.712776109447949011e+02 5.437786234088273432e+02 -3.813107255834409515e-02 2.719581713281164492e-01
2.625829038954294106e+02 5.242330421732098102e+02 1.225061872895008841e-01 -3.487045733022355321e-01
2.125205835941905264e+02 5.336997726362308185e+02 1.395390925217708522e-01 -3.752297020211546597e-02
3.063996300994285775e+02 4.607321098547664633e+02 4.043348367953611584e-03 -3.047022846569441643e-03
1.176036814696383772e+03 3.376668763180115889e+02 1.202239649091557108e-03 -2.712512276384631583e-03
9.416808171073571998e+01 3.532247858994575722e+02 3.013072211599468302e-03 1.752792721355611941e-03
2.474777036267730352e+02 6.324281903198194641e+02 1.617176846115576591e-02 -6.804943416649719863e-03
2.729908194405701920e+02 4.234203967148364995e+02 6.888280381569264477e-02 3.516481064302532933e-01
9.435677312080533738e+02 9.026943708655950331e+02 4.388623312514361094e-03 -1.448181778539379787e-02
9.915400039303386848e+02 1.901137384214559347e+02 2.477239406980426143e-04 -6.335501293315449513e-03
2.061196009019798225e+02 6.846621234738331623e+02 -2.817548115278851149e-03 -6.514232273457759917e-03
5.922642597305252821e+02 4.594700298485923895e+02 1.621123930121173840e-02 2.433959762705716415e-02
5.122029790285159834e+02 5.025650421516145911e+02 5.798570501669343289e-04 -5.586278860527957128e-04
3.259596447794513097e+02 5.038289205929987702e+02 2.454604565434355141e-03 2.121795923796012881e-03
1.136156718822973971e+03 2.068627849122458713e+02 5.626363703978574243e-02 -1.928380897955024251e-02
1.703191811475722659e+02 6.250044205898457221e+02 -3.255798052407780658e-03 -1.071854441055742138e-02
2.665425724821868130e+02 4.192470230028030755e+02 6.049900819696706067e-02 1.983357348330857806e-01
1.088833075632186819e+03 2.547514111750286645e+02 -9.772732632415123688e-02 -1.653460742538025996e-01
1.159979095474289124e+03 3.741030717372963181e+02 3.039792609715867566e-02 7.156221976375414483e-03
1.030624071943334684e+03 2.095157095286398601e+02 -4.995678428831930307e-02 -1.229190169945151567e-01
2.655210448901818836e+02 5.892702253518789348e+02 -8.154345671170118090e-03 3.120752807532345061e-02
2.072102044904776790e+02 5.332733593557603626e+02 1.035251228268132817e-01 1.150559329130452779e-01
2.464679066213138867e+02 5.554663431444212165e+02 6.218156645456338061e-02 1.037033061734100176e-01
1.203687838787992405e+03 2.469930933016767938e+02 2.142039685759750817e-02 -6.399671381830761285e-02
6.714123907193243213e+02 1.080483186606395748e+03 -5.244482784568804418e-04 1.547385259311682883e-03
4.801567055636797363e+02 4.440235117315161233e+02 -1.218651561440436742e-03 -9.167090853764821995e-03
1.078832401200992535e+03 2.831004286081040391e+02 -5.214120757401891765e-02 -2.984984514129481181e-01
2.998423554119017922e+02 5.499625197529802563e+02 -2.700356041707504314e-03 4.055127287970343485e-04
2.568596885032324053e+02 3.993962751232451751e+02 5.249953864283201516e-02 2.232378949815493896e-01
1.164193926808652805e+03 3.787510718880617446e+02 -1.331123451994037496e-03 -1.734637672237761621e-02
1.041797916287139287e+03 2.422884748318782613e+02 -1.166384185073256197e-02 2.927451167461230831e-03
2.265543821567047189e+02 7.158793105751553867e+02 -1.297135094875280200e-03 1.178980590133064422e-03
2.727131683253327310e+02 3.940151639625617577e+02 4.852963962678255583e-02 1.982598446209888898e-01
9.809703976330426940e+02 8.535941899849232186e+02 1.001902187933279877e-02 1.060423101636622477e-02
4.920515350411178588e+02 4.483544686740480074e+02 1.298238413975432663e-03 3.947207050603060256e-03
1.128052886400948864e+03 3.420325230590975707e+02 2.802175155155433271e-03 -4.561989606069872909e-03
2.571294807483022851e+02 4.950977553139314864e+02 2.256441776757644180e-01 -4.269402693431398887e-01
1.059504026633298054e+03 2.470256082336866541e+02 -8.266509091995971614e-02 -1.589313975707589421e-01
1.197906950103661757e+03 2.497085381684734671e+02 1.346428174036479360e-02 -3.478327059198958043e-02
1.123147020491364174e+03 3.414516602394821803e+02 -7.869025262886616967e-03 1.684264559753388592e-03
2.304144630400076608e+02 5.627590074771919717e+02 9.673407658277034804e-02 -2.238198048278061125e-01
2.814114668801844346e+02 5.959413599531588943e+02 1.161527109173723059e-02 -1.714359155593372930e-02
2.354067168937809527e+02 5.710415040149414381e+02 7.862996999478828741e-02 -2.187685767662087277e-01
9.731685829710772850e+02 8.671097724572255174e+02 1.954245222616081577e-05 -1.251185639678552243e-03
1.894387500731992588e+02 5.851326139457996760e+02 -5.551208294116124868e-03 -2.313830799782142997e-02
1.189335773777733493e+03 1.945094116659559518e+02 1.638383185030815523e-02 -1.678018362159572688e-02
2.629315970568475791e+02 6.486402026327135673e+02 9.533148907853455575e-03 7.794677451773951438e-03
1.223470108161447570e+03 3.200501602813278623e+02 3.856363584954943802e-01 2.939016716483577180e-02
7.700871543806695172e+02 3.981948328553057763e+02 -3.052206923670571902e-03 3.135160972247507636e-05
2.218420448805974274e+02 7.694644311478480176e+02 4.630238592790811292e-03 1.690785569797362059e-03
1.000509065363863328e+03 1.957519506209999065e+02 3.443176239638077226e-03 -2.581531060678517522e-02
5.291241439009846772e+02 4.911268692603307500e+02 2.155464680349903489e-02 3.283711290007510636e-02
1.158829138644060095e+03 2.340503455743439645e+02 -2.158869734417559819e-02 5.247700933929230066e-02
1.920412317599561902e+02 5.413230437605078578e+02 -4.325004465256387237e-02 -1.911190179992643401e-01
2.734148504492648613e+02 6.823327585265642483e+02 -1.636677907543688734e-02 -3.336940813156696970e-03
2.606303910354198479e+02 3.911771852491964978e+02 6.124479264886558555e-02 2.551711607385909186e-01
1.971702028153785591e+02 5.206573945974477056e+02 7.785619797533430142e-02 6.621670396592853336e-02
1.184539810643846522e+03 3.543769685247744405e+02 5.676344566330332464e-02 -1.750819378234760582e-01
1.214063331797759929e+03 2.261690210012415321e+02 -5.841730454185740939e-03 1.886829333490467470e-02
2.608120406746980393e+02 4.434795801405074940e+02 -3.934886870735281039e-02 -3.098758036921209769e-01
1.910854588468565680e+02 6.895462387734609138e+02 -1.066979629739250868e-01 1.749973688255801740e-01
5.489805084112985014e+02 5.013105850376605304e+02 -7.741157011330212188e-03 3.417649280133067818e-02
2.334786703282027815e+02 5.814678397245007773e+02 1.002177526861538076e-01 -2.253931651817272785e-01
2.392145399705814555e+02 6.182402390785474608e+02 -1.146041945580770138e-03 8.678234675050706145e-05
4.911233539246408668e+02 4.835554098902885016e+02 -4.669005806928822749e-03 8.454987415234427317e-03
1.179630526927166784e+03 2.544922013508683847e+02 -2.614011111149065498e-03 1.228246860308548905e-02
2.667669278627140557e+02 3.773674123615797384e+02 6.826674792302632466e-02 2.229708725672572001e-01
5.213492045431988799e+02 4.423910954925125907e+02 1.018558689328402872e-03 1.370736217930554248e-03
2.449023761241608668e+02 7.100993994533339446e+02 -1.143329374369863834e-04 5.618307125222609527e-04
2.290608085688262463e+02 5.791173945390103199e+02 1.084761751668827656e-01 -2.228255493896349193e-01
1.017488514258864711e+03 1.794621058487218477e+02 -3.050971608059167232e-03 1.226644990450491933e-02
1.263250112035433403e+03 2.924697717574400713e+02 -2.245961708688422927e-03 -8.339003208392892566e-03
7.836952963579087736e+02 9.595211443584582867e+02 1.788108276017926889e-03 -6.269327567458663278e-03
1.037271280829300849e+03 2.889300381163688485e+02 1.553241592043629916e-02 1.360837617146399246e-02
2.946384159348068579e+02 4.974253679171278577e+02 1.754952769621893616e-01 7.877097083268841393e-02
2.573085989365083037e+02 3.760415342652516983e+02 5.743979746302240591e-02 2.473902162168890306e-01
2.325739988119111956e+02 3.206177021228676836e+02 -7.398060830916708408e-02 -3.485966657372648325e-01
1.193179385082592717e+03 3.223628412181981844e+02 2.606249230114254800e-01 1.014700982605823282e-01
6.657431387646042822e+02 1.078573523028671389e+03 -5.039030131616293283e-04 1.359062465650309184e-03
1.051689738802667080e+03 2.996660313960176723e+02 -1.852441904979473765e-03 2.081405890777713891e-03
1.223943222971523255e+03 2.780612450270382965e+02 6.492536291785420965e-02 -4.767965653983107649e-02
2.643484612648063035e+02 6.861730422882387757e+02 -4.937031338423785234e-03 -2.684056576845475668e-03
8.793498659060344380e+02 8.668799311548312971e+02 -7.695071894529677270e-03 -4.531730269601473099e-05
2.838345245283306895e+02 6.779985277567494677e+02 -2.705256699344560844e-04 -5.353920384183342551e-04
2.034060457887834730e+02 5.133503769355663735e+02 -4.272715198585321644e-02 -1.039774307777055484e-02
2.229207159484251974e+02 5.495208512121682816e+02 6.966492307727865929e-02 1.643838598824846203e-02
2.430097316629140778e+02 5.119687123651458478e+02 -1.437654421887221354e-02 8.692136511429268339e-03
1.105406911146290668e+03 2.167065651255330749e+02 1.083699551738823326e-02 -1.011195299660377911e-02
1.904812251968604073e+02 5.349397370018314177e+02 1.907914500690460757e-01 4.561283870344316760e-02
1.009750239538242568e+03 1.846614584190762685e+02 1.110163797765119711e-02 6.658306540732711332e-03
5.425674969092816582e+02 5.113363257500602117e+02 -1.914669082017134757e-03 1.654050514456356430e-03
1.271249379226287601e+03 3.690938444903158597e+02 -1.555603927576301813e-03 -3.258845437147052295e-03
1.191975945329969591e+03 3.857141594686759731e+02 2.960123742693690236e-03 -4.354382626953599671e-03
1.225592629998759548e+03 2.510819221069903335e+02 1.475875463734155346e-02 9.306941411675763443e-02
4.652334807903813498e+02 1.099302629990873584e+03 5.949130571703488760e-03 -5.762639186131499058e-03
2.607847951931923944e+02 3.683728409038996574e+02 6.866673172443385487e-02 2.617351071079169755e-01
1.838594758650748417e+02 5.267003050818160546e+02 6.991794190004849141e-02 1.364510498941345351e-01
2.228499518151239727e+02 5.905454019569957609e+02 1.165953719191514387e-01 -2.355152404958852363e-01
2.186264983465466116e+02 5.598112771806833052e+02 8.891748688064624040e-02 -2.454168086029202278e-01
1.183856906911784790e+03 2.456322556403239616e+02 -1.336211429203770090e-03 1.118390283414951759e-02
3.115217514215084407e+02 5.499812381932530343e+02 5.293189030122011883e-03 4.633073467793524976e-03
2.197315351855387462e+02 6.082493641610600434e+02 9.636671220173377572e-02 -2.226532336153772274e-01
1.119083513702754090e+03 1.922054189403620796e+02 2.255122139115540991e-02 -2.799947171949794880e-02
5.622380541502128608e+02 3.941903249738628006e+02 3.007882751902987272e-03 7.239765446917033982e-04
2.530775159730278290e+02 5.236429582451712577e+02 -2.101516725670809493e-01 4.958951889026715354e-01
2.675582663746789649e+02 3.576967807608532439e+02 6.353279439747439028e-02 2.498580762946149003e-01
1.204286584334493455e+03 3.472656537475882033e+02 3.242933893633031216e-04 5.869583757590918216e-03
5.950945423531990173e+02 4.830471804913054825e+02 6.427714390471496453e-03 1.126685515236775827e-02
1.094620910456508454e+03 3.136248477183091268e+02 -1.765591711984782763e-01 -5.773063180662189875e-02
1.288225268443108462e+03 2.913031536051563535e+02 -6.201802642687589961e-03 8.482918990423377742e-03
9.914386293717565195e+02 2.034797659347650551e+02 3.882783584018478871e-03 2.219340573565019292e-02
2.548132555522387577e+02 6.649077806527900520e+02 -1.143571448774636286e-03 1.121416755682226292e-03
1.174952259391548296e+03 2.481958663790657909e+02 3.583073535276183608e-02 -2.049308724740017684e-02
1.133420061558834050e+03 1.747756255997426251e+02 -8.016256617779753124e-02 5.840517898202832875e-02
1.119551749127095491e+03 1.853319481817559335e+02 8.378327926675860696e-03 6.219979412676231341e-03
2.904803138436074050e+02 6.000712402892793307e+02 1.630292931377038540e-02 -4.675126671102562345e-03
2.200596823523763987e+02 5.764875228632155313e+02 1.122454411452602774e-01 -2.306580450989429709e-01
3.961304981782427035e+02 1.084819401313860453e+03 2.728452437303027778e-01 -3.992976172619567415e-02
2.597884981444950085e+02 3.566609786233441923e+02 6.018917408511999939e-02 2.602246045051632706e-01
1.234434659643659870e+03 2.860296192698202162e+02 -4.743340529632117402e-05 1.971171435116048087e-03
2.205272387397903628e+02 5.470289027559309716e+02 7.890148088092661938e-02 6.165446618590094546e-02
5.909548164147893203e+02 4.783054699525476963e+02 -1.622528519255235415e-03 3.142089217156258940e-03
2.136133397772140654e+02 6.028604840659910451e+02 1.115245849206317336e-01 -2.104364518935122608e-01
1.127196613823183498e+03 1.823123644041376394e+02 -2.572964027887684330e-02 3.077459074599640104e-02
2.728505146952174982e+02 5.647988393813095627e+02 -4.709112813121647118e-02 1.905707502773379414e-01
1.224268886989564635e+03 3.536724484145954648e+02 6.879907231121133726e-02 2.001588904754279252e-01
3.906074764728277273e+02 1.093159543478774822e+03 2.519440411522991252e-01 -4.498745850193951873e-02
1.025229686410590375e+03 2.608537113529727662e+02 -6.068186002573050866e-03 3.986151225285314119e-03
1.111601552683541286e+03 3.497562024434762975e+02 -2.890250797535561921e-03 5.043771431085043375e-03
2.598388054953019264e+02 6.014236599869709607e+02 5.001477294002251196e-03 7.500465450062160713e-03
2.811835970892870478e+02 4.645596220649194379e+02 6.788743625687551630e-02 2.788304767867831879e-01
1.127252698254644883e+03 2.161161929579743628e+02 1.253550228540628413e-02 -7.199566042809148062e-04
1.205194884729708292e+03 2.020238251486658214e+02 2.291009328157520356e-02 9.880770749949006199e-03
1.260098581845855506e+03 1.959259270485562467e+02 -2.038176385401967335e-03 4.662384361138704331e-03
1.009303128769458226e+03 2.103556163582906606e+02 8.569343365753177844e-03 -3.458518654295826718e-05
2.438398874886229066e+02 5.721496169086343571e+02 4.441632078517091659e-02 1.526153505000239774e-01
2.180447574820271086e+02 5.782347280679991854e+02 1.405742132745595729e-01 -2.489088399004703855e-01
1.173733859544559891e+03 2.095640193286417627e+02 2.290341417047595321e-02 -3.077529166931005505e-02
2.523697536866009443e+02 7.137781436236140280e+02 2.238767344418295113e-02 -1.104914737346340478e-03
1.112334826691638000e+03 2.220085183321240834e+02 5.341570416698061124e-02 -7.468278969614793039e-02
2.787567385278838401e+02 4.433480492478664701e+02 4.821597683171895826e-02 2.573473263362876517e-01
1.870107078348299581e+02 5.436431706643085136e+02 1.402565460855435542e-01 7.116149909761881887e-02
8.859350615095689818e+02 9.297670507986837265e+02 -1.347893853347717540e-03 3.566681109780144650e-04
1.076637164748915893e+03 3.110865121423637447e+02 -1.098029752552875937e-01 -1.984870262754393488e-01
2.900818743343959909e+02 5.082746998883243918e+02 3.496840768655946202e-02 1.859060843729779811e-01
1.299140094127430075e+03 3.143193610827582916e+02 -2.372778334466773154e-03 -1.764266447317971520e-03
5.746884925096793495e+02 4.053480104089192650e+02 1.284201645064220578e-03 -3.853995836876866667e-03
2.109201179612601607e+02 5.729053835809472730e+02 1.375775106068905795e-01 -2.607837624379920061e-01
2.772762540357543344e+02 6.043184136831989690e+02 4.629355666556966148e-02 2.804152732180074589e-02
2.464360373379219027e+02 3.537212473348299113e+02 7.740642533048285034e-02 2.760870821696986832e-01
1.022841097490208426e+03 1.611407137317194156e+02 8.550204869157994325e-03 -2.274845308473469330e-02
2.056246499568641468e+02 6.599330901393091153e+02 -1.965245193505420762e-01 2.457559169029836232e-01
2.205542389966115309e+02 6.144195516296703090e+02 1.096157592314007667e-01 -2.382188603274982552e-01
1.046553105177727730e+03 1.681204470242705611e+02 8.213123941954612525e-03 -6.214384318638795784e-03
2.356533954459924587e+02 6.511327780828054301e+02 8.774237557253116533e-04 -5.803000431598937144e-03
2.530037457148507372e+02 3.524899724813137709e+02 8.016601200126859117e-02 2.908990934928160632e-01
1.045366705590135552e+03 1.824898776063838568e+02 -4.906827724205345756e-03 7.122384859601964963e-03
9.516958616050598607e+01 3.730876625542374541e+02 -1.925777430731126783e-01 -1.690962986396730983e-01
1.188788856630880900e+03 2.532339511056114532e+02 -3.577135778740658714e-03 -6.788977450024630267e-03
1.147662001387281180e+03 3.554000276394397702e+02 1.339902618977671656e-03 -1.931487762182751118e-03
9.823722795878913985e+02 1.765479374304419196e+02 -5.491490363635762907e-03 -3.395664639189382907e-03
2.087508644331426240e+02 6.052105181290054361e+02 1.440353419006370483e-01 -2.834113622128158760e-01
1.297980683580659047e+02 4.328029010401269261e+02 2.057669216807755663e-01 3.360897481125854624e-01
1.765762945559594073e+02 5.204277202998840721e+02 1.073002574993499186e-01 1.768895897881421764e-01
1.111577488321338478e+03 2.719466550138219532e+02 1.229742933673002581e-01 2.536167756359025138e-01
1.181024836010077706e+03 3.347277746066318969e+02 3.303245875947528280e-03 8.476695406348353640e-03
2.609896750912594143e+02 3.386644133013099918e+02 6.725629404761346297e-02 2.474372978181022253e-01
1.029271402462330343e+03 2.490568572981252089e+02 -5.293925673291902806e-03 2.064840844489640101e-02
1.396778357290926635e+02 3.888582382530744894e+02 -8.635217833269205417e-05 7.776202604823578661e-03
1.813261583238891319e+02 5.186362118127846088e+02 9.982454943261778735e-02 1.673081817363606671e-01
1.982945843705016671e+02 5.303776687074645224e+02 4.934617237267253931e-02 1.011398592688647624e-01
3.712725901914234328e+02 1.052860291930413496e+03 -4.398917506238836025e-03 -8.012101814716012307e-03
2.451277345457575336e+02 5.290382333920071005e+02 -2.284978695734720677e-01 3.910899326074157023e-01
1.161631344752354607e+03 2.532990297791040177e+02 1.767719124378606607e-02 1.813744253808105902e-02
1.023605298881566227e+03 2.804062763794096895e+02 -1.054578844225984198e-02 1.492631517059763747e-02
5.020750914551821893e+02 4.821450974942741254e+02 8.569587854503655047e-05 5.033521718439490193e-03
2.149921265139264506e+02 6.170329575481522397e+02 1.186351306276744455e-01 -2.659844328529112900e-01
1.197611649879353763e+03 2.284184365858148453e+02 5.483875066007871512e-04 1.639503123906161861e-03
2.529864835186550067e+02 3.369152535478118011e+02 5.958351574483035373e-02 2.605423892087678217e-01
1.387824565327820210e+02 3.978480563161134000e+02 -1.580842865667021844e-04 7.756648158502090244e-04
1.128298863731980646e+03 2.425227226470504149e+02 1.650725828870569165e-02 1.414745247132257258e-02
1.157547526587566381e+03 2.250964325341197423e+02 4.054440121951689152e-02 1.329526437942938656e-02
3.129316616710465269e+02 5.547141779153351990e+02 -1.264460726632829447e-03 4.462594945134876895e-03
2.423096152857912955e+02 3.457076715669095393e+02 7.471125688350171989e-02 2.964701575465673034e-01
1.093331522120696945e+03 2.430623160636361035e+02 -1.020245005302193413e-02 1.202626089586542046e-01
2.239548910800203316e+02 5.673142655986225691e+02 1.174295633508553593e-01 -2.857451447128218081e-01
1.222295028687716012e+03 3.384062565493470629e+02 2.830591196078501848e-01 1.282889868427349589e-01
2.535417691985346949e+02 6.229002074834015730e+02 1.380035889736059293e-03 8.808436371420818797e-03
1.025861324651552650e+03 2.432834533186782267e+02 -2.474120328149030310e-03 5.060595900832788770e-03
5.146369053782638048e+02 4.744853382160520709e+02 -1.481432965468427836e-02 7.401611043908450441e-03
1.185500589527979400e+03 1.728514675579309028e+02 -6.915370931930810150e-02 2.827131525255690593e-03
1.228281657514978633e+03 2.769198845216956784e+02 3.677854715287778853e-02 1.770720862468800894e-01
1.116385250081319555e+03 2.430357607503914608e+02 -4.042931906426271843e-02 3.543036213971734877e-02
1.257632876831262593e+03 2.924553409994658182e+02 2.613039420802043197e-02 -1.685471029874674453e-02
8.816420064337044096e+02 1.100583068380004306e+03 -3.236646373678842025e-04 3.691247053630282654e-04
7.531477154574270116e+02 8.453033163976231208e+02 -6.579595514828121688e-04 1.416868188641166220e-03
9.881088183462878760e+02 1.776860433944117119e+02 -1.961147509209830442e-02 4.610351963134631456e-03
1.222622557844540779e+03 3.756254065097841703e+02 -9.658708808947357241e-03 -6.555150720311131961e-03
1.993337497434173713e+02 6.601165977321752507e+02 -2.021160961659245470e-01 2.449647866554238995e-01
1.112342467136262030e+03 2.170874614324274887e+02 -3.573979304741496665e-02 -4.683818745390942034e-02
2.500465624708521659e+02 3.705675293914850954e+02 4.510912282872181489e-02 2.655914245231318915e-01
2.411319934710574557e+02 3.815798462647132396e+02 -8.146656233053686802e-02 -2.992335644646044179e-01
7.415795828295418914e+02 9.598740923078313472e+02 -3.006025771537003833e-03 2.436874848264310688e-03
1.096745839066204780e+03 1.822328823101738351e+02 -1.499570121380197629e-01 9.844517076301864678e-02
2.508291067666087315e+02 3.298522852525794065e+02 6.477820565653462370e-02 2.639293759043657706e-01
2.247796101007962477e+02 7.561106213416501305e+02 -1.032808425690356522e-03 8.041405465142266451e-03
2.197865874533868009e+02 6.297781603506881538e+02 -8.855848708296884531e-02 2.622299370383495143e-01
1.139802070337907026e+03 2.400140814165049505e+02 8.563678858779281977e-02 9.123274232021319485e-03
2.234091899688504270e+02 6.676264895777103447e+02 2.030911431699176234e-03 3.691182332524008320e-04
2.558966799938672523e+02 3.290664470196708180e+02 4.833115330846921021e-02 2.734091723350142167e-01
1.836381394392656432e+02 5.469847749070949021e+02 -1.728944253069273351e-01 -1.095610171498460905e-01
5.027300407803093094e+02 4.395075705255666207e+02 1.686741534272321978e-03 3.170714060543825420e-03
2.116461378315311208e+02 6.293766074668617421e+02 1.718243466853252299e-01 -3.113643197173898147e-01
1.061646884212408850e+03 1.659131104286966547e+02 6.015277203670560402e-02 7.837848590365849299e-02
1.129944399460104933e+03 2.280193018138254786e+02 -4.963514747784513815e-04 2.193134622523088863e-03
1.171964039991274603e+03 2.259206565266584334e+02 -2.576706461078885906e-04 -1.056521945709094565e-02
5.298619603661325073e+02 4.381431308136919824e+02 1.148166351790993328e-02 -9.863808227766352604e-03
1.195573771192393679e+03 1.842320493510306960e+02 8.576327902691185598e-03 -1.086138367807733436e-02
2.817898766897646965e+02 4.775165807489381109e+02 1.044767855164322953e-02 3.096319592678114518e-01
3.691119594585900927e+02 5.183092937105094506e+02 1.404327636663256756e-03 -1.320660591653733578e-04
2.755003887563963190e+02 5.144563562360597189e+02 1.893537650394339633e-01 -1.828228315500555756e-01
1.135451485209900511e+03 1.922393337957844608e+02 1.212205459651248887e-02 2.077819083272308600e-03
1.015117632153859290e+03 1.974837328333645701e+02 -7.395902917248309283e-02 -1.177962900525244549e-01
2.187202102922903748e+02 6.625134690646375475e+02 8.451746818673538247e-03 4.950006925364415153e-03
5.602328006529737650e+02 3.902465045183221264e+02 2.700815363049073083e-03 -1.379499152506576825e-04
1.013849311685542830e+03 2.406615784038994548e+02 5.643356692879402531e-02 -1.516469278212317084e-01
1.085482000968229158e+03 2.964216814560660396e+02 -4.263792973448640722e-01 -4.161363116855797128e-02
1.308558832985028175e+02 4.223184299990667228e+02 2.232651948622088878e-01 2.870273870421414242e-01
2.267739320077928085e+02 5.264252860350220544e+02 -5.548600751629463590e-02 -1.719483718833845695e-02
1.019972343979011953e+03 2.181151453673898573e+02 3.766605672735344554e-03 -1.127779562021615813e-02
1.179520452685264445e+03 1.890487749550928811e+02 3.376771910897971574e-02 -6.421588742040763853e-02
1.149547752950325957e+03 1.935278841001824048e+02 -2.862489455877732878e-03 5.304147853279723296e-02
9.506512432148876997e+02 8.995741265137575056e+02 7.493070320607546700e-03 1.553491944979115170e-02
2.664645928243085677e+02 3.964062871086698578e+02 3.523316636864306378e-02 2.202898551420906237e-01
7.935762376157033486e+02 3.833629126739302819e+02 -7.228371167799412314e-03 2.209943855446663483e-02
5.178594412671726559e+02 4.599357839316008949e+02 2.449551519843865335e-03 1.575359692929121508e-02
1.077094589372784185e+03 2.037766692147961578e+02 -6.930732726738761396e-03 -1.762948364845690194e-03
1.247262025297338823e+03 2.785475172242922781e+02 -1.406994199339445806e-01 -6.569682704917065991e-03
6.501736141824188735e+02 4.977543738942187019e+02 1.240789637183797346e-02 -1.293741100183920523e-01
1.060509965994015829e+03 2.263665497240603202e+02 -1.191687331660576474e-03 -2.776240077417980578e-03
1.216156670457940436e+03 3.655509445592675206e+02 -1.971271026279804855e-02 1.408913578979557879e-01
1.019771842994786994e+03 8.063477186732153541e+02 -3.749580317833191376e-04 2.990648174985754883e-03
2.757277168198795039e+02 6.715065749032328313e+02 4.015643170721252403e-03 1.219008136668250745e-02
2.768292185545273583e+02 4.369986169906851501e+02 9.184743255727509381e-02 2.130141762686125484e-01
2.042128415499112464e+02 6.215078405911357322e+02 1.713359242784303349e-01 -3.259230732388540552e-01
1.999701098804442267e+02 6.325182522066546653e+02 1.502397624465841852e-01 -3.469439771115221949e-01
2.574905038713824297e+02 3.470904837487682926e+02 5.486978830811659047e-02 2.616290689983692963e-01
1.068291964135046328e+03 1.653649416240883170e+02 7.589318886609344728e-02 4.941901111049059464e-02
7.440697295418252679e+02 3.947570353321161747e+02 5.465145085984001415e-03 -2.361805583984620451e-03
2.249671182736066726e+02 7.237733387493359487e+02 1.362844649456842680e-02 1.358914196502682137e-02
9.606628848228518791e+02 8.348811417440505238e+02 -3.520528103447057109e-03 5.836463431090141950e-03
1.049011287846315099e+03 2.151549815363134996e+02 -1.307156780021524398e-02 -1.008252805848254136e-01
8.476198592231182261e+01 3.469293238655241112e+02 2.534191028699146232e-03 -4.126652176171994278e-03
2.612246524722970094e+02 4.772500111758690196e+02 1.524732581266005638e-01 -4.026053211992405845e-01
1.048402197739493658e+03 1.760187017338029989e+02 1.234235559342760219e-01 1.951612558869892516e-02
1.991038329940750771e+02 6.071617742099221005e+02 1.788368532575851377e-01 -3.202372120398388478e-01
2.522212332712842340e+02 7.071944175966484636e+02 -9.686277731632761401e-03 8.025323563328632878e-03
1.850553534785168779e+02 5.017117192690471370e+02 1.822313348419148105e-01 3.052325064525965304e-01
6.390321339240674661e+02 3.756903198316793464e+02 -4.051230755544340915e-04 5.713127166112790326e-03
2.074455732079175334e+02 7.312941525944343084e+02 -1.079672554086618178e-02 -2.869717170156239200e-02
1.190041467470356565e+03 2.258144275484685011e+02 -5.528508277567278917e-02 1.262084161955734710e-02
1.238784311437639872e+03 1.264235851368348165e+02 2.280247396216995848e-03 -4.816765590186997126e-03
1.938353352620791554e+02 5.668424370068327107e+02 2.802794012686383174e-01 6.654096371580230096e-02
2.973897162739579585e+02 5.153549879059107752e+02 2.495557534761041682e-02 2.871725792031201707e-01
1.977870805308449178e+02 6.914982313039813562e+02 2.551062961224555888e-03 5.200096214584935947e-04
5.778533756080382773e+02 4.965779360882268634e+02 1.546662950272998391e-03 3.725268652279773492e-04
2.967383384913806026e+02 4.880523583987363168e+02 3.346324131352181042e-02 2.034521017821633304e-01
2.538958046701940532e+02 3.138959744028627483e+02 8.894248422625801453e-02 2.525497070713943470e-01
1.186028466948397863e+03 2.078728096436785791e+02 -1.860364915746281003e-02 2.434863489261913753e-03
1.043673563125775672e+03 2.020162231830984467e+02 6.645227746741853327e-03 -1.799334007205711031e-02
1.030560398325918641e+03 2.218348458339332296e+02 -1.642448914759924161e-01 -5.809829218492831154e-02
1.111410846346370818e+03 1.652069283782533944e+02 -2.916420714931708055e-02 3.710201085769848639e-02
1.014226299301501854e+03 8.694631875631031335e+02 2.469929882643032929e-03 2.148746313025077365e-04
1.985533274100070855e+02 5.984030426484453073e+02 2.187779214505534975e-01 -3.129571694225752876e-01
1.203324613573737679e+03 3.620053160324709438e+02 -5.601611789355200391e-04 1.462743526120349226e-02
1.925099975447651843e+02 5.325980870223289685e+02 7.662445409851140199e-02 2.292230361782831780e-02
1.143933390583147911e+03 1.748900137330153370e+02 -8.756368179940343666e-02 9.997916993372971128e-02
1.115706875106405050e+03 2.047676948693249699e+02 -2.876298219173507517e-02 -3.644250120625948386e-02
1.004250564143334486e+03 1.794530269089222259e+02 -4.601058235341880416e-03 7.340216203980384768e-02
1.144720750443059387e+03 1.977521764734270846e+02 -1.063425455845615599e-03 5.722015240448877389e-03
8.749893399002246497e+02 8.728531608938400268e+02 -1.205060975033543647e-02 6.592101553807050950e-03
2.186519216447608471e+02 6.752738189033060507e+02 1.520884537524294080e-03 1.557698818440275993e-03
1.152085577749627191e+03 2.514998957577636531e+02 2.135544801637371398e-02 2.239869058647987743e-03
1.188771062672486494e+02 4.312887506713757375e+02 2.140298785788144198e-01 3.152262650600309302e-01
2.444237687166223623e+02 3.142680834817658706e+02 7.064538720936809624e-02 2.450224641174517937e-01
1.140433453314503367e+03 1.940843898758613761e+02 -5.445888689760382782e-03 -1.301783798247652633e-02
1.008275394389723488e+03 2.482607314501930773e+02 -1.704828668368918399e-03 2.196203555042870736e-02
1.085158574091880382e+03 3.151161537641972927e+02 -1.899771783334244790e-01 -3.919513370921037798e-02
2.955789466253587534e+02 5.264319199254575778e+02 -4.006714598323044690e-02 2.446283585200748623e-01
6.125491496567467493e+02 4.299771192452169544e+02 3.473666289067629809e-02 1.570393741953677799e-02
1.830390477982541029e+02 5.771800651284902415e+02 1.551758831429470298e-01 -6.460321902541785177e-02
1.156023058303190055e+03 2.283357267167728537e+02 -2.766112558098010881e-04 -2.187296130197757121e-02
1.248245214995397191e+03 3.053844420336992016e+02 -2.455958622308429540e-02 -8.381457560191485356e-02
9.312438560212095808e+02 8.856109183319031217e+02 -4.105659708731934643e-02 1.511915043283925363e-02
5.595273945764196242e+02 4.185181421296463782e+02 -5.173790289015749210e-04 -8.866019490346245535e-03
1.029392286283327167e+03 2.666391718777906021e+02 7.753764160514598804e-03 -2.574602365257668696e-02
2.242548199130064575e+02 6.073618149354559819e+02 8.546988522088853901e-02 -1.927430486559634504e-01
5.463447524993941897e+02 4.423273345277199837e+02 -1.398683360666490988e-02 -8.831522565231515742e-03
1.173717110146297955e+03 1.437834315952214013e+02 7.050196777784518976e-03 -7.245932333083354368e-03
1.848007673295735742e+02 5.674142106247571746e+02 2.505598457996346395e-01 -3.385084899644545675e-02
1.811752695691779991e+02 4.962093977798742230e+02 1.606021779380629178e-01 2.998567145419700486e-01
1.195973471893480109e+03 3.248557395687308826e+02 2.799217489343820420e-01 9.623577564887506042e-02
2.690971880106599770e+02 4.576976314400220645e+02 8.015952153308195799e-03 -2.973538273404390808e-01
1.516084748754674081e+02 5.037899860999324346e+02 -1.523639629936495710e-01 -3.662285178256726725e-01
1.224270340334201137e+03 2.163471954830751827e+02 -6.299890156881017556e-03 1.047985415340171866e-02
1.224613582174198200e+03 3.517982135639705916e+02 -4.496384543265295741e-02 -1.937614790648327090e-01
1.099226874679201728e+03 2.268960962171856863e+02 -1.954317481113843763e-03 -2.397133172587604007e-03
1.072271634359889049e+03 3.461627581060794228e+02 7.429831430486621632e-03 3.127036670147568392e-02
1.317100862979488056e+02 3.933194136866714530e+02 -4.267624315561367211e-03 -4.407309356564425434e-03
1.769437962632738390e+02 5.080404249603112703e+02 2.209073682416181073e-01 2.690916452293868333e-01
1.076537909952274731e+03 2.254435091630388968e+02 2.296415513559052057e-03 -1.323708480842157803e-03
1.169670417999018809e+03 1.908559457103341970e+02 7.001760924349265634e-03 -1.144941366461157441e-03
1.184555976557814347e+03 2.894773029059437022e+02 -2.506909596984341349e-01 2.190830353372566486e-01
1.843499913108152839e+02 5.749597449476297015e+02 1.895301006256519538e-01 -8.166917204399597174e-02
2.841623912242195047e+02 6.202206606762836145e+02 1.035292385084144416e-03 2.472543323007447488e-02
1.034182610025663280e+03 2.524483722373407488e+02 2.396173177230377215e-03 2.147512637327962381e-01
1.010988517665865629e+03 2.489873964995756808e+02 -1.158922768815495198e-02 6.637759115905609783e-03
2.115243349383594307e+02 6.935482559936564257e+02 1.245140105581231671e-01 -3.759089174932774835e-01
1.820859737666517049e+02 5.615303067788129283e+02 2.559491673113697963e-01 -8.170842705742499545e-02
2.880117991438285685e+02 6.256280398481949305e+02 -2.900650006096592258e-03 -7.522513225865870047e-03
1.118773778427312891e+03 2.079908182884065013e+02 -5.445299411759378649e-02 -8.412519186026870543e-02
5.373177391349041727e+02 4.697921370133011578e+02 -4.246030477858434710e-02 3.791059410891123999e-02
1.110416828979759202e+03 1.678873391798724981e+02 -4.583792395139319603e-02 -1.366413186851561934e-01
1.088393127716881509e+03 3.071830044951320247e+02 -2.058485990124497012e-01 -1.099241877088083102e-01
1.038468068588068718e+03 2.765429961489182347e+02 5.874783153451577228e-02 1.280820631524761666e-01
1.169932473330927678e+03 2.537459808786838380e+02 -4.008820213282672518e-03 1.920517017676179328e-02
1.183640921252696927e+02 4.381619498021204890e+02 2.153177183830479180e-01 3.027370516885318219e-01
5.743781287059314309e+02 4.970180260075122760e+02 -6.760009683875667016e-03 -5.240303083822921669e-03
1.177172958542293600e+03 3.695797305538667388e+02 -2.353754586702115625e-02 3.439827124869686281e-02
2.603116777162774156e+02 5.904936570120477199e+02 5.415465980969240249e-03 3.384055856838270003e-03
2.375739011329336279e+02 7.658464053161616221e+02 4.854364519822240709e-03 2.310607091084509318e-02
1.122028489934277786e+03 2.148160857819498801e+02 4.175253583967852844e-02 2.863522385392554617e-02
8.368396568990509365e+01 3.349005117634963540e+02 3.736058603504696738e-03 1.823177601120212418e-02
2.883942019076914107e+02 5.350745161201703013e+02 -3.435301998269281454e-02 2.731986390076105442e-01
1.916905451279910153e+02 6.469266707206638785e+02 1.207467035152522683e-01 -3.380950995446763696e-01
2.405101888159506984e+02 5.283722092708146647e+02 1.702055381605882267e-01 -2.030293469154970387e-01
2.585165762023496541e+02 5.374519368761074247e+02 1.022794583203273655e-01 -3.307606700231624508e-01
4.994498194456286910e+02 4.927596779916491982e+02 -1.638865740639603016e-03 1.313012453560228612e-04
1.030965713925610316e+03 1.867063313282575336e+02 -7.404859431173435591e-02 -3.654797646755291590e-02
1.176786137691695103e+03 2.239361884283626694e+02 -8.595754801931296263e-03 1.156348052152862509e-02
2.780372776613977521e+02 5.234703597754042903e+02 1.835329883061082024e-01 -1.812495945467896274e-01
2.300704619580279484e+02 5.829555949017642433e+02 8.367064648969002594e-02 -2.785664934274956761e-01
2.864205994598368648e+02 4.820971375980083735e+02 -3.765576318801322486e-02 3.373888180366162448e-01
7.636492945944193025e+02 9.622392193976227190e+02 1.278180590922882096e-03 -1.216565839536087965e-03
4.635303006060384519e+02 3.925677833543440443e+02 -3.693957358485988607e-05 4.719204741224558575e-03
1.082728340635672794e+03 2.578435939265256707e+02 2.115089869099565922e-01 1.469974068310838655e-01
1.143787464285545639e+03 3.638375522801073885e+02 4.000431156006767006e-03 8.860379566877485749e-03
2.761328762486350001e+02 6.468289665676443292e+02 -1.969935161789888173e-02 8.493601264293583475e-03
1.055441287739111658e+03 3.116872455085018601e+02 2.164069425906686162e-01 2.377317974307486259e-01
1.671231363464555102e+02 4.966503056855010527e+02 2.026408288508884936e-01 3.379898332983695686e-01
2.873735089428137712e+02 5.228280700117746846e+02 -9.529820199038298301e-02 2.511926685239025958e-01
2.799337145726178164e+02 5.451768651391778349e+02 -2.298424141681357225e-02 2.958866145556280913e-01
9.876081893375602476e+02 1.868229146861074241e+02 -1.630281819681408950e-02 -8.006518452649717676e-02
2.361322581771617592e+02 3.049583606748292937e+02 8.301250984301442037e-02 2.400829800927148372e-01
1.102209035783943591e+03 1.986498586496239795e+02 -1.049315314243562218e-02 -3.320509468514191986e-02
2.146623156547505289e+02 5.271746172387395291e+02 1.000262763973037150e-01 4.470892237684279125e-02
1.074794292557128529e+03 2.442148444113199446e+02 2.708865601877349927e-01 1.624934216326418268e-01
1.155221092091920127e+03 2.589250706840783778e+02 -7.517878104384376203e-02 1.418378251521867361e-01
1.198601526896299220e+03 2.023735997212774009e+02 5.091910350566566934e-03 1.638276549633908299e-04
1.249078972290347565e+03 3.164798119868072490e+02 -1.596307691957421782e-01 2.369432343543497743e-01
4.637797096247288664e+02 4.565489776298952620e+02 -1.510527107398658073e-02 4.061689756427552811e-02
1.076120384764758228e+03 1.635407705362943318e+02 1.119333464196904104e-01 1.041058470744618270e-01
1.063066301230860063e+03 1.804082326542774126e+02 4.481152498185649383e-03 -3.944988408109816741e-02
1.144948792311025045e+03 2.452579461978388906e+02 9.665283893063356113e-03 4.767678478298151105e-03
2.999506496563121232e+02 4.984222763655867539e+02 2.907217299834358726e-01 1.071414507761534601e-01
1.180720656567956667e+03 2.045721583811433675e+02 9.256205063737227290e-02 -9.378481625806500688e-02
5.270093323958814153e+02 5.064221863464418334e+02 -2.066387961670389847e-03 2.454181850335174220e-02
1.262368505393683108e+03 2.693859174876949396e+02 3.779084971566590290e-02 2.611420825714958361e-03
2.732599647114236063e+02 4.090173436903435231e+02 4.183437815956787126e-02 1.833754042266598216e-01
1.016009805320570649e+03 1.724619057910597064e+02 4.571003836034676082e-02 -1.024056483278723978e-01
1.026168224533076682e+03 1.821178611413011197e+02 2.198063718917498549e-02 -2.323503496979891988e-02
1.098928162398765835e+03 2.706792751037364724e+02 -2.535949502163106217e-01 -3.795798748163292657e-02
2.356499781049130604e+02 5.439828329124969741e+02 1.495622508883958091e-01 -1.758266445984375537e-01
2.435820900115006395e+02 5.864320952012142243e+02 -1.849463325559567439e-01 2.421819108270829302e-01
2.245876807099679695e+02 5.950892466610907832e+02 1.032177496948788048e-01 -1.898216495633420209e-01
6.700682171676135113e+02 1.101243681070023058e+03 4.914215839638321750e-04 1.622484311193753972e-04
1.085535199645049488e+03 1.827567322012219222e+02 1.360405959937616704e-01 8.498980126693793380e-02
1.084297016937216767e+03 1.808223847937886148e+02 5.783663547028114471e-02 -1.885719655606541145e-01
1.077585574391482169e+03 1.945220040501377241e+02 -2.939082720389551377e-03 1.379296037789403198e-02
1.265841931898861276e+03 2.037429891729088354e+02 -2.393049299018186471e-03 5.385904811642236445e-03
1.089273248275228752e+03 1.733944311970682008e+02 1.213267930671789729e-01 9.029333642134272642e-02
1.061294713554598275e+03 2.080123816448703167e+02 -2.368576135242876982e-02 2.042630339442699089e-02
2.170985202204687710e+02 6.699118094379582544e+02 2.311782609117422546e-02 7.110348057655667409e-02
2.449679297460614293e+02 7.212121726374271020e+02 -5.087368314661944169e-03 -2.681040271009687333e-03
4.426930722904205595e+02 1.085522781815610415e+03 3.227283239746231436e-02 -1.689575476886958543e-03
5.345096270883256011e+02 4.264455103104954219e+02 -3.188251438827036360e-03 -1.863209248118411973e-02
2.100669194615623212e+02 5.915182827762986335e+02 1.218919101564697183e-01 -2.653375875967817210e-01
2.131553571071202953e+02 6.720494320422058081e+02 -1.200274382857173874e-02 1.852735091107559837e-02
1.090712819067427745e+03 1.900527018153711367e+02 9.768375120570867674e-04 -2.530767692770168054e-02
1.154585995760369542e+03 2.344774736580544641e+02 4.543675623541399561e-03 -9.784612155697076583e-03
1.327888243459131672e+03 3.221250577146980163e+02 3.769943079905612171e-01 8.029845340936182796e-03
3.136045811603541438e+02 6.089358887975181460e+02 3.082307421232273470e-02 -2.118655668936949774e-02
2.562366888312252513e+02 7.351261673909021965e+02 1.386738939100175955e-02 -3.928104473399943349e-03
1.813186420297621453e+02 5.311059557211027595e+02 9.365938338693888254e-02 1.116163902134298253e-01
1.170571007510743584e+03 2.132641490979942773e+02 -2.974683800131208700e-02 -3.021272220168114728e-04
1.145449041998077973e+03 2.913048498879418275e+02 3.127850677347576019e-02 1.536578352637302247e-01
1.997555935747602405e+02 6.930386914178683355e+02 7.197294738755000663e-03 5.676407951920398910e-03
2.035632216791863982e+02 7.088846526416791676e+02 -6.327764736774265340e-03 -1.051704713922898063e-02
1.035822855336200746e+03 1.754643768192028404e+02 3.687455364846365432e-03 -8.093412093189266548e-03
2.666150423876624131e+02 5.950140864691298930e+02 -8.344220227240298909e-03 3.619161263280884153e-03
1.026693958376989940e+03 2.239644164102349748e+02 -1.005290832624279734e-01 2.699793138873959539e-02
1.178312556053253729e+03 3.633593845242721159e+02 -1.467190306006181666e-02 1.489350982063658742e-02
1.138702041086620284e+03 1.836802961476986411e+02 9.189869319504851211e-03 -9.153178334666023722e-03
1.047464304019646988e+03 2.713932486618712687e+02 -7.008339636956861969e-03 7.408032813195575272e-02
1.155762627966924356e+03 1.980038614706550959e+02 -4.454312175931817927e-03 1.298776562919101707e-04
2.333898778583808564e+02 2.989459157870526838e+02 6.981601539605537809e-02 7.203471537083935838e-02
1.197410650340666052e+03 1.863909044292532542e+02 -5.121035728556167649e-02 -3.395876883403977503e-02
1.164170479761368597e+03 2.086397445021921442e+02 1.752099885671225613e-03 -3.163745494367804084e-02
2.286596257300332411e+02 6.260277766493558147e+02 -9.001580358627500611e-02 2.862261716588060945e-01
2.631394944253920585e+02 7.077962862152510297e+02 2.288950183733417382e-02 1.125780912017932886e-02
9.667487918905842434e+02 8.708535511995198704e+02 -4.441542733006943917e-03 1.082572336246392757e-02
4.816183232841190716e+02 4.756667951586148888e+02 1.218136972474775058e-02 -1.218270609624925657e-02
1.114675248749898856e+03 1.854610056314244844e+02 -1.107350913705551221e-01 2.659419853158295211e-01
1.016474776931659903e+03 2.308043476940600840e+02 8.625399793264645551e-03 2.027955551940863188e-02
5.354118609899197736e+02 4.395833878691647669e+02 4.409478707697343097e-03 -2.336395172647285582e-03
2.133128669405674884e+02 7.229781502661832064e+02 -6.014970311067938114e-02 1.475977304526598401e-02
3.353664635292936396e+02 1.090524079039417984e+03 4.732628535156777616e-01 -5.081035381097633724e-02
1.083459269339041612e+03 1.785402543542817568e+02 1.062574122752203559e-01 1.248900727244325187e-01
1.008266053038705650e+03 2.578118190817170330e+02 -2.029182385334138417e-02 1.802295139745050886e-02
1.087294776682375186e+03 3.321301382268306952e+02 1.600416733348121456e-01 -2.339237147315016141e-01
1.160735244702230375e+03 1.928269954794613170e+02 -5.954655891489816361e-02 1.777049677734691691e-01
2.721878176482980507e+02 6.588016761973083248e+02 1.545448317123209033e-03 -6.769887328409317576e-03
5.739846084674217082e+02 3.940380829096901039e+02 6.436219803280047481e-03 -3.117809398163119694e-03
2.404890412547603091e+02 5.882503853719568951e+02 -1.718135418355570543e-01 1.969975805452512385e-01
2.028812761238839641e+02 5.898195592999846895e+02 1.123740758608286344e-01 -1.584501628716127875e-01
3.386448042372101099e+02 1.095298536447264496e+03 4.987054437274374696e-01 -8.923002569167043374e-02
1.151496478524479016e+03 1.406330565563214918e+02 1.201038288265863230e-01 -5.420263365592477983e-03
1.165441695165741748e+03 1.816747995138917986e+02 -1.571906491438727071e-01 1.422073704179939169e-01
1.256427556176559619e+03 3.060007772235572361e+02 1.017800303546557567e-01 -5.489854366264724783e-01
1.190362575420929488e+03 2.318267142949094648e+02 -1.051800325223914839e-01 2.201795126927379442e-01
2.271029442775774214e+02 5.427821642556399411e+02 2.117879872834738109e-02 -1.000949836979891927e-01
1.083059981642043795e+03 3.380841615063534391e+02 3.719926319867696701e-02 -6.538617033798881095e-02
2.849690607060188086e+02 4.634838055452178196e+02 4.215753812255608468e-02 2.757508836541490149e-01
1.038422517342443371e+03 1.997828730133791737e+02 5.945401875435436800e-02 6.586781014161431635e-02
1.159946104517533968e+03 2.509525017748137827e+02 2.824225414947250171e-02 -6.175916164132407363e-03
5.901836486063581333e+02 4.159546675231526933e+02 -9.353951993563801651e-03 9.292912000795428354e-03
5.106883396700872595e+02 4.929439796534715583e+02 4.790007509999950897e-03 1.117995932064520109e-02
8.142756817743302236e+02 3.696486510916483326e+02 6.697072721661651018e-02 -8.817322293653800935e-02
2.648031235673022934e+02 6.737828104480835236e+02 2.354764348036371500e-03 -4.273777486877532519e-03
1.957761002934212797e+02 7.022408496230108312e+02 1.710490738736031649e-02 1.350643385724432585e-02
9.460574055635331092e+01 3.345409832546201301e+02 -1.119214218121555859e-04 -1.412507299608835483e-02
1.146859189538759210e+03 2.821388099264740958e+02 -1.173413931255546695e-02 2.655526692783333805e-03
2.154416961961696302e+02 5.359036356623972779e+02 -1.789122464828991621e-01 1.155019268694222473e-01
1.089052636188656834e+03 2.221600626271422527e+02 -7.300516754361928776e-03 2.356482913636118171e-02
1.137152393439120488e+03 2.942298727868148376e+02 4.654714829796460090e-02 2.822148781634660208e-01
2.295660315118456936e+02 6.092710233337105592e+02 -4.166688461502429663e-02 1.169428341597596177e-01
2.227764620457983540e+02 6.142240278516279659e+02 9.994088396193648305e-02 -2.244119482653011977e-01
1.117530403958069428e+03 2.277152881167770602e+02 -2.737946212041081698e-02 2.678124048043566963e-01
1.071660643185590970e+03 2.627675003410075760e+02 -5.651495781211661462e-02 2.902327122774951002e-02
1.035483454938297200e+03 2.996423433815924113e+02 -7.125720233034371631e-04 2.701843769559366878e-02
5.152453642651399832e+02 4.874918900232019041e+02 5.925795928078513974e-04 -4.412328461921788229e-03
1.072154622711542743e+03 2.024346557147844408e+02 -1.652006341072592352e-02 -2.096792913304966477e-02
1.235800831761176596e+03 1.360157252841351578e+02 1.450428210867812651e-01 -2.185826992540216840e-01
1.351110639972425361e+03 2.615243534089910895e+02 7.476279431302828259e-03 -1.711454199439913296e-02
2.997338363586894161e+02 4.902299312353029563e+02 -3.009965996568553237e-02 1.072005547212502964e-03
4.877077030270802993e+02 4.766958788013552635e+02 4.695896349377430383e-03 -2.280647845038430432e-02
1.121213016286005995e+03 1.627253118805173813e+02 -1.969850100482138655e-01 1.052100738255224571e-01
1.043239870318091562e+03 2.464514088548692428e+02 -1.936482184816175692e-02 -6.409966534197053534e-02
1.090430976934618911e+03 2.444492723162876189e+02 2.323470623389027878e-01 1.203623304456715032e-01
1.101742038129360481e+03 2.435446428990912295e+02 2.558754415179009811e-02 3.284102422190452591e-02
1.263781372855155951e+03 3.933046915374877130e+02 2.543058582467476111e-02 5.019787721943439612e-02
9.649980607342607755e+02 8.688201010458860765e+02 -1.074737118649693457e-02 8.960144467953531575e-03
1.119233630521646546e+03 1.522230676845968560e+02 -1.256883576383900358e-01 4.043972005978300338e-02
1.173062409643932142e+03 1.792264920473248537e+02 -1.138110743641332009e-02 1.056437695785051797e-02
1.187684132414957730e+03 2.822457551175668300e+02 -6.779313822524905830e-02 3.553855925863593224e-01
5.709551806733346666e+02 4.047565014438757203e+02 -2.012218359223797055e-03 2.055924107579895285e-02
1.128898842987014859e+03 1.786856905814864831e+02 -7.082861696778763871e-02 2.461020091440453694e-01
1.097328649923003013e+03 2.489099569778905163e+02 -2.830028180668167984e-02 7.079173631170992964e-02
1.158220705023296205e+03 2.057731739796151089e+02 -1.980134559628574792e-02 -3.714103012356159694e-02
1.982448317548699208e+02 6.037557509051910074e+02 2.005640228389053703e-01 -2.638297321506787307e-01
2.218653223386740478e+02 2.926342332234048058e+02 -1.117742843933112462e-01 -3.575767718526316474e-01
1.836347227500581596e+02 5.397084022314662661e+02 8.422889631112812081e-02 1.176122906331491802e-01
9.668853491757463416e+02 1.728673101668475454e+02 -7.659201259428712050e-02 1.811356493193470585e-01
1.065075376222521299e+03 1.954285381859126574e+02 2.996667247128113540e-02 -7.137689564879408366e-02
1.072090752131328372e+03 2.190144757578148074e+02 -3.531945728948249902e-02 9.181827371210309063e-02
1.187217819421459353e+03 1.874780172998856358e+02 2.078125330958105824e-02 -5.918875275917961226e-02
1.103147282164012722e+03 2.023233543404161594e+02 -1.270279420091355825e-02 -7.318219815065134248e-02
1.044450737261358427e+03 2.195921880691521437e+02 3.279361735734483141e-02 -3.894233885049232236e-02
1.145466676212266066e+03 2.071433128069851080e+02 -9.172226713018290234e-02 -1.044828081166656319e-01
2.119258251481331286e+02 6.639574039292937186e+02 -9.567984330402623527e-03 7.327020489356073085e-03
2.367193391513970653e+02 6.749510096460718387e+02 1.724152150180629020e-02 2.987200732808901332e-02
2.018579837984366350e+02 6.903634104409089787e+02 -8.115441247232553501e-02 2.142531711124036065e-01
7.064244283541702316e+02 5.827364453158079414e+02 6.469291860582871301e-04 -4.494863596187314778e-03
2.880752227320962788e+02 5.295768790182382872e+02 -1.205315963608678681e-01 2.286068501301889710e-01
2.329242505412243247e+02 2.965120856790873631e+02 -8.453240919359760949e-03 2.187489977156393817e-01
1.516770558355771641e+02 4.549944073381665817e+02 -3.450280925111361661e-03 -4.669314164168687797e-04
4.808590990826393750e+02 4.510715535997692882e+02 1.986287149992115031e-02 1.630013692081721394e-02
5.177909860274068024e+02 4.642459825228229988e+02 -4.511339543045564393e-02 -1.138345824674983631e-01
1.113179807172323535e+03 1.967126913514859439e+02 1.089743199867478042e-03 3.990444220504647810e-02
1.068671192854332730e+03 2.139117267605827806e+02 2.022245122780344864e-02 6.345405672949348819e-02
3.084781779411169964e+02 5.272109306788498770e+02 1.011296944501375965e-02 -7.941107832507174292e-04
2.938344769360660393e+02 5.148570468216365725e+02 -1.241009143797455749e-01 -1.066353739926171329e-01
5.146002748037531092e+02 4.283576538991670759e+02 2.968791362057743299e-02 -1.890306942241331001e-01
4.812075686995474371e+02 4.677913289887232509e+02 3.483666443507615895e-02 3.227397665521181125e-02
1.236895018012847686e+03 3.207063045546962599e+02 -6.875006630956193021e-02 -2.753304552426421026e-01
1.181181069209157386e+03 3.710741121619649334e+02 -7.696147383455809177e-03 1.961520752939094336e-02
9.302043199155256161e+02 1.911496208753308395e+02 -2.613692111679787045e-02 3.204056971685342176e-02
1.052378159789878282e+03 2.059404088092204859e+02 3.955280936376463275e-04 3.487918669997801258e-02
1.107308532445743367e+03 2.560997861700936937e+02 3.715603926467641593e-01 2.391090163538327207e-01
1.139240247851795857e+03 2.204560050085454748e+02 -6.608352748541316234e-03 -1.718835673661336105e-01
1.230763432576423384e+03 3.321578184259134332e+02 3.543762060938054903e-01 3.181640475905472137e-02
1.968652131010123298e+02 6.835402678631087383e+02 -8.621212286321148707e-03 2.736870227422059654e-01
3.241295464570543459e+02 5.445419419087874076e+02 -3.203319545476688429e-02 1.353037854584196453e-01
2.479863417358104414e+02 3.085312563534851051e+02 -8.342185406449686980e-02 1.736487591705245526e-01
1.003313016478403824e+03 1.821505711238258414e+02 8.938787984422853772e-02 -8.202097070695758829e-02
5.153199042390913291e+02 4.262702722456152173e+02 -1.640327819370755724e-01 7.976447938912437086e-02
1.159476597074791471e+03 4.411038689508260973e+02 2.075932929318906328e-02 -3.165952472530237510e-02
7.925035894509771879e+02 8.904287891836688686e+02 -2.695697544271962072e-03 -7.683568814146522763e-02
4.637440549371459042e+02 1.099908981738104558e+03 1.997230737087053298e-03 6.268640275406001626e-03
7.171636794405380897e+02 4.758695756706699171e+02 2.992375778423669083e-03 1.823826170565230956e-02
1.175269951937954829e+03 1.643367624222365464e+02 -3.611313165813120202e-02 -4.573786013185809907e-01
2.270078376449662301e+02 6.733013780785702238e+02 -2.492013612799581779e-02 -2.371279310106425844e-04
1.882514005036025537e+02 6.763475297617884507e+02 1.621375571925985637e-01 -2.596014978950999530e-01
1.180080221004457599e+03 4.412481952524490794e+02 1.057380018640022429e-01 8.350036096391022511e-02
1.477463151567276043e+02 5.289101911114966015e+02 -7.419316719859704590e-02 1.475387831010989970e-01
1.034409633957079222e+03 1.719352354960747675e+02 1.954858044240485038e-01 -4.736777469203497515e-01
1.058621280984113355e+03 1.928446493602941700e+02 -1.230887393230659620e-02 8.759184757322771575e-02
9.484532426680387971e+02 2.675639269316349100e+02 1.212478941379197206e+00 2.304860285269057840e+00
1.092431230257325751e+03 2.483953237400060630e+02 4.306641378602762277e-02 -9.921948810897732174e-02
2.725478921042040952e+02 5.354260229297868818e+02 1.502487359163069414e-01 -1.103589946741976718e-01
1.797867943367675139e+02 6.530927063247983142e+02 8.631123255230192803e-02 -3.102646628079355762e-01
1.168032614390009485e+03 4.420985971172528934e+02 4.467096674941330864e-02 -5.680608517923246836e-02
1.057804941890057762e+03 2.033947712437323219e+02 -1.050397576381732929e-02 1.926902778374489644e-01
1.072823892728273222e+03 3.415088101486501273e+02 1.265531721610639315e-01 -2.229712472046938010e-01
1.176185382824358157e+03 1.937577311278350578e+02 7.184638347123634659e-03 -1.836531123475834970e-01
1.139408677690521017e+03 3.894322095409027042e+02 9.401791777943598050e-03 1.889165966389959317e-02
2.492461923536945676e+02 7.171699125650853830e+02 -9.781459489835873846e-04 -1.162353034058267141e-03
2.258382041787114929e+02 2.979928637212482840e+02 -8.836242075103228899e-02 -2.592630998225260441e-01
2.951209742103550298e+02 5.068188287139155364e+02 -1.138936024330448049e-01 1.881507100479140604e-01
1.066717640743426500e+03 2.236760188892250483e+02 -1.932087216400191210e-02 2.664689124529218134e-03
1.171057001544819059e+03 2.052904669108103519e+02 -1.167582709351222547e-02 -7.534772560645919270e-02
2.487276659047161615e+02 5.378263524872804737e+02 -2.610604925086938977e-01 2.266884144521554845e-01
2.392347807090040135e+02 5.520690556039385228e+02 1.669148576563515007e-01 -3.837397669121855870e-02
1.013486319712266891e+03 1.664459150561331455e+02 -1.920012541082932039e-02 4.285005529718789730e-02
1.027721917222707589e+03 2.335910585653812461e+02 -3.067225482985642265e-02 7.311635613455434723e-02
1.218064168767949923e+03 3.714046443938697735e+02 9.920106825416041829e-02 -2.017315708814473030e-01
2.290658529940250787e+02 5.381535933951870447e+02 2.787478514401381391e-01 4.403229804886775456e-02
8.263612365309911922e+01 3.416346133297852248e+02 3.815048052921573424e-02 3.822794972982516276e-02
5.347126405496055668e+02 4.152896781561421449e+02 -1.336996110389539714e-02 -5.318523963544900118e-02
9.880535196758338543e+02 1.669693340635328127e+02 -6.690536402156037170e-03 9.845895127560784499e-02
1.181136875971632890e+03 1.718912123991834733e+02 -1.289093313460322465e-01 8.242616734503371845e-02
1.201423942713261795e+03 2.191034508272013852e+02 2.833306203569918580e-03 -1.049792540839670531e-02
1.230634037305293305e+03 2.306245259507694243e+02 -5.493832813158405770e-03 -1.341780217141301133e-03
1.210911914492868846e+03 2.757476615615214541e+02 1.205334641867542161e-01 -6.583915737157515491e-02
2.321285496723718325e+02 5.377690773251953260e+02 -7.206982596263363135e-03 -1.752942511341567811e-01
1.845915642041072431e+02 6.687173006187699684e+02 1.403706754990471095e-01 -3.257786912678852786e-01
7.158456609150979375e+02 8.817327442977140208e+02 -5.048382438803855621e-02 9.192736084287389531e-03
2.666116748376391001e+02 3.768590046442265020e+02 2.136229698915030964e-02 1.063341476485561571e-01
4.647427919074755778e+02 4.543614687485076047e+02 4.233378050419105143e-02 -3.785639861557683894e-02
1.111221155063304423e+03 1.750342097907796699e+02 4.732806609363251343e-02 -8.991827925257211973e-02
1.051744467122191281e+03 2.431644150814088903e+02 -1.343300235049809943e-01 -1.004163249588032186e-01
1.042751610868380794e+03 2.610680358045682965e+02 -9.689776948976032422e-02 -5.204913838325637976e-02
1.038583647551419290e+03 2.970202279102844045e+02 2.926960045690520928e-01 -1.737785666280615149e-01
5.027679798510411615e+02 4.686109027975310255e+02 -3.605966957817940965e-02 -1.598441456626176205e-02
5.641395450679668784e+02 4.956990230753785909e+02 -2.284799084927158219e-02 -3.745549953414695210e-02
1.049710119110659889e+03 2.288130699614389698e+02 2.975088423033867002e-02 -2.387527794997126307e-01
1.121702256513627162e+03 2.701288624554064199e+02 -1.132202947038081220e-01 1.713501333207574362e-01
2.176845888829851958e+02 7.706777102767562155e+02 1.133744749289178344e-03 1.748579575303210731e-02
2.362959535128243544e+02 2.933367436174133331e+02 1.698076459117222117e-02 3.766482236737071169e-03
3.003095287280980301e+02 5.097649473141569842e+02 1.026471650691670873e-01 2.643190762668344296e-01
1.160689138262102915e+03 1.468399293257746763e+02 1.721954223185851729e-01 -1.874176682240052683e-01
1.154544876542824113e+03 2.386822643395949797e+02 8.498051854083617240e-02 -2.118260678619302839e-01
1.205369782968272148e+03 3.080897224344323035e+02 -2.535076107327161599e-01 4.195776036686993393e-01
2.568639293891149578e+02 7.397612449553600982e+02 -3.386772381226895584e-02 -9.532598168902950420e-03
9.976025913494407860e+02 2.495977261612493407e+02 -3.071988329901387260e-02 5.910375547242097127e-02
1.172576207518508909e+03 1.697029153768291678e+02 2.513791239618967666e-02 -6.767653731982505860e-01
1.225433360417473523e+03 3.737686389826243953e+02 -1.085076539611691260e-01 2.414667917655890506e-01
1.244824888081273457e+03 4.163061734672952525e+02 -9.391237462114077061e-02 1.451592608291321085e-01
2.615360919611383679e+02 5.914443875922472671e+02 6.868846226439018210e-03 4.342929006935491998e-02
2.706388416970319213e+02 6.096755683088570095e+02 -4.269547561028730343e-02 1.275799128145536088e-01
9.436328431039237330e+02 8.554692729984604966e+02 -2.895623969868665881e-02 -4.682736651710683873e-02
1.229602512289927319e+02 4.342060884196935717e+02 0.000000000000000000e+00 0.000000000000000000e+00
1.081712241961844711e+03 1.572085893048604248e+02 0.000000000000000000e+00 0.000000000000000000e+00
1.042804799799771672e+03 2.612050706161651874e+02 0.000000000000000000e+00 0.000000000000000000e+00
1.150223681716379360e+03 1.946037804155037065e+02 0.000000000000000000e+00 0.000000000000000000e+00
1.144162470207568731e+03 2.228792238015558382e+02 0.000000000000000000e+00 0.000000000000000000e+00
1.203137113802561771e+03 2.811527506262963811e+02 0.000000000000000000e+00 0.000000000000000000e+00
1.252378194035628212e+03 3.097783818176434352e+02 0.000000000000000000e+00 0.000000000000000000e+00
1.211126548113988747e+03 3.471154642358463320e+02 0.000000000000000000e+00 0.000000000000000000e+00
2.541170816993544577e+02 5.784572639846038555e+02 0.000000000000000000e+00 0.000000000000000000e+00
3.320068925156814430e+02 9.820741407125525484e+02 0.000000000000000000e+00 0.000000000000000000e+00
3.352195811117310313e+02 1.005180092638216024e+03 0.000000000000000000e+00 0.000000000000000000e+00
