1.332497846602736331e+02 3.826698377076177167e+02 8.858721626867495369e-03 1.967133977385651308e-02
2.525217407121102440e+02 4.650812134682094552e+02 -8.428062217316243613e-04 -6.703895435338840740e-05
3.089332696132133833e+02 4.788184351191383143e+02 4.956831263213400812e-03 4.539909221471202447e-03
5.635498387126883699e+02 3.784240950572884117e+02 8.485529975431934779e-04 -2.130816785179691884e-03
7.023087784821341302e+02 4.141631851950208443e+02 -3.359384650782363396e-02 -3.676811863930098349e-03
6.343615981329635360e+02 8.220975004297982878e+02 2.628958439126928429e-04 5.592691847555621284e-04
9.123648576760371043e+02 8.060005195340692126e+02 -7.702826221207438725e-04 7.306639170065404656e-04
4.599505182317465142e+02 9.415949650999581308e+02 -8.405298434908137239e-05 1.572965208172511084e-04
9.050855339402974096e+02 9.225506151478889478e+02 8.914431710608558112e-04 1.560284294087203698e-03
8.990610224038397291e+02 9.269156135292404315e+02 5.850224466720340549e-03 4.721560485983567271e-03
7.072988440241622357e+02 9.927875567157076375e+02 -1.364244247366910292e-04 1.499052251294262159e-03
7.150668646891308526e+02 1.011405252833465511e+03 -8.882041088788743093e-04 1.969021112272187530e-04
7.049715216682153596e+02 1.023812120061515316e+03 1.173686832096269259e-04 1.524561924073546647e-03
4.816967217414298830e+02 1.099087901280202459e+03 3.571510514444922171e-04 2.155832873950653324e-04
7.044227496857387223e+02 1.036494526110770039e+03 -4.364454920199356308e-04 -6.114711445414034103e-04
7.518503756150753361e+02 1.067523035578053850e+03 -9.842612999224488294e-05 4.100086551594664684e-05
7.455529638125435667e+02 1.071471326924321147e+03 -4.947394798652414091e-04 -2.818696482763968325e-04
1.312909872373214739e+02 3.255010964067941472e+02 1.515053822604634079e-03 8.911326573162555624e-04
8.997039659238853346e+02 1.102290040446216153e+03 -6.480817392835744664e-04 1.172888265041410229e-03
2.490609095568943019e+02 4.040492498648682727e+02 -8.579257322923276863e-02 -3.297733596572806070e-01
2.417571117748742324e+02 7.553021929756067721e+02 -1.562612977794807997e-02 9.042587147056416891e-04
1.245931922290909370e+03 3.796750449361422284e+02 4.663758787228064473e-02 -1.358675025450831533e-02
1.180479699020100270e+03 2.389894876019312449e+02 1.815093363770621526e-02 4.301121372406842280e-02
7.158182331791426805e+02 8.820418953434431160e+02 2.826788748994559734e-03 2.157325964420502527e-03
2.372586030601256653e+02 7.206292482895388503e+02 9.880998101386292368e-04 5.711567573407232146e-03
2.493157969829271110e+02 7.170471436054536980e+02 1.262588987130622720e-03 5.898086453994032773e-03
2.205260515686699989e+02 3.030325446254207691e+02 -7.347037869762808315e-02 -3.027195802957862725e-01
2.506280041334200916e+02 7.473186381345441305e+02 -2.551163663669328216e-03 3.366746745922061419e-03
8.149650368058237291e+02 3.211136086003310766e+02 -1.499953817414322599e-01 1.692524594567970941e-01
1.428322488835993909e+02 3.922971488675339060e+02 -3.412499924866209487e-04 2.030063370008213658e-03
5.708142005530996812e+02 3.788869937850377028e+02 -1.233415036397173502e-02 -2.395855434011618171e-02
9.317581634187774853e+02 8.445194632304757079e+02 -3.063891555496969614e-03 -2.698765921251725618e-03
5.686499606654278978e+02 4.390380023442650099e+02 -5.108690893882456702e-03 1.023618738175720473e-02
1.007745101182312055e+03 8.134407422469006406e+02 1.050542352972327204e-02 5.565887619952425598e-03
5.019175439074125507e+02 4.345965002787819458e+02 -1.377175598285662562e-03 -1.365639821570183675e-02
2.434708602692140289e+02 7.425590237609728774e+02 1.492202858077401433e-03 5.205240412655401036e-04
9.828794894096694179e+02 8.277437668544325788e+02 2.993362043557366327e-03 1.599101764149468653e-03
3.122780695184260935e+02 6.636095949762047894e+02 5.019778558638934504e-03 9.895232679960683578e-03
1.012175026918460162e+03 8.180107051041303521e+02 -3.011729173897155238e-03 -4.978608546850571588e-03
9.415867465155313312e+02 8.345817470033650807e+02 5.862534518187338499e-03 -3.151463134734981165e-03
1.004484230864621281e+03 8.353447774350001964e+02 2.100101422350838382e-03 -8.568827958136956274e-03
2.328003744987467769e+02 7.246543572783764375e+02 7.288858845570156918e-03 7.361082152513490464e-04
4.810821187624150070e+02 4.375246400873220409e+02 1.509017236920084980e-03 1.137336952586907694e-02
1.018822908556416792e+03 8.074378333337891718e+02 -3.845783211618659849e-03 1.674468329689837959e-04
1.217032723330146382e+03 2.546297200594665924e+02 5.610826621002368286e-02 -1.226898742063164439e-02
2.293583060155437181e+02 5.210644185517867299e+02 1.751596323513544134e-02 6.407735579006551161e-04
5.764659053053162552e+02 4.199056787548171314e+02 3.537919285873154188e-03 -3.873832376730026311e-03
7.318610381381654406e+02 9.210306499184806626e+02 -1.586213329901308561e-02 -2.419744537451827115e-03
9.559797849532434384e+02 8.451454817075732535e+02 -2.662293372238066363e-03 -1.339773566240471010e-03
7.472979363070780892e+02 9.536989142027566686e+02 -9.805615121435812959e-03 -7.019716921130529988e-03
2.670066156553156134e+02 6.675586460219673199e+02 -4.046366018355506376e-03 3.157698224559581882e-03
8.247466435379201357e+02 1.102241163964835778e+03 2.584598312543927930e-04 -2.491275937259025642e-04
2.541540302632272130e+02 4.177933905500160563e+02 -1.226588165370091910e-01 -3.288480887874406511e-01
7.505624307308519292e+02 9.584388861102255532e+02 1.493457048682350630e-02 3.598383417926637011e-03
5.623432794120446943e+02 4.708219483205110691e+02 9.719929115376409147e-04 -2.393847122215276690e-03
5.658020017609140950e+02 4.776354659420801454e+02 -2.202974449618419484e-02 3.338312883917440854e-02
1.204913839687176278e+03 2.307788961200388087e+02 4.124471261055005951e-03 -6.857012527061692904e-03
9.131623617506339770e+02 8.453243296684843244e+02 1.270725552648071729e-02 1.410484503143118575e-03
7.724436553189621009e+02 9.603471094275289488e+02 1.040230476326537389e-02 -1.670252626944161191e-03
7.748523396260713980e+02 9.427003503597323970e+02 1.572396462853419647e-03 3.637366875423005304e-03
7.737419087977586969e+02 9.491077313201072911e+02 4.107422818802066410e-03 4.291260981740424064e-03
9.843208309717332440e+02 8.672631254449498783e+02 -1.041079856565942183e-03 -3.757837223200131103e-03
8.010747990168217711e+02 9.514817541904797054e+02 1.468040434564509261e-03 -3.053215465061470311e-04
2.118099178819898611e+02 6.773002626419855687e+02 1.038188760595141168e-02 3.022669064751196469e-02
6.194156509933100097e+02 9.359868013763514227e+02 2.642681012723709804e-04 6.770937144302920834e-04
5.728644465282791316e+02 4.908003448851223993e+02 -2.566984592058000952e-04 5.406223658435510039e-03
9.766148697859354115e+02 8.834704423025190181e+02 1.762343832724739753e-02 -1.352928500298028469e-02
7.700127059967089735e+02 5.238598280152752977e+02 2.946435524875434201e-03 3.363199153129541475e-03
7.858179394164939140e+02 9.435471596319046057e+02 3.977036180631870338e-03 4.573312482018018765e-03
7.969720547340627945e+02 3.828996934142288069e+02 7.974542744788398752e-03 5.254571424139198570e-04
2.357986412244783878e+02 7.018022487150695952e+02 3.088103699777809512e-03 2.172264423262785724e-02
3.070370649740937665e+02 5.639166899347754907e+02 3.611159306684488639e-03 1.034857098919937917e-03
8.085624401281621658e+02 4.181536288027835440e+02 9.370244906107256730e-03 -1.855033817825433098e-02
5.875380798858087701e+02 4.034652120401118509e+02 1.251414933952192145e-02 1.387786915514855300e-02
1.034266891602654823e+03 8.361363101580072907e+02 1.131414887899298647e-03 1.459668618301545500e-03
9.945043854417385774e+02 8.218203983140749642e+02 3.582372967820005895e-03 5.512804719668935177e-03
2.275072178334792738e+02 7.264375380320720978e+02 4.908495861107075101e-03 -4.392998551160831773e-03
1.279423189067331577e+03 3.688101419349670778e+02 9.142987524680869921e-03 -2.923361623877013607e-02
2.263305362535856489e+02 7.666844540680120872e+02 1.421878732137367429e-02 2.917060438245234772e-03
7.335670348838759764e+02 9.805174088499260279e+02 -6.949381477564355383e-04 3.416421153423750048e-03
3.215465556468183195e+02 5.455982921053313248e+02 5.864336314745048975e-03 3.165862751527606395e-03
9.896300947673069004e+02 8.310266233424644042e+02 -2.160565713797770598e-03 2.511388235126276337e-03
1.053932406973977322e+03 8.533745899289339150e+02 1.537238144605412686e-02 4.997099021143005387e-03
8.273463232893735722e+02 4.018536799697246806e+02 -1.771404428280778974e-03 2.516581780493859586e-03
1.017008447084169916e+03 8.312592633262696609e+02 6.588028427336437183e-04 3.347191931968856917e-03
9.469814118251414357e+02 8.368466358256109743e+02 -3.405458602536341230e-03 -6.841953932705857654e-04
4.654069651487763508e+02 4.552875103085917203e+02 -9.171246287030161443e-04 8.808289642166136635e-03
2.680809918539034129e+02 3.004950926435595875e+02 -7.538318594759466302e-04 1.365479745141211709e-03
9.589347170400025107e+02 8.214110143152178125e+02 4.210574010586796284e-02 -8.633949944450620279e-03
8.182121770051190879e+02 9.348242462269433872e+02 1.050639468835830532e-03 -3.677787973535739507e-03
8.169037122188090052e+02 9.436575646247547411e+02 -9.299739258331597008e-03 2.000160059121370952e-03
5.492450988946242205e+02 4.334216982538079037e+02 -2.475230925064901338e-04 3.955168229036770569e-04
7.307765938374847110e+02 9.368380627725108525e+02 -1.198313585619096948e-03 -7.814848894190843873e-03
9.301977982445281441e+02 8.610840239179143509e+02 -5.752204816475893099e-04 -6.448769389736649449e-04
1.092632113372935237e+03 2.284291881423687585e+02 5.315607566783028121e-02 1.901056025540623917e-01
7.487324184929952935e+02 9.692130371315064394e+02 -3.729377641830092238e-02 -1.881680933416704851e-02
1.030189359714879856e+03 8.253672725984212093e+02 -3.124593926209440469e-03 3.996463591088196196e-03
1.022258487422319376e+03 8.152683891788672099e+02 1.180523113392533373e-02 3.047510029648604988e-03
1.022320409945553024e+03 1.952644599397202967e+02 -4.134682380239416283e-02 -1.077679525724143383e-01
9.567939139040715872e+02 8.780238117216142655e+02 1.906926265304142651e-02 -3.364719486376313747e-03
8.172948527345026832e+02 3.804963214233125655e+02 -7.724142964826289856e-03 6.673569490950996726e-03
9.727569010760486208e+02 8.900711511543066763e+02 1.604426962231821421e-02 8.548558905243513334e-03
9.053415621639943538e+02 8.411262514112755753e+02 -1.072096000312416138e-03 -2.452221961916485789e-03
5.780826907534353722e+02 4.684452435187681658e+02 4.309170099497017584e-03 -1.458899679861101750e-02
7.911529073209912895e+02 9.194649429279552351e+02 3.722337643607446026e-03 -3.150930005375078558e-02
9.621726812077762361e+02 8.487702162125510768e+02 -1.060645595639651134e-03 9.323755636045245312e-04
1.933673350670443938e+02 5.892317957787621481e+02 2.488097133642319311e-03 1.953374388255841882e-03
2.324509655440313907e+02 6.901884763092084540e+02 1.095190361055675384e-03 5.559233238474493854e-03
4.931387714281613626e+02 4.485376966984163118e+02 1.086953690817424193e-03 4.138957232837043448e-03
8.332513514552183551e+02 4.124102463913599195e+02 -1.293305784974118060e-03 -3.601399586032265170e-03
9.687464673788633718e+02 8.747822091014610351e+02 -5.698053475753969005e-03 -1.532088016959521487e-03
7.973772784880241034e+02 8.836575374288573812e+02 5.786374429871472130e-03 -3.650727615575594500e-04
9.690521513894232157e+02 8.269210924365755773e+02 -5.472336527498438546e-03 1.059510505606430300e-02
7.894191829016853035e+02 8.839163197984967155e+02 -2.275014981891406839e-03 -9.136747481417193187e-03
1.192511174833733094e+03 2.096423774716398611e+02 9.654714379475180450e-03 3.243128455637241982e-03
8.123862681848752345e+02 4.018950346990815206e+02 8.085457519960433104e-03 -2.736759312336059860e-02
7.678237748969654604e+02 3.849965472360851209e+02 5.286119254247021587e-03 -3.496389145407935613e-03
2.253284972379319697e+02 6.867663903407055841e+02 1.566450085605445956e-03 2.876959052909483765e-03
5.594277301737178050e+02 4.143940770484533687e+02 5.790948303765932302e-03 -3.469343677816614201e-03
9.492900184259360685e+02 8.562437146343762606e+02 -1.555582053828456421e-02 -4.885653719944763745e-03
3.349028093428025841e+02 5.550242373210994629e+02 5.471480077905634988e-03 2.309281051471807119e-04
1.127472117769107399e+03 1.880215095416779434e+02 -2.905034885874430584e-03 2.564063235753326255e-03
7.195508199272076126e+02 9.509281691921177071e+02 1.573033324416878848e-02 -1.504471403952247974e-02
5.112563380194412161e+02 4.394425521594101838e+02 2.799867483559811054e-04 1.869139793830590151e-03
9.963963395998747501e+02 8.728279566761320893e+02 -6.098824793615686274e-04 3.088577578133067363e-04
8.845080806207763544e+02 8.703213263376204623e+02 -3.128809301242113910e-03 -1.959338840421905384e-03
8.009316376718230686e+02 9.393200173542470566e+02 -1.198551640050252555e-03 8.012715750535087320e-03
5.342062704100717383e+02 4.147645999336375553e+02 -2.698734518419022062e-03 -1.082050122841783386e-03
3.271079768734877007e+02 5.364761545407185395e+02 6.622582220977124741e-03 1.617180575578013382e-02
7.476824202214676234e+02 3.981991132981978012e+02 1.396614442239189208e-02 1.743249046921002340e-02
9.981968533662707159e+02 2.486227469976804514e+02 4.709361840960666137e-03 -8.417894513535832332e-03
8.507577378710232097e+02 9.315760296812658225e+02 -2.532587314561007331e-04 1.219764132953726071e-03
6.301641760884394898e+02 3.838998091652221092e+02 9.552442274530176334e-04 -7.952535067977012958e-05
8.200141842352097683e+02 3.630082524817818808e+02 3.730754162383150691e-02 -4.980094550170755321e-03
8.576239474063678472e+02 1.101649347738301458e+03 3.712373219579405696e-04 -6.445229824469670072e-04
9.294219873633447833e+02 8.357589474669481433e+02 -4.820537257407774522e-03 -4.030358943755165541e-03
6.048242754520000517e+02 4.299836522044184335e+02 4.832351040128701758e-02 -3.221309059744618258e-02
5.095470217650416771e+02 5.074058313879592106e+02 1.593914764921216956e-03 -1.477759908768217726e-03
5.443816937475820623e+02 4.081389900983032817e+02 3.160234380524037240e-04 -4.402991467670046982e-03
2.370708348029614569e+02 7.381632039027854262e+02 5.476248908871414293e-04 -5.294568242066311804e-03
2.322537184962892240e+02 6.484987790495064246e+02 -1.584808268089568390e-03 6.174444582844480431e-03
5.417146871290749459e+02 4.776222587190060835e+02 -2.203578731892451899e-03 6.847772261646876274e-03
9.774784659690348008e+02 8.458397416618971647e+02 2.701642834497283967e-03 1.598865297216551596e-03
5.457281612227703818e+02 4.831205089326202824e+02 7.083656481148018153e-04 4.797288301181715231e-03
3.212651157713758607e+02 5.303960315235260623e+02 6.500715386128170029e-03 4.977665905389270541e-03
3.148075273638846738e+02 4.718028352559728660e+02 6.046922340336586751e-03 1.193342121819857167e-02
9.332470389472188117e+02 8.658475827614053060e+02 -6.777254582317201320e-03 2.115103459746564291e-03
2.697556538992488981e+02 6.099703071596699147e+02 2.614510068511181548e-03 3.094489313792398062e-03
1.060916211921831746e+03 1.887356734152902504e+02 -2.565990442066421601e-02 7.704897172060085064e-02
3.212499839308329115e+02 4.805545020183207043e+02 4.668460734409460473e-03 7.234578845352958830e-03
9.714079667997604020e+02 8.291508920905008608e+02 -8.000111638854815257e-03 -2.313698721897847893e-02
2.483790866791783856e+02 7.418078064814548043e+02 3.705214018757847783e-03 8.443830787958104406e-03
2.206935278552173827e+02 6.863766062785772419e+02 2.325719532025783635e-03 -1.998300578489166889e-03
5.067882962510653329e+02 4.447424183622328542e+02 1.387103614294826238e-02 1.860568641480860042e-02
6.542560858280907041e+02 4.978719710097720963e+02 1.876562550073303248e-02 -1.234824952036089017e-02
5.931632893045431274e+02 3.797446266959913146e+02 4.131711749567618108e-02 2.948135051475998455e-02
6.167918507776012120e+02 4.219184965409959887e+02 7.912333998109882804e-02 -1.948700919476575215e-03
3.069040611560536149e+02 6.135586139448788572e+02 -7.857143254281623995e-03 -5.313612850081521344e-03
4.765349264957312130e+02 4.659449651971276580e+02 3.202106549087156955e-03 3.019733904366013640e-03
1.225701130610512109e+03 2.398889389794251201e+02 -5.334626394180601305e-02 -3.786772737101831710e-02
1.016392983713168519e+03 2.749345565057432736e+02 3.490581223849682693e-03 -1.563584299031678566e-03
2.061109983046760306e+02 6.962896059519233631e+02 -1.388017200518492679e-02 -6.637584132135998516e-03
5.479821026502120276e+02 4.112759128423260790e+02 -1.850466333976193373e-04 4.251961987000584843e-03
2.247913931504734535e+02 6.187899149561845888e+02 -1.508706614063191620e-01 2.052973184206868806e-01
2.489136581641488135e+02 5.010788043864062047e+02 -4.059062740579558182e-03 2.671772511902899619e-03
1.065256977289561519e+03 2.613743835970952318e+02 -1.251114330980744593e-01 -4.480432413830590099e-02
1.001219494448914702e+03 8.253889670062702635e+02 1.754191836576383251e-02 3.011578727976052267e-03
2.282703037801913410e+02 7.039922686657320128e+02 1.391778597545759687e-02 6.802852292208167242e-03
3.000900829117668422e+02 5.908332340034470462e+02 -1.887074805768739968e-02 -2.690851316815902252e-03
1.052974594222747783e+03 1.844906254079182872e+02 -6.403155678596460926e-03 1.093848896250074025e-02
2.642308392156417653e+02 7.373589228913441502e+02 2.272599544079130854e-02 2.190755352360313976e-02
2.552682518956096658e+02 6.440662655693581655e+02 -2.452814686273597621e-03 5.459429589172311650e-03
1.210443616470815869e+03 2.181242373765842899e+02 8.631378258416030425e-04 -6.947697404501526912e-05
5.888260488196192455e+02 4.498051268933708116e+02 -2.635557568467420883e-03 5.010167820339484976e-03
2.378339418472226328e+02 6.938917220354535402e+02 9.262661039163432204e-05 -8.885653150666329540e-04
2.646544134457870427e+02 6.350877583928072454e+02 6.842361084736266544e-03 -1.821165516419947193e-03
1.207864544526283453e+03 2.089320257205330904e+02 2.536679723091468230e-03 3.281353245471460903e-05
1.002619293316746052e+03 8.762189146589812481e+02 -3.627503902845488279e-03 2.979503094492077999e-04
2.606866176933051520e+02 7.153775841173777508e+02 -7.376256651719016733e-02 -2.370708842964532829e-03
2.637820203645887318e+02 7.254653534153868577e+02 2.390001012070858252e-04 -1.601124957772137201e-03
2.666777380882960529e+02 6.180560056352532001e+02 1.051788723790288323e-02 1.783793403732902849e-02
1.267839180884311872e+03 3.938643384359437505e+02 3.296039199954471557e-03 1.519184094014676932e-03
2.540467234298036487e+02 6.856503567212729422e+02 1.583576103773748876e-03 4.368763660373038704e-03
9.331501559394446303e+02 9.063712016003612462e+02 -1.711965051707029254e-03 -1.314266740130076066e-03
1.240057883461690380e+03 2.800714094414306032e+02 4.685628232301937619e-04 7.594284700830782053e-03
1.008336657540429883e+03 9.275289657487318209e+02 4.739307184844719070e-04 -1.694831055712063214e-04
1.035406868221842387e+03 2.196145705896306879e+02 -1.283595987682308037e-01 -8.783919428218929515e-02
9.549595353781767244e+02 8.935280401709524085e+02 6.633260107691111435e-03 -3.713082702055958435e-03
2.519493909295022718e+02 6.715888461307393982e+02 -1.278415639699694451e-03 3.724445227202756881e-03
1.071213665911200906e+03 1.854527781746789685e+02 -5.716235467366684482e-03 2.176078604718114512e-02
2.571840503385064949e+02 6.736911887312850240e+02 -1.290872877580068819e-04 2.281726992537592893e-03
1.013886927108854593e+03 8.531549401996802544e+02 1.775573285607435397e-03 -1.846316110157492259e-03
2.327595768497498909e+02 6.689115670874560919e+02 5.733928613272164070e-03 8.174813920297563429e-05
2.347978225096966014e+02 5.988503936398557244e+02 -2.039932302579221257e-01 1.494454492902978771e-01
2.948595441598948241e+02 5.894716752831978965e+02 5.174305331687683099e-03 1.635491910055951860e-04
2.523847587530553938e+02 6.330748660586166352e+02 -3.139342898868387427e-04 -1.159920264587238452e-03
4.392881637565818096e+02 1.085124761091972459e+03 -1.972033392931140522e-02 -6.798502562681881661e-03
5.212827608606146441e+02 4.713144740617461252e+02 8.475310715374969283e-05 4.724199253173132738e-03
2.679499777758256300e+02 6.799030127290202472e+02 -9.290060603659370045e-03 -8.634514342496473274e-03
7.361338736022212288e+02 9.292316324601771385e+02 3.132431205806437188e-03 3.317844399610762364e-03
5.067183633074056388e+02 4.856231805123717891e+02 -8.568160544452646780e-07 8.600860288149670893e-03
2.313826850083694922e+02 7.373566254629132573e+02 -5.504289876265512291e-03 -5.350368202435125398e-03
3.094792664603094750e+02 6.464394436954974026e+02 -2.338467168181969109e-03 -4.308193141327191361e-03
1.201769397786404852e+03 3.857721944711164497e+02 -5.862440104701728202e-03 1.146271624014166303e-02
2.276257709392191373e+02 7.507746955803144147e+02 3.468803487635904216e-03 8.555116622953464617e-03
1.037695814357829477e+03 1.785888778853467045e+02 -4.214496864211235102e-04 1.296946086987075045e-02
2.414068936015474094e+02 6.400968417646671469e+02 2.832178084602647236e-03 1.204819242759347874e-04
2.981955432912266133e+02 5.426380025137813163e+02 -7.783679613352082393e-04 -5.972013317916369880e-05
2.456232798967078566e+02 4.861856247857406288e+02 1.793101602445792281e-02 -1.520587580414721647e-02
2.402464712581803781e+02 6.292992304444558158e+02 3.864261213108632215e-03 4.910199544555650213e-03
2.400755368578732032e+02 7.258233613679127529e+02 -8.911596360228553511e-04 -5.587282258880525362e-03
2.642213203886206543e+02 5.644471695138406631e+02 -5.283520487198822141e-02 2.097433766689087709e-01
1.000586951735804860e+03 2.243673755385896413e+02 3.752943025844642411e-05 1.511372999045074725e-03
2.237586940805665847e+02 3.147485604816821478e+02 -7.720792151823308025e-02 -3.459604746896571270e-01
1.017129084822542495e+03 2.628245859432604448e+02 5.158304548438149770e-03 -1.472983883083750500e-02
2.435417284184341327e+02 6.877683544996843921e+02 -5.876667907841973820e-03 -2.418656917555354544e-03
2.423379696135021391e+02 7.006799279296573104e+02 -7.230282218350873175e-04 -5.455488592510486512e-03
2.744193483486830587e+02 6.955621552984530354e+02 -3.706477264160238944e-03 3.860803293047082151e-03
1.152130658830049470e+03 3.642147730199151283e+02 -1.292933272733453980e-02 2.760852897108521855e-03
2.462524547397274262e+02 5.050701836939284135e+02 -1.845746413052842816e-02 3.452982648815856783e-03
2.253352354166088389e+02 2.975023381504070699e+02 -8.338160192255035519e-02 -3.216809886013112796e-01
2.456988364907288371e+02 6.099362749402730515e+02 -3.618775112457369228e-03 -1.157529922830793923e-02
1.176897122066289967e+03 3.595463433288337569e+02 -2.538341822022774363e-02 1.561939619027793297e-02
6.040844261609801151e+02 3.976796463724746218e+02 7.245735243212056940e-03 -8.933276703674388267e-03
2.941398801314951470e+02 6.301539068699626114e+02 -1.774351629814020130e-04 1.406989903853060435e-02
2.131353864519328454e+02 7.552723841666803537e+02 7.506509572894205350e-04 -7.707816277145569661e-03
7.242935352033706522e+02 9.669566964450232263e+02 2.322935996328013945e-03 2.470352187442180578e-03
2.565901959611315988e+02 5.798364920381064849e+02 -6.033063549657155522e-02 2.138118072297546246e-01
2.832383777497730648e+02 5.374355810580049138e+02 -5.385293223084863107e-02 2.669878730156730051e-01
2.446137363757874255e+02 7.610448587322073308e+02 -6.799008121930120128e-03 -2.882217007320850809e-03
2.404545200666884739e+02 6.101483563436227087e+02 2.175432424119399469e-03 2.924214149597090858e-03
2.610935483185649559e+02 6.552400229699891270e+02 -2.802035456065677180e-02 -2.533702893792298336e-02
3.267298139217047037e+02 4.971486342148173208e+02 8.536509469383692789e-03 3.726868565450169261e-03
6.780744200215377759e+02 1.023601089699561385e+03 7.444003948897729740e-03 1.309378137366906301e-04
2.173883673090388413e+02 7.653360294968656490e+02 9.514669707085535643e-04 -1.598617106024579401e-03
1.182291824137519598e+03 2.110887738989199249e+02 -5.581860949351351775e-04 2.842910857793586304e-03
9.322564008693153710e+02 9.004317298110744332e+02 2.671088997763125875e-03 1.416372530220181940e-02
2.666722421688277791e+02 4.946125648474484251e+02 -1.841714878974101133e-01 1.501474242819534899e-01
3.083175438141643667e+02 5.856364644506231798e+02 5.368045584409718643e-03 -7.731845143390985060e-03
1.172034595369889757e+03 2.343700370244416433e+02 2.540665774901780874e-03 6.976872284993062417e-03
2.061155065577239611e+02 7.250700935086377967e+02 -6.838633351736520330e-03 7.390229255376274710e-03
6.810753854019001210e+02 1.019681360280638842e+03 3.566296240045189504e-03 9.367514117977209995e-03
4.935790387326840687e+02 4.548516725173290070e+02 -7.327419620458718637e-04 3.226243608761512720e-03
7.282184368563481769e+01 3.187837247375619540e+02 -8.252015104292499681e-03 -1.202446227494257834e-03
5.203775514519055605e+02 4.328104577745214669e+02 3.388194706490432057e-02 9.206215919773670653e-02
3.136186701633490657e+02 5.682551699869718504e+02 2.953165844912903747e-03 -3.052851454840762799e-03
2.673325011120504087e+02 6.463131926950208026e+02 4.019306507201339355e-03 1.476692060748406414e-02
2.508676557564364202e+02 5.836276539234163465e+02 -8.504564878769700631e-02 1.445326239034201432e-01
1.007443549209782418e+03 1.972135323366238140e+02 8.083719019727014787e-03 1.369735354025954999e-03
2.944666635890880002e+02 5.977432474531625530e+02 1.024433162343531788e-02 1.633062354619484180e-02
1.137976095763579906e+03 2.254140560513515936e+02 -1.830196459345508064e-02 1.251122767079230862e-02
1.052483018303630161e+03 2.839115165141944885e+02 3.613344830818737002e-02 3.203211295775780509e-02
1.012692487743161792e+03 2.615686666247591461e+02 -1.149378179498776985e-02 2.949973796735084683e-02
5.076753002775230925e+02 4.528772239952870677e+02 1.023149615375103065e-02 1.205381013718892155e-02
2.326883616627670506e+02 7.746681043989663067e+02 2.939512071625673822e-02 -1.111914949881068378e-02
1.095749505643824250e+03 2.046670130206805709e+02 -6.527302066275513523e-04 2.580945881389103483e-02
2.004916027495944775e+02 5.063394202721984811e+02 -4.399667102726054560e-03 7.773030534867577963e-04
2.404075873166586632e+02 3.645544241108494816e+02 -9.927089496180836747e-02 -3.528414455287078866e-01
1.020552792441861129e+03 8.678892050959477729e+02 4.482684300597557930e-03 2.888726508021730900e-03
4.887459281833729960e+02 4.760198971622268118e+02 1.994397316208154462e-03 5.819260036240407087e-03
2.896651330224757999e+02 6.692515342025810696e+02 -1.166968417323059268e-02 4.784175960488631224e-03
1.066162817537333694e+03 2.155169532394934606e+02 1.926418476438748967e-03 1.153532540130266029e-02
2.949880340476280480e+02 5.393752359010010196e+02 2.067325634439245129e-03 6.114625623342930492e-03
5.353633899679025490e+02 4.298239613266314336e+02 -1.305210811728831598e-02 1.210331602681093306e-02
1.154504539221299183e+03 2.134204162144894781e+02 -9.914476527372623194e-03 -2.272625519569344485e-02
2.356470700764075445e+02 3.644887091395905259e+02 -9.305450197016308655e-02 -3.627712871028385133e-01
2.458776104642568896e+02 3.816964405051625704e+02 -9.845389920465184852e-02 -3.447336409576395866e-01
1.022496419599497017e+03 2.087440883188642715e+02 -3.438606720351682772e-02 -1.649596384971204477e-01
2.542409883126217949e+02 4.297007951095466751e+02 -8.468646036792557008e-02 -2.570597360020870914e-01
1.107627240148837018e+03 1.990687260784114017e+02 -8.079243173215848450e-02 2.403849646667305384e-01
1.153892605388214633e+03 1.957354569052303930e+02 1.622759131151445267e-02 2.278092477162951476e-02
2.661037037361729745e+02 6.263872044278307385e+02 3.048884424614054390e-03 1.788796548789539989e-02
2.676528632511631827e+02 5.084310906518363709e+02 -1.139633913328936821e-01 2.476140856083267061e-01
5.229659775604175138e+02 4.606418425299613659e+02 -5.808485179829971177e-04 6.506066268579980758e-03
1.060439722142834626e+03 3.033339451235561910e+02 3.188125878221011872e-02 1.244273545702164092e-02
2.013358294092480492e+02 7.016307778625778155e+02 -5.966555294425670598e-03 -5.669870797250366017e-03
2.892226986697056645e+02 4.884775836853552278e+02 3.802626745970662941e-02 2.095362168424478311e-01
3.247611428812196550e+02 5.172716134357834790e+02 9.037050135883545332e-03 -2.002925104702648826e-02
2.331689653607855632e+02 6.286462153403389266e+02 3.387903357854678992e-04 1.580432836329119994e-03
7.851371027946272534e+02 9.541576215897558768e+02 3.708489669884104493e-03 -1.860785220343933637e-03
2.403491046717736594e+02 5.157692222032846985e+02 6.293276514246272943e-04 -6.245283880009920748e-03
7.162904535731370288e+02 4.175370218680877770e+02 -4.680181933315114701e-03 -4.914790974575482425e-03
1.023166684491801561e+03 2.355232613471704326e+02 2.135123085388453742e-03 3.437593739506598824e-03
1.002902884837588317e+03 2.289344835812489407e+02 -9.362819037160125327e-03 1.352213845102495302e-02
1.033072565021974015e+03 1.628438628023385490e+02 3.731709989842153709e-03 -1.441599856776595509e-02
5.535289070115719596e+02 4.834388797502046486e+02 -1.130182077951425237e-03 1.561065836902249477e-03
2.774380282032280434e+02 4.769694019810727923e+02 3.632330166596989957e-02 2.706563834959572201e-01
2.555448658685082819e+02 6.999024719139111994e+02 -4.627931411130586231e-03 2.688725933592082864e-03
1.182226660630432889e+03 1.753049353686965617e+02 7.863442104953809186e-02 4.240575183811418764e-02
2.593060760126895730e+02 4.561090203592776220e+02 7.516998153645059345e-04 -2.923664258577505781e-01
5.033554842592308773e+02 4.693111989523884517e+02 7.088378766298990621e-03 2.382488630391462608e-02
2.616522707093722033e+02 6.689213864557516445e+02 9.046600458016808635e-04 1.615662535200364409e-03
3.189275561718739596e+02 5.189750225799756436e+02 1.175375556659439668e-03 -4.915794487611618857e-03
2.387135327868344348e+02 7.102303245168616286e+02 2.400714467654833668e-03 1.088679741125887822e-03
2.831816716204271529e+02 6.084498780560167006e+02 1.436921502614430489e-02 1.957764441606691871e-02
2.206731008247545276e+02 7.171165631709777699e+02 4.419793290162826044e-03 2.133205819134646394e-03
1.049037134239837769e+03 2.492727598142742238e+02 -4.880288647675367492e-02 -2.271764604613258354e-01
8.006438762911263041e+01 3.251160941626204135e+02 -1.167149198265053818e-02 9.925931845173473558e-03
2.404973495175767653e+02 5.789454584591686626e+02 3.403767738328718900e-02 1.876621004013878102e-01
1.201417305080938831e+03 2.288369085650431032e+02 -2.792559363077017250e-03 4.443310532820424728e-03
1.066924704255373854e+03 1.964417689286063649e+02 1.268680957958275707e-02 -1.713721617977569806e-02
1.954313468641319389e+02 6.971203147276153231e+02 4.026653932317116567e-03 -1.360946433627048362e-03
1.112597280677759954e+03 2.381555566050865878e+02 -2.009452960775060318e-02 1.940166673080929299e-02
2.584521865118629762e+02 6.947476439449310419e+02 -3.814870725263274504e-03 4.747296850067382504e-04
2.871134929226112149e+02 6.314087101365292938e+02 -3.277531368080597446e-03 -2.617345803216857003e-02
1.264124690458135092e+03 3.705353433417682254e+02 -1.687464732692818201e-02 -5.357506224713080856e-02
2.180504743551425122e+02 7.251196071879658120e+02 3.179630313487205075e-03 1.254866859088195168e-02
1.135858242051100206e+03 2.468502348275723648e+02 5.701060063255465604e-02 2.028486857305229762e-03
1.087746511626745814e+03 2.719821710250299134e+02 -5.436757914743667319e-02 -2.756065560437235828e-01
2.809984391323955037e+02 4.579229164132046890e+02 5.896908440978067267e-02 2.754642928197255647e-01
2.278161543584780020e+02 3.309571530898782612e+02 -8.068957108243533793e-02 -3.558122520386706733e-01
4.968463432857921021e+02 4.675378802649793215e+02 -2.299821656491206952e-03 -1.212500762112495543e-03
5.975941805631327952e+02 3.870824555723279445e+02 -9.963611958497575402e-03 5.675800635623374189e-03
1.145298425093586047e+03 2.505567868006635592e+02 3.524108046596918092e-02 9.235482915442931595e-02
5.717729817896554323e+02 4.123725083716345239e+02 -4.676770755746600841e-04 -2.276781593820942362e-03
1.025188504342964279e+03 8.718922989321422392e+02 -2.330300437234195891e-03 5.922750449911129249e-03
2.928708036785563991e+02 5.836677550687850271e+02 7.276324733238753728e-02 -3.003363304203211012e-03
1.209124682805871316e+03 3.539140228395812073e+02 -2.321830384570972277e-03 -1.616757460933547150e-02
2.878839085050099698e+02 5.770170206762584257e+02 -1.102367914344572208e-03 6.751056914501784266e-03
1.203878543315231354e+03 2.799753332083485589e+02 -1.530872189046517291e-02 9.548990918993145944e-04
7.589639746472887509e+02 4.501121238944656398e+02 -1.771594926340455548e-03 -5.365490980788272749e-04
9.181906611725313496e+02 1.102650979067565913e+03 -7.829208689944346707e-04 7.456603824707734628e-04
2.363681770322721150e+02 6.840780683803495776e+02 -3.190869949784403553e-02 2.219733025587476358e-03
2.440953636204778263e+02 3.905574620654540468e+02 -1.019436376479578715e-01 -3.330711524896599052e-01
1.023159861845145315e+03 1.728117267463218241e+02 2.492260145714627045e-03 -1.387950437833244954e-02
3.103282644061873725e+02 6.190911942147115496e+02 1.211988980140059824e-03 4.690950599368052740e-03
1.425024197058921516e+02 4.971835633987288361e+02 -1.592984245311896141e-01 -3.205048796455488014e-01
4.975336924411534483e+02 4.585600612565895062e+02 -2.666700687765938532e-03 -2.714921952995628072e-03
2.187466995943807717e+02 7.020149452709197249e+02 9.846136018608160276e-03 2.220304406229262409e-02
1.180407821128503883e+03 2.237043567951115790e+02 9.595340190531211197e-04 -8.612067078979691870e-03
2.732703416371425078e+02 6.232495608844162689e+02 5.561353361297458747e-03 3.123544158760937790e-03
6.017416518152277831e+02 3.859411905244638206e+02 -3.346381471851037764e-02 -1.580725634798594388e-03
1.040732817091814923e+03 1.914682387563914290e+02 2.449185346963846793e-02 -7.044517409546123543e-02
1.246650359883912643e+03 2.897605732063959749e+02 -1.025976092853960603e-02 7.066423607965935903e-03
2.993851533695539615e+02 4.082621158120477389e+02 -2.332756720112130148e-03 -4.361019286278914470e-03
1.941586529210966603e+02 3.195722632170630959e+02 -7.743824806180616251e-04 2.692301347558508692e-03
1.187427521261460697e+03 2.513163537120869933e+02 2.001581242655105317e-03 -3.142580659538124379e-04
2.203878379804745862e+02 7.427164683023547695e+02 5.221638200099066457e-03 -6.020082367820461106e-03
7.849713180268389578e+02 9.366223534643421544e+02 -4.859648179346171860e-03 1.896488608826084592e-03
1.589757112266324555e+02 5.188453020911075555e+02 -1.322027897736538504e-01 -2.513206741829354662e-01
2.727880904586515953e+02 4.406890498669549174e+02 8.990947917525565769e-02 2.114871644054817090e-01
2.481653801696102732e+02 7.339954961835113636e+02 8.601929878921336231e-03 2.516996217984414363e-02
1.034992703585888194e+03 1.991681607315401834e+02 -1.889153346846706924e-03 2.670275770028559398e-02
9.916820382786012260e+02 2.281987917545143318e+02 -2.142139173152413079e-04 3.435603428767303961e-03
1.991043197536659761e+02 5.783632202935956457e+02 7.739268166221622072e-03 -6.185143526471899647e-03
1.505329843559664766e+02 5.151404442899748801e+02 -1.373841126115446509e-01 -2.920929001981196760e-01
6.061812876770524099e+02 4.076084461143235558e+02 -1.126274350774632890e-03 8.410693813330720058e-05
2.259110878499259343e+02 7.432181907291146672e+02 -2.058450252131832203e-03 4.744000601085015048e-03
9.773555879557275148e+02 8.661096081555848514e+02 2.903638631088448913e-03 -7.876683541307065786e-03
1.931970940235804335e+02 5.587197775440205305e+02 7.641339438187555282e-03 -1.039944603716960866e-03
1.160839088213767809e+03 1.463386454827386274e+02 7.213170891594081202e-02 3.495390701527557875e-02
2.294044932433143060e+02 5.330535108449356585e+02 1.548082675038399691e-01 4.103789981159498140e-02
2.745573923367775251e+02 4.546920560082490965e+02 5.253971528760068704e-02 2.710368780912804643e-01
2.584389530328239175e+02 6.225464172440155153e+02 3.602696994140288387e-04 9.580683712891924957e-04
1.148143359089810701e+03 2.219805778430701366e+02 2.869381150812031541e-03 7.301227648786670632e-03
1.040574657499291106e+03 2.541018994003671594e+02 -5.029717420421493668e-02 -7.225967644775116439e-02
2.801101361451976004e+02 4.089182129394468461e+02 4.852668638627596898e-02 2.074376222681397486e-01
1.873010038766315404e+02 5.562634843986087390e+02 -5.455964171191133964e-03 -6.795485755580809271e-03
1.146932586179940699e+03 2.297660671648519610e+02 -4.482639748567355739e-03 1.013645825480214389e-02
1.235892073732224617e+03 3.742393777801918304e+02 1.139873507480739234e-01 -2.181285272152276022e-01
2.710810986083270109e+02 6.008675145275930163e+02 -5.431629676658560231e-03 1.453859683273175663e-01
2.450188841579160055e+02 6.180337395996307350e+02 4.091095630228394939e-05 -6.040744447712466728e-03
2.336880855097008691e+02 5.440823077091584992e+02 -3.750437742868630020e-03 -2.437880826552100699e-01
1.154303238667044525e+03 2.066056018440324351e+02 -3.045785082669213127e-03 3.445870411678726014e-02
3.268407478114878586e+02 5.529591497539031479e+02 -5.425188100767483826e-04 1.027150509714536532e-03
8.097039570535672510e+02 3.981598946391102913e+02 1.324947145279804610e-02 -3.296779118425104127e-02
1.010880428816941389e+03 1.970693424687234199e+02 -9.906949057769433298e-04 -6.065610191267138684e-02
5.430581444928386645e+02 4.256086290845269673e+02 6.119287008620613068e-03 -7.442279658478961124e-06
2.722131483424297471e+02 5.228465885305627125e+02 1.631737555949853979e-01 -1.596523752308980360e-01
1.164202080092488814e+03 2.134629566867783979e+02 -4.312454256147374323e-04 5.625944453095368947e-02
2.717330498365976155e+02 5.458795595131394975e+02 -4.044365557577390274e-02 2.635899070589070026e-01
2.646913061478720692e+02 5.204290296976803347e+02 1.453467584948159586e-01 -3.401281927317844622e-01
2.132527090795423987e+02 5.335602833805020282e+02 1.257089888366571262e-01 -3.708631383938942871e-02
3.060154237524173482e+02 4.608233059246975358e+02 6.406621844859620562e-04 -3.268630701080666844e-03
1.176098590569790531e+03 3.375457751747100019e+02 3.687590598276236416e-03 -4.201214707305521434e-03
9.471823666399835417e+01 3.536856247398432060e+02 8.061682430714889672e-03 1.050307597523444589e-02
2.472674471217985399e+02 6.321335725678417248e+02 1.616701168425230956e-02 -5.301841387772763398e-03
2.738861122954330085e+02 4.252547002387199200e+02 7.516407015130860403e-02 3.353296576288302688e-01
9.419115412947983259e+02 9.049137116652635768e+02 -2.386923767473247276e-02 -2.557466929323087834e-02
9.912437129543494621e+02 1.906230299343005186e+02 6.869594294450039789e-04 1.149952555150430232e-02
2.061016925695905115e+02 6.851374611999442550e+02 -7.492772682635156925e-04 -1.072270180337468271e-04
5.926333376437684137e+02 4.588401541196612357e+02 1.577228017443681879e-02 7.447437119778198972e-03
5.121895363338479683e+02 5.026486098791397126e+02 3.094992503999699366e-04 1.091558471786680754e-03
3.258583296844012693e+02 5.037997401777667505e+02 1.073678699971297940e-03 5.946748515062644843e-04
1.136607625950708325e+03 2.101097820894339350e+02 6.214616748320847539e-02 -7.375677740153076603e-03
1.702872581045664617e+02 6.246515859284014596e+02 -3.656536579785664518e-03 -1.322108799624316725e-02
2.663236306529145168e+02 4.223852970629862966e+02 5.778336322951098392e-02 2.010671685134792219e-01
1.089120770094608361e+03 2.555612161065169516e+02 -7.717657053116103172e-02 -1.134156518489519011e-01
1.159852985887470140e+03 3.746028173716730407e+02 2.879767153438542171e-02 4.493104048764967259e-03
1.029648239853801442e+03 2.068309922629480013e+02 -6.478791776148547232e-02 -1.211002683950426900e-01
2.653730499503555507e+02 5.893839312040054210e+02 -1.444824389045269242e-03 1.865541548048634327e-02
2.073801756778873369e+02 5.349891078156992990e+02 9.000327805515941082e-02 1.272044976703786134e-01
2.491631826324198755e+02 5.570567130418711486e+02 8.971981951525870302e-02 1.207932561282929473e-01
1.204009586333448851e+03 2.467620758804234811e+02 1.515237982777429063e-02 -5.245337239360180898e-02
6.713275873335084043e+02 1.080500439751461954e+03 -3.073339673621808309e-04 1.147981052950529986e-03
4.801135350432247719e+02 4.438839636902885104e+02 -5.397722194831798027e-03 -2.094965075797751777e-02
1.077628665117002583e+03 2.809919636666305109e+02 -4.958839051913864482e-02 -2.950028655872732886e-01
3.000490240703869631e+02 5.504762449449970063e+02 -2.001627726153766204e-03 1.133932881864641680e-03
2.568080872065432914e+02 4.020414280370558231e+02 4.279401318283385103e-02 2.225292232468968900e-01
1.041794883014522384e+03 2.419775762241389714e+02 -9.431140695288277656e-03 2.231586527825741694e-03
2.266386002752223874e+02 7.161764641078112845e+02 5.609204717644041428e-04 3.744518842844320877e-03
2.735192456109586487e+02 3.960085113670967871e+02 5.382787846923576397e-02 1.968932391068909105e-01
4.920804805752582638e+02 4.486163026507386462e+02 5.448685469065533987e-05 4.403811790933393096e-03
1.127937887236417964e+03 3.422118013341290634e+02 3.598548784449383080e-03 -4.052452313954848888e-03
2.587367323367002427e+02 4.900321284679624796e+02 2.117011085541622983e-01 -4.464238332986175117e-01
1.061155953144243767e+03 2.488467915706721101e+02 -6.645953623217674966e-02 -1.246145610621451350e-01
1.197898276829170527e+03 2.498545640018143672e+02 1.533178963313280331e-02 -4.101862764815706469e-02
1.123526723933119456e+03 3.407817527287792245e+02 -3.732978719464953403e-03 -7.051639763942333175e-03
2.313470032910013288e+02 5.605175415994110608e+02 8.362146223388204624e-02 -2.248031962051389998e-01
2.814744000829937818e+02 5.958258998187687894e+02 1.169868381650882028e-02 -1.828721279657926843e-02
2.355696090204823179e+02 5.691443599991738438e+02 7.643968652854707391e-02 -2.105058970986070921e-01
9.732271729180534976e+02 8.672758572989602044e+02 -9.924748216030595920e-04 2.147469612140466295e-03
1.896283446222437021e+02 5.847975705593720477e+02 -3.425972290757769642e-03 -2.123683727039757385e-02
2.624955819244626696e+02 6.480446975142350539e+02 4.236649428916919660e-03 2.670097337245621802e-03
1.226316232884665396e+03 3.216722826319396518e+02 3.644918085053654999e-01 6.010615667880452734e-02
7.703344624391810385e+02 3.979677356454428718e+02 4.590130717862830586e-04 -2.969911545849840146e-03
9.990162708551272317e+02 1.994641411154002526e+02 -6.428622694604182487e-03 8.219368102861281458e-03
5.293662309871627940e+02 4.911669267625160842e+02 2.578892811605458871e-02 3.087536538616983406e-02
1.159107107426922312e+03 2.333979502100561376e+02 1.298002169557485770e-02 -1.473637971799230360e-02
1.903937861393888795e+02 5.414168438867010309e+02 -5.726902210661881376e-02 -1.608708912059196583e-01
2.735330111676007618e+02 6.818118632174014238e+02 -1.208919199166809400e-02 -7.298280979294885507e-03
2.618068705331523347e+02 3.930442854120919947e+02 6.680276713370295050e-02 2.453302789262404027e-01
1.984115489473439879e+02 5.220094896573104961e+02 8.871189016737741906e-02 6.593488769402768013e-02
1.184110588778746660e+03 3.549224972868217947e+02 5.715627614935698403e-02 -1.781461229684518921e-01
1.213570732103708224e+03 2.240870383052973978e+02 -1.159572204631889591e-02 -5.368480210090817700e-04
2.611939852855020945e+02 4.412535408758839708e+02 -3.305409145735668797e-02 -3.012362794878712946e-01
5.489504893598494846e+02 5.016326497331093037e+02 3.303067168028992438e-03 2.916945870433012081e-02
2.345560197403190159e+02 5.783448244663262585e+02 1.030464163352510371e-01 -2.229423412473471311e-01
2.393070923690944198e+02 6.181920926293093999e+02 8.701984772900718101e-04 -7.972902885098441398e-04
4.911683170819385964e+02 4.839712671516672913e+02 -7.798837854523970117e-03 1.244849643930901091e-02
1.179880745642950160e+03 2.547091684273992485e+02 6.256932797599135598e-04 1.428190905303781087e-02
2.678805778105852937e+02 3.788394854917923453e+02 6.596445501800742017e-02 2.085518930572430041e-01
5.213789695299640243e+02 4.427100150874777569e+02 1.454336533675129996e-03 3.920766713707566145e-03
2.450264961503318375e+02 7.102446530581953539e+02 5.413261761306654594e-04 1.511824521415265068e-03
2.302380790374587605e+02 5.776516475519007372e+02 1.009478871339681144e-01 -2.229897393246072224e-01
1.017511022996279394e+03 1.793644635576386008e+02 -7.910053971366071135e-03 4.693023210416606000e-02
1.263062542325929599e+03 2.924952942856365894e+02 -1.369598861557990051e-02 -7.760663560568648251e-04
7.837854747007583001e+02 9.594705078420465725e+02 5.503283825287506176e-03 -3.904402828767376734e-03
1.037168752727508490e+03 2.890366202658961470e+02 -1.892600372110620670e-03 1.326985381349954536e-02
2.973463795036906276e+02 4.983656386777284979e+02 2.016858287826029383e-01 6.422702119642499652e-02
2.593741254576411848e+02 3.786658074709404787e+02 9.085383452836870433e-02 2.584588707482893266e-01
2.314054286424949396e+02 3.172327366293858972e+02 -7.305546354891472027e-02 -3.499788030180612242e-01
1.196821607195881825e+03 3.225831205444368948e+02 2.723481298098073822e-01 1.022478428881017226e-01
6.656351060414131098e+02 1.078512504482596569e+03 2.758086012309462673e-04 -9.756740522528045104e-05
1.051641665403581101e+03 2.999346086095684427e+02 -8.343444780603201643e-05 6.825434510065491378e-04
1.226969598666062438e+03 2.747106274582621950e+02 8.995915035360316225e-02 -6.632808973934387065e-02
2.642293607951925765e+02 6.864474558566266751e+02 -6.525269536829306910e-03 7.893803087525986042e-03
8.791169521499425628e+02 8.670519225147706948e+02 -1.793945040542732280e-02 3.038793173898441790e-03
2.835694767353483030e+02 6.782808372300323754e+02 -9.176202828512887910e-04 3.920210696539452346e-03
2.038192125100864587e+02 5.137485018071083687e+02 -3.689638017399521353e-02 -7.679092443401831086e-03
2.238922543663264264e+02 5.497919834166175406e+02 7.383518056238048966e-02 1.435291104653875667e-02
2.430954702649304977e+02 5.120065651192634277e+02 -1.811815970885272825e-02 1.293433621974723891e-02
1.105388694844835072e+03 2.166486537502492524e+02 4.872752045790854775e-03 -8.504831074864485294e-04
1.914013405709822280e+02 5.352901260641500585e+02 1.927043063633621933e-01 3.138264464086439748e-02
1.009804150376633061e+03 1.835863268198837659e+02 1.554524065623259961e-02 -1.498208632706691731e-02
5.427155805006909759e+02 5.113200595580980234e+02 -3.951147892950199528e-05 5.742092750271541798e-03
1.271482553864768988e+03 3.685467184915134453e+02 -2.338629362186273649e-03 -8.404311238478222659e-03
1.191863450245137983e+03 3.858896586070570720e+02 -3.117451155994425960e-03 3.070230702490735469e-03
1.226995542982045890e+03 2.509365948418091250e+02 4.674051907247330634e-02 7.325914742665305679e-02
4.653111765654939518e+02 1.099255162514170934e+03 9.621377302258985603e-03 -3.598989425114214585e-03
2.616255335431227422e+02 3.703366067094319192e+02 6.249321957422815377e-02 2.569923966399200177e-01
1.836018887987372636e+02 5.276904094557145299e+02 5.418338178448590253e-02 1.229603343126970255e-01
2.248138021270174249e+02 5.884347731462191859e+02 1.165948410851726375e-01 -2.310071637501384390e-01
2.192879154117229348e+02 5.580723187812745891e+02 7.499059090500731495e-02 -2.315961785433296172e-01
1.182916712888816392e+03 2.460508192232685190e+02 -7.291352359842595034e-03 1.072758944680103979e-02
3.114726368575040283e+02 5.504205144955932383e+02 1.743617334983413878e-03 5.539302795831068868e-03
2.199554955127044593e+02 6.061408424977856839e+02 8.516391462404304669e-02 -2.181240575705465090e-01
1.120404715489800083e+03 1.923984952640579422e+02 3.680008180391034639e-02 -2.632744343805112908e-02
5.622695257335943779e+02 3.947884225272908338e+02 3.288902370794101818e-03 6.915706075517954500e-03
2.504017949312958251e+02 5.267714837628950590e+02 -2.277807664780718833e-01 4.779279270924234879e-01
2.686043372997608571e+02 3.605562184206557959e+02 5.722244001519653789e-02 2.633947433540129168e-01
1.203899936642183548e+03 3.476885400332366203e+02 -1.487657022849447550e-02 2.150178409112418060e-02
5.953326410438685343e+02 4.833286421708210696e+02 1.075263200906386232e-02 1.344752250495579761e-02
1.092049070385972755e+03 3.133125993889445908e+02 -1.909849329238361149e-01 -5.642617124750012175e-02
1.287141267032117867e+03 2.940302712357293444e+02 -1.330251219856153945e-02 2.757430684431427109e-02
9.910344003679740581e+02 2.039403700187837103e+02 2.833991162920974135e-04 2.687580807227506197e-02
2.548522464446271556e+02 6.650165157647575143e+02 -7.522618647556663252e-04 1.058066436754226836e-03
1.174974716195888050e+03 2.481398638375611370e+02 2.087765785235079843e-02 1.614256606538727601e-02
1.131050025621583018e+03 1.736783008714611753e+02 -1.070888792651338434e-01 4.392877699383985340e-02
1.119920235599650596e+03 1.857857220289347993e+02 1.305211257202488345e-02 7.029917842777366234e-03
2.904003912093124313e+02 6.005045710563116472e+02 1.520239603653993597e-02 1.396151919274110165e-03
2.216826925338170895e+02 5.746520632533848811e+02 1.251991166466870919e-01 -2.240324111711921029e-01
3.959847601303827105e+02 1.083944139180093089e+03 2.346496694934374627e-01 -5.162458558005809245e-02
2.610915254919742097e+02 3.587830032969730496e+02 7.206294414368270840e-02 2.478812546544658935e-01
1.234768015474599224e+03 2.860619158014972641e+02 5.668361098282775814e-04 2.851178485753838414e-03
2.213683682034577203e+02 5.464508452854718143e+02 7.338996578560669226e-02 4.251759380004990069e-02
5.908956696261784600e+02 4.783426744780837794e+02 -3.612575025648189983e-03 1.359966090991058651e-03
2.134102824440515178e+02 6.002170171624876502e+02 8.314244297811751450e-02 -2.148298739794310130e-01
1.127522606593219507e+03 1.819732674135640309e+02 -2.025946525355666952e-02 2.263271428237901423e-02
1.224272745312569214e+03 3.559330705901539886e+02 7.328690798910861282e-02 2.001208776945079537e-01
3.927261279757518082e+02 1.093212021420897599e+03 2.393151970942083151e-01 -5.275130578619798699e-02
1.025279454860647320e+03 2.608483523541464706e+02 -5.018276948600158176e-04 -3.344955227428069583e-02
1.111320963446187079e+03 3.505655992901311606e+02 -6.729168562904504040e-03 1.110115403985961931e-02
2.591683435218532168e+02 6.019436823649947428e+02 -3.667976598317092144e-04 1.016314536405339350e-02
2.812837788000595083e+02 4.670441817816460457e+02 6.243897084293238697e-02 2.805907672452795931e-01
1.127270261221650117e+03 2.156474534555438254e+02 1.255676653673923858e-02 -6.714113463057782075e-03
1.204760172646642104e+03 2.024110999372728372e+02 1.006514140239782133e-02 1.680562884335573895e-02
1.260145946989243839e+03 1.959674032440317148e+02 2.997690342336942985e-04 9.618566391002850375e-04
1.008675194519641764e+03 2.103401726854312699e+02 1.115160847395582329e-03 4.275444726841492148e-03
2.436196356610569467e+02 5.735144682054810801e+02 4.337622718877003070e-02 1.682387661684974778e-01
2.196083889440408541e+02 5.765325509239123676e+02 1.423780010701277410e-01 -2.363185885864163283e-01
1.173627860482098185e+03 2.101924979429673499e+02 1.777250981004132452e-02 -2.636478068852778425e-02
2.524731225655078219e+02 7.140409719833954796e+02 2.009384811703252352e-02 1.937057245681493870e-03
1.112263444356506852e+03 2.222291589944225905e+02 5.468417113647234401e-02 -6.456388555400539853e-02
2.801377383215352666e+02 4.467707830429532123e+02 6.380880990706100375e-02 2.714944551110308746e-01
8.861484250043451993e+02 9.296150810229260060e+02 8.941387776328363216e-04 -5.733797838515648738e-04
1.075415206569116435e+03 3.063353749145745155e+02 -1.202663565391048905e-01 -2.468477995834739425e-01
2.887756065443221019e+02 5.105636107537671364e+02 2.262411388021080133e-02 1.897423186303073828e-01
1.299451598299426678e+03 3.140326282065191208e+02 -1.752890220129779426e-03 1.076140803480813085e-03
5.747021826495323467e+02 4.056527898708939688e+02 6.298755087455712876e-04 1.481311483382008812e-03
2.129713780146531690e+02 5.702206385097134671e+02 1.452731571569263191e-01 -2.496407371235687955e-01
2.785298050117138473e+02 6.055793784355981870e+02 4.194038498091701844e-02 3.121076698823348899e-02
2.470076926156127968e+02 3.568292744284307787e+02 7.079181435621687002e-02 2.888116257237958173e-01
1.022270975193098820e+03 1.623669663287142555e+02 1.553159981857797894e-03 -1.176912701675399825e-02
2.046171040416086271e+02 6.621072753059960405e+02 -1.884353189952723828e-01 2.203037504506199229e-01
2.199564741122954956e+02 6.120588719339085628e+02 9.155894308641855661e-02 -2.282151096961831382e-01
1.046323546183936060e+03 1.685502248311901496e+02 4.145932980189190840e-03 1.172627727635019681e-04
2.357957698559975768e+02 6.515096774654450655e+02 4.717983481922397200e-03 -7.158399444535623558e-04
2.536244520991299964e+02 3.548872622683891791e+02 7.857752569676204613e-02 2.812183260861086942e-01
1.044997036340538216e+03 1.827887128321860075e+02 -5.705250409081068751e-03 7.549134920361441452e-03
9.424582907398470866e+01 3.718408769635286149e+02 -1.851232176561787568e-01 -1.618921777773725812e-01
1.188673358957945538e+03 2.536400236929607104e+02 -4.766998812191568062e-03 1.573263217503800219e-03
1.146341610437724512e+03 3.568613396007877441e+02 -1.066662980567775927e-02 1.342277918258607226e-02
9.829485423219526865e+02 1.765576444468754005e+02 -2.939778265911600560e-03 2.668281923232339314e-03
2.106591079700040439e+02 6.044444427670678124e+02 1.480702428911701840e-01 -2.629214910627303836e-01
1.312060461667936977e+02 4.341090056799458807e+02 2.027619429580401200e-01 3.101404394777255713e-01
1.763540646206540430e+02 5.207997500474408525e+02 9.913296015369300884e-02 1.573667344333530560e-01
1.180613403920083329e+03 3.347991088837401890e+02 4.449587049500881224e-04 -7.435006011589150943e-04
2.622734371097466237e+02 3.406964543312925571e+02 8.050084310772072371e-02 2.512187119042977312e-01
1.029817969523014881e+03 2.471356251749032538e+02 3.190426798091090723e-03 9.200755871551345873e-05
1.397201278156190085e+02 3.885806179439576340e+02 2.604568682320495057e-03 7.993413819114680158e-03
1.811398754764933585e+02 5.205331083250441679e+02 9.540658442452354393e-02 1.628175579533553408e-01
2.007535905191779477e+02 5.316587266933238425e+02 6.912343443364102336e-02 9.740484107060476404e-02
2.442479212898452658e+02 5.365208149939072655e+02 -2.345514596068666024e-01 4.815534930929428192e-01
1.161359773660519068e+03 2.534359372539783521e+02 8.901649038820647411e-03 -5.899065360339498902e-03
1.023602394863032600e+03 2.804193716799934464e+02 -6.068191363406095704e-03 1.107478531774870427e-02
5.021965794595630541e+02 4.821117589411947506e+02 -3.349039584216118650e-05 4.852039655106344003e-03
2.155108115442832570e+02 6.152332960001741640e+02 1.086378667869093984e-01 -2.396080497304547974e-01
1.197566392336954550e+03 2.287173552178593923e+02 4.528605149453772166e-04 5.063495635334677551e-03
2.533562362243569055e+02 3.407576691437610634e+02 5.708737681571717654e-02 2.726125055427499611e-01
1.387979012973445379e+02 3.984350481790637559e+02 -2.225095043844577505e-04 7.717230335027008142e-03
1.128683383862195342e+03 2.427504197656310225e+02 2.375291273499284886e-02 1.105106614453951232e-02
1.157981064177229882e+03 2.247566936543892666e+02 3.811288060638157865e-02 1.732948896131764754e-02
3.129721398945894180e+02 5.545843135413430218e+02 5.625731266814179826e-04 7.060480715536679441e-03
2.435028010674791688e+02 3.485160766657253930e+02 7.530928206644163514e-02 2.992561331733052388e-01
1.093830927454243465e+03 2.401473089271152048e+02 1.746357817547495878e-03 5.855582229071894240e-02
2.234157444737537617e+02 5.649610631164755432e+02 9.493199696655434117e-02 -2.787962278589790621e-01
1.225756660313563543e+03 3.411373393298522387e+02 2.910629842655664823e-01 1.524731774166874498e-01
2.540323889345761756e+02 6.235366674947500769e+02 6.029058548749741293e-03 1.544725570424883981e-02
1.025774486105059168e+03 2.432806717223985800e+02 -3.859005887984539511e-04 8.361751291264983219e-04
5.148273152760014000e+02 4.738200702753941869e+02 -9.026349835847772424e-03 1.186857077227771850e-03
1.185635190921336743e+03 1.721592912955649979e+02 -6.449061911525229285e-02 -1.160463400567764494e-02
1.227126365390385672e+03 2.797612018084560646e+02 2.525766910084127279e-02 2.114829712985263344e-01
1.115703555305146892e+03 2.483870618015817229e+02 -3.331908675821717430e-02 8.896909556848262013e-02
1.257199807108731193e+03 2.925177629400646424e+02 2.069295521857051137e-02 -1.427645828655757509e-02
8.816563908356989714e+02 1.100586717714781344e+03 -2.235414096395459778e-04 5.014023417295380806e-04
7.531555373029262910e+02 8.452654861814559126e+02 -4.769751024227979240e-04 1.071265308994070195e-03
9.880035622337670702e+02 1.773352003072790808e+02 -1.697290621557903667e-02 2.290341604110169432e-03
1.222323752033995106e+03 3.763553491985822461e+02 -7.521452935094149334e-03 -7.053501981610481048e-04
1.987532483964095888e+02 6.618222142663860268e+02 -1.944369288171733379e-01 2.174674978292614469e-01
1.112410730430721742e+03 2.176973037224580878e+02 -3.646049258739565702e-02 -3.355515140914534788e-02
2.502333629802782582e+02 3.728405882080073184e+02 3.670719146188813897e-02 2.570938117900957165e-01
2.383789065019191469e+02 3.771424477250858445e+02 -1.007992288488967214e-01 -3.373939355671237150e-01
7.416479676544057611e+02 9.597971072233427776e+02 -5.483844756297751076e-04 -6.984774517271637596e-05
1.096564836694033147e+03 1.841295541388226411e+02 -1.437605317646715175e-01 1.088820097428984529e-01
2.514447075594245007e+02 3.323077334435815260e+02 6.927039779899635263e-02 2.605481340568898685e-01
2.249491221372651921e+02 7.562022899314839606e+02 3.516597745317821561e-03 1.773147827925460746e-02
2.179021617498978287e+02 6.314055365850435919e+02 -1.081382500207622444e-01 2.546697072936283113e-01
1.139270934737702419e+03 2.407896453382508355e+02 7.432669649098880282e-02 1.531861820901870251e-02
2.235384536406416203e+02 6.673487259442057393e+02 4.925389243226163671e-03 -2.294375675313687756e-03
2.560758878430090704e+02 3.296017927438898596e+02 4.490246095029127443e-02 2.539723830489629131e-01
1.808283005073130312e+02 5.455651355207421602e+02 -1.795089584808331196e-01 -1.155198257667410522e-01
5.028716762964970144e+02 4.397590546410113461e+02 6.001221227629595020e-03 1.084898044625912106e-02
2.117038034087455856e+02 6.263961649617372132e+02 1.592460172761286930e-01 -3.002305610072432684e-01
1.129678457013126263e+03 2.283836028328121870e+02 -5.231850818518068991e-03 9.214312149200026142e-03
1.171668684759700682e+03 2.262816204225458421e+02 7.571254541379867503e-04 2.665037394182950044e-03
5.299016437863976989e+02 4.384218860732872258e+02 1.253541005554203655e-02 -6.354440984619774864e-03
1.193919353109751000e+03 1.833909982079844667e+02 -4.487373554004061606e-03 -2.270081356456701838e-02
2.798920747533639428e+02 4.796495617019828615e+02 -1.722024779249212156e-02 3.010664378329889201e-01
3.689936328848486937e+02 5.182776380117549024e+02 -1.061663891299317354e-03 6.186395312284947165e-04
2.763626088945472361e+02 5.112826118369824826e+02 1.816145377759307844e-01 -1.866334722341499996e-01
1.135522351749276595e+03 1.918438229842778924e+02 7.944085254139551452e-03 -6.088560381878850396e-03
1.015088518541626399e+03 1.972302863232515904e+02 -7.115463045292949595e-02 -1.102932189762564630e-01
2.185332731000391391e+02 6.623939322987429250e+02 4.488725786248128069e-03 6.786108841102795816e-03
5.602957417146484431e+02 3.900335721300153864e+02 2.577071571034021940e-03 2.913892096656392917e-03
1.014071222227471139e+03 2.399340515931582161e+02 3.547302012937885579e-02 -1.108217446033811227e-01
1.083038478688438317e+03 2.973934481530290554e+02 -3.977595850096331542e-01 -3.592375205678342148e-02
1.324695313757822248e+02 4.250035537611621521e+02 2.234426448100702289e-01 2.897698967160877159e-01
2.286056547062329400e+02 5.267484383129860817e+02 -1.421755619266390144e-02 -2.309356019816052527e-02
1.019745787381542414e+03 2.183138367163866462e+02 1.435403095760337620e-03 -9.087841230577603166e-03
1.179553728723680024e+03 1.892961513546415802e+02 3.261176380835134614e-02 -5.715137749233755587e-02
1.150934586048595293e+03 1.944596304198441032e+02 1.260318265650483410e-02 6.867415123900685869e-02
9.512619584936451247e+02 8.988089839050853698e+02 1.173773328496349050e-02 2.648547794565544664e-03
2.666639162529587566e+02 3.968827108217982982e+02 2.902336196172817032e-02 1.963984105154270299e-01
7.937697637210370658e+02 3.832944778956021992e+02 -3.698094773238441886e-03 1.261080299122674039e-02
5.177032025257788064e+02 4.588458846971616367e+02 -3.344728081347597324e-04 1.040106077375910036e-02
1.076997611947933592e+03 2.040388018010692122e+02 -5.247969238071433992e-03 6.576270126629424340e-03
1.247673463014186837e+03 2.767254376462027494e+02 -1.118096382270138828e-01 -5.674566416038631309e-03
6.505389972925788697e+02 4.988530179695236484e+02 8.447643689887943119e-03 -8.208293868446812913e-02
1.060283992939979498e+03 2.271572344664023433e+02 -4.316614937138048454e-03 5.208293035873384248e-03
1.215871727381768778e+03 3.655519065532052423e+02 -2.297008669412693715e-02 1.069554001147353245e-01
1.019774580769121826e+03 8.063502097432258324e+02 -2.225417255991793831e-04 2.891704757049896879e-03
2.755968158477239172e+02 6.708538314403411960e+02 -3.350715170524993635e-03 -7.518518596293463467e-03
2.780662875473762483e+02 4.393822591792527419e+02 9.692595981004675787e-02 2.187018481262078540e-01
2.045256574634057927e+02 6.191150845191144754e+02 1.524008293840185824e-01 -3.077146681656068306e-01
2.018588815088348554e+02 6.313936730289514117e+02 1.499101012695447377e-01 -3.232171906662100191e-01
2.579631225808636259e+02 3.504183464050997259e+02 5.864744893089989669e-02 2.753582132144984929e-01
1.068947791760098880e+03 1.667517380431735603e+02 7.922927826092575343e-02 6.152245451343167637e-02
7.439639446069105588e+02 3.949807720676675444e+02 3.645251939186135506e-03 8.566312826621587124e-04
9.608918838474114636e+02 8.346966008778141486e+02 -1.790436820188276304e-03 6.913719085305544340e-03
1.046163389012773905e+03 2.123606984731511034e+02 -5.687013679185739384e-02 -1.473337195348087547e-01
8.474210570520484964e+01 3.474255779532916222e+02 6.167911363952712682e-04 -4.515418569548665384e-03
2.635215914908999935e+02 4.750464691593793987e+02 1.541736424431850438e-01 -3.987403713837170960e-01
1.050447992363213643e+03 1.762627081210224560e+02 1.403508727862099736e-01 2.645782480116893806e-02
2.002401931575669778e+02 6.055533200487996055e+02 1.642777018660624699e-01 -2.796311814886506819e-01
2.524373569435872753e+02 7.074518022718405064e+02 -2.505230082335563931e-03 1.388188035042109587e-02
1.850244663460548225e+02 5.035505345130652586e+02 1.584937130388478221e-01 2.949752850672385240e-01
6.389644580415566679e+02 3.760113327679271720e+02 -4.466896962455420739e-04 4.944594740914336900e-03
2.075017016593381243e+02 7.318252883147348484e+02 -1.362550900994910323e-02 -2.540713153687440551e-02
1.192034540293487453e+03 2.249822241821203477e+02 -3.559512722191213174e-02 4.675493184086379136e-03
1.238982340720821639e+03 1.259816586773397944e+02 3.656437233469813156e-03 -8.593223222397279940e-03
1.953543239496736135e+02 5.666553168436245187e+02 2.661796898542168055e-01 6.281466381639716490e-02
2.970052092456572836e+02 5.175077845512349768e+02 1.061894352463889747e-03 2.628453605088924006e-01
1.980575557236385293e+02 6.919124804131324709e+02 2.856927056236802532e-03 1.823168397480246644e-03
5.777884158481172108e+02 4.965300943024872140e+02 1.099007686672065281e-03 3.667361924461075458e-05
2.963058082894619361e+02 4.890106607913145353e+02 2.574375875385139997e-02 1.992842648494748681e-01
2.546145783448964437e+02 3.162542028483770764e+02 8.250572664904792797e-02 2.766389142687415981e-01
1.185654550619743304e+03 2.084855107276260355e+02 -1.986464628771950763e-02 8.354520944234906238e-03
1.043901555919336715e+03 2.024407228355223936e+02 5.517120234335469789e-03 -8.928013003578361834e-03
1.028172059120491440e+03 2.215788172285930386e+02 -1.672063499011411658e-01 -5.792003431826437537e-02
1.112677101954770706e+03 1.611727855408068990e+02 -1.893335640921568405e-02 2.324762693585301701e-02
1.014339713277530791e+03 8.695714905304678268e+02 4.248178221290133810e-03 4.114846671310521623e-04
2.003950937179612026e+02 5.964269931082076255e+02 2.225513197383456321e-01 -2.854390299654078755e-01
1.203494121395687216e+03 3.615279090090710383e+02 1.156991720860544443e-02 4.988291177084539906e-04
1.142676726997832702e+03 1.725721336399946040e+02 -8.973072349759730892e-02 6.897178986724050720e-02
1.114952306752733193e+03 2.029900701289622873e+02 -3.342571844450278884e-02 -6.101741224412170900e-02
1.004141996763609427e+03 1.793860595782019800e+02 -1.117376638239987903e-02 5.682139747813265418e-02
1.144426475229817015e+03 1.982595803259577849e+02 -1.390313968957991976e-03 1.726718274321762531e-02
8.751859223587050565e+02 8.728368753381555507e+02 -1.540215651600376941e-02 7.701763969013728992e-03
2.183239913166798658e+02 6.750281224440198002e+02 -3.138013085494812445e-03 -1.658375162429086367e-03
1.151992993634255754e+03 2.517586135399072873e+02 5.436031910433188064e-03 2.117590152424117869e-02
1.213193413073265532e+02 4.347780037392365671e+02 2.144459914563749403e-01 3.143540718477378926e-01
2.439783433216016988e+02 3.193649314660593745e+02 5.741396519635266760e-02 2.789643061700930460e-01
1.140600675058530214e+03 1.937334531212343904e+02 -2.837483560797679147e-03 -1.082081283983811829e-02
1.008143519335160931e+03 2.478787168470168751e+02 -1.965313687801741559e-03 1.129533548796368171e-02
1.084009667096843941e+03 3.153763783221853600e+02 -1.900498205792439665e-01 -4.759494376624485296e-02
2.951028189562278499e+02 5.291820154484374825e+02 -4.189498902627970117e-02 2.422605913703515246e-01
6.155983517528030688e+02 4.309166234190666387e+02 6.359207344598534484e-02 3.399837983804186725e-02
1.836931862037178291e+02 5.766499511948640020e+02 1.439118394842269777e-01 -6.614594939978049593e-02
1.156371503260731060e+03 2.280152354880649170e+02 1.599433258470841362e-02 -5.978950231684058286e-02
1.247023257147324330e+03 3.046775977483397924e+02 -3.207249943305007234e-02 -7.758251371207434965e-02
9.312704307981251759e+02 8.857518518394634839e+02 -2.948714720712202267e-02 1.078350743154877188e-02
5.592851215026377076e+02 4.187905252733808084e+02 -1.243574353695591373e-03 -5.033049533048962118e-03
1.029452755160841434e+03 2.659153276968953037e+02 2.379732956096811819e-03 -1.298159174198212744e-02
2.249213004677992274e+02 6.039988108584244628e+02 8.370562187973162871e-02 -2.096458646564965667e-01
5.464195669881286221e+02 4.426176359009766657e+02 -1.238615582456032392e-02 -4.288538028720380833e-03
1.173550079593102282e+03 1.438862328655094700e+02 4.698389639432855487e-03 -5.510678930916004629e-03
1.867122321793075628e+02 5.695123549635260360e+02 2.446773348267400061e-01 -9.725573464432426055e-03
1.831939361643837003e+02 4.993998165548118209e+02 1.647286260963136406e-01 3.017752308371490222e-01
1.198490929836508258e+03 3.258969097067648022e+02 2.771041534712253562e-01 9.702389946432674050e-02
2.679382722471096372e+02 4.540758732366629147e+02 -4.499959817231417511e-03 -3.039015034005881910e-01
1.505004950964212185e+02 5.012811756818364870e+02 -1.481653786412222285e-01 -3.545772576220284633e-01
1.224253662757820393e+03 2.164791010478064379e+02 -5.831997983264183838e-03 1.075366246852533549e-02
1.099674763883238029e+03 2.281265928711428046e+02 2.864573022468003185e-03 1.053552647362883225e-02
1.073645405990996551e+03 3.464938096671784251e+02 2.082646356247255803e-02 3.145952024873594627e-02
1.316508842952074190e+02 3.925573584645569554e+02 -4.439767644579835533e-03 -1.188628986228164840e-02
1.782385012146908991e+02 5.097388180162751610e+02 2.113826939603772603e-01 2.587528598509495903e-01
1.077029470594725808e+03 2.245492066814244083e+02 7.177628923095369373e-03 -1.050147303090535368e-02
1.171708520435469154e+03 1.921827169717773529e+02 2.750264454108730661e-02 1.279485733257808809e-02
1.183965221037500896e+03 2.904216072246449585e+02 -2.307310213997789961e-01 2.060983891427638215e-01
1.855638064587837732e+02 5.759010585113690013e+02 1.824312896018183139e-01 -6.335661700046202327e-02
2.841525357422439129e+02 6.203103485461743958e+02 8.247881577254645435e-04 2.308411591330402149e-02
1.033075575402177492e+03 2.557984616628187666e+02 -9.635702942536555210e-03 2.275446338194989371e-01
1.011156967486204621e+03 2.486405187498633609e+02 -8.564311760276849955e-03 2.241425702380333597e-03
2.130940512846455590e+02 6.899930588525234043e+02 1.279669492890263272e-01 -3.737398533039184012e-01
1.845282111861439489e+02 5.636186499631573952e+02 2.546606590298153283e-01 -4.978065282754898929e-02
2.881720791328594942e+02 6.253473759582537923e+02 -8.205786973944868617e-04 -9.780081991607403324e-03
1.119528393894271858e+03 2.067106534324771587e+02 -4.001804513831706822e-02 -8.900200227500931760e-02
5.372895155653319534e+02 4.706067280802540154e+02 -3.795599252615679958e-02 4.285928872099924875e-02
1.086766938545775702e+03 3.066271971745502469e+02 -2.008796700582118622e-01 -1.036778134960921610e-01
1.037830457272202693e+03 2.790566516929535510e+02 4.450260326461830118e-02 1.424173528328314398e-01
1.170087058027395415e+03 2.532114867135523184e+02 -1.745181857462168489e-03 1.075696242212065799e-02
1.204180469399243805e+02 4.422863512307421843e+02 2.141364997023837424e-01 3.157969434949172705e-01
5.743297896522466317e+02 4.971335691352215918e+02 -6.527948922984612781e-03 -3.216855390479006135e-03
1.177715459661137402e+03 3.656151079288506480e+02 -1.405124614124050354e-02 -1.814569628182825106e-02
2.604797919339804366e+02 5.907903411995553142e+02 6.805216686985442708e-03 6.589465965853045192e-03
2.380866610014825824e+02 7.665990287177519349e+02 1.051553797531897330e-02 2.946659155086779960e-02
1.122463373490961430e+03 2.139865957218293033e+02 4.196951331826426213e-02 1.468719512067764334e-02
8.279530836516433112e+01 3.346692358578633844e+02 -7.985687102518209193e-03 1.299641315367059367e-02
2.876958636803225886e+02 5.366918500599964545e+02 -3.884426083765349369e-02 2.590891143209022585e-01
1.937152614175815870e+02 6.446102980563839537e+02 1.312242580593298291e-01 -3.244466594015117944e-01
2.414556449697207086e+02 5.241280658745031360e+02 1.603795741627197513e-01 -2.317806446707769974e-01
2.614562918332107984e+02 5.356767748106317413e+02 1.271745368613386717e-01 -3.108587916497086989e-01
1.030825621131377602e+03 1.868250617496821917e+02 -6.614868445798922914e-02 -3.017678980833992525e-02
1.177069597100592091e+03 2.237506137142803198e+02 -3.735005368822074019e-03 7.600197372875521634e-03
2.788135148317160201e+02 5.207382560665024585e+02 1.695975578752817181e-01 -1.933496966972361453e-01
2.303817620734791092e+02 5.786713147312000274e+02 7.675740504961450772e-02 -2.982851149576175032e-01
2.843473063328573289e+02 4.849340289781907245e+02 -6.027890312267193684e-02 3.302288607008320720e-01
7.636720401214639651e+02 9.622965062987282181e+02 1.411030206061999028e-03 -2.905317128579554048e-04
4.634375671486095030e+02 3.926496715884027822e+02 -1.285102569437566533e-03 5.188072128339319376e-03
1.085371435793897263e+03 2.573352208708060402e+02 2.187419360760511633e-01 1.198967612964199070e-01
1.145086241809420926e+03 3.620724397870935718e+02 2.124389981785909307e-02 -1.653299425069226086e-02
2.759821735238034535e+02 6.465926752675803755e+02 -1.906523118848186399e-02 4.093227117623864271e-03
1.056847990687360380e+03 3.149058116861351664e+02 2.057398091025282871e-01 2.495803636747742638e-01
1.682953561252421082e+02 5.005194982830514618e+02 1.902612852317249192e-01 3.450810545239741400e-01
2.867362123428916334e+02 5.261376355228624107e+02 -9.072305097615555869e-02 2.627526515072171054e-01
2.797274506229254030e+02 5.474861606423545481e+02 -2.264252454035382833e-02 2.864725472747647883e-01
9.873870148914736546e+02 1.865661443679471745e+02 -1.714551767679165645e-02 -7.218284355396498153e-02
2.352683388522552264e+02 3.066159846639707212e+02 5.810009185276916732e-02 2.291534828605718832e-01
1.102325189015938577e+03 1.988686192414360221e+02 -7.241906621562948891e-03 -2.510492499891453858e-02
2.156261802239100120e+02 5.281843537592219491e+02 9.948301975829544619e-02 5.310664322332028092e-02
1.075210826342971586e+03 2.472410787032000883e+02 2.366726524857306335e-01 1.834083481334436994e-01
1.155318128494659732e+03 2.591933992963839728e+02 -6.231780811690372512e-02 1.244128306186068483e-01
1.198747816006588664e+03 2.022770732046584783e+02 6.559141224163165564e-03 -1.346399932245171543e-03
1.245278544276883849e+03 3.144184270565020825e+02 -1.935403126035313282e-01 1.687768147566780230e-01
4.639176567331978731e+02 4.559835026967242584e+02 -1.058964889884794758e-02 2.543496148906054799e-02
1.079287935774820653e+03 1.638556334275714903e+02 1.439367455738391754e-01 9.275904114528277233e-02
1.063232279430902054e+03 1.798673333282557394e+02 6.374381796000250233e-03 -4.173739166251522192e-02
1.145778507743358659e+03 2.450366996383652634e+02 2.130119807406305119e-02 4.990539662884880883e-04
3.034883719924440584e+02 4.988182052057202327e+02 3.008911660527516241e-01 9.624652065312030991e-02
1.180707011311647420e+03 2.043788708708605100e+02 7.741260285216310100e-02 -8.177577347906835048e-02
5.270586235328180464e+02 5.067545357976474065e+02 -9.195844116157175134e-04 2.596692122748380308e-02
1.262996255722174510e+03 2.683713397623324113e+02 4.195488023791161397e-02 -1.473344473461300590e-02
2.739340498384177636e+02 4.099718526342721248e+02 4.616897723411835658e-02 1.684729449327954653e-01
1.026377789660526105e+03 1.813386573955453684e+02 2.180705677489825842e-02 -3.250373659789657782e-02
1.098179338779534191e+03 2.664182373141441644e+02 -2.227824349933543724e-01 -1.048796756674256619e-01
2.372308515245815670e+02 5.415511612985872034e+02 1.510320941777845705e-01 -1.874370785281857521e-01
2.427171036065357157e+02 5.893520683434129523e+02 -1.679725925457042635e-01 2.507707734810122324e-01
2.266089556186641119e+02 5.931680380928261229e+02 1.202711533456952558e-01 -1.902180646087082150e-01
1.086652879432331929e+03 1.842669815796992054e+02 1.317822420875305323e-01 9.657491294777835467e-02
1.084282445328004542e+03 1.792567138754369012e+02 4.743421505071909045e-02 -1.829570754333764426e-01
1.077485123803161969e+03 1.946190601272661240e+02 -4.185745196114191990e-03 1.307588096297226943e-02
1.265863973019273999e+03 2.036254671035717649e+02 -1.586529765633888905e-03 2.379218540528327611e-03
1.089636053707837846e+03 1.747253738874416342e+02 1.061399627446308197e-01 9.793636010277140258e-02
1.058580393931680419e+03 2.124098687144935411e+02 -6.792615437731390482e-02 9.530530403155117181e-02
2.170436596518122201e+02 6.699831066713039718e+02 1.800998984888327673e-02 5.967959535477364297e-02
2.449829527307105650e+02 7.211361281851785634e+02 -3.910642104023460616e-03 -3.560219727053289852e-03
4.428562458196908551e+02 1.085493476843242661e+03 2.942363963488503487e-02 -1.911168648295610535e-03
2.115355584528423947e+02 5.888800146933224369e+02 1.264322717876583957e-01 -2.650629004514795106e-01
2.134040008347525941e+02 6.718246770050328678e+02 -5.299631720971443964e-03 1.107228643319021176e-02
1.090789741539536863e+03 1.911596838213864658e+02 2.220431900733880418e-03 -1.214033111767565522e-04
1.154464126314333498e+03 2.346131208347369750e+02 1.445412618514402107e-03 -5.460662188299268346e-03
3.137394251591707643e+02 6.092402464107528886e+02 2.761220859553372223e-02 -1.162686816847250705e-02
2.562792198428509209e+02 7.351072538839969184e+02 1.208696564499531570e-02 -3.550927846942142016e-03
1.820885352908377115e+02 5.321197205020879437e+02 9.051408956064034561e-02 1.096843313238238943e-01
1.169685950338319117e+03 2.145974634517299080e+02 -4.083341899020541399e-02 2.491175251299826074e-02
1.995622662126593241e+02 6.928902924541956736e+02 2.191628521991483610e-03 1.805407136979532510e-03
1.035882026488520523e+03 1.755873678760636096e+02 4.116236108525474745e-03 -4.171774058714998630e-03
2.666894977387432277e+02 5.952971481984127422e+02 -5.307728816601498499e-03 8.366663506550891388e-03
1.026346820905434470e+03 2.255547716684617399e+02 -8.762411539833367402e-02 5.288765578755075247e-02
1.177860531184996717e+03 3.631258776877258470e+02 -2.065829203371661107e-02 7.394648354898649724e-03
1.140322291958137612e+03 1.813438614907431372e+02 3.975691288595044337e-02 -5.405123580684289414e-02
1.047501630276963624e+03 2.714507989086941393e+02 -4.860146563232774740e-03 6.041526744202201094e-02
2.348907597178204298e+02 2.993918026407513935e+02 8.619809101807618390e-02 6.643348475839683243e-02
1.195818101097759836e+03 1.866666213065052489e+02 -7.326026891924737605e-02 -2.140153280154197257e-02
1.163955089478464970e+03 2.084124350404366623e+02 -3.001191578825492586e-03 -2.981980009303929549e-02
2.279132985386392249e+02 6.299522077603429580e+02 -8.687639859711716872e-02 3.079030980751139013e-01
2.633375246566817509e+02 7.079232891133532348e+02 2.225960822338214629e-02 1.155219293447344760e-02
9.666856799499315684e+02 8.710265436681397659e+02 -4.823104229386649365e-03 1.214685060726507573e-02
4.814633239002316714e+02 4.758740305247758897e+02 6.414430534437798315e-03 -5.327238864509808991e-03
1.114414462013704451e+03 1.859778378698008510e+02 -9.309833767240623115e-02 2.213047433412060061e-01
1.016743467474079125e+03 2.299022721206912649e+02 1.242616113673496690e-02 -2.738592992318563454e-03
5.354124208106334208e+02 4.395798408640955586e+02 3.483202827626573524e-03 -1.914758009726764227e-03
2.137310366962981050e+02 7.241996219919299165e+02 -3.845466509286214057e-02 3.760815592386279604e-02
3.401976366461269663e+02 1.089415857023138869e+03 4.753595467428383681e-01 -6.357883206989869973e-02
1.084684940297290268e+03 1.790296418229315236e+02 1.098029956555780229e-01 1.083789149288986453e-01
1.007796859068270805e+03 2.588933788314504341e+02 -2.608042672076378229e-02 3.761708695742650710e-02
1.087092853081216845e+03 3.324012488166684989e+02 1.208603617151064319e-01 -1.771770247933968367e-01
1.160748891022490625e+03 1.953090823217183072e+02 -4.630499566687139301e-02 1.930318626543887084e-01
2.723423430462555643e+02 6.560508448069481346e+02 4.568729073346720730e-03 -6.509885509093316092e-02
5.741279675955867106e+02 3.948799218088147995e+02 8.191707139551201652e-03 1.628256822642192014e-02
2.390993315563433441e+02 5.905932178436852382e+02 -1.645151925035880369e-01 2.052832842402697033e-01
2.039986391934449443e+02 5.886664391202385787e+02 1.122323494375551539e-01 -1.488639084500568421e-01
3.439347847675432490e+02 1.094528291777018694e+03 5.054371346842988499e-01 -8.651767932120593696e-02
1.152455130983052413e+03 1.414011073863183583e+02 1.145950599699393641e-01 1.326731535378914036e-02
1.163928626151673143e+03 1.811363752491414232e+02 -1.558534337490972144e-01 9.765059839685040488e-02
1.256131506380880182e+03 3.043391441996123490e+02 7.191980082679223785e-02 -4.619804061192034350e-01
1.192950720286117303e+03 2.256900899854902320e+02 -2.053014437328149269e-02 2.626278161490975399e-02
2.275010869711306896e+02 5.439379132166410500e+02 2.561581554429486624e-02 -4.874501231748917113e-02
1.083857977418810833e+03 3.364628729733232717e+02 4.758958380307376501e-02 -8.898194667092244881e-02
2.853780149337313787e+02 4.664315522101316560e+02 4.184200928473132131e-02 2.805068293634576659e-01
1.038791749322583200e+03 1.990823769902200979e+02 5.382131356926152244e-02 3.188845702723384218e-02
1.158752467215213983e+03 2.519960611574625489e+02 -8.659241945895245623e-03 2.145704744311984630e-02
5.903712379724116772e+02 4.165348919173609943e+02 -2.145519019482213831e-03 2.178766262131713941e-02
5.107525307249451885e+02 4.927571849494635217e+02 5.207724939690449965e-03 3.523695289504466272e-03
8.151231997307165784e+02 3.710513451794619186e+02 7.152997552995470076e-02 -2.959818916271836700e-02
2.647685719375936628e+02 6.737369519887798788e+02 8.650393944724153001e-04 -4.353795036489571495e-03
1.960370053547774774e+02 7.024157240717081550e+02 1.940890706640120006e-02 1.452720591172843891e-02
9.463101854814935621e+01 3.350239839469606409e+02 5.827418943501296630e-04 2.302596011843075201e-03
1.147064923401283977e+03 2.815076558790731269e+02 -3.232158900704904924e-03 -1.465261315797461959e-02
1.137864031183205270e+03 2.962175989289744962e+02 5.320029048999532634e-02 2.596629149344119591e-01
2.283911880455109440e+02 6.117765455683477285e+02 -6.215809056595691245e-02 1.530534799175859162e-01
2.228912552858600122e+02 6.129597952007347885e+02 7.603235424416063259e-02 -1.979285203799002468e-01
1.116483739292360042e+03 2.310209044535203304e+02 -4.884807446777964662e-02 2.852427461571262479e-01
1.079542015846663617e+03 2.483517582795537351e+02 1.781106599432670523e-01 -3.794760280425653609e-01
1.035360593919991061e+03 2.995601796636129848e+02 -3.927441414223014661e-03 1.723099061405580085e-02
5.152646587963718048e+02 4.872507442723395457e+02 9.745434586290814593e-04 -1.004154178315437573e-02
1.072271333241632419e+03 2.022236351624694350e+02 -8.465458719384904435e-03 -2.100625087546420869e-02
1.350980746859759392e+03 2.615441015009125749e+02 1.628967803331501625e-03 -1.166044165538551204e-02
1.119616898817205993e+03 1.629834419574355024e+02 -1.859928738222687006e-01 8.185799555090177149e-02
1.043987262777086698e+03 2.469608157639922581e+02 8.312845136448658925e-03 -3.026426644365522167e-02
1.102141819042553152e+03 2.426404679243600242e+02 2.982005802457746504e-02 -3.411482158985196071e-03
1.263449829602156569e+03 3.939623565978952797e+02 8.199729611553319489e-03 5.477688569629388798e-02
9.650832943372115551e+02 8.688099092814054529e+02 -5.079508986033729433e-03 6.025050080890035666e-03
1.173010714583251229e+03 1.791895763539020265e+02 -9.498803991467260829e-03 6.244393230537415539e-03
1.186900087240625680e+03 2.852452530533811341e+02 -7.100870768220540752e-02 3.385868656151687639e-01
5.710014434244729955e+02 4.045875226060583145e+02 6.231085110641743086e-05 8.853889557817851141e-03
1.098362161506464872e+03 2.477940192406117887e+02 1.284079324108944320e-02 1.379626442434034317e-02
1.158113483700917641e+03 2.051124974004572437e+02 -1.696409142177657259e-02 -4.618060130863188562e-02
1.854548997489872875e+02 5.419429795329079980e+02 1.157736716600909210e-01 1.517559807979956266e-01
9.671929790252576140e+02 1.726174349870547076e+02 -4.196136822479861611e-02 1.146443050294661398e-01
1.064417084910111953e+03 1.974474998774504115e+02 -9.351996939497644618e-04 1.677570590042188475e-02
1.072691291820414790e+03 2.162340226245119368e+02 -4.553835935248864465e-03 -2.749256081770017762e-02
1.187016761262809041e+03 1.879924268565836201e+02 7.591876156480324364e-03 -2.350175004015443714e-02
1.103110191385851294e+03 2.022934696742297547e+02 -9.704888739323298819e-03 -4.978428763998105772e-02
1.142869438603889648e+03 2.079277154141976780e+02 -1.477227650326691788e-01 -4.350845183735808919e-02
2.122281133418700847e+02 6.642809559707095559e+02 3.697616904296789284e-03 1.566974837343195620e-02
7.064072392481003817e+02 5.828734139014970879e+02 -1.416840782894723924e-04 1.569043792180006272e-03
4.816270143712430354e+02 4.511927475582435250e+02 4.094755941119703618e-02 1.475171430104182946e-02
1.068725419366367760e+03 2.154944025224323241e+02 1.474104381139585210e-02 9.857017504633083793e-02
3.083565174940766838e+02 5.271895235338872681e+02 1.861482723145231654e-03 -1.292852899180413871e-03
1.234918943859314595e+03 3.194744516167320398e+02 -1.183105851725416019e-01 -2.168130854556343801e-01
1.181631344577922164e+03 3.704327376627913964e+02 1.258219271651866630e-02 -1.259735302704930587e-02
9.313054048987141869e+02 1.915312577487202077e+02 2.836124665746410714e-02 3.448981676568678434e-02
1.109779259128857802e+03 2.588801134066071086e+02 3.217653029126358866e-01 2.546784992728362562e-01
1.230962393437895116e+03 3.293075737688579352e+02 2.205841581151526121e-01 -9.491994342678708452e-02
1.970583425717013313e+02 6.864766603713002269e+02 2.552451455767368142e-03 2.816679139729831305e-01
3.236510744087914304e+02 5.448716073236140573e+02 -3.835879920337674498e-02 9.436888786811778451e-02
5.145945971636691638e+02 4.259704733710096889e+02 -1.242492713306151270e-01 3.204953728056906398e-02
4.638877950589176749e+02 1.099993184148505861e+03 7.378440058865318868e-03 7.204118868764414381e-03
7.171912479937936951e+02 4.759194130041897211e+02 2.885321027122245141e-03 1.221347609034689231e-02
1.175407671138287469e+03 1.579409499477945076e+02 -1.343810816204247388e-02 -5.401979859211368806e-01
2.269400161163158316e+02 6.733543560487606783e+02 -1.667559828119764831e-02 2.278747046287579910e-03
1.895456661204765680e+02 6.718543242056866802e+02 1.472689228720543975e-01 -3.458374332201349932e-01
1.477263511165766090e+02 5.287986908823676231e+02 -3.981375615883632479e-02 7.197268499919573514e-02
9.614771916606583773e+02 2.966571466242715474e+02 1.257436920320577745e+00 2.607091127266360608e+00
1.092910386888911717e+03 2.472914083792752251e+02 4.549103847231208281e-02 -1.048055120910305477e-01
1.813379867317415801e+02 6.524582381706810565e+02 1.207152360248542750e-01 -1.868557391098306653e-01
1.071656090337668729e+03 3.431358479259916407e+02 -1.517044271311437887e-03 -1.998439197372267606e-02
1.176304433824584294e+03 1.942976303873238635e+02 9.669091860539418687e-03 -5.857782903365504196e-02
1.139719582237219129e+03 3.891848097072635255e+02 2.081687751050546875e-02 -4.072362982320124926e-03
1.171476274182995439e+03 2.051369615589818807e+02 1.810366785712681781e-02 -4.201595314889693122e-02
2.475530593262792252e+02 5.435266252686202506e+02 -1.812828065836937508e-01 4.174322276087233941e-01
2.407914540416409466e+02 5.495896620838906301e+02 1.606662329937636191e-01 -1.547991851987578493e-01
1.013848572589274681e+03 1.671703781636639405e+02 1.340305877246972949e-02 6.025961733006530985e-02
1.027738961343977508e+03 2.335693256407750766e+02 -1.162715661994565518e-02 2.882832754915946524e-02
2.303014427050257780e+02 5.388684058672665742e+02 1.874602747695097715e-01 6.017873873068257246e-02
8.224307163298674084e+01 3.409297750565760907e+02 -1.025932105856774967e-02 -2.971691092688644176e-02
9.886551547995420606e+02 1.669262869967901395e+02 3.509324408095437775e-02 3.423166505693586714e-02
1.179550793430876411e+03 1.704165367887929960e+02 -1.474711580520420284e-01 -6.125741289501718256e-02
1.230505640469297305e+03 2.310648856986133808e+02 -1.008498955468439817e-02 2.701931665881929234e-02
2.324044693606866474e+02 5.375266643172725480e+02 1.454236204607717298e-02 -8.088615717048242004e-02
1.865331830680850373e+02 6.652997487622262724e+02 1.739901823107548040e-01 -3.357640002594379780e-01
4.645382373422281148e+02 4.549487660383960588e+02 4.742891515661540216e-04 2.653435312070466165e-02
1.112063975373370113e+03 1.732334419131741470e+02 7.196404270225684185e-02 -1.500239515912255572e-01
1.051006539376540786e+03 2.402238963238686438e+02 -9.397185754502666855e-02 -2.295066921556175032e-01
1.043192313791504375e+03 2.605746620747203224e+02 -2.919061621681369716e-03 -5.024129478428373402e-02
1.038728537400451160e+03 2.976891933518389237e+02 1.072246581251420083e-01 -1.332849277238589564e-02
5.029187555486328733e+02 4.684390850828179396e+02 4.669299484995852851e-04 -1.683966949843807015e-02
1.049588787235454674e+03 2.295227350057237743e+02 -1.663098774185657917e-04 -1.752471955100328924e-02
1.119612570774329697e+03 2.736599485354416856e+02 -1.816119227223355614e-01 3.011776152370210791e-01
2.175221142873194822e+02 7.702243222036386214e+02 -1.128140119061120904e-02 -2.738892072181897674e-02
2.365506611088362376e+02 2.933932399919311251e+02 2.351152998349229778e-02 5.215063171384861848e-03
3.004994637614438489e+02 5.119448886077663587e+02 3.829819450410153897e-02 2.286845017238367528e-01
1.154387964275407057e+03 2.395725190267702942e+02 7.540714477342520122e-03 1.959819104534797282e-02
2.569758246638795072e+02 7.397609756205930580e+02 7.917002559801963489e-04 -2.220548405673000974e-03
1.171056502455027157e+03 1.675057727834295633e+02 -1.224524365574476831e-01 -2.958894449830087869e-01
1.244934002532547083e+03 4.162105320423214039e+02 -6.559191497387928393e-03 1.622309139036796563e-02
9.435247937427425313e+02 8.557099852970054599e+02 -1.383015338154791607e-02 1.225479712589579682e-02
1.084427978643351935e+03 1.586352045981675474e+02 2.468851528642930504e-01 1.296922993915566036e-01
1.144059363522181002e+03 2.234032719349464173e+02 -9.373335035248104782e-03 4.764073939914355293e-02
1.251279923816721293e+03 3.108689761873918087e+02 -9.984274717335624161e-02 9.914494270439759560e-02
1.210895215172863800e+03 3.485811775591722608e+02 -2.103026737499517906e-02 1.332466657569026103e-01
2.537983843771819465e+02 5.803743528261695701e+02 -2.897248383386464773e-02 1.742808037787013375e-01
7.574130780533205609e+01 3.189480237526490214e+02 -1.397072020859155793e-02 1.042491650481110754e-01
5.177539153017332865e+02 4.256744729560435871e+02 -9.790181777123052598e-02 -3.637385797475758270e-02
1.122697958427230105e+03 1.546680599690804172e+02 -6.237315347286766926e-02 1.469899341021516648e-01
1.113418073777902237e+03 2.379650087728911103e+02 -2.099622069583801931e-01 4.229500650497357017e-01
2.722054574419349819e+02 4.174890203546209477e+02 9.774645343504239151e-03 2.772229071558424685e-01
2.080203251105008633e+02 5.227710301355109550e+02 4.845270175783551042e-02 1.594984814425970399e-02
2.989340576513268388e+02 5.070390186707816724e+02 8.158621246625823165e-02 1.224273304992998940e-01
2.025344339040625243e+02 7.187359142435766444e+02 -1.910215400005231268e-01 -1.152913563244055695e-01
1.009026673621963369e+03 2.390379857607156850e+02 3.450377895248379900e-03 -3.147591844353314627e-02
1.122200594944584736e+03 2.375131706640310369e+02 -1.828784340248148510e-01 1.196236363765272870e-01
1.091907985660137911e+03 2.753367032836715680e+02 -1.136127063442700091e-01 -4.276263556945991695e-02
1.235504465775131621e+03 1.367391942675689052e+02 -1.106064213681179353e-02 4.906307812914079136e-02
3.705050484125328580e+02 1.054034714894017497e+03 6.926356888243390131e-03 2.451074388991969499e-02
1.015430922380901620e+03 2.473466228545204331e+02 4.424103788768921769e-02 -1.433565892250011908e-01
1.043917295121608504e+03 2.573534704894162815e+02 -1.962993041591809262e-01 4.330465574846706356e-01
1.176641145959742289e+03 1.783022743134452526e+02 -9.796900882136989896e-02 7.049368007646502655e-03
1.943549086870330314e+02 5.442089311100831992e+02 -1.217770098953719488e-01 -7.441229092845398629e-02
2.787489144757629447e+02 5.399065530211040596e+02 1.510477171026666787e-01 -1.756699570992168447e-01
2.764390616083521195e+02 6.030960635256146816e+02 -2.102085234422881033e-01 -2.991321845111412636e-01
2.648628957855555655e+02 6.142965368480199686e+02 -7.540032314489865384e-02 -8.687039862577096427e-02
2.327719655493375797e+02 6.731010984133165493e+02 -6.538190591710092529e-03 -4.574807663704762162e-02
2.334834825323218581e+02 3.087010309167895343e+02 2.586242987088382961e-02 2.365733683696949752e-01
1.062771048930365851e+03 1.680961492294844106e+02 7.426719049942676065e-02 1.802588533582773211e-01
1.056865217544991538e+03 2.470363905414376404e+02 -6.317098668049918320e-02 -3.816611733731794520e-01
1.071811248913792497e+03 2.584532403221760433e+02 -1.952196619760115937e-01 -1.441222681738452138e-01
1.179615356404146951e+03 2.329747389948570344e+02 3.393185147312275610e-03 -3.371298800932957529e-01
1.960452631233791010e+02 7.092473891274530615e+02 -1.477584205645143811e-02 -3.025871961851104783e-02
8.650100755791855818e+02 1.102254048335132438e+03 8.788929356133698065e-03 -9.803181958356313799e-03
2.721635370411865438e+02 5.290200451228844258e+02 2.070814569031540486e-01 -1.774171442814349506e-02
1.067736553178578561e+03 1.783125752707732374e+02 1.737321075548152183e-01 3.304709772341425655e-02
1.010557761089874361e+03 2.061555752041448102e+02 1.163186691132977969e-03 5.927955694692741556e-02
2.696125038074363260e+02 6.916940601827561750e+02 3.226701077380766947e-03 -3.982175784672108143e-02
2.892954781425783040e+02 4.631406168250974815e+02 4.700776639403159152e-02 3.464263486029892647e-01
1.077498092849778004e+03 1.551043177239124020e+02 6.174504358910439805e-01 -4.381224586981247171e-01
1.120052070428734623e+03 1.507792428536559157e+02 8.491575889314617598e-02 -1.938055001462544169e-01
1.030904204849280404e+03 2.229633061751967773e+02 -1.305807753897170187e-02 2.793796990161467875e-04
1.004300135906055402e+03 2.495159560235957770e+02 -2.115404975012324940e-02 5.002680976403439672e-03
1.156146360924037936e+03 1.983651297597785117e+02 6.109028306639174843e-02 -1.566657451820958613e-01
1.184487768132461724e+03 2.142508006678368702e+02 1.064627958148207654e-01 -2.151482895694414310e-01
2.593910668814741598e+02 5.906734143340356695e+02 9.128536392287855961e-02 7.312976007466431838e-02
1.931268471352644838e+02 6.970377472864216770e+02 -5.070150347844304406e-02 2.278016977392098852e-01
8.011519870302005302e+02 9.516221537100781234e+02 -2.957317785654822728e-02 4.390644195524373572e-02
2.893040617558264671e+02 4.676615787995731353e+02 -3.933208381331117914e-02 2.178313863849249687e-01
7.872686122901189947e+02 4.013016198389636884e+02 -4.620455093671201746e-02 9.651829963308955485e-02
1.053223041632565810e+03 1.867087114621835156e+02 -3.880329801578833587e-02 -6.144737261356188890e-02
1.075072580104056442e+03 1.855109213114728277e+02 -1.040313544088651981e-01 4.298845851382395722e-01
1.093711871551242439e+03 2.667132482767516990e+02 1.772140169116482866e-01 -1.326813291364411784e-01
1.043653053394335302e+03 2.982935447837844549e+02 6.501997408865160810e-02 2.868752860549458883e-01
1.166793474683734985e+03 2.246278062803581861e+02 5.400153940809104824e-02 -1.788145278747208522e-01
1.966501295445507935e+02 5.733232238374241660e+02 1.641636253667968504e-01 1.417701966873513297e-01
2.481650461391232341e+02 5.808507443740635381e+02 -1.102612591586193957e-01 -5.399444205806958053e-02
2.764450339770837672e+02 6.349689271346240957e+02 -1.117140320388898544e-03 5.726219282629093493e-02
2.416347412294737182e+02 6.742881943708271137e+02 4.756335578859231111e-02 1.281887115788625520e-01
1.938445161303061184e+02 6.810468357206272003e+02 -1.409477995115366866e-01 8.698927252369988150e-02
2.496465877632700199e+02 7.171409907818023157e+02 3.257598853057667304e-02 4.468315070964005292e-02
2.336980543835524315e+02 2.910553150700617380e+02 5.006023454956221030e-02 2.433947827590543511e-01
1.953678294046802364e+02 5.289700177169827384e+02 1.842428726265836758e-01 2.999961268601509801e-01
2.692318224623252263e+02 3.600484487166495455e+02 1.378376217473942233e-02 8.029335037835494404e-02
1.113163230187472436e+03 2.289088563942364374e+02 -1.105675385065296723e-02 1.565184311684362228e-01
1.106987669317119753e+03 2.622950975697056606e+02 3.438367337844283611e-02 -5.619869172022617931e-02
1.170075230065482401e+03 1.802694445815767494e+02 3.483554578826897341e-02 -1.838891116420882099e-03
1.179539025133051837e+03 2.115912469883174083e+02 1.839934783492935821e-02 4.694430494841128620e-02
1.121544044690466308e+03 2.654432771959857291e+02 -6.404041257690096245e-02 8.569787312069365726e-02
2.510381187429390479e+02 3.121537152554781187e+02 0.000000000000000000e+00 0.000000000000000000e+00
5.493077850937806943e+02 4.156795053130433075e+02 0.000000000000000000e+00 0.000000000000000000e+00
1.051563257569921461e+03 1.784001095139412314e+02 0.000000000000000000e+00 0.000000000000000000e+00
1.115244300449764978e+03 2.022409149773465629e+02 0.000000000000000000e+00 0.000000000000000000e+00
1.034069701011901998e+03 2.497868624953217989e+02 0.000000000000000000e+00 0.000000000000000000e+00
9.603134376191311503e+02 2.886310777798119034e+02 0.000000000000000000e+00 0.000000000000000000e+00
1.030957618418495258e+03 4.449407143916812970e+02 0.000000000000000000e+00 0.000000000000000000e+00
1.170003243451068556e+03 2.162608009173533787e+02 0.000000000000000000e+00 0.000000000000000000e+00
1.175965246520667733e+03 2.201895110487207319e+02 0.000000000000000000e+00 0.000000000000000000e+00
1.297210309928542529e+03 3.318583001820485947e+02 0.000000000000000000e+00 0.000000000000000000e+00
2.491068210417408579e+02 5.634823295500927998e+02 0.000000000000000000e+00 0.000000000000000000e+00
1.829586096459017881e+02 6.571110313728537449e+02 0.000000000000000000e+00 0.000000000000000000e+00
2.184901087795905141e+02 6.753386966490437544e+02 0.000000000000000000e+00 0.000000000000000000e+00
2.587041579858052955e+02 6.953246618651971858e+02 0.000000000000000000e+00 0.000000000000000000e+00
6.804083955247674567e+02 1.027835533672146084e+03 0.000000000000000000e+00 0.000000000000000000e+00
