1.335626202469832720e+02 3.825497943514957910e+02 3.363870224662247280e-03 5.937674840003754478e-03
2.525894270993178452e+02 4.650712886355985916e+02 5.526495285245895455e-04 7.964195853025675138e-04
3.085536201961853635e+02 4.784598014094421501e+02 -3.136679367534414651e-03 2.822324957472430087e-03
5.636186196743499295e+02 3.784991234385136067e+02 1.468297385155109330e-03 -2.064726452984062387e-03
7.041244182114218120e+02 4.141807623538914527e+02 -1.657627321529585307e-02 -4.336517283646382226e-03
6.343090533492894565e+02 8.221531643735999069e+02 -7.541538503880141579e-04 1.337989153247834493e-03
9.123978062490903085e+02 8.059935259958816687e+02 -5.428011888109875518e-04 1.405790567985442828e-03
4.599510545265850965e+02 9.416860855033460211e+02 -2.018253439646827384e-05 1.306624749379735285e-03
9.050171770739718795e+02 9.223985887890986533e+02 -6.604126203212829524e-05 1.081568959424396628e-04
8.994077910494510206e+02 9.266546924363282187e+02 1.504642301565109128e-02 4.061832072555055309e-03
7.072665387686471377e+02 9.926496805316415930e+02 -2.417433898885254073e-03 1.879894340752141140e-03
7.151084905222679708e+02 1.011450958613438047e+03 1.216978521493855303e-04 1.200616640324702819e-03
7.049814425564222802e+02 1.023663663599727784e+03 8.985170506597983404e-04 -1.172011103010233302e-03
4.816902911158030065e+02 1.098971587276513219e+03 4.775853841594950564e-04 -9.946285163343669775e-04
7.044696064130254172e+02 1.036517492377109193e+03 5.804238191607924435e-05 2.960068668449136915e-04
7.519030099151143531e+02 1.067541977403601322e+03 1.563495771646071671e-04 7.509456267535545874e-04
7.455740546664633257e+02 1.071416249629834738e+03 -7.382671398799814020e-05 -5.154150098860554863e-04
1.313091310516372801e+02 3.252288547333146767e+02 9.693543159243074017e-04 -7.300378860858842489e-04
8.997756184975235101e+02 1.102226684033806350e+03 2.428023261632681576e-04 7.602380969301250537e-04
2.480433942882900169e+02 3.971584609483230111e+02 -8.182621939295468827e-02 -3.234047810866069184e-01
2.414900599293689254e+02 7.556121583175987553e+02 -1.492763026809423681e-02 9.960981606524803300e-03
1.246149307545793363e+03 3.799433013626448314e+02 4.007199275491138413e-02 3.143607864024258736e-02
1.180299134230928303e+03 2.392214347812151800e+02 7.292800627211173947e-03 6.379214371898765668e-02
7.156226395446967672e+02 8.820060137045634292e+02 2.400103687247144395e-03 1.104425035454243082e-03
2.369264171096302789e+02 7.208631126914245897e+02 6.960583911223346566e-04 5.529634839784212073e-03
2.493862518215967157e+02 7.168727953122917143e+02 4.961145011674992925e-04 7.314047981150122906e-04
2.181826720130891601e+02 2.946275505533114938e+02 -9.204958840743500403e-02 -3.174484320274794102e-01
2.500465340609407292e+02 7.473233766865138250e+02 -6.448793288389352736e-03 2.102515542378118659e-03
8.082598714566494209e+02 3.228980715451086780e+02 -1.904087536254202295e-01 1.533234989121111391e-01
1.427916148467800213e+02 3.924679977307924901e+02 -4.835908162473040103e-03 2.477456331975514629e-03
5.708977984422577947e+02 3.788540513523520303e+02 -8.772639124865038926e-03 -2.338094492141027866e-02
9.316902742380602831e+02 8.444480778865259936e+02 -2.698348128274569938e-03 -3.371136436369554911e-03
5.689212950132173319e+02 4.388349027207052586e+02 4.898922550160248086e-04 2.932625243760871633e-03
1.008319067655868139e+03 8.127372676318429967e+02 1.851488974834707493e-02 -5.528608226750473392e-03
5.020680164857182604e+02 4.347458083484415852e+02 1.468164341315401824e-03 4.085737347989802648e-03
2.436184000966228780e+02 7.426310437596142719e+02 2.112103041763937084e-03 2.412742726767979837e-03
9.838403744941797413e+02 8.278538537593541378e+02 1.214586983626822318e-02 2.807286693226133598e-03
3.113816105699023637e+02 6.638528052601768650e+02 -2.437398157131286450e-02 7.772307558035785116e-03
1.011869584556519612e+03 8.182059777442418635e+02 -6.473922666667040159e-03 -1.111850464608909236e-03
9.434366338737801243e+02 8.357156260730207578e+02 1.914292097705250564e-02 3.036162362373078828e-03
1.004329477390927877e+03 8.357466822553199108e+02 4.454038943729774457e-03 -5.501205558478360243e-03
2.328718657752091303e+02 7.247539876305781945e+02 6.144942214483321320e-03 2.593391047566505434e-03
4.811362094483055216e+02 4.375761662529292266e+02 6.361581627016216559e-04 1.126305697583307279e-02
1.018921129050438140e+03 8.075893132163447490e+02 -2.491938226950365584e-03 1.415812700638705707e-03
1.219042112824873584e+03 2.572130501724142846e+02 6.883456676263503826e-02 1.788364655058840777e-02
2.277171683089493968e+02 5.199069502744557667e+02 1.370364856186223916e-03 -1.044373384842748470e-02
5.763066353702738525e+02 4.200950275333002537e+02 -3.011426280530634519e-04 -1.586050791481941709e-03
7.304342025537478094e+02 9.196091175468590109e+02 -3.021905114320532632e-02 -1.719166694080047353e-02
9.557914003339116107e+02 8.450719290264622714e+02 -3.822339415317419463e-03 -1.244983069263620517e-03
7.476087330012795746e+02 9.536478281658917240e+02 -8.000143588805987832e-03 -6.682456119496110736e-03
2.669320556777749402e+02 6.673155179096643224e+02 -2.518683346304915159e-03 -1.071186654803793801e-04
8.247342076842285223e+02 1.102209714121607021e+03 5.997260232455722123e-04 -1.673926860150621050e-05
2.522166456423211685e+02 4.123458831470857717e+02 -1.153128899498269549e-01 -3.207190074482806352e-01
7.507684541445921695e+02 9.586944826710564485e+02 1.615996537611300715e-02 7.389730960310339665e-03
5.623643752278571810e+02 4.708780959751699129e+02 9.581431679150975754e-04 -1.943061332552826906e-03
5.661413224947547178e+02 4.774537729280436338e+02 -1.891712678416702584e-02 3.201178264727937844e-02
1.204780560946345531e+03 2.310176560975138500e+02 2.779077909350901460e-03 6.810400723585225465e-04
9.135757487191655173e+02 8.455880337887157339e+02 1.609098454689906685e-02 4.381929910222073614e-03
7.724367379375523797e+02 9.603312820001699492e+02 6.416076539657711471e-03 -1.619828421079510476e-03
7.745543946406194209e+02 9.424292103245563794e+02 -1.388476086966569179e-03 1.131881382845433687e-03
7.738479349150063626e+02 9.490445680548434666e+02 7.279194656378800386e-03 4.578111909247784862e-03
9.841808674007289710e+02 8.670779535041842792e+02 -3.860295967839003518e-03 -1.802445488881786141e-03
8.012308079123129119e+02 9.515198161427855439e+02 3.217506257906189646e-03 5.435331012807695936e-04
2.107595485217469218e+02 6.754593548393934270e+02 3.355189129770438060e-03 1.572929808066919274e-02
6.194095976394507943e+02 9.358952326361002179e+02 1.747826911750422299e-04 2.256061216345674029e-05
5.727877296012027273e+02 4.908564718449724182e+02 1.165362719315552516e-03 4.461231979508504218e-03
9.762724202546427250e+02 8.842097823557980973e+02 1.366803775088011250e-02 -7.779775703311045745e-03
7.700602380891440362e+02 5.238935567285651587e+02 4.710319997263585651e-04 8.702902907777957178e-03
7.856998464280725329e+02 9.434779420489397808e+02 1.811209737742375476e-03 1.777074308939959567e-03
7.969314111429054037e+02 3.816625273240620118e+02 2.083635619118071394e-03 -1.059058217450030599e-02
2.351279372560505294e+02 7.000006523842622528e+02 -5.707727335305327020e-03 -2.474168693265034902e-03
3.070798443401559439e+02 5.637524994694526868e+02 6.713788571901339701e-03 -3.340209042863030633e-03
8.084957010941700446e+02 4.168577088434017242e+02 5.282833052994043849e-03 -3.518110451189089549e-02
5.877190046675524400e+02 4.033863966075995222e+02 1.938616500336313997e-02 1.093510321757127854e-02
1.034365484598725516e+03 8.360787358557340667e+02 3.023188277285665353e-03 -4.706706798731487371e-04
9.940588675648278922e+02 8.226243459377450336e+02 -2.342971036222308689e-03 1.273385802721579627e-02
2.272289924000162955e+02 7.267728203527002506e+02 -4.610066807916803240e-03 1.777211864223453112e-03
1.279246328527344531e+03 3.689973202115132835e+02 1.234683451306553548e-02 -3.226064105582103492e-02
2.275389235778601176e+02 7.684326261829494342e+02 2.514104420026881323e-02 2.073832497534576838e-02
7.333910035096798765e+02 9.802448724465331225e+02 -8.636869190595326123e-03 7.886424807136088386e-03
3.216435953143785014e+02 5.456162858882382807e+02 6.238356936728225825e-03 -5.990618564798598153e-04
9.901423939306432658e+02 8.316169352137028454e+02 4.772623584356120059e-03 5.160846739700261296e-03
1.053927226153764877e+03 8.540595647140312394e+02 1.210222321114907615e-02 1.239649380828732224e-02
8.272352926894985785e+02 4.016463717745719464e+02 -3.148150804394849508e-03 3.201621753861569504e-03
1.017235807593287518e+03 8.312391652436696177e+02 2.538926815412935033e-03 2.169203884565408362e-04
9.470033095966521159e+02 8.366661372724131525e+02 -1.680552061941960980e-03 -2.267015832992658620e-03
4.654402381678879692e+02 4.547901553404088304e+02 -2.012804086725376862e-03 3.705722551152989836e-03
2.681854374118171904e+02 3.004576679740576992e+02 -3.213857093964976510e-03 2.427586673603639254e-03
9.588838966127071899e+02 8.213036022712268505e+02 4.009555905991932928e-02 -1.017817837192177416e-02
8.178947247373598657e+02 9.351030406909186468e+02 -8.562381391289584052e-04 1.014675696174071121e-03
8.169594135484902608e+02 9.440414190612812035e+02 -2.860112305296130981e-03 2.336995521803524566e-03
5.488325683089481117e+02 4.338979975041656303e+02 -9.451613102364357427e-04 6.912920972520214015e-03
7.302635868562715586e+02 9.375091810717137832e+02 -7.275138433192521355e-03 1.740250860498325849e-03
9.298724330042309703e+02 8.609950367014217818e+02 -1.178071713170110967e-02 4.383786580045143620e-03
1.091780998953557400e+03 2.331772505295056988e+02 1.094398459173981548e-02 2.227977472954077165e-01
7.490383056732586056e+02 9.692092492844132039e+02 -2.404887945385780768e-02 6.456086960436703895e-03
1.030567669290961021e+03 8.251622750249102864e+02 1.811237583542426449e-03 5.139920273188973692e-04
1.024189174429204513e+03 8.147417354367305506e+02 3.244457720687491525e-02 -3.587874619590888264e-04
1.021719165033836020e+03 1.922988125769325620e+02 -6.569837523585926597e-02 -1.031209423766371175e-01
9.564941130580216395e+02 8.773789714431686662e+02 -5.438369066949928429e-03 -1.838165366602834486e-02
8.174908402182608143e+02 3.801524873513336615e+02 -6.548792217292411823e-03 3.564705334624569850e-03
9.724894559327010484e+02 8.904092390251453253e+02 1.355680185004233193e-02 1.211865231143161893e-02
9.055795949622510079e+02 8.406894227325093425e+02 2.320692662566567650e-03 -4.304073840956442777e-03
5.778686096193866888e+02 4.687792441847286113e+02 2.003659301355429842e-03 -6.939158287094518256e-03
7.908427803742284823e+02 9.194703809627433202e+02 3.082050483744571442e-04 -5.362909256951067967e-03
9.622618861244502568e+02 8.487167311320417866e+02 -8.392300252533477526e-04 3.695835401845891052e-04
1.934237242877342737e+02 5.894883717375937522e+02 6.277626200158866387e-04 1.338236008761290764e-03
2.319803391062696960e+02 6.901730819055667325e+02 2.015334677098350614e-03 4.900883571649231399e-03
4.930648653133213770e+02 4.483633725899853175e+02 8.250295293034676106e-04 6.665915999891163478e-04
8.333964676556021232e+02 4.122156121827871971e+02 3.213768813559521927e-03 -8.319804682740834442e-03
9.687410927895356281e+02 8.747458372576186321e+02 9.073603183277654735e-03 -1.127921901662816884e-04
8.011826093469230727e+02 8.804476311814079281e+02 4.196221453715828081e-02 -3.757262684696387883e-02
9.693329953221010555e+02 8.248759592817216344e+02 4.527750921807177989e-04 -1.389875162256921232e-02
7.916331878556560468e+02 8.826587191109694004e+02 2.054122983704451469e-02 -2.249121482760632618e-02
1.192129127420791292e+03 2.097153216680846697e+02 -4.105515458935643514e-03 7.911844935332262505e-03
8.120816222598800778e+02 4.013570861014837874e+02 -5.400412453406652769e-03 -2.485787985939047137e-02
7.678331018277432349e+02 3.850964808405047393e+02 4.876480062032915140e-03 4.711045363339085132e-04
2.254177029099759579e+02 6.868115114431446955e+02 4.683995292778193875e-03 3.908738863373454470e-03
5.599105913666982133e+02 4.144569950724205114e+02 5.942345682950250958e-03 -1.829925653951328807e-02
9.505527256416912678e+02 8.563974680652335110e+02 1.436673562158947504e-03 -1.873180079453257022e-03
3.347660179561904670e+02 5.548850428648130446e+02 2.896307189960473007e-03 3.208497458979646649e-03
1.126515599996667333e+03 1.895128703887875190e+02 -1.582929775104230732e-02 1.325583768971875208e-02
7.192895719527416531e+02 9.510684526978798203e+02 1.414400608817317426e-02 -1.206477176763898901e-02
5.112913731275070290e+02 4.396238769036478971e+02 7.712717161100476936e-04 3.902996143538773471e-03
9.961477974101208019e+02 8.728586844474950794e+02 -4.211682002841199944e-03 -5.102607674893763594e-03
8.840956430647531761e+02 8.695635931181552678e+02 -7.401041520547596043e-03 -7.870395701103809205e-03
8.016662957108451337e+02 9.387246179005666136e+02 1.015700871010780668e-03 4.198830152140904659e-03
5.339315730848809380e+02 4.143795029323316044e+02 -3.248295131445749686e-03 -6.162357756492460072e-03
3.269721554940410897e+02 5.363997975865570425e+02 2.898842910491958302e-03 7.749562314686072109e-03
7.472242891800133293e+02 3.976677009942838481e+02 5.001904888077021803e-04 6.855078581757330369e-03
8.507389029437391628e+02 9.315417841148246225e+02 -5.829342508780491422e-04 9.212478851044453949e-04
6.304789581163446428e+02 3.833759879228132377e+02 6.194548987464978951e-03 -1.111425757352491744e-02
8.203888630935467745e+02 3.647138942629295002e+02 4.058801853154526268e-02 1.312955251325428202e-02
8.576092732278721087e+02 1.101673388263840707e+03 6.551242560698312305e-04 -5.601165089996860838e-04
9.298105380814868113e+02 8.355523312404677654e+02 -3.889476275429221315e-03 -2.979655627059671005e-03
6.046023469976977367e+02 4.304207236637876122e+02 4.781215189717895331e-02 -2.420953289398235925e-02
5.093221894666224898e+02 5.070294482068676416e+02 -1.295594048278669213e-03 -1.856284160130419053e-03
5.443532876090947639e+02 4.081962972012954651e+02 -4.253046872983561326e-04 3.499487457423191791e-04
2.372507547729646546e+02 7.378751677198458765e+02 -1.700158681156869632e-03 -1.421610203697195457e-02
2.323856014091157931e+02 6.487262903173619861e+02 -9.178671581591993053e-06 7.076124514034997986e-04
5.417223837000550475e+02 4.774863282784684770e+02 -1.655781528594422623e-03 5.125823273549440749e-03
9.773594329554749720e+02 8.456832749518482615e+02 3.222909975807617799e-03 -2.857737490661621960e-03
5.456872158098697128e+02 4.830745282467804032e+02 3.372581097597269714e-04 3.873102604389075040e-03
3.215870752466723275e+02 5.302753978598391313e+02 4.705405652438714344e-03 -6.349113691061178963e-04
3.147871367734505270e+02 4.718767586906003544e+02 4.962752688907873418e-03 1.025727661996289446e-02
9.332533309299532220e+02 8.658063201827490047e+02 -9.087676499592420645e-03 9.295330823999735283e-04
2.695567120921150490e+02 6.099620087331940113e+02 -6.460732589354649131e-04 -3.005176200934392416e-03
1.060477583322005330e+03 1.885587673422339492e+02 -2.239040390081034268e-02 8.104473162312796075e-02
3.211446519803606066e+02 4.797451655477227064e+02 6.788384117996456744e-04 -1.444302066906092025e-05
9.714523928906675110e+02 8.289588004090086315e+02 -2.209200094860012346e-03 -1.545449280386060158e-02
2.480972392226495629e+02 7.415661798238343181e+02 1.624189503418154009e-03 9.322401751888935786e-03
2.211115828691341676e+02 6.864374235654240692e+02 6.091338821265269293e-03 -1.564493866983794569e-03
5.064825903234487328e+02 4.440702769044119123e+02 9.750037495759649939e-03 8.342206720672578485e-03
6.544504316694905128e+02 4.967410039432374447e+02 6.632493411698890846e-03 -2.550961291641071129e-03
5.929989580687075659e+02 3.795903142114796083e+02 1.220296327559174977e-02 6.857309475077105927e-03
6.160119193462526255e+02 4.226574262036417053e+02 7.405590106920818816e-02 2.563737948834823518e-02
3.071956617492240298e+02 6.149660942748829484e+02 -3.585378576355588431e-03 3.804593780307303792e-03
4.762470263523098879e+02 4.654166510898677984e+02 -8.783997346605957896e-04 -1.826826711225753566e-03
1.227207130691432440e+03 2.352582861916058050e+02 -3.151697398315003035e-02 -4.440987464888852126e-02
1.016350006584001108e+03 2.750961900069875696e+02 3.611621495611636989e-03 6.566248764987912649e-03
2.069272242850296948e+02 6.965850124696601142e+02 -3.193408167237915367e-03 -2.834205444209696168e-03
5.479858674025169876e+02 4.113322308501731754e+02 -6.547530250859066566e-04 3.827926219195554661e-03
2.224627131840929906e+02 6.255349157537002611e+02 -1.451723078813267620e-01 2.388069725107533903e-01
2.491557493408322443e+02 5.010381681354589887e+02 -2.093336000606235280e-04 -1.928722796857627094e-03
1.061357266964369956e+03 2.600164751146991762e+02 -1.383179781355353133e-01 -6.344340554585978231e-02
1.001102976274086927e+03 8.255880684115586519e+02 -1.276303227598981445e-03 6.972739007962202445e-03
2.286893903537053916e+02 7.039789856149745901e+02 1.408735574876029441e-02 2.785348085240002547e-03
3.002980352369278307e+02 5.905873813754704997e+02 -1.424253071496031425e-03 2.705627254315031327e-04
1.053236942170828115e+03 1.861697547749362798e+02 -2.596045099153343472e-03 2.589197434472191930e-02
2.640698657807068912e+02 7.369950469720041610e+02 1.751391465327096358e-02 1.745967339050452302e-02
2.551413856079868197e+02 6.438295899125886308e+02 -5.595285194734832615e-03 8.768640160598247879e-04
1.210815222602801441e+03 2.176571137001272973e+02 5.070560574029172284e-03 -1.047513994074457042e-02
5.886893795396991891e+02 4.502505523649723500e+02 -2.059281478089828622e-03 9.372656812082809027e-03
2.376839688534497839e+02 6.941399242674715424e+02 -1.183171699667559789e-03 2.717913741625269195e-03
2.646239085969090183e+02 6.351054806967783861e+02 3.376407592159552402e-03 -1.532702435624607069e-03
1.207697206545075005e+03 2.093164734481685798e+02 -2.989229471979504889e-03 7.028314100770474346e-03
1.002718343629163428e+03 8.762208188236860451e+02 -1.348860551272559622e-03 1.074274028151239214e-03
2.607368531406245324e+02 7.149659959501649382e+02 -7.049070463262685493e-02 -8.865288712089219869e-03
2.637067152828731196e+02 7.255043425977438574e+02 1.215495393281155068e-03 2.105639276863365862e-03
2.642170425170847352e+02 6.170974513581974179e+02 -1.414342910935219300e-02 2.181431249732443227e-03
1.267624305316839127e+03 3.937664790121147576e+02 -4.030065891352068753e-03 9.834340389761114451e-04
2.544253667319653971e+02 6.866433719009739889e+02 5.211812255641454748e-03 1.410431373633153074e-02
9.326940605543103402e+02 9.058645138933731005e+02 -3.583493091490267714e-03 -1.142918809784199477e-02
1.240689646197283309e+03 2.791572049362488883e+02 7.579968643461476238e-03 4.404611071390042757e-04
1.008240728208872156e+03 9.274850380968529180e+02 -8.086050568631480886e-04 -8.644891363440247983e-04
1.032213101613950812e+03 2.180667261891599082e+02 -1.461587040074945332e-01 -9.245320907834325697e-02
9.535054312909792316e+02 8.932197811556063698e+02 -7.478205188486880539e-03 -8.328310809312627558e-03
2.520387391250341977e+02 6.718730469291605232e+02 3.134260074235703779e-03 7.859610067384892318e-03
1.071647555209473012e+03 1.853815702640031873e+02 5.193967490258008524e-03 1.861233494781152492e-02
2.572913789910692230e+02 6.736935082533544801e+02 1.053580490640730009e-03 5.990035393418984781e-04
1.013992198920500755e+03 8.530972806490171934e+02 1.447478375796278516e-03 -2.148881372360199153e-03
2.322911984646631254e+02 6.684087667540164830e+02 -1.291489638779611069e-03 -5.572324340310744022e-03
2.335645406655904708e+02 6.015314355552678762e+02 -1.771490554343826407e-01 1.293349715211798978e-01
2.949374810077132452e+02 5.891195214133751961e+02 -6.684163408902638222e-03 1.924007191784839243e-03
2.527336734414557498e+02 6.330985013934772496e+02 6.342559594627639012e-03 5.266121393456070152e-03
4.390983818407855779e+02 1.085437403025150161e+03 -2.041296989579007015e-02 -2.979417329763038753e-03
5.215731182673613375e+02 4.710752820456579002e+02 1.885379842517545274e-03 4.397466919059378455e-04
2.684801166121000051e+02 6.806382844721764513e+02 -2.935210121113369063e-03 -7.605216449582536927e-04
7.361212479965997773e+02 9.301361690987563406e+02 2.028552713028093906e-03 1.060298263431908895e-02
5.070635698584063107e+02 4.855443810436311765e+02 6.209378584883617873e-03 4.972673958549745808e-04
2.315046003231873613e+02 7.375103848834686460e+02 -1.967334276979961372e-03 -4.552329124131160299e-05
3.094873732801775077e+02 6.463051207086969043e+02 -1.694553048005421154e-03 -6.049516793850536096e-03
1.201739206885997419e+03 3.860427680846861449e+02 -1.796618174300266754e-04 5.710493255785895582e-03
2.278478500135651643e+02 7.496098547339709057e+02 3.638942984643241119e-03 -7.334864866541663912e-03
1.037969921805171225e+03 1.784920207202773668e+02 4.297003330201291417e-03 3.257132203870442486e-03
2.414600929948961436e+02 6.403027547308678322e+02 3.390277381006207621e-03 2.761531611934803405e-03
2.982603775678982174e+02 5.424601158393957121e+02 -4.804727168538201905e-04 -2.226237306664494847e-03
2.460058887369960416e+02 4.854068548497475604e+02 1.711382536368315568e-02 -6.993903010962890243e-02
2.402658098008841421e+02 6.293620331974914279e+02 5.230164975229048378e-03 -4.269999012074162867e-03
2.402163755116311279e+02 7.257342141823836528e+02 -3.914697203646762508e-04 -7.203913458924224300e-03
2.642752912131700214e+02 5.660745479230133697e+02 -2.947519500251041466e-02 1.920234232901971150e-01
1.000449340302312976e+03 2.243623710520765542e+02 3.698597759981197847e-03 -7.728633293258119555e-03
2.218246161425164189e+02 3.080378052998662497e+02 -9.581350831141513535e-02 -3.426162657636483422e-01
1.017083743362703558e+03 2.628478157410660856e+02 5.889209183260166007e-03 -1.504208462740442252e-02
2.435190679675725676e+02 6.878156750614914472e+02 -4.014605053969949253e-03 8.203484389991224680e-04
2.424151807592963053e+02 7.007130772358575541e+02 6.829892076246656726e-04 -7.911498661697616720e-04
2.743826286694466035e+02 6.955353724539656923e+02 -8.128341579036390749e-03 -2.684130748424524027e-03
1.152638824291543415e+03 3.636478301175871479e+02 -1.659086905413298049e-02 -1.568270983968414120e-02
2.463314124829418290e+02 5.048647518475509059e+02 -1.052465487329990249e-02 2.153540080907177020e-03
2.241558810802631854e+02 2.922299400466425823e+02 -8.320758309707601552e-02 -3.119041349576094357e-01
2.465832251509577588e+02 6.112937322459924872e+02 5.254749045875958813e-03 2.588529189248075981e-03
1.176784123230745308e+03 3.594420415572669754e+02 -2.220219811075403032e-02 7.452750729589977148e-03
6.045002639146387082e+02 3.978798027331253024e+02 4.974831352277049416e-03 -2.470063297703471022e-03
2.944155944651208188e+02 6.294290870985797710e+02 -5.996418925716139048e-03 -6.131991745961737524e-03
2.129660921756911591e+02 7.547522919429651438e+02 -1.407087065845448459e-03 -7.339016062612451971e-03
7.243430994446845261e+02 9.673749916771567996e+02 -3.569722425889285426e-04 5.498658525136243536e-03
2.550817149729813593e+02 5.831657865887657408e+02 -8.322697882634585986e-02 2.056611042830696623e-01
2.817369803308358200e+02 5.434180149284363779e+02 -6.684190425606249819e-02 2.754776312660097148e-01
2.444040648741955977e+02 7.612073882552616624e+02 -7.815362021028761375e-03 8.545868031005468459e-04
2.411319064760095898e+02 6.103163574779678129e+02 6.658841608280190519e-03 1.503248591122860727e-03
2.601850971086092272e+02 6.552303518626366667e+02 -2.528546277717384771e-02 -5.665108769973569575e-03
3.265418775261424003e+02 4.972841624173343007e+02 6.357159109462814060e-03 7.223824923736592643e-03
6.783322970992625187e+02 1.023634584700805931e+03 7.514779680686031922e-03 1.685300057411806465e-03
2.176867515412354237e+02 7.651485161753952298e+02 4.352160844421864780e-03 -2.971603294565626410e-03
1.183180628357597016e+03 2.084784980267742469e+02 1.064734047945151314e-02 -2.755365480766834227e-02
9.324495202445071982e+02 8.986207915809206952e+02 2.401474409162522670e-03 -2.607334012547275065e-02
2.640869953157306895e+02 4.977587275418946433e+02 -2.008231573522843982e-01 1.627560577460309965e-01
3.081039507730081937e+02 5.854414916057281744e+02 3.595993686053814174e-05 -1.420425022191614851e-02
1.172089797043047383e+03 2.344951503699689113e+02 -3.493369110120142246e-03 4.512644225250220936e-03
2.056628837992194860e+02 7.250652954435705624e+02 -9.820581110080685988e-03 1.199969779443874063e-02
6.813776155792587588e+02 1.019706179732363807e+03 6.485077112806225848e-03 9.274691662975747056e-03
4.935389861647125258e+02 4.551304428258272310e+02 -1.404694575620680446e-05 9.447207645920196670e-03
7.247132280265171289e+01 3.185537059359708678e+02 -1.252189057468193305e-02 -2.999653179343941736e-03
5.203112663404602927e+02 4.331504105915291802e+02 3.412305704260252398e-02 9.809350316858723995e-02
3.137471198168859132e+02 5.683593572755959258e+02 1.940592810605253592e-03 -6.015082912345762027e-03
2.672705993488368676e+02 6.463129187279770349e+02 2.086311649345071184e-03 1.428030064172873710e-02
2.497725873171141586e+02 5.864768331820287131e+02 -5.182622465552374352e-02 1.578303000739127437e-01
1.006613057535015514e+03 1.979612405899336238e+02 -2.732910746011263034e-03 6.819893598767724253e-03
2.955351047628574861e+02 5.973497429789933904e+02 2.278220003798574894e-02 8.703023320019456083e-03
1.136596175153658123e+03 2.292881143510876996e+02 -2.195043611491336033e-02 4.135052937353699692e-02
1.051572114401654517e+03 2.862319295505464538e+02 1.527967989252126957e-02 2.024662920271933647e-02
1.012485965876649857e+03 2.616695684314275354e+02 -1.410494492258501523e-03 5.478803208243807586e-03
5.078380421186997751e+02 4.519090072773432212e+02 8.747934770955754710e-03 5.827974821690783645e-03
2.334060185278771939e+02 7.739391131318733414e+02 3.496457409986161724e-02 -1.644349053345415743e-02
1.096068503633783848e+03 2.037033106149273749e+02 -1.154635943672330158e-03 2.091299558409252454e-02
2.005245535540202013e+02 5.064553897534491398e+02 -4.827895020603496790e-03 3.425336378741954645e-03
2.387577635950938770e+02 3.564683769245925191e+02 -1.065830676573654295e-01 -3.598705031779468322e-01
1.020627460669516381e+03 8.676543069213815897e+02 6.413580006850869153e-03 -3.436643217328580013e-04
4.882970267775427260e+02 4.762829991928256277e+02 -3.331829744690303907e-03 6.438733069111805991e-03
2.892718704746320668e+02 6.695541550046194743e+02 -1.879728710663008603e-02 4.313419576901381461e-03
1.065581137423040445e+03 2.149898828284503907e+02 -5.403399368526944774e-03 5.674247852434937192e-03
2.961576852635511727e+02 5.392706847752820067e+02 1.488870170341089275e-02 2.778281370896960346e-03
5.352379484562105745e+02 4.286249211642596038e+02 -4.937533483122465670e-03 -5.731879852444623190e-03
1.154485897888462432e+03 2.140642084001868568e+02 -4.137098614258923751e-03 -1.062378217819786620e-02
2.332597956098675809e+02 3.562482010387276432e+02 -9.903545841815925010e-02 -3.723098275524066580e-01
2.431873064582196946e+02 3.760180490355426173e+02 -9.726142808504550930e-02 -3.334473946399459932e-01
1.020473408531049699e+03 2.072033019557567854e+02 -6.029535128619941536e-02 -1.673782034170822053e-01
2.565440602841172790e+02 4.253515769139574445e+02 -2.501899425321272782e-02 -2.501261920447245268e-01
1.105715751465182166e+03 1.951261466454707829e+02 -5.727013557720110615e-02 2.071896368148906931e-01
1.154161022084470915e+03 1.994667952747778941e+02 2.474827273124109370e-02 5.536291520790924403e-02
2.660506137651000245e+02 6.259928255658885519e+02 -5.364222581098745599e-03 3.611948344862614835e-03
2.658294377668886455e+02 5.106191901671593882e+02 -1.291383840327600119e-01 2.212738067144624787e-01
5.228801792428661201e+02 4.604369557010855942e+02 -3.196843077791239156e-03 2.529784536757841498e-03
1.060467639423666014e+03 3.037184899238328057e+02 2.628703554153004676e-02 1.213478615934299870e-02
2.016061837808265693e+02 7.018516525390011793e+02 3.996211920217333270e-03 -3.640648003628223391e-03
2.893477426498042178e+02 4.935204772484277100e+02 3.146248624622812601e-02 1.981702660684332429e-01
3.242240614752741408e+02 5.184889959299375732e+02 -2.433372080183248982e-03 6.002493177240719518e-04
2.333016028319287898e+02 6.290619030503753493e+02 -1.239111885587025142e-03 6.543914961151014315e-03
7.853423653940151326e+02 9.542521135356402056e+02 3.072695829060459894e-03 4.629274717681165644e-04
2.404040895065033681e+02 5.159996234027470337e+02 -4.208070291469420167e-03 -1.421166265098655016e-03
7.157987629162070107e+02 4.179205634871198640e+02 -1.048633776137720963e-02 2.723803382686114903e-03
1.023313814379237670e+03 2.355213538822697501e+02 3.479668754817064752e-03 -6.576607481038351886e-04
1.002639612969703762e+03 2.289029371334526957e+02 -6.495364299462155593e-03 6.867465002138073253e-03
1.033625664981297632e+03 1.613690669370925548e+02 5.717109428905141170e-03 -2.425996695453277313e-02
5.534351722227728487e+02 4.833832222901793898e+02 -5.076955849459085070e-04 8.112529520505208213e-04
2.554915526872130727e+02 6.996563483613372227e+02 -2.496847887022338348e-03 -1.038468400697458577e-03
1.186303235899325273e+03 1.692429038002013044e+02 1.258538745217801236e-01 -2.123105433068220305e-02
2.596278645216136738e+02 4.499591130261127319e+02 9.253554687178382546e-03 -2.751850692359841255e-01
5.035186725997370445e+02 4.692841064545726226e+02 5.349265643398175632e-03 1.164410920203989494e-02
2.616861297574797049e+02 6.691800710770271507e+02 2.612191013277465317e-03 7.001064195914394502e-03
3.187681589378371427e+02 5.190943653930365826e+02 -1.234490785386336891e-03 2.505721997893866314e-03
2.397443737377888624e+02 7.103367350847059924e+02 1.307644140284128925e-02 2.580462710638904873e-03
2.834515858585618844e+02 6.090565154745657992e+02 3.400417129353623061e-03 2.657637608684122049e-02
2.206604859119988475e+02 7.171131521309129084e+02 5.146726302398303352e-03 9.407106947874846904e-04
1.046899950840106612e+03 2.450291773059180684e+02 -8.637727811542345036e-02 -2.144441234948034070e-01
7.905915569702050050e+01 3.253622130033531903e+02 -2.346811528457941332e-02 1.101215686938163824e-02
2.391893001216029404e+02 5.807959529377152421e+02 -1.246184309277964530e-02 1.544982690085787702e-01
1.201549810475190725e+03 2.287915117598551547e+02 -2.074988206812680529e-03 7.434659615583005289e-03
1.069873375465692561e+03 1.977420618013562432e+02 3.613851645416229358e-02 1.344596858553833048e-02
1.957205103559395525e+02 6.969598383143210185e+02 8.208220636718822211e-03 -5.476612692800159965e-04
1.113517285709363250e+03 2.393416523830127005e+02 -1.322949464455371385e-02 3.691012361183887425e-02
2.585206807488421532e+02 6.946054154414740651e+02 -3.326455244551553784e-03 -1.283358092796288950e-03
2.858933622723869235e+02 6.330936266595732604e+02 -1.619774095096565558e-02 4.888749015101371068e-03
1.263999637383814161e+03 3.704858905911700617e+02 -2.640507995543110720e-02 -3.952631689568846668e-02
2.178976595978587341e+02 7.247309189271111336e+02 3.544027753851070484e-03 7.954310027750382747e-03
1.138449084025227648e+03 2.476131059924122724e+02 8.084409774522388625e-02 8.274569871668455145e-03
1.084341780414531513e+03 2.765644325370823253e+02 -1.025705547300672787e-01 -1.554567203791612229e-01
2.252557649532349728e+02 3.254017668972449542e+02 -9.725731618378166687e-02 -3.357999632012302338e-01
4.970056368834149225e+02 4.674743840873096019e+02 -2.124493438291458116e-03 -2.966603986693024976e-03
5.976639836431047570e+02 3.868010518202212893e+02 -6.671531256036288167e-03 7.646127467017385659e-03
1.145453539727932139e+03 2.502468593883755261e+02 3.568578676271103728e-02 4.384673426184382272e-02
5.718035745762310853e+02 4.121393184534808256e+02 -4.338644643212319352e-03 -6.694142762131436233e-03
1.025687552091380439e+03 8.715317217979487623e+02 -8.565729743816401492e-04 -3.491552834020694718e-04
2.928502455362511228e+02 5.831176119729374250e+02 6.814536206218066439e-02 -2.121575265963620421e-02
1.208748842469924284e+03 3.507520264961221983e+02 -1.040287178457309850e-02 -5.156265576365771930e-02
2.882666507971604801e+02 5.770137598253999158e+02 -5.867707637113234783e-04 1.006245945822373315e-04
1.205117992239234127e+03 2.788340078800635524e+02 -4.990342034921238686e-03 3.919332904819956137e-03
7.590456377507467778e+02 4.500043678440462145e+02 -1.826180775010065619e-03 8.141035887092584744e-04
9.182754500569431002e+02 1.102591418964370177e+03 -4.578078128710024591e-04 -1.822063017027518352e-04
2.360534689766756173e+02 6.832803431502937883e+02 -2.483375878323763192e-02 -8.839363630799387805e-03
2.422933858290955698e+02 3.829140681328725009e+02 -9.285417785635936838e-02 -3.388855630826786980e-01
1.023541121159932572e+03 1.697163121261660308e+02 1.195229665642057008e-02 -5.296591213442074925e-02
3.104880890747909348e+02 6.192705530751381957e+02 2.210402531401055304e-03 -1.661931494988430841e-03
4.976135880783998573e+02 4.581273277093777665e+02 -3.058768779452532369e-03 -5.834192716157745283e-03
2.186851797131573676e+02 7.009579695413773379e+02 7.214549259543900916e-03 7.688722117369153723e-03
1.180399751551307645e+03 2.235338029179704904e+02 -4.139738619056912081e-03 -5.402110342167321284e-03
2.730017414239950426e+02 6.236944082359988215e+02 1.014472106299484176e-03 2.819313830956513174e-03
6.020630657547351348e+02 3.881074239904502292e+02 -2.443198962260560367e-02 1.888878120493164489e-02
1.040903815381539744e+03 1.919049277328026619e+02 2.440352430154675914e-02 -7.670891673697216584e-02
1.247131576189948419e+03 2.896025469226253222e+02 -1.292799688678882182e-02 1.295835379978418044e-02
2.994383773798069797e+02 4.084382940204595229e+02 1.369435096958991627e-03 6.120645223302177609e-04
1.940988878914671716e+02 3.195318820450982003e+02 7.266646733982459316e-04 4.483120958030163174e-03
1.187395514649318784e+03 2.512277383552616925e+02 8.824172242443052315e-04 1.487336157465663899e-03
2.202231372995349261e+02 7.430806586155897548e+02 2.526098889645011364e-03 6.614827159120914568e-03
7.852573388563840808e+02 9.362237847235329582e+02 5.402663853913347407e-03 -3.484413978701986214e-03
1.550928306736053344e+02 5.126393958175382295e+02 -1.443938835437166834e-01 -2.961481288092590036e-01
2.748464338513572329e+02 4.457791418548914066e+02 8.269393334976338217e-02 2.264033390158742554e-01
2.481899573168405198e+02 7.335909092441420398e+02 3.238058294082766207e-03 6.667835681434220244e-03
1.035281928000996686e+03 2.004726285808107491e+02 1.289567499310632567e-02 6.418300092943832148e-04
9.916065859112979979e+02 2.282440206344980709e+02 -2.347330431867289662e-03 5.059512348212944106e-03
1.983525147115742300e+02 5.789754900512266431e+02 2.750549241207157140e-04 1.306116963089359742e-03
1.471148304256751089e+02 5.067703735486510936e+02 -1.529707982325378968e-01 -3.159758585548355647e-01
6.060851262939570461e+02 4.072889576762920569e+02 -3.953658827892675290e-04 -4.203481605822553813e-03
2.255418158866439171e+02 7.433203879146660711e+02 -7.374472330978971632e-03 5.674847793458038213e-03
9.770355986745048540e+02 8.663069783226815161e+02 -1.071779905151914276e-03 -6.129473305205996626e-03
1.928701537009796994e+02 5.582053747930007148e+02 4.168066902996324201e-03 -6.310607937607663580e-03
1.161260572415941851e+03 1.450055159420655002e+02 5.566187255973351761e-02 5.342154575044047102e-03
2.330853636577910208e+02 5.322589633606663710e+02 1.607622782794095040e-01 8.318410661535390743e-03
2.769651858458518632e+02 4.623469434304436163e+02 6.698117792054440744e-02 3.039217327046236372e-01
2.581359573704801846e+02 6.228336095605997116e+02 3.576014525982251541e-04 4.227891809758301325e-03
1.148643910247497161e+03 2.210627993341415731e+02 9.518541320777231321e-03 -6.169429426019839777e-03
1.039224510492703530e+03 2.506208536122497037e+02 -6.601956037866554827e-02 -1.035396679634580375e-01
2.800756631868038085e+02 4.117869202517028953e+02 4.343899431108697723e-02 1.916208390840513920e-01
1.874461154414904911e+02 5.557622204020030949e+02 -1.237426531209094528e-03 -5.095215648152183995e-03
1.147292483617587095e+03 2.296423332204219321e+02 1.193183743403591944e-03 5.897924299054945439e-03
1.237394174245998784e+03 3.654262272924656259e+02 1.327716242739942210e-01 -2.998161609267166461e-01
2.709150982496370261e+02 6.020525491208271660e+02 -2.515709745109902598e-02 1.456734076988931426e-01
2.451737365017139894e+02 6.182018957072228886e+02 1.646493234083060619e-03 -4.997106756273878014e-03
2.364048153335920972e+02 5.385188959003763784e+02 5.024151944917771423e-02 -2.463581231694962903e-01
1.154421589818126904e+03 2.074207636649218500e+02 -2.278821109930594460e-03 6.279772028399788035e-03
3.267859718566054994e+02 5.524332131485584796e+02 4.589415750204595612e-04 -4.034553342841385240e-03
8.102280506696853308e+02 3.992658581087915763e+02 1.045170680058978181e-02 -3.485871399191644432e-02
1.010679031311645190e+03 1.972871509269776595e+02 -3.165652611400138119e-03 3.639193107705798041e-03
5.429405169723024756e+02 4.256503175998691972e+02 2.773820756689505951e-03 -1.051228398301817064e-03
2.762954452647271637e+02 5.192017787051501045e+02 1.736159386563444207e-01 -1.689141539190928687e-01
1.164146069394575306e+03 2.129605918771801782e+02 -4.562160422210581601e-03 6.064739101992643738e-02
2.700777809660795015e+02 5.502125486433753849e+02 -4.433115404841522084e-02 2.441177167616833676e-01
2.677164607139971508e+02 5.162997725717002595e+02 1.422132105195813290e-01 -3.277705944737797639e-01
2.162511125576161533e+02 5.348642250532632261e+02 1.127609646003699534e-01 -3.607789405681714051e-02
3.062301443967392061e+02 4.598663968222262497e+02 1.274448020726842842e-03 -1.557538811387402210e-02
1.176200758956840900e+03 3.371270708872277169e+02 -5.568682567654561957e-04 1.050532193907616164e-03
9.511163729531870104e+01 3.540872528188492083e+02 5.641216356282386518e-03 1.111472999368945912e-02
2.467527525557167962e+02 6.321673626847642709e+02 8.462780532745387344e-03 -6.289762768351420640e-03
2.742735987880736275e+02 4.312754358961711318e+02 5.924075714756045496e-02 3.589042911134622260e-01
9.428057363641893289e+02 9.026498875510708331e+02 -3.085400338481761665e-02 -8.387327440053211902e-02
9.912948767062365505e+02 1.910205211132699787e+02 -4.326153271658948166e-04 1.666365164014042138e-02
2.059572588047869885e+02 6.847239166317380068e+02 -2.236057408921261931e-03 -1.640194227155069911e-03
5.122491222999190086e+02 5.026289410060796286e+02 8.431058572028579434e-06 3.539931066869273424e-04
3.256948954656066917e+02 5.038253385499066894e+02 -1.663031906470322559e-03 2.011684605730748240e-03
1.139800679550882705e+03 2.126966424915406151e+02 8.635617134811608697e-02 8.508818414201028968e-03
1.702241472566460629e+02 6.245604715777425326e+02 -4.486809377035772851e-03 -1.276374020874705348e-02
2.675066894609437327e+02 4.253239736292152315e+02 6.709983060636434682e-02 1.957294244469065525e-01
1.087168302438398996e+03 2.540012425507060527e+02 -8.837702764201209316e-02 -6.735949688976546057e-02
1.159936778461031508e+03 3.745627982031927559e+02 1.020859047182984562e-04 1.239471638592253878e-02
1.026797749621966659e+03 2.045042143491324396e+02 -8.934173665594549729e-02 -1.051997855250914049e-01
2.656964565370790297e+02 5.894140971320814515e+02 -3.309823106773441583e-03 1.145470072013060614e-02
2.079343609377572761e+02 5.365496347726922295e+02 7.924400257042543694e-02 1.169107721221737395e-01
2.508205286411950397e+02 5.588883715502449832e+02 1.014704633378612220e-01 1.124971605319070450e-01
1.204091329463455622e+03 2.468410302326049361e+02 1.507794402863114024e-02 -4.755055458143585961e-02
6.713075543823698581e+02 1.080353423652009496e+03 -6.157642677759338950e-04 -3.514393189998552930e-05
4.801370536255130901e+02 4.439648325301116074e+02 -6.768268484671073268e-03 -3.362788283105727638e-02
1.074920455888759534e+03 2.770801041538389882e+02 -7.791280404514491775e-02 -2.780883325708482512e-01
3.005930523352967612e+02 5.513894760226172593e+02 4.847113274791755438e-03 1.165305430946894996e-02
2.592636454779369046e+02 4.065304988585742194e+02 6.276415001711471708e-02 2.258231166535286383e-01
1.043154653526109996e+03 2.445746156647348357e+02 1.078636023145360112e-02 3.297671249014014899e-02
2.261758213303789375e+02 7.159093997015729656e+02 -4.009771184837687338e-03 1.536010219753041047e-03
2.740116610786847104e+02 4.009963640226505390e+02 4.514905931932900601e-02 2.020231430161579245e-01
4.920764895107783445e+02 4.483693949169495454e+02 1.775476021056856786e-03 3.240855547154738135e-03
1.127560453802688016e+03 3.422694046171866944e+02 -1.069214139772499319e-03 -3.454265103190403037e-03
2.616470863917811585e+02 4.807094791100573161e+02 1.826269543895114866e-01 -4.597869109033625445e-01
1.066140967867473591e+03 2.522329266831913515e+02 5.632658586447709427e-03 -6.334882565611471561e-02
1.197676818067785462e+03 2.506968313495943335e+02 -1.027397179059605240e-03 -1.988583887567069858e-02
1.123485190125434656e+03 3.408564578697474872e+02 -4.916509762144396535e-03 -2.660233027169473831e-03
2.308240691250418308e+02 5.561544018254912771e+02 6.730303429323679365e-02 -2.152771520232944213e-01
2.813170341209489038e+02 5.957548693899938144e+02 6.062024992258606935e-03 -1.939813360245757831e-02
2.373183628465102970e+02 5.656140114474985694e+02 6.415716683808976584e-02 -2.095844124527106445e-01
9.734822179512633511e+02 8.672924035895219959e+02 5.779958422984839833e-04 4.175024540226295391e-03
1.895394627329416437e+02 5.843467092345916853e+02 -3.840096861786083341e-03 -2.514035415545702937e-02
2.625386450511310841e+02 6.482192937046881980e+02 1.129997784249612289e-03 -1.724670121022724590e-03
1.232423678675164183e+03 3.252895187663247043e+02 3.539825019722571686e-01 7.358440999358507872e-02
7.700669833890920017e+02 3.979104836028460568e+02 -3.955749626980508251e-04 -3.042819556743090858e-03
9.995570164751611628e+02 1.973814693424455697e+02 2.215979243272717049e-04 -2.175608868390887726e-03
5.295936601440357663e+02 4.915597527378346285e+02 1.850796138145403488e-02 3.000408085833581456e-02
1.158042228462537423e+03 2.354021982605107155e+02 -1.177802985820211633e-03 1.126936401789124104e-02
1.866832077444143749e+02 5.408312887044777426e+02 -8.922722575116490140e-02 -1.572675181401523847e-01
2.732297516088252110e+02 6.818810054648472487e+02 -5.944875821056723117e-03 5.561601697216714919e-04
2.630248421303309101e+02 3.973474788160291951e+02 5.766475576737352393e-02 2.439074396457413807e-01
2.008812712949374486e+02 5.234210683911222759e+02 8.895004598763318893e-02 5.115924527339558991e-02
1.184178265828204076e+03 3.552999750552868363e+02 4.490379457172028604e-02 -1.499496391545973584e-01
1.213035879703433238e+03 2.237685084590983422e+02 -1.209601832238374822e-02 -8.515772188756348671e-03
2.584139873007786150e+02 4.359673398540330709e+02 -7.501163134399872756e-02 -2.815254665162305048e-01
5.487930298950830093e+02 5.010574338670359680e+02 3.162049101554135436e-03 1.059625036857754152e-02
2.353945134834026476e+02 5.733699705853872501e+02 9.910981688587199023e-02 -2.155842820478890698e-01
2.391825963293830455e+02 6.179138578043053940e+02 6.329317895412403180e-04 1.663595273333220775e-03
4.917070842020210648e+02 4.828948220913839577e+02 -4.580566232451104697e-03 1.031067479624932226e-02
1.180977586106616172e+03 2.554787799679091904e+02 5.813856298899655085e-03 2.256416180267931462e-02
2.700802709613436150e+02 3.818676612503967362e+02 7.795747043316773872e-02 2.069597196118514448e-01
5.214336139088487698e+02 4.424852937477546106e+02 2.596785750658301903e-03 -2.263516893108745084e-03
2.450013542611964112e+02 7.102270381810278650e+02 3.968387470041928616e-05 1.118527002711626949e-03
2.312028953075090953e+02 5.732629730786917435e+02 1.032022604717737213e-01 -2.151067103280156767e-01
1.018358110930745852e+03 1.793631294696011196e+02 -4.296664703125622348e-03 6.011003943567202329e-02
1.262334644372956745e+03 2.929179244886088895e+02 -2.342531717382182258e-02 5.476699875571577718e-03
7.838396908885493986e+02 9.595655510967284272e+02 2.238119844731603462e-03 1.789098322962384571e-04
1.036315885453879218e+03 2.905098716819166498e+02 -7.276973184177519538e-03 1.822339894048602416e-02
2.986001102008942780e+02 5.030573675972606225e+02 1.839243037996397268e-01 9.266557226978684725e-02
2.586526435129737820e+02 3.831474529690009945e+02 5.755817665064652533e-02 2.341598824101864817e-01
2.299967321495860517e+02 3.104957559307637780e+02 -7.798601854845840786e-02 -3.521181766055889173e-01
1.203124881522812075e+03 3.253584923635365271e+02 2.835530821574021587e-01 1.205477750592981595e-01
6.654993068139735897e+02 1.078746308132415834e+03 -2.318011982792725703e-03 1.430740403797658945e-03
1.052006675555690208e+03 2.981119243731783968e+02 1.009840794315078035e-03 -1.702409864600721787e-02
2.641438140676877993e+02 6.864358455544005437e+02 1.816490970589590068e-03 2.679000737056511702e-03
8.791161841958529521e+02 8.673805489634244168e+02 -1.895868901197846415e-02 9.949890763921010947e-03
2.825801064756090568e+02 6.773895481984061462e+02 -1.075509769708841643e-02 -4.649136212806567400e-03
2.039617630571389384e+02 5.136341685157391339e+02 -8.300706257853838685e-03 1.059812278101324667e-04
2.284253706669822179e+02 5.471243463469494372e+02 1.073279529281730149e-01 -2.753271109372465095e-02
2.426221036311098658e+02 5.117381697255727317e+02 -2.441894332612196822e-02 1.372157536835033262e-02
1.105186673233679130e+03 2.171153163106391162e+02 3.740170741737907333e-03 2.128381284436353747e-03
1.941140606255038392e+02 5.367696335802454541e+02 1.910738362009770097e-01 3.653343394391935645e-02
1.011616495305078161e+03 1.763910994123063745e+02 2.629796378877503893e-02 -8.297696809106296090e-02
5.425225637648993597e+02 5.104225132053105085e+02 -3.222609827078864141e-04 -2.705709912165145002e-04
1.271278280853379329e+03 3.686514625836606456e+02 -1.186885163658396450e-03 -1.344558917883666681e-02
1.192108653405320183e+03 3.856792654296630189e+02 7.264623361714995196e-03 -9.216468515875935949e-03
4.654797624487324583e+02 1.099204342046831698e+03 -3.705234358664153023e-03 -4.323380508419114032e-03
2.616412178605716008e+02 3.749581262972035347e+02 4.846926328816089646e-02 2.426858999733341182e-01
1.850305051600851129e+02 5.290997609057523050e+02 5.801369681379069110e-02 1.086328185954153897e-01
2.271734116281527633e+02 5.830854036747957707e+02 1.307085248456114901e-01 -2.197084492657984112e-01
2.198203098613531097e+02 5.540404876721281653e+02 6.411155004026695969e-02 -2.104407862153743480e-01
1.182460986150993904e+03 2.456058726690649507e+02 -8.844175558011773200e-03 1.146285719344537941e-02
3.116816117076274395e+02 5.507020011640994426e+02 3.913296933055024004e-03 1.080327529653927685e-02
2.219180067925927915e+02 6.030468276872505839e+02 8.798494882697803499e-02 -1.888619293410032096e-01
1.120859613963547645e+03 1.969184234621062330e+02 4.276326632354161134e-02 1.470342144276228814e-02
5.620059364819645680e+02 3.947967772491013534e+02 -3.596627047515837104e-04 4.715677560308548406e-03
2.477112041261987656e+02 5.357689136628235929e+02 -2.293744140474480997e-01 4.479686576721419455e-01
2.684438282756150329e+02 3.654556751468245466e+02 5.597709519819734497e-02 2.606519805467063522e-01
1.203817461254277532e+03 3.473715310489836270e+02 -2.387856039604005151e-02 2.015573673259829154e-02
5.952198753747416049e+02 4.833346541444750528e+02 5.221832015291907533e-03 6.902891673234989867e-03
1.087173358860237613e+03 3.131215283301094701e+02 -2.205103724170317803e-01 -5.978611353087685126e-02
9.909493477666189847e+02 2.042307821957570866e+02 -2.609758232024027703e-04 2.651342680851068515e-02
2.549033054955172020e+02 6.648996483549757386e+02 5.844114869574642190e-05 2.844254346658738226e-03
1.174989768693988253e+03 2.478067975581199391e+02 2.223045322737805113e-03 5.487903330915606948e-02
1.125858745430170757e+03 1.773049913914566105e+02 -1.550089380015365614e-01 8.297211177222968415e-02
1.120905624962464572e+03 1.867992355849061994e+02 2.336130597739899395e-02 1.525276622120012686e-02
2.908166564285183426e+02 6.003149075387692619e+02 1.131953466955506506e-02 -5.858545956141257040e-03
2.226115479373673338e+02 5.702884252894282326e+02 9.562697257434246700e-02 -2.288658287936350955e-01
3.960401593104402878e+02 1.083402651762860614e+03 1.507129773030476128e-01 -5.796609539088827534e-02
2.616184231792592527e+02 3.639021141349943491e+02 5.074527678984658979e-02 2.567701315322593048e-01
1.235057517434448073e+03 2.853258345872523591e+02 1.000155031952450419e-03 -4.533147995947737867e-03
2.244620711250010459e+02 5.473343475128866658e+02 9.361857080208967063e-02 3.433002637859997042e-02
5.904403740546351855e+02 4.783094713731086358e+02 -6.395779545076686785e-03 5.895919774921272449e-03
2.160070973312687386e+02 5.956286741676557313e+02 8.951265914709574667e-02 -2.074402127841494803e-01
1.128313630574247782e+03 1.818375158820802255e+02 -1.265824882007829735e-02 2.254924625166853172e-02
1.225533401818929633e+03 3.586173090002783965e+02 6.934855855510169143e-02 1.780993538339255833e-01
3.936548298543035571e+02 1.093747180131152618e+03 1.837423164173419277e-01 -4.228874517707931907e-02
1.027530020028211993e+03 2.654033927011943774e+02 1.914995548975972559e-02 1.499505291561020054e-02
1.111468789476424490e+03 3.499908296064701290e+02 -4.198236462084738684e-03 4.566557514810330384e-03
2.576433933802026672e+02 6.027556602639049288e+02 -1.408447508563965937e-02 2.128924883302125981e-02
2.809498114137595621e+02 4.725108756264467615e+02 4.095711181120089556e-02 2.740205301223720413e-01
1.127054207173834357e+03 2.157347696413552285e+02 1.039945352432134797e-02 -9.907525714544305594e-04
1.204455186180159217e+03 2.023635292112604134e+02 1.303005638367559817e-02 -9.342916066899105768e-03
1.260047526643641277e+03 1.959361025432072267e+02 -1.228844660146825212e-03 9.931563476355354057e-04
1.009022483856381541e+03 2.106512936260397453e+02 5.162332718541755121e-03 6.221718995290795307e-03
2.411813589831626814e+02 5.755477893618898406e+02 -1.190447678551931517e-02 1.751958213908989259e-01
2.210341241081906958e+02 5.720590957416079618e+02 1.171163415593179657e-01 -2.345661449329160819e-01
1.173659410422417295e+03 2.110975521204692313e+02 -5.280275757506910569e-03 9.921956708908927225e-03
2.524324983168027359e+02 7.136016431809574669e+02 1.089809130248379013e-02 -2.313739320860093256e-03
1.113617943738772510e+03 2.201882089770441269e+02 6.501447362873451208e-02 -8.081779898367245918e-02
2.794424361028547992e+02 4.540566727236838460e+02 4.282405375194497932e-02 3.009309397179109613e-01
8.860708512971377786e+02 9.297740177882204762e+02 1.287081967581060011e-03 -5.455268456721073817e-04
1.073617669393895540e+03 2.968559725896558348e+02 -1.372214873073165919e-01 -3.398259723104181118e-01
2.886801663925888874e+02 5.145552574929539560e+02 5.075910683001888871e-03 2.007756119123116356e-01
1.299672898424578761e+03 3.142150501024372033e+02 4.281379167137532200e-03 -4.232354197475358785e-03
5.746594740828484191e+02 4.054912703176509012e+02 4.664965832548074618e-04 -2.670263574365287079e-03
2.170588141831862004e+02 5.669162085121233758e+02 1.487357957051327340e-01 -2.463787733158734339e-01
2.790926213106749856e+02 6.055116496013915821e+02 2.976527681198829281e-02 -1.181809083204870582e-02
2.479002119077778445e+02 3.613129751617988745e+02 6.317663786754111610e-02 2.614226026247237211e-01
1.022698450833123047e+03 1.626279147243476757e+02 -5.903841742941372869e-04 -5.244656750269967565e-04
2.019708044783139940e+02 6.665328816114379151e+02 -1.770143660299680344e-01 1.908299394570907581e-01
2.213831523143882691e+02 6.085400098241876776e+02 7.166141321937093134e-02 -1.965858944608649683e-01
1.046499391975581830e+03 1.682160604734931724e+02 1.962150319297849190e-03 9.956419071982910074e-05
2.359139598482005340e+02 6.516928781064394798e+02 4.138526305924847097e-03 -4.807588019691976140e-04
2.561482885449613036e+02 3.551408076982656326e+02 8.856801786294506151e-02 2.334295112141943629e-01
1.044833833270961122e+03 1.825313265664703124e+02 -6.309774383736913538e-03 8.594360819101342849e-03
9.011783276565991230e+01 3.710034091963627816e+02 -1.813426757896758335e-01 -1.193132622702864354e-01
1.189161825083004942e+03 2.543280884998101783e+02 1.972051977645605803e-03 1.301300671350350685e-02
1.145061684293851613e+03 3.551251383735306604e+02 -1.953485524803333026e-02 -7.463900499382055548e-03
9.828687564464042907e+02 1.765438301235390099e+02 -4.284478191439660549e-03 1.584037739656529373e-02
2.114731561628587428e+02 6.021880789928706008e+02 1.339287845888933737e-01 -2.187690101329656800e-01
1.332332477540641094e+02 4.380390300560272863e+02 1.742453999337877923e-01 2.808587479849901092e-01
1.788854535501821488e+02 5.217245946648592962e+02 8.978479905575885434e-02 1.360736508520555554e-01
1.181503320581729440e+03 3.338298634685020829e+02 -5.438396132801992348e-03 -1.086681099046261229e-02
2.633872677990267448e+02 3.459590111265414407e+02 7.714642446541429555e-02 2.528751149849589042e-01
1.029376231065941283e+03 2.476782947559063075e+02 -2.609642973280048585e-04 1.060751950764525454e-03
1.395004306433768306e+02 3.884923738718903223e+02 -1.441665662693227727e-03 7.373118507167297428e-03
1.834737017130262871e+02 5.227473984277896761e+02 8.684805113085701522e-02 1.431611460145907899e-01
2.032841806642213669e+02 5.363668021204475735e+02 6.784653807714775831e-02 1.267865524261408416e-01
2.411439327497450904e+02 5.431244926590767363e+02 -2.357614741321495122e-01 4.342992794177356619e-01
1.161650234701860199e+03 2.528578169842091938e+02 8.980599478031808715e-04 -1.427380408720542665e-03
1.023512618912096059e+03 2.807282853478407105e+02 4.031458355405781219e-04 1.476457878427459274e-03
5.020868902474060178e+02 4.818203035436020514e+02 -4.026617372422642768e-03 2.013473708737675751e-03
2.181584560849314300e+02 6.126288057157115645e+02 1.007257144505953189e-01 -1.988718203146577768e-01
1.197655904632950751e+03 2.282015974321238616e+02 2.186214741015538553e-03 -2.708267106149630631e-03
2.562848964782065764e+02 3.460802566000395473e+02 7.228245793285736909e-02 2.673944475377977859e-01
1.387037357033207456e+02 3.984961955982274162e+02 -2.099760450823794523e-03 4.204327949196903259e-03
1.132529362579684857e+03 2.397534305873749645e+02 5.445959115207971157e-02 1.695704629656070853e-05
1.157324372789074459e+03 2.255201619329669711e+02 8.454089263890150752e-03 1.480022473192311831e-02
3.134799801278959990e+02 5.552573145522965206e+02 3.402916663260542162e-03 5.544363873197410281e-03
2.439985944421057127e+02 3.543081800517170450e+02 5.916741651498817756e-02 2.937176922105434462e-01
1.094675594046418382e+03 2.380263511620284191e+02 -2.302871196522150721e-03 -3.868920087247862405e-02
2.242426948411109322e+02 5.633232684168831383e+02 9.315364059698322263e-02 -2.308285987998945077e-01
1.232871602122091645e+03 3.444551389154468666e+02 3.151563291657819010e-01 1.687087484830958606e-01
2.536052252697079439e+02 6.232080812102097980e+02 2.308582344259341081e-03 1.350889787583092055e-02
1.026551634747988373e+03 2.423626726093841626e+02 9.423433856128294282e-04 5.969731914353477303e-03
5.151422350472356584e+02 4.734469254200811861e+02 -2.933995072786580588e-03 -6.359020500960833530e-03
1.226886376748926068e+03 2.865928470172301559e+02 2.900048847175972985e-02 2.997357943086121357e-01
1.113928518576566830e+03 2.565513670778984192e+02 -4.066104932208458589e-02 1.779090629927072009e-01
1.256682746827850679e+03 2.928184357995793903e+02 -8.074934538957551089e-03 4.647173266509372833e-03
8.816214475038829050e+02 1.100654863012112173e+03 -3.792796686605353056e-04 1.137624618442966600e-03
7.531855680841773619e+02 8.452904375553431464e+02 4.936723806332059565e-04 1.051644411886357286e-03
9.868831884002512425e+02 1.795358356177622738e+02 -3.536376577157585022e-02 2.421243781663823952e-02
1.222416127886446930e+03 3.761559117808192809e+02 1.784577223692268783e-03 -1.600976451014178917e-02
1.974175289801085000e+02 6.670435715010082731e+02 -1.657981981507698488e-01 1.915911649250473248e-01
1.113122129567402453e+03 2.183118816513937190e+02 -2.747378718308396764e-02 -3.133506733617238971e-02
2.523483778105285182e+02 3.780037516677922440e+02 6.431139259676750541e-02 2.540765301063535042e-01
2.368370326262170522e+02 3.697126494787685829e+02 -9.119469442013176941e-02 -3.398826360260793766e-01
7.416861597308463843e+02 9.599597617968796612e+02 -1.820280129077398584e-03 1.637782325952675828e-03
1.097888488539123273e+03 1.820494581539319654e+02 -1.130414878457891570e-01 5.927649270189577768e-02
2.522690980399511318e+02 3.378233605775737942e+02 5.773651057101140960e-02 2.733047930876846277e-01
2.249960256231204028e+02 7.565343481177931153e+02 6.826691356462394724e-04 1.792793994361027710e-02
2.154375850209200109e+02 6.326793456465022700e+02 -1.249800176203366142e-01 2.312735242843135530e-01
2.235106980673128305e+02 6.674348475427947278e+02 8.657964540715441804e-03 4.964007640050076622e-03
2.573906128393994663e+02 3.369176117575825060e+02 4.162993492053826405e-02 2.810288239268535215e-01
1.747862817218792486e+02 5.456568368746942497e+02 -2.384332098152792956e-01 -6.241697749074810037e-02
5.027360236944043095e+02 4.393141961277835890e+02 2.013859496535493065e-03 6.138466180977889333e-03
2.138894857276419259e+02 6.228006287232758496e+02 1.577486751197701431e-01 -2.585451418735975615e-01
1.129512090381834241e+03 2.280265977108265929e+02 -1.282828525271013757e-02 6.125774052900013859e-03
1.171349913654335296e+03 2.263392096690258484e+02 -1.148222360553058938e-03 2.691708950211736673e-03
5.295119658363944382e+02 4.384659527570881892e+02 1.246128967542098950e-03 -1.232422505980179835e-02
1.191258842683048670e+03 1.816879663879773261e+02 -4.705371144328043126e-02 -4.149582724509589399e-02
2.747064787659145395e+02 4.824388203461111289e+02 -6.557837134934151047e-02 2.853472668571416238e-01
3.690440511330948539e+02 5.183220912162121294e+02 4.592368704125234890e-04 3.166281555784078005e-03
2.797583161879981049e+02 5.101162904092561803e+02 1.786232538444001983e-01 -1.686005159091663597e-01
1.135119497060265758e+03 1.903881927511338574e+02 -9.504968747032672841e-04 -6.956125617057521034e-03
1.015539846101441981e+03 1.955991139577446916e+02 -4.686762531234042045e-02 -1.011968924347342591e-01
2.191376594724878828e+02 6.623135582456694692e+02 1.201185291455205903e-02 1.155484201480122758e-03
5.602668445711499317e+02 3.903704636635445695e+02 1.169680051789598199e-03 -1.401406945765392223e-03
2.325246924890437299e+02 5.272273650566776269e+02 6.542249164238170267e-02 -2.757260327149368279e-02
1.019859429202494425e+03 2.190267146058229173e+02 3.033855886761863824e-03 -4.048690816489397548e-04
1.179745442889319293e+03 1.901604686880409076e+02 3.811753792766323090e-02 -5.015712409349835227e-02
1.150071767376168964e+03 1.926389633771280785e+02 1.457129295131200618e-02 4.942298286822348341e-02
9.531283857037465168e+02 8.974212304425594766e+02 2.689917100369847158e-02 -1.939873321479317764e-02
2.679959163916575449e+02 4.010264252108029268e+02 3.812315029121223636e-02 1.996242083156566371e-01
5.176619924602860010e+02 4.586313633261335667e+02 1.424753568930964905e-04 5.848627127258425491e-03
1.075276357667913999e+03 2.065621297918607979e+02 -2.232359404024689478e-02 2.540754128344331272e-02
1.248744098902375072e+03 2.731747548467142224e+02 -4.882428610970930560e-02 -1.428930867199549627e-02
6.494768095766761462e+02 5.027231018928425783e+02 7.484368511846146987e-03 -4.284855123205601711e-03
1.060381909326961704e+03 2.269107985660415636e+02 -3.263762105515894112e-03 4.812044111620500733e-03
1.020031703748759696e+03 8.063068152385222902e+02 -5.336007689725147472e-04 1.416185929927694237e-03
2.746502894559455967e+02 6.707285115502364761e+02 -2.155794288271093567e-02 -2.631169475085194318e-02
2.795335900116862717e+02 4.438705285457804166e+02 9.804880974623736423e-02 2.262073849653432056e-01
2.074742723511593852e+02 6.163159500641105524e+02 1.488147992505426676e-01 -2.599173802515753473e-01
2.039503542416417758e+02 6.256573807411780308e+02 1.437229818218879185e-01 -3.107357232750097564e-01
2.606183946817545802e+02 3.571348587959791416e+02 7.445581970738497646e-02 2.859155326432166189e-01
1.070530667983747207e+03 1.690208605054394297e+02 8.366268126092739343e-02 1.201770366650933841e-01
7.438713766093979984e+02 3.950387448001930011e+02 6.285728736780709551e-04 7.140950252914877484e-03
9.607153892743335746e+02 8.350360617077919869e+02 4.879562026842742596e-04 1.549638592214340872e-04
1.042021118693755625e+03 2.055319242996760920e+02 -1.321098259574146894e-01 -2.179169118038876141e-01
8.494317853367577698e+01 3.478771745677008198e+02 3.596175155147893730e-03 9.942810270015658980e-03
2.640407996337747250e+02 4.652260362940442633e+02 1.111272629818087498e-01 -4.307213125487832639e-01
1.048523108053248052e+03 1.790815459110872609e+02 1.228927885834957962e-01 4.986338305556276690e-02
2.026841118702996312e+02 6.026890752141130179e+02 1.654357639782638723e-01 -2.303167454290405147e-01
2.523543104687479115e+02 7.084489420518821134e+02 1.639894033698425157e-03 3.026322296342740664e-02
1.863370112880713805e+02 5.085238018446145247e+02 1.115892756268186126e-01 2.763660691622160104e-01
6.391647937046772086e+02 3.760384668554517020e+02 4.576744983519392333e-04 1.852737023533349882e-03
2.076806597494716016e+02 7.317472746062517217e+02 -1.796301511199044701e-02 -2.468186637589600552e-02
1.192112277469770788e+03 2.250734810089784048e+02 7.827691424989385166e-03 -1.623772722757959100e-02
1.958980409735985972e+02 5.660397340691864656e+02 2.168897529482827491e-01 5.247880684393888689e-02
2.951880740245660490e+02 5.220713803121604997e+02 -2.418586222163041088e-02 2.468820500707322729e-01
1.980484584898931075e+02 6.914480277019818004e+02 6.395828652252007716e-03 -4.510479854702950306e-03
5.770563950836429967e+02 4.963687229092556663e+02 -4.669962365574290182e-03 -4.693986696258551500e-03
2.953438008395378915e+02 4.944137612239024975e+02 2.076328661641496954e-05 2.088364662256982085e-01
2.543154920863818234e+02 3.206247896714338594e+02 6.338162053135495966e-02 2.660102224574518726e-01
1.188099285669531355e+03 2.067374024280357503e+02 7.785967631436937868e-03 -1.258160197600957826e-02
1.045220982261148720e+03 2.025150379955389042e+02 2.260057108652731642e-02 -1.286743340579737417e-02
1.025904948236378914e+03 2.197849233877655024e+02 -1.692656344242609023e-01 -6.869212402393308492e-02
1.108997780917222599e+03 1.545011973189032233e+02 -5.366078652456629516e-02 -3.204522503665176852e-02
1.014418593417207830e+03 8.694732920286484159e+02 5.287946219908971207e-03 1.866650284678188980e-04
2.023082259249540868e+02 5.921459457239355970e+02 1.869976009910606085e-01 -2.654627339717229306e-01
1.203232264061163505e+03 3.612100044187197341e+02 3.896873244407783859e-03 -8.401632500321359887e-03
1.136779537286113964e+03 1.733999910043001194e+02 -1.606805455217089618e-01 9.290273698317746964e-02
1.112340435975577293e+03 2.025725478389409773e+02 -5.149931812825298688e-02 -6.387448475646721746e-02
1.006297965877072556e+03 1.774083902570203861e+02 -2.960704299889494948e-03 3.897686282322278956e-02
1.146043792732611109e+03 1.934054789248483530e+02 3.302700358239064188e-02 -2.356581735311790576e-02
2.184823210651516376e+02 6.751959583911761911e+02 -2.006165786214339150e-03 -3.618420755437549768e-04
1.152423678678541364e+03 2.507390305670568296e+02 1.268950574429632792e-03 -2.749283646788470807e-03
1.257722613517185124e+02 4.398816863939872519e+02 2.138581327402487575e-01 3.039944281140508076e-01
2.446862129484307502e+02 3.236792884349829933e+02 6.106351977865586561e-02 2.513346631095617623e-01
1.140405414619661087e+03 1.936906285187871504e+02 -1.927894915606074341e-03 -1.643154441067582947e-02
1.007658003714453230e+03 2.482463658109478502e+02 -5.773196718623109340e-03 1.846852208363924941e-02
1.082246918368157139e+03 3.126943460163242321e+02 -1.746972583608333018e-01 -9.782849666827483914e-02
2.908669728665803405e+02 5.331954682141130206e+02 -8.467369955273078286e-02 2.147993023887597441e-01
6.181005665495175663e+02 4.321968425397415672e+02 8.674617933017390869e-02 4.129254882829879597e-02
1.862551882387763555e+02 5.794241926647223409e+02 1.364672629935693438e-01 -1.200910408740673077e-02
1.155571320200843275e+03 2.288244222422410701e+02 1.537037848085431174e-02 -2.586536548066241739e-02
1.245536798212009444e+03 3.049072213832468492e+02 -5.906405130882502741e-02 -1.170288538579800607e-02
9.313739227073413076e+02 8.855432673909575669e+02 -9.480298256941822703e-04 7.281230195738064509e-04
5.588488901798294819e+02 4.202460522968364103e+02 -5.740559629972753763e-03 2.552140899562591395e-02
2.260404171955510719e+02 6.002053442938002945e+02 6.901981847897083189e-02 -1.772256923608818702e-01
5.463923607417571020e+02 4.424843294630796890e+02 -1.359466904091390267e-02 2.365395240159127999e-03
1.173000747879784058e+03 1.442980020713747820e+02 -3.066274048090478904e-02 9.730738722525264506e-03
1.920989224535236986e+02 5.711269421945203248e+02 2.450058031600245712e-01 2.515405459597120502e-02
1.848277835882543911e+02 5.028947976872485128e+02 1.478041837659047064e-01 2.722480219165171467e-01
1.205187268761691712e+03 3.268550092755270953e+02 2.973670310092718649e-01 8.212066160329994924e-02
2.671356536766298291e+02 4.465793358934278672e+02 -2.014669518170608686e-02 -3.140646790691047907e-01
1.480410174203515226e+02 4.949643589807307649e+02 -1.461402918803881013e-01 -3.428031387504131278e-01
1.224445753333061475e+03 2.162400650396434969e+02 -1.274473877201401503e-03 4.162199868289073561e-03
1.073414589877265598e+03 3.456123941209752957e+02 1.947013312362944754e-02 7.347874423820791728e-03
1.318361746968765829e+02 3.932421433238883424e+02 -2.110040653041332908e-03 -7.370412569762062847e-03
1.805256301257212215e+02 5.118826493466817737e+02 1.839619550010012927e-01 2.330705533277389607e-01
1.076777274506985350e+03 2.259448838333990750e+02 5.123243028571445104e-03 3.199778268616804491e-03
1.172342961810817314e+03 1.916732316457809873e+02 2.553759599298714364e-02 2.101071929501055827e-02
1.181896455961335050e+03 2.953082716044676204e+02 -1.845994881166911905e-01 2.331575764779848514e-01
1.897187589147292499e+02 5.787925767672463735e+02 1.985287405521790893e-01 -5.261570558676533556e-04
2.841246078782122595e+02 6.201952330612825790e+02 -3.102438173602697219e-03 1.641887348254349871e-02
1.033217387702807628e+03 2.586370438207878806e+02 -1.552555501280264774e-02 2.067066971362475358e-01
2.145504891183769871e+02 6.840211722965800618e+02 1.230630565202923965e-01 -3.597889681542798535e-01
1.892966914443096016e+02 5.658592160993349580e+02 2.547288473973965961e-01 -1.842360229275950834e-02
2.882333343742067768e+02 6.259816320157394784e+02 -2.459492288930014651e-03 4.020905266889884290e-03
5.371577963612921849e+02 4.707980604663021040e+02 -3.659423449079607371e-02 3.101579793241227706e-02
1.035873198503590402e+03 2.823987461748167220e+02 1.499461787294998141e-02 1.563443987318616502e-01
1.169706045160327676e+03 2.539025892993902573e+02 -5.385017072523965755e-03 1.415375817405523963e-02
1.239797728296770742e+02 4.492476562849831225e+02 2.066007305377280667e-01 3.195123981199167740e-01
5.744256144950228418e+02 4.970691229994931177e+02 -6.207985109913037071e-03 -4.250768833566154724e-03
2.594149596539677987e+02 5.907217851666375736e+02 -3.412483505517477280e-03 6.170159682892967581e-03
2.387590710755614509e+02 7.668292855448497676e+02 1.497762813723549705e-02 2.527953385031151204e-02
1.121166125370997406e+03 2.165114837330220325e+02 2.060312945497116618e-02 3.699863620846940981e-02
8.132662021915071193e+01 3.346433468245167546e+02 -2.120765077891472242e-02 1.010936975548835590e-02
2.882409637587979887e+02 5.426082003417840269e+02 -2.549087401716389895e-02 2.665089930620085923e-01
1.979890944359982825e+02 6.384170777191229718e+02 1.480543382351471593e-01 -3.214291813324377522e-01
2.470334772390186515e+02 5.185894130106820512e+02 1.848150461837872460e-01 -2.410903350873290218e-01
2.624902670458342868e+02 5.279812122490562842e+02 1.116125211437790365e-01 -3.260998919443610644e-01
1.030951517657826116e+03 1.866333153582804982e+02 -5.105628637873612513e-02 -2.588731684203674985e-02
1.176981883187339236e+03 2.233132937954632098e+02 -3.870565846701386811e-03 1.461407099181559087e-03
2.826765701832966897e+02 5.199642179939978632e+02 1.745048932302299960e-01 -1.611314064739014784e-01
2.795882466331092928e+02 4.929622283994956433e+02 -9.768397298893086167e-02 3.452143576196560759e-01
7.635548287993294707e+02 9.623810342663914525e+02 -1.198321755773098396e-04 6.604009389356609982e-04
4.635376896870351970e+02 3.924202342793606704e+02 5.345689667355474714e-05 1.643404558031892181e-03
1.144282576486758217e+03 3.636050032896969810e+02 8.033756602591443294e-03 3.501665831213700893e-03
2.761800711065798737e+02 6.465504525429239493e+02 -1.283725047293285924e-02 2.758955429356084975e-03
1.061880644327382697e+03 3.180806753595322220e+02 2.158261547945255487e-01 2.296161482890772265e-01
1.700035442413763747e+02 5.076338672592880243e+02 1.666990651362166842e-01 3.474714802066379282e-01
2.839691221196717947e+02 5.307821596654152927e+02 -1.014267498940963214e-01 2.558927763657400378e-01
2.795220039657678512e+02 5.518612212432412889e+02 -1.986270618474118843e-02 2.712546782342192264e-01
9.871680497847282822e+02 1.874908113986674039e+02 -1.575287445442693016e-02 -4.557246263486914445e-02
2.380945169548603815e+02 3.138394534832420391e+02 7.701118577947112243e-02 2.591580187930704882e-01
1.103782091060916628e+03 1.963021038790090813e+02 1.095968630354284684e-02 -4.856420752674010799e-02
2.209705217139816682e+02 5.282420502021300308e+02 1.380425725733040454e-01 4.156139699851196107e-02
1.074885425721954562e+03 2.476800268671767355e+02 1.785249091439876645e-01 1.462908906772112105e-01
1.198643707103944280e+03 2.030433223082242762e+02 3.791003257955547802e-03 7.985095387880726883e-03
1.241642226425424042e+03 3.173578681692524697e+02 -1.907816255375217041e-01 1.636462831992289146e-01
4.639199781300751511e+02 4.562195017565017565e+02 -8.040668245821317242e-03 2.218853089377825077e-02
1.077079700923512974e+03 1.709724620556068828e+02 8.337758173116699423e-02 1.553977054920653578e-01
1.063473991025253099e+03 1.804141653415225619e+02 7.734190824941205786e-03 -2.529001253731132798e-02
1.144630705144780904e+03 2.448603104663644956e+02 2.339432290219487127e-03 -1.746370748489072281e-03
3.062623611625415947e+02 4.946467352988968287e+02 2.613322129922943660e-01 2.190017528865920507e-02
1.181330086335778560e+03 2.038188019456334814e+02 6.612995610933233848e-02 -6.866057171864958786e-02
5.271127930351249233e+02 5.064706667973791809e+02 -2.376724446520834882e-05 1.605078018034921533e-02
1.264712081830569332e+03 2.654911505858946725e+02 5.291398653336898406e-02 -4.705244825643149081e-02
2.750666781850716802e+02 4.153209450719735401e+02 4.881769624641645045e-02 1.935315973257765720e-01
1.026406524902745105e+03 1.809399410800421606e+02 1.665002015111388678e-02 -2.932198449087475983e-02
2.391440101368999933e+02 5.343370452440011604e+02 1.368335907003837282e-01 -2.318649565284719993e-01
2.399065982195442075e+02 5.928283292040501919e+02 -1.609348173672096871e-01 2.310380220837942034e-01
2.282905736072166007e+02 5.894455887767297781e+02 1.109916010590104307e-01 -1.891679110692489896e-01
1.087168667762566201e+03 1.815147962095038849e+02 7.259704795393048804e-02 -1.061100125407204442e-01
1.077288225054606983e+03 1.937302233569873522e+02 -5.655665256279155707e-03 -1.863786433627953945e-03
1.266009298227815179e+03 2.036525066456519539e+02 7.128962584421923154e-04 2.112402582990956495e-03
1.092366091286349274e+03 1.747551186910517913e+02 1.141299406869836081e-01 7.255501275480731593e-02
1.062043417242523901e+03 2.068549070333292832e+02 -4.484754398501273297e-03 -2.866640202597262911e-03
2.170182043907919081e+02 6.700105343587712241e+02 1.293558119101515143e-02 4.433532930703389802e-02
2.452003694315352504e+02 7.214921491300611933e+02 -2.077969737668857096e-05 2.061166317995338088e-03
4.427866361272276094e+02 1.085194092058687147e+03 2.076465956697784443e-02 -5.347503011316683680e-03
2.125941324929530651e+02 5.854124360500851481e+02 1.068313198457584157e-01 -2.406138422409155042e-01
2.135201210877843323e+02 6.720214098757206784e+02 -2.338126554955882296e-03 1.074278166017696330e-02
1.090996688155605625e+03 1.901741299983930560e+02 4.416891063626919751e-03 -1.340688651076965728e-02
1.154477454998323992e+03 2.340966724952893117e+02 1.234877910679347797e-03 -1.096383915697059230e-02
3.136971499580326395e+02 6.091645671468156706e+02 1.957816301379319140e-02 -9.507164122090990335e-03
2.560121120543330449e+02 7.350778062369772670e+02 5.210653463673931701e-03 -2.989158793980095652e-03
1.844068167623332499e+02 5.341057852772974002e+02 9.747298929054076799e-02 1.068401963749605887e-01
1.997884057320299860e+02 6.924724823646954519e+02 4.688983986797404940e-03 -4.412650838908308004e-03
1.035962804102460723e+03 1.755724033809913749e+02 4.094748494215612496e-03 -3.220788140630759244e-03
1.028265004186744136e+03 2.217845385823133313e+02 -3.592460005641339577e-02 -1.511214987300450903e-02
1.142923879303067451e+03 1.773684618885959026e+02 6.556332841753373386e-02 -9.539944846413399293e-02
1.046340422505486004e+03 2.726401121931559146e+02 -2.006021570913227650e-02 6.014395223661251483e-02
2.360636417838298939e+02 3.056201718439046431e+02 7.821142791152459195e-02 1.374436225552854163e-01
1.163451017699443355e+03 2.093353206784829865e+02 -9.436669078029914087e-03 -7.801225601631902457e-03
2.273669915026573562e+02 6.361109248335304756e+02 -6.961232706145811799e-02 3.079125924473637421e-01
2.638591526757460883e+02 7.079940870403147528e+02 2.336737423202989161e-02 9.229788126821984393e-03
1.114833088079588606e+03 1.855510371812328287e+02 -5.956020797634330177e-02 1.499386322324980370e-01
1.016944881979952811e+03 2.307370511834019453e+02 1.173338588877888451e-02 1.034303822175572547e-02
5.353378586035131548e+02 4.393467302501171048e+02 1.330572026540043085e-03 -4.822451349785249544e-03
2.131771521137738716e+02 7.237515875681991702e+02 -3.524259465505602540e-02 1.969475977150455387e-02
3.496647161565628608e+02 1.087610994933480924e+03 4.747608687664074401e-01 -7.153831637228633133e-02
1.008759475637457626e+03 2.564385426749007024e+02 -3.592167575277471769e-03 -1.097651752285018663e-02
1.087215691171442586e+03 3.323376074904528537e+02 8.609719286546420325e-02 -1.244512797986651459e-01
1.157997746918054190e+03 1.999610020009559150e+02 -7.395718038049270415e-02 2.050209903233255748e-01
5.740739002371478819e+02 3.945818950187942846e+02 4.839376351399620607e-03 6.687519694899562647e-03
2.363894484215938689e+02 5.918833903210979770e+02 -1.555856430370913535e-01 1.619680041265365300e-01
2.057262963218546190e+02 5.844897248436056998e+02 1.042786592784562538e-01 -1.673167716443913489e-01
3.532120622605063431e+02 1.091109347734944777e+03 4.926453623654852843e-01 -1.124959940235105288e-01
1.153250657101498746e+03 1.417300212255661336e+02 9.121419933005725511e-02 1.426055804397652338e-02
1.254576932998959592e+03 3.050711310004559778e+02 2.515465397591043484e-02 -3.061742354437706481e-01
2.861473660933097563e+02 4.720846430447222701e+02 4.071719218279383490e-02 2.812227334854819905e-01
1.038848721821146910e+03 2.005168112726054517e+02 3.683041735556950164e-02 4.516620939124512540e-02
5.904670690151256167e+02 4.161844769246936835e+02 2.060305246463246798e-04 8.462777111255212828e-03
5.106647802028260799e+02 4.924027265690071431e+02 1.955097466590151323e-03 -3.678546850266175595e-03
2.647246050438819793e+02 6.738469620944844110e+02 -1.733958869026999792e-04 -1.013354249467137433e-03
1.961400136215570456e+02 7.025854115772629029e+02 1.457551936219008380e-02 1.247878874766368031e-02
1.140352266929361804e+03 2.996845242101325653e+02 7.818678060151509901e-02 2.293763707672159813e-01
2.275996883779316420e+02 6.161340069622630153e+02 -5.423419330736329452e-02 1.757971956292274651e-01
2.248179198953138780e+02 6.103816730475166423e+02 8.315546871031244403e-02 -1.737101299521834341e-01
1.116314950661866988e+03 2.321716347976163775e+02 -3.441641627380574719e-02 2.039190929598677093e-01
1.090177566835808875e+03 2.290787252427613510e+02 3.044202633411227099e-01 -5.881101793986560633e-01
1.035420107818489214e+03 2.999323730614348733e+02 -1.462035578819203272e-03 1.772337607014102395e-02
5.155230822426566419e+02 4.868513121045129992e+02 5.318772133397363724e-03 -1.365247509521726535e-02
1.350729980072377430e+03 2.620904223102388642e+02 -3.522780259370186014e-03 2.512824570687206133e-03
1.118677146829294315e+03 1.588935339332021499e+02 -1.345094388494224580e-01 -2.419881806486467307e-02
1.102199414183217414e+03 2.420825834719980776e+02 1.984216876851658401e-02 -1.247916381050820887e-02
1.263672389325642598e+03 3.937096802087486367e+02 9.284269079237808531e-03 2.980995786161757741e-02
9.649310978141761552e+02 8.689205398344870446e+02 -6.016663491861974980e-03 5.842263996886164212e-03
1.172522545162461483e+03 1.788751376966317821e+02 -1.512509344355028248e-02 -2.044786427594523417e-03
1.186811700506105353e+03 2.894216272576470601e+02 -4.588064317043594881e-02 2.896177503691791388e-01
1.098134820436779137e+03 2.483591099989426709e+02 3.530082962098591692e-03 1.935713884441871493e-02
1.064872752120802716e+03 1.973881028692675272e+02 8.366196474084704876e-03 9.032350484905768070e-03
1.103292327605774972e+03 2.022073455857816953e+02 -2.180208845120432722e-03 -3.159305435294981756e-02
2.122802585244072304e+02 6.643102667171485791e+02 3.261473793320987871e-03 9.988063952839638937e-03
7.064200331303269422e+02 5.828144375511093358e+02 1.708671975575271160e-04 -2.381007324470374431e-04
4.812233825451983193e+02 4.514273552565792329e+02 1.493515485228944645e-02 1.346604222263483690e-02
1.068115029524509055e+03 2.176003220210419897e+02 -4.518758701085468649e-03 1.014322175502254952e-01
1.231324362155612334e+03 3.181558382618089240e+02 -1.450142808301813635e-01 -1.512120342776002158e-01
1.182116281897338013e+03 3.697587047784710421e+02 1.765378978359422035e-02 -2.177313180486165761e-02
9.314112728062286806e+02 1.921779325932909046e+02 1.810886831002436401e-02 3.353156141584147376e-02
1.234194221087689357e+03 3.255867501842428737e+02 1.943651467260679166e-01 -1.354182704507719825e-01
3.222876606813470630e+02 5.452307810789445739e+02 -5.160852683397302437e-02 6.040879893407691270e-02
4.639975076977875119e+02 1.100018937180622970e+03 6.498064191249753457e-03 4.452273630202102823e-03
7.172096534900314282e+02 4.759502263389720724e+02 1.949584734152917361e-03 7.131185923094833165e-03
1.175433267818514423e+03 1.476644968957025981e+02 -6.429564269951913713e-03 -5.276383033894505026e-01
2.268870232283320547e+02 6.739473884564379205e+02 -9.996572623098217564e-03 1.531344863560878469e-02
1.927574058423590202e+02 6.658779036176566706e+02 1.536108577397059249e-01 -3.234486694969757048e-01
1.476545573384277645e+02 5.284515264696656232e+02 -2.214347945083919994e-02 2.839663347027098633e-02
9.884760546893772926e+02 3.560985565760162785e+02 1.303690035878261710e+00 2.789580812426798673e+00
1.834756893367959378e+02 6.450250390599509274e+02 1.138001831387860791e-01 -2.792578473231685510e-01
1.176467446301002383e+03 1.960724088793406565e+02 8.890390301752258348e-03 1.696922411223967392e-02
1.139881257723393901e+03 3.884627234903846329e+02 1.428708099677887533e-02 -2.049900291135833483e-02
2.435642058579137483e+02 5.495797362994650257e+02 -1.908406312334727517e-01 3.570234507316262240e-01
2.434970400745830545e+02 5.444509861864868299e+02 1.473046901797329666e-01 -2.085542429205642367e-01
1.027897223158705401e+03 2.334017529361159689e+02 -1.064860751653582630e-03 8.716455775043327817e-03
8.163639316066245044e+01 3.403769059895172404e+02 -2.141187803503817599e-02 -2.856499005247314926e-02
9.895020821633632977e+02 1.668269631970843534e+02 3.912275747545853471e-02 1.245507892236632705e-02
1.177767935448142225e+03 1.681783433261162202e+02 -1.150665697657460573e-01 -8.939755747214030157e-02
1.887458019646595062e+02 6.571529293174866098e+02 1.387906059318484986e-01 -3.755289846914074969e-01
4.644512050869786322e+02 4.548056981031461987e+02 -2.283369085028295539e-03 7.284210330305995393e-03
1.110817248237289959e+03 1.753164237536573751e+02 -4.779042729894301955e-03 -4.782212382433012436e-03
1.049650806284673308e+03 2.337313602418916787e+02 -7.900888442979651927e-02 -2.838610418374636346e-01
1.043247926050097021e+03 2.648743755940012647e+02 3.378952647835831375e-04 1.013169742147624619e-01
1.039004430315755599e+03 2.971892977686300696e+02 5.383607963375912353e-02 -1.999494213698978576e-02
1.049969982787761637e+03 2.285856237229980650e+02 1.114315335362067207e-02 -3.477815754234574869e-02
1.120578312660696156e+03 2.847615148553929885e+02 -4.637720681606585099e-02 4.505309686255764001e-01
2.175000911176444731e+02 7.702191049629283270e+02 -5.293023127751940969e-03 -1.143123914164000110e-02
2.379724525438377896e+02 2.954891501284793094e+02 5.234670681172581136e-02 6.556684720533900723e-02
1.167000155094907313e+03 1.646858936095803472e+02 -1.726805187127880004e-01 -1.990797660514163070e-01
1.244656447423845748e+03 4.166679209010409295e+02 -1.113329395843720704e-02 2.037706110637316215e-02
9.436556620009212111e+02 8.556295339897845906e+02 -1.096674449996726253e-03 2.081445571558759866e-03
1.087799155766986132e+03 1.610290484663816244e+02 1.963520582303684148e-01 1.232406181135870804e-01
1.145230306591693306e+03 2.210248474394594780e+02 3.444633497176050052e-02 -5.981859232568904200e-02
1.250694356008184286e+03 3.106028971477360869e+02 -5.431735572399760958e-02 2.659726871266618678e-02
1.212326352328057055e+03 3.479123877397996125e+02 3.870336174413897823e-02 2.570720980494453287e-02
2.517288590978349418e+02 5.812902716994944967e+02 -7.703943875869405378e-02 9.138734564163358831e-02
7.602212919387041268e+01 3.185108981583102832e+02 4.703806215081366392e-03 2.017886853807908734e-02
5.190830429540673094e+02 4.265485394253396976e+02 1.167031582072392340e-02 1.701092965161781975e-02
1.120613239470919552e+03 1.503833042179547590e+02 -9.028168303464098599e-02 -9.382854700347138810e-02
2.075734445741843501e+02 5.222269764365260016e+02 -3.726282929652950464e-04 -1.381051950643503654e-02
2.999254617877030569e+02 5.120885448914399376e+02 5.950620857146696890e-02 2.121162825914470473e-01
1.120547975882814853e+03 2.468522479265388654e+02 -1.112730904988714908e-01 3.677166554828588119e-01
1.086963647065353371e+03 2.784106697261594832e+02 -2.090442944835249894e-01 9.756661992615127399e-02
3.714094325559778440e+02 1.053900953784659805e+03 3.427839280539046740e-02 2.225887205773752816e-03
1.960958922158260123e+02 5.439582182692986407e+02 3.290905405649545423e-02 -2.857773619569393964e-02
2.763672475210325388e+02 6.027898298300406168e+02 -5.715828708946656816e-02 -8.889477730192790750e-02
2.328615538152584463e+02 6.738340858641695377e+02 1.622997473292444887e-03 1.528707090346870245e-02
2.354242307374640291e+02 3.134452495584345115e+02 8.061241478336438060e-02 2.370638019947364228e-01
1.064474667450698007e+03 1.694267891863174782e+02 8.266237166648912615e-02 9.277665680702813777e-02
1.056821905574025095e+03 2.426120515714443400e+02 -1.624376504036298061e-02 -2.582425388550914080e-01
1.179169757468864873e+03 2.339458050833464142e+02 -1.635537786146939662e-02 -4.045050738732287182e-02
8.650312711321919323e+02 1.102310748877631568e+03 2.843428043967413318e-03 -8.148266350032757320e-05
2.788935729562725214e+02 5.284473590765136350e+02 3.106177279840698913e-01 -2.645578474046033149e-02
1.071944031859646657e+03 1.754925820430456724e+02 2.030455687536869003e-01 -1.061903095644197437e-01
2.699593466464924632e+02 6.924864997349517353e+02 1.451905377772163760e-02 2.373323051847819540e-02
2.901230129412315932e+02 4.671088785693460750e+02 4.231524434289232056e-02 2.230819641108562623e-01
1.080782707692519352e+03 1.541054474552417730e+02 2.397673577627301711e-01 -1.146400043109636613e-01
2.915562204362044554e+02 4.736216594020753519e+02 9.278967082339369121e-02 2.875467287676952699e-01
7.878374331594023943e+02 4.033461849363863507e+02 1.870466158579406693e-02 1.014834781009535253e-01
1.163481287849535875e+03 2.293351483045128418e+02 -1.369644441728189999e-01 1.813434104578475203e-01
1.985301285396825506e+02 5.725578517788962927e+02 1.031517335318325040e-01 -1.478528123764432170e-02
2.456968452585579143e+02 5.817045702202329949e+02 -1.216949851322251253e-01 3.008010956501078539e-02
2.769718002130000514e+02 6.371594475459211253e+02 2.275716586761380306e-02 1.027089995554740093e-01
2.418035397284180874e+02 6.741759708219771028e+02 1.354298114391939631e-02 1.184098199506855055e-02
1.904624236086335713e+02 6.870834042567365714e+02 -1.654319965307459728e-01 2.738059284208900213e-01
2.353698853249811975e+02 2.947161519170945212e+02 8.054324593308592739e-02 1.885284732977678124e-01
1.112727604319120701e+03 2.339642627968883062e+02 -2.080633527513824077e-02 2.440201484085791350e-01
1.108365158783315565e+03 2.600436480225089895e+02 6.573894604330442204e-02 -1.074475877562328791e-01
2.502169019459771278e+02 3.169131265401459814e+02 -3.910556176009143819e-02 2.266386326032315546e-01
5.492284445953505383e+02 4.159207557852095078e+02 -3.778118972864571469e-03 1.148811772220001588e-02
1.033516642570675003e+03 2.521425839669495588e+02 -2.633611624890450087e-02 1.121772129346552405e-01
1.175817985284382530e+03 2.203668887315097322e+02 -7.012439823104917209e-03 8.446556323285730680e-03
1.296351339839507091e+03 3.318243173799025385e+02 -4.090333757311609419e-02 -1.618228673621723923e-03
1.917296507705501938e+02 6.743213037870606286e+02 4.176686249832574083e-01 8.195367816288992024e-01
6.801845848997227222e+02 1.028340714550674875e+03 -1.065764881165402224e-02 2.405623231089477898e-02
1.012541506709530381e+03 1.673617194391916314e+02 4.244780430546483962e-02 9.239739878901218062e-02
1.098401875640884782e+03 1.735769298088471260e+02 -2.242894935936078638e-01 -5.932595247256244875e-02
1.955750309254100330e+02 6.361824195933294277e+02 1.985832374077517726e-01 -2.439477664911691990e-01
2.120182801309841523e+02 5.363024379385475413e+02 -3.162526367177813380e-02 2.548489670500418344e-02
1.086292132016178812e+03 1.527077898833011318e+02 -1.901634247391676205e-02 3.641369251021100290e-02
1.088089464301510361e+03 2.227671330589998036e+02 -1.563886395459983128e-03 -7.853847411773155762e-02
1.137202476586755438e+03 3.087285900522587667e+02 1.244202123781944502e-01 1.259817690631286069e-01
2.406283865063003873e+02 5.582162710173790856e+02 8.986782611769609380e-03 9.219796970787803858e-02
1.121996854466181730e+03 2.316401629194448617e+02 -4.663383210983182425e-02 1.980410832630276063e-01
1.038539757950691182e+03 8.613527974205068176e+02 -2.953050976777325809e-02 -1.414738389176730116e-01
2.788848548640087301e+02 4.083063177553665355e+02 4.352774846501006323e-02 1.954272514861305765e-01
1.114030920237395776e+03 1.642884745732773979e+02 1.199746467873544220e-01 5.847497177747380120e-02
1.083571709891117735e+03 2.412302167871322922e+02 1.634726163437977275e-01 -1.044607390802558891e-02
2.843867415679349051e+02 5.386307393415139586e+02 -1.434297552076219118e-01 2.589590255271398966e-01
2.882541366389347104e+02 5.400951587900618733e+02 -8.805824910578674558e-02 3.917932232423628758e-01
2.312495679654582261e+02 2.939674873185545607e+02 1.153992524999711833e-01 2.209912778587579396e-01
2.818300180427700070e+02 4.645148546858457621e+02 -1.156982845828835593e-02 2.456669861866309645e-01
4.819622084083488858e+02 4.677072615898168806e+02 -1.717184499349144744e-02 -2.706901066225242403e-02
2.759419266407419968e+02 6.602151495910255790e+02 -1.885482163276108736e-02 -1.277734110935924150e-01
8.811031109612373484e+02 8.756359401065051316e+02 2.280686444154156334e-02 7.342051427983165013e-03
2.366927637642786522e+02 3.632845243976308325e+02 -9.289210992690564994e-02 -4.146332638662101888e-01
5.590773415663632022e+02 4.143005396503231168e+02 -2.233386817671695682e-02 -1.100848585857647742e-02
5.483015798827049139e+02 4.204340505945109498e+02 -4.094318343368286497e-03 2.611568038890558011e-02
1.073354698735869988e+03 2.177570520929066333e+02 -1.441321709929373716e-02 -3.559054377279646103e-02
1.107378928716498649e+03 2.554287294686016025e+02 4.197008058557154531e-01 3.734457459322754747e-01
1.150018095483350180e+03 1.870645432194371267e+02 1.807250791551572033e-02 -1.360835342136037240e-01
1.220834408401151450e+03 2.422762166990495132e+02 -2.729098342958119830e-02 -1.690572578400898959e-02
1.246229309575612433e+03 2.813709885564158526e+02 -3.439064485633025470e-02 -2.117209417100033089e-02
2.488147570645250823e+02 6.820281250384058467e+02 -3.385764516474788766e-02 -2.772323886615595326e-02
2.557292210352265727e+02 3.597441702432498687e+02 8.308329451490489848e-02 1.849408501985863040e-01
1.025045337785533775e+03 1.898873984300620350e+02 -2.008033034111836659e-02 4.732694985002743743e-02
1.005830083942067404e+03 2.785316600940307126e+02 -2.236978889763057646e-03 2.172688386471983285e-02
1.047149180577721154e+03 8.508407513153046011e+02 -3.657699662669853819e-03 7.136085064286946771e-03
2.876952434768422791e+02 4.455946520227088286e+02 2.894276735584246432e-02 2.055799345513290854e-01
3.050349793185280305e+02 4.981813750817516393e+02 2.911482436347140323e-01 1.196719204039814327e-01
5.926073049740587066e+02 4.591977685102435771e+02 5.544352168744108751e-03 -1.560574561109171095e-02
1.098027824449839954e+03 2.213252419912365099e+02 1.635476734267670706e-01 3.829686577743569575e-01
1.093797340719419708e+03 2.727648363818032067e+02 -6.991631769353891246e-02 -3.591949101049225074e-02
2.560991982530127871e+02 5.986783666708893179e+02 -1.136842403503325050e-01 1.499794094047326998e-01
2.356128883414852453e+02 6.420461293874458306e+02 1.184255168143539920e-02 2.186778504699304904e-02
7.881311545013886644e+02 4.083612368487350750e+02 1.746438288337041553e-02 -3.003762048386230885e-02
3.200974987919975092e+02 1.093724730555620226e+03 1.509437287916218506e-01 -2.399709680408553328e-02
2.454368386811987932e+02 3.754936023522731716e+02 -7.248881210146733423e-02 -2.690749666491207837e-01
1.004485351659012508e+03 1.649414516816057699e+02 4.848075273450418166e-02 -4.185042566742099013e-02
1.074906335409351414e+03 2.808332196647492651e+02 -2.433296290372378712e-01 -1.413969060021248447e-01
1.238503860510330469e+03 3.110053916456811862e+02 -2.829737174300506752e-01 -2.876234974976031311e-01
2.342906559262181929e+02 5.807340886801824809e+02 5.211379690333150377e-02 -2.096203217777098393e-01
2.630581792335001410e+02 6.917015932061270860e+02 1.246085968259855875e-02 9.996846174679129005e-03
2.495028695865030670e+02 3.529935413520051952e+02 7.198611285711251084e-02 2.342785100754838368e-01
2.869686026263596546e+02 4.326676761247934451e+02 -3.244546724224051104e-02 -3.563523236704213559e-02
1.108343940705124623e+03 1.881934364118225744e+02 2.864485804934702173e-02 -1.300732489499694111e-01
1.083848465260691455e+03 2.489252567812923189e+02 2.651702432545107735e-01 1.463750381931362143e-01
1.238737931891594599e+03 1.265600691219006819e+02 1.787630887338309505e-03 7.185170304764199392e-03
1.179762520836075737e+03 1.994917252168008588e+02 2.055605184641308425e-01 -1.623249101684052786e-01
1.115910274305868143e+03 1.481281328290442332e+02 2.647654893283086369e-02 8.496429007417798107e-02
9.841127348170720097e+02 1.870673295851403282e+02 5.835350785572599591e-03 1.934122909721559813e-02
1.070595062472251584e+03 2.596162819073953756e+02 -2.120815009762079817e-01 2.257964421231438146e-01
1.151420630338007868e+03 1.935604334078252862e+02 -3.921632820493212157e-01 3.331996317691177101e-01
1.140099511932325413e+03 2.237536275410949997e+02 8.323381208128921571e-03 2.787280427661660911e-02
1.159148316799753047e+03 2.555504761478764806e+02 2.716344161121418688e-02 -6.343204820708416014e-02
3.082636565623618594e+02 5.038496603212854552e+02 1.605574045098663305e-01 -2.599461712319524054e-01
5.542464576423261633e+02 4.934069996341828528e+02 -2.177851971634936490e-02 4.195319245984308054e-02
1.093214561825618375e+03 1.974732419761938615e+02 4.628695310009334207e-02 2.284342777179304562e-02
1.169603957962681534e+03 1.784763781812514480e+02 -1.394702578138264926e-01 -1.658187516468032641e-01
5.155368402526697764e+02 4.188270056050316725e+02 1.369860455430885540e-02 -6.592655432972784890e-01
1.025418224811847949e+03 1.959489902368594585e+02 7.262871771968093526e-02 -1.977021709221154222e-01
1.128552155364298414e+03 2.230360795540472623e+02 -2.609334723069553497e-01 2.410687986782786008e-01
1.025548308750463320e+03 2.612880997421323741e+02 -7.383015300125147541e-03 1.211756597077250502e-01
1.170382878050305635e+03 1.711368875874044306e+02 -2.086716698506409576e-02 5.277528268043495119e-02
1.214393743188615872e+03 2.656609532770173701e+02 2.758046203876217128e-01 1.073120203130883965e-02
1.216468080617921942e+03 3.007581585124958110e+02 2.372723337459124726e-01 5.532478292038182227e-02
2.022870987929049420e+02 5.881051202703184799e+02 1.938797524338399872e-02 7.111257887675037637e-02
1.020638732445174469e+03 2.337739845224660939e+02 -2.866263066573537799e-02 1.220042538850094616e-01
1.114802081493049855e+03 3.633480618744565049e+02 9.837313503370144485e-02 3.837962275302212595e-02
1.033767103707202978e+03 8.625646104869726969e+02 3.901971293316819356e-02 -1.811526887267405073e-01
5.632974543616751362e+02 3.784200209144871110e+02 8.307252746931226284e-03 -1.130548301180169836e-02
5.466508386105471118e+02 4.915487132843574614e+02 -8.250622137484241864e-03 4.208190649039807163e-02
1.044218519670072965e+03 2.199228276202133827e+02 1.032065276876892312e-02 -6.439516460721961613e-03
1.091395518327426998e+03 2.599923666089602534e+02 3.068574788618662064e-01 -5.738876484030015768e-02
1.173264090868378389e+03 2.406654717894532496e+02 -8.345746620047975184e-02 3.616377288881267478e-03
7.265164561262650977e+02 9.226053121853889252e+02 -2.864975417410278030e-02 -1.159495381982878770e-01
1.973308736894994695e+02 5.275971672470758449e+02 9.251412166344152865e-02 -1.931058961484950487e-01
5.113121118935544587e+02 4.479464937608471473e+02 -1.053606360302694611e-02 -1.023757012666237642e-02
1.026544218791871344e+03 2.634393193342770587e+02 -3.849817469017580152e-02 -3.929978526619493095e-02
1.109728700541913895e+03 2.736558479282454073e+02 1.063566657190904152e-01 8.265372689973560227e-01
1.078920245017065554e+03 2.978355051384262424e+02 -1.351801550082996073e-01 -2.553859925429406985e-01
2.588993289095432715e+02 6.233564538240611910e+02 1.821129885684058536e-04 1.219553955732521899e-02
5.101572705120830733e+02 5.059743209008930762e+02 1.329509900853054205e-02 -4.087134657453361797e-04
2.685204977735317584e+02 7.089974282953587590e+02 4.378730247609041726e-03 -5.372212363317885320e-02
8.004069470862741582e+02 8.801509529723291507e+02 1.361735721903585272e-01 -2.440990616056240015e-01
9.291413289644361839e+02 9.059412074684039453e+02 -2.471543470818460264e-02 -6.619876900393251162e-02
5.553960363862497616e+02 4.941640751911553480e+02 -3.716447204313529790e-02 2.756756735463265426e-02
1.002070793870300463e+03 1.725032193342437665e+02 7.682758228414361679e-02 1.264188039790307416e-01
1.019974562005908979e+03 2.165576947096435561e+02 3.261803110141651280e-02 -2.011644938878115740e-01
1.177205459389999078e+03 3.742252804916102491e+02 -1.684493831508007133e-01 -2.154255133362804886e-01
1.952380523952705573e+02 5.777646596401065153e+02 2.724121031613435662e-02 -2.827812447513906591e-01
2.492042750460430511e+02 2.870460839878447814e+02 9.655673744576631634e-02 1.675290873037340589e-01
5.235060759792489762e+02 4.703725586928906068e+02 3.744272244006197070e-02 -1.061117519152787736e-01
1.089944272036184202e+03 1.501840270453034236e+02 8.320171521404517989e-03 -2.406857308008625296e-02
1.052950799266772492e+03 1.857543383013617131e+02 -9.245037563675850834e-02 4.439420663887290175e-01
1.072783109180280917e+03 2.024233881206442618e+02 -1.902912753166674520e-04 1.901013332001895151e-01
1.170022199461668379e+03 1.592269349882430163e+02 -5.831435219772629353e-02 -9.136019704882869519e-03
1.132129629282547057e+03 2.431766874970591346e+02 1.261953561031532445e-01 -5.436681896301820416e-02
1.207091189450758293e+03 3.188405611286046906e+02 -1.020743571250477544e-01 4.561937693383981696e-01
1.176862804052487945e+03 3.593418806522293494e+02 1.432406706295523691e-01 -1.644410065861734438e-01
1.215851541199976964e+03 3.650889983504579845e+02 2.082156754546531374e-01 -2.456909579483408379e-01
2.527245486548511053e+02 4.226022253883447775e+02 0.000000000000000000e+00 0.000000000000000000e+00
2.865275377556325793e+02 4.548906334708070744e+02 0.000000000000000000e+00 0.000000000000000000e+00
1.087684084763743158e+03 1.972359845115342978e+02 0.000000000000000000e+00 0.000000000000000000e+00
1.137281308667129679e+03 2.111479076363264653e+02 0.000000000000000000e+00 0.000000000000000000e+00
1.096401921970545345e+03 2.183778453554887449e+02 0.000000000000000000e+00 0.000000000000000000e+00
1.044194498734136459e+03 2.415884966220861259e+02 0.000000000000000000e+00 0.000000000000000000e+00
9.865627542296135744e+02 3.477899519165366087e+02 0.000000000000000000e+00 0.000000000000000000e+00
1.189691407083009381e+03 2.259945516660322937e+02 0.000000000000000000e+00 0.000000000000000000e+00
1.205518284656133346e+03 2.443946406882572830e+02 0.000000000000000000e+00 0.000000000000000000e+00
1.148526214823076089e+03 2.935833298499285888e+02 0.000000000000000000e+00 0.000000000000000000e+00
1.255484213461296804e+03 2.894483675865610621e+02 0.000000000000000000e+00 0.000000000000000000e+00
2.038186783915971887e+02 6.259252635629242150e+02 0.000000000000000000e+00 0.000000000000000000e+00
3.112771875815521980e+02 6.639878623967670137e+02 0.000000000000000000e+00 0.000000000000000000e+00
2.252554336256223166e+02 6.866211191880416891e+02 0.000000000000000000e+00 0.000000000000000000e+00
2.139701576043140676e+02 7.096680672554532521e+02 0.000000000000000000e+00 0.000000000000000000e+00
3.314532162663154509e+02 5.250976810807347874e+02 0.000000000000000000e+00 0.000000000000000000e+00
2.601309612397808451e+02 7.391968243137957870e+02 0.000000000000000000e+00 0.000000000000000000e+00
2.218383034636038929e+02 7.480982605676541652e+02 0.000000000000000000e+00 0.000000000000000000e+00
1.037288050401171859e+03 8.538038090527558097e+02 0.000000000000000000e+00 0.000000000000000000e+00
5.270853115011784666e+02 1.097506485850569561e+03 0.000000000000000000e+00 0.000000000000000000e+00
6.186588499819695244e+02 1.100641873780119568e+03 0.000000000000000000e+00 0.000000000000000000e+00
