1.332097441848388826e+02 3.820053401332953058e+02 3.537897793833200046e-03 1.063487342397120491e-02
2.526345699661767412e+02 4.650467099800804363e+02 2.491277795809479154e-03 1.376791226128729929e-03
3.086618956638154714e+02 4.784411235728779275e+02 -6.939534689660047844e-04 4.687115868649687281e-03
5.636530012075321565e+02 3.791369370688610161e+02 1.053023487822366206e-03 5.856405227400545734e-03
7.056347221088135484e+02 4.149014458859116985e+02 1.604134682133692312e-03 3.552823653864276075e-04
6.343007973790288361e+02 8.222155900270651046e+02 -1.162905523212637299e-04 1.349106942700585652e-03
9.123285907176805267e+02 8.060615595077050557e+02 -9.945940467868338592e-04 9.812623818426331399e-04
4.599402041918370401e+02 9.416382477798032369e+02 -1.090749441880571998e-04 7.066766405479470896e-04
9.049904351816797998e+02 9.224922280073774346e+02 -3.743935599817236346e-04 6.537735398276456279e-05
8.996614371418646670e+02 9.267040756754111044e+02 1.641503322405534968e-02 1.581046318810111571e-03
7.074564214951041095e+02 9.926855415615871152e+02 -4.734462758974451691e-04 2.023148004124129644e-03
7.151105362727856800e+02 1.011457982456465174e+03 -8.284019779333867076e-04 6.200901830681848593e-04
7.049280784974974949e+02 1.023737769362131189e+03 3.390733600932291039e-05 9.571313424581459964e-04
4.816672736437432150e+02 1.099031518895905492e+03 9.481496429899460821e-05 -4.579518511239050177e-05
7.044746670384364506e+02 1.036516964048860700e+03 2.435847106408071364e-04 5.327677512455146524e-04
7.518641814682742961e+02 1.067467772526877070e+03 2.925218913342088204e-04 -3.091150018251325447e-04
7.456262708685826510e+02 1.071504033002301867e+03 1.083560769242836652e-03 2.285253655381803571e-04
1.311612925515965742e+02 3.252429129704721049e+02 -1.926733822219796723e-03 -4.029010299703795171e-03
8.997493878037682862e+02 1.102210583124119012e+03 8.108918855326703026e-04 -9.388257018361058446e-04
2.469081826259387071e+02 3.940821649691051789e+02 -8.368368484079072300e-02 -3.315265388191090401e-01
2.414861468036069141e+02 7.556000560789225347e+02 -9.721189269434167557e-03 8.139459668076470811e-03
1.246336188601704180e+03 3.798569282671103338e+02 4.074202094557897308e-02 3.182563598334532673e-02
1.180193622907695044e+03 2.389003802080433445e+02 3.116984189575467464e-03 5.419433440801633278e-02
7.153925544462575772e+02 8.821434413625057687e+02 -1.385693295599882587e-03 2.681619638251234519e-03
2.369330387760294343e+02 7.210146570934896317e+02 2.863306205691370978e-03 8.066752366975118646e-03
2.493888543208398119e+02 7.169166691704621144e+02 7.807118007441645651e-04 -8.497817960600028298e-04
2.173855052421409653e+02 2.920243629022991740e+02 -9.065030093970219416e-02 -3.237110242816385042e-01
2.504259993273068687e+02 7.478352609600824508e+02 -2.299483289370903710e-03 8.921660550953728480e-03
8.049238058319863285e+02 3.257963397685002747e+02 -2.131131276341020064e-01 1.565072617941013211e-01
1.428184753943842225e+02 3.924874689858016836e+02 -7.836412068916115501e-04 5.546754438215781464e-03
5.708737899025336446e+02 3.788572896523131703e+02 -8.592057503485850400e-03 -2.010070810445592493e-02
9.312473051113419160e+02 8.442317808798965189e+02 -7.301429884921730416e-03 -5.131089694138005891e-03
5.689900851976472040e+02 4.389571478141896250e+02 2.768757161695500468e-03 1.439264090512132940e-03
1.008061029260013015e+03 8.138700037525383095e+02 1.642401250204005361e-02 5.901603506226865171e-03
5.020904322527995873e+02 4.347029552307103017e+02 1.200757857047014300e-03 2.758860844933944557e-03
2.436558772844619796e+02 7.429201421015937967e+02 2.533817696796530471e-03 4.098434380009644169e-03
9.836794981322012745e+02 8.278616195672633467e+02 1.068341128957107054e-02 3.943138466285187223e-03
3.100203442271389349e+02 6.647485167056763657e+02 -3.358224646019765391e-02 1.553498738766199636e-02
1.011937407231269617e+03 8.183865995239033282e+02 -3.076163393065018282e-03 1.421984153224830879e-03
9.436565604516900976e+02 8.362636533644841847e+02 1.778195556628046209e-02 1.081800583915199822e-02
1.004110529486128030e+03 8.363337177971661731e+02 5.072307141760871996e-04 -6.988399599151199747e-05
2.326583874035704866e+02 7.246854680653548257e+02 3.460954235107341175e-03 3.556667990187859126e-03
4.811116186844299705e+02 4.378500186663613363e+02 5.755467397101269407e-04 1.725948553523113868e-02
1.018900210644114395e+03 8.074138905939140614e+02 -2.978656485392192684e-03 1.955272937638850329e-03
1.219893239546476252e+03 2.578952068159024407e+02 7.985761693237800052e-02 2.141567787064493217e-02
2.269094850397237053e+02 5.202826652566897110e+02 -5.914109232789580006e-03 -6.945462216382867690e-03
5.762332833896788316e+02 4.201242236246750963e+02 -1.962725783597973200e-03 -1.786582292266298340e-04
7.304624291855502634e+02 9.201376877018077494e+02 -2.948554378185622854e-02 -8.317097375190837458e-03
9.557858179555108791e+02 8.450704167505479063e+02 -3.359073423575639587e-03 -1.009434102318457335e-03
7.477085391007725548e+02 9.536868376597792576e+02 -6.952477756126742257e-03 -6.426761980631877369e-03
2.669779370927271884e+02 6.676731421866292067e+02 -7.142907048424910338e-04 3.240652351652474616e-03
8.247353045338506945e+02 1.102273015335981881e+03 4.535172351027783521e-04 5.732002166698996334e-04
2.506964812125229969e+02 4.081757774184118830e+02 -1.197208522241598738e-01 -3.271137444791499260e-01
7.507333051516000069e+02 9.587396436369513140e+02 1.560829365595203279e-02 6.611974969346327662e-03
5.623324975187963446e+02 4.711145252067424281e+02 5.542430700404678094e-05 -3.967298153666564244e-04
5.660153190517227131e+02 4.773161266515915599e+02 -2.011995728679888407e-02 3.227633498935088274e-02
1.205023495470688886e+03 2.306570736589032151e+02 3.620160295442906555e-03 -7.560500964503640529e-04
9.139609400304755127e+02 8.456344041136663918e+02 2.165085435080869869e-02 3.237747679813674992e-03
7.722814672888146106e+02 9.604854816805952851e+02 3.877918121685466554e-03 -9.177247957369568743e-04
7.746149989343003881e+02 9.424113602201571211e+02 -1.064346273391727094e-03 6.284569978092939590e-04
7.737628444034197628e+02 9.490993519097728495e+02 7.159621332967202982e-03 3.469466888560364653e-03
9.844548167909011909e+02 8.669687919542476493e+02 -1.487897837352089537e-03 -3.007382995537957043e-03
8.009257837029077791e+02 9.517406340314295221e+02 6.989420327891542354e-04 1.519102643814815952e-03
2.101200477597324436e+02 6.749921036537089094e+02 -1.893392493488167520e-04 7.834529790012301903e-03
6.193996756765367309e+02 9.360162739162525440e+02 1.801277339071398996e-04 1.630000934883895714e-03
5.727749010803257761e+02 4.910761252953594180e+02 5.264678787222628947e-04 6.148419863562269889e-03
9.758242012769608209e+02 8.844108071371782671e+02 9.697878162856426315e-03 -6.656517715351574667e-03
7.699670828667124169e+02 5.240481747786744791e+02 -2.497433003773129453e-04 9.247938027975029229e-03
7.857335838504078538e+02 9.435458507849522221e+02 -1.515639534846237009e-03 1.766677707816804868e-03
7.974015629978631523e+02 3.810713790057870938e+02 7.644627803340043985e-03 -1.746660084295523219e-02
2.349762671252483131e+02 6.993685944814624236e+02 -1.126347405739655180e-02 -1.902332248946122378e-02
3.069754107784706321e+02 5.644872232655056905e+02 4.401199290334648420e-03 6.425983784465238123e-03
8.084229833670706284e+02 4.167060576424054830e+02 1.569317448014420678e-03 -3.942956735262768270e-02
5.877667240192979534e+02 4.030264818868280940e+02 1.886467826478668841e-02 8.347011852959435388e-03
1.034426677824106036e+03 8.360227470995149588e+02 2.989401991812027943e-03 -5.314759886637643576e-04
9.940473772657306881e+02 8.226311916205747821e+02 -4.306060831180108690e-03 1.417119474463039014e-02
2.269892364533989735e+02 7.265059891674686696e+02 -1.290000336395463396e-02 5.575566446954200546e-04
1.279067719169673637e+03 3.691944190721777090e+02 7.594202930893444344e-03 -2.852044608508743154e-02
2.269623970456025575e+02 7.686969627174888728e+02 2.084173253856483332e-02 2.570085043528747004e-02
7.334922678716874316e+02 9.801375175467862846e+02 -4.776496919637991494e-03 3.250247236470422182e-03
3.219491555851616909e+02 5.449052635366373352e+02 8.727480302189241645e-03 -5.939608959587224651e-03
9.907120057241749009e+02 8.323612550090469995e+02 9.934533225773384962e-03 1.240461110642352739e-02
1.054010935876287476e+03 8.538940834546245924e+02 9.000962287486664187e-03 9.958758004682020243e-03
8.272351601118050439e+02 4.018628555554321906e+02 -1.733559907658745224e-03 3.277482821376321524e-03
1.017196076249041084e+03 8.313258127568316240e+02 2.329796126064544084e-03 -1.384697316265743250e-03
9.469056853783743009e+02 8.366944482111273373e+02 -3.237881160824298069e-03 -2.676754945035567969e-03
4.648859477533630979e+02 4.551055291721528420e+02 -6.436856585361902527e-03 8.900177230991698427e-03
2.682589215359533341e+02 3.004791111108877431e+02 -2.870850999117762468e-04 2.344003551236188091e-03
9.588880716877225723e+02 8.215084534410045762e+02 3.925134013791261450e-02 -5.737105038944340964e-03
8.178815355364023389e+02 9.352889095928107963e+02 -2.313671722696775471e-03 4.286312157569002572e-03
8.166965164876951349e+02 9.440039233347614527e+02 -5.131166499716141235e-03 1.365342388693183183e-03
5.486838024765080490e+02 4.342998945044342349e+02 4.324687184231998708e-04 8.034709210550777456e-03
7.300915859433516744e+02 9.380252451640852769e+02 -7.757627126963624956e-03 5.980590044869851796e-03
9.299484998834997214e+02 8.608746649473778234e+02 -1.102513798449839856e-02 2.006487933540078514e-03
1.091920302399156526e+03 2.347142806209407411e+02 -1.844853236996254336e-02 2.314261560903176917e-01
7.490095259061423576e+02 9.692794986803730808e+02 -1.439438696878472812e-02 1.997504789040807638e-02
1.030623138125492687e+03 8.252827159097198546e+02 5.046650418501368723e-03 9.049300162546793222e-04
1.024370017404477721e+03 8.145689106055533557e+02 3.744322628978519196e-02 -2.332946696752190904e-03
1.021203737876091282e+03 1.915139829728191785e+02 -6.884104933053121489e-02 -9.986208323976995815e-02
9.559751207418944432e+02 8.774378001920028964e+02 -2.014733811942354819e-02 -2.180363298688381066e-02
8.178989953702896401e+02 3.804123616151192095e+02 -3.449966728497445151e-03 4.162136763928665426e-03
9.724610939547288808e+02 8.897913700718777363e+02 1.386894411113603724e-02 5.481387435350928809e-03
9.055383784844842694e+02 8.407475674037384579e+02 9.345459622888691291e-07 -4.325387526130338930e-03
5.778647541453754002e+02 4.689890336871294494e+02 -1.951469714370405550e-05 5.285667276005837946e-03
7.907982449135835168e+02 9.194677871983295745e+02 3.061188684486891055e-03 4.419653469481675707e-03
9.623248429973975817e+02 8.486407191486417787e+02 -8.824122625466122253e-04 6.314135791876426644e-04
1.933321778159507005e+02 5.894667129903670002e+02 8.073926908174585597e-04 5.454230031299594009e-03
2.318946665921630199e+02 6.899997612830578646e+02 4.172165652394963821e-03 9.236142985979439073e-04
4.927995270978233862e+02 4.485435118300297290e+02 -2.621687746077238767e-03 3.843818332677303821e-03
8.331464646575007009e+02 4.127231524671577176e+02 2.220904275168547777e-03 1.249977014954693723e-03
9.683518804508080393e+02 8.746818973342768686e+02 1.367027294637040679e-06 2.078834407837906674e-04
8.044769548997653601e+02 8.785805941805704151e+02 8.748537038464557214e-02 -6.790751952814280679e-02
9.692890149476817214e+02 8.248162048716225172e+02 6.071261544043904650e-04 -1.690975662662628706e-02
7.931807954168626793e+02 8.811701453567791305e+02 3.350613610781566498e-02 -3.784840526020503970e-02
1.191419726806748940e+03 2.095995715450937951e+02 -8.444394601327183392e-03 7.086958787510303469e-03
8.117409479750973560e+02 4.017868832567435788e+02 -1.193483300099921172e-02 -1.856120413646348763e-02
7.679242586296344371e+02 3.852620935595942910e+02 4.408563225629312868e-03 4.489848971407283014e-03
2.252653188699025293e+02 6.869700736770923868e+02 2.074256229281947611e-03 3.612110857580089381e-03
5.592701178092542023e+02 4.142947250213057373e+02 -2.476607923504521580e-03 -8.463340675940898492e-03
9.503460952562480770e+02 8.562949586319411992e+02 1.626140293021109857e-03 -2.242629064384534920e-03
3.351678054399319535e+02 5.543533363497656410e+02 6.308810635151994133e-03 -1.440391164853263269e-03
1.126734352208829023e+03 1.892492346001762940e+02 -1.262619642811121587e-02 1.197083038974931270e-02
7.182641216740179289e+02 9.519736864426647571e+02 1.808686053208259517e-03 -4.067970898041935700e-03
5.112483092743817679e+02 4.394993736529389139e+02 5.073659213986492916e-04 2.715085550506716929e-03
9.962328401465771321e+02 8.729135466903635461e+02 -3.045152470852570230e-03 -4.870382951224039129e-03
8.842417149824489115e+02 8.697880193835770797e+02 -6.749363102864600061e-03 -7.312219767067119035e-03
8.021765887914225459e+02 9.387468382338389574e+02 8.118990658967149485e-03 -6.722866401464491076e-03
5.339402372941266322e+02 4.143420727468683822e+02 -4.727380119426457215e-03 -6.728031220905108210e-03
3.270178305889494368e+02 5.367547100585339876e+02 6.585055246899731811e-03 1.349184210308220291e-02
7.470074764325989918e+02 3.971992835236335395e+02 -6.300632720495687872e-03 4.462906530520875702e-04
8.507112598397709462e+02 9.316255375330697461e+02 -3.381105654010986886e-04 1.411927101722396018e-03
6.302080690717014022e+02 3.833842024390272059e+02 4.319217436783345798e-03 -9.419869412363142749e-03
8.204990377953062080e+02 3.645523709734782187e+02 4.078019979885431218e-02 7.773427467974229101e-03
8.576854509267196818e+02 1.101638250385977699e+03 1.099917202954076240e-03 -6.972252054666650510e-04
9.298070365979219787e+02 8.358382277740357722e+02 -4.654177149706523013e-03 6.062199896778921191e-04
6.040138638975814729e+02 4.305855329028010487e+02 3.848361479208056019e-02 -2.259729403912408285e-02
5.094499616839591454e+02 5.073268658519982068e+02 6.335863972111891807e-05 -2.346477790567432289e-03
5.443051611689933225e+02 4.084189786751070415e+02 -1.376631382761321024e-03 2.899777877765286321e-03
2.372653501248220209e+02 7.377204835417032882e+02 -1.439045667806362633e-03 -9.169680736927194112e-03
2.325145783054155117e+02 6.490388582892031764e+02 1.910408123920449147e-03 -9.310289998044783341e-04
5.418120321726103157e+02 4.778049719744312824e+02 7.513984624039841530e-04 8.686364446835832462e-03
9.774703943647057258e+02 8.458340716934603734e+02 5.914015485380800553e-03 -8.479795594790755968e-04
5.457071802526066904e+02 4.829043401682810668e+02 -1.674823533340885027e-05 2.621653614856669316e-03
3.216308720639399326e+02 5.299357982435690246e+02 4.705122334981000354e-03 -5.266690248479583350e-03
3.148215880213318201e+02 4.722052338353179266e+02 1.129739268530966477e-02 1.757459754744480213e-02
9.332777869415185705e+02 8.658719412810097538e+02 -9.664364424963316214e-03 9.120803263878841764e-04
2.696091175608871140e+02 6.101036349006704995e+02 -3.210305430243779942e-03 3.581241468597486208e-04
1.059744274032545718e+03 1.888092567052459572e+02 -1.347421958338474238e-02 2.781209971509508716e-02
3.210608243850073791e+02 4.797381964386389086e+02 1.191575668672000422e-03 -2.258505716763646001e-04
9.714538159143594385e+02 8.289666440088232093e+02 3.967746844283634509e-04 -1.172747752135513445e-02
2.479869063296136744e+02 7.414072819060289703e+02 1.454331121118795011e-03 7.424594517782914273e-03
2.212529020349910525e+02 6.865233221870372518e+02 7.914558512848121966e-03 -1.134118760917024850e-03
5.068401763028170990e+02 4.446476550704787201e+02 1.525610620478238394e-02 1.593489905839630058e-02
6.539975221669286611e+02 4.972509757427746422e+02 2.261177727255377079e-03 -2.191975169919282670e-04
5.929493753760804111e+02 3.797780848531280071e+02 1.465801478564634835e-03 2.186557997622413062e-03
6.156948671450462598e+02 4.227922175582218074e+02 3.718601143956189181e-02 2.785814978895276295e-02
3.069339076910999324e+02 6.152724162359297679e+02 -4.038571915514532588e-03 1.202333919890730997e-02
4.764481291681254334e+02 4.656901285038088645e+02 1.736176025310039086e-03 -4.450933972680780012e-04
1.226677874923170521e+03 2.355088477650503478e+02 -2.634355452587532412e-02 -3.619667451364606825e-02
1.016160862378109641e+03 2.752020503692627358e+02 3.996043513679843791e-03 7.183641924079398229e-03
2.077073706769861303e+02 6.970899939435500983e+02 8.684899847590412184e-03 2.237673472351242674e-03
5.480278003699969531e+02 4.114624436691169649e+02 -8.716896713691979015e-04 5.451778578929807745e-03
2.203815861274248959e+02 6.292078521159453430e+02 -1.527611579579019885e-01 2.722853338282164581e-01
2.496662200312294999e+02 5.013695653067161402e+02 5.964288546681586166e-03 2.386480318212797543e-03
1.060963961572758080e+03 2.581145682893437083e+02 -1.471069373227746335e-01 -5.366798563114618531e-02
1.001073642617351084e+03 8.256404448160058109e+02 -6.298204691679619785e-03 7.501688097148520411e-03
2.287795707441170237e+02 7.041142808652617759e+02 1.275275416357526601e-02 2.560211704068780444e-03
3.004020585899324942e+02 5.906860913005239127e+02 5.876113307457523499e-03 5.362566115539914476e-03
1.053115941882588913e+03 1.848614454754150529e+02 -7.776848214176100950e-04 7.395830145145622890e-03
2.640341605366960493e+02 7.371054879870648620e+02 -3.633851743552215900e-04 7.595622847295071568e-03
2.552011099870678663e+02 6.438949814037580381e+02 -4.397883552866964883e-03 9.516549416403985960e-04
1.210345853056244096e+03 2.185253031285783436e+02 4.221989269335788691e-03 -9.200369589407701373e-03
5.887603692090930281e+02 4.496215353604770826e+02 -1.425176675791878407e-03 3.147164050039581457e-04
2.373981140958816525e+02 6.938122544604436825e+02 -4.935735460618265007e-03 -2.054875739817686123e-03
2.648085694910928396e+02 6.353182195309263989e+02 2.456411140949422631e-03 -2.273175588820687196e-03
1.207977756640621465e+03 2.092558422915414837e+02 -1.567659179337881244e-03 6.378873338482633597e-03
1.002689992729740425e+03 8.761866805274675016e+02 -2.699784171813737060e-03 1.664470214056410977e-03
2.609255170443514658e+02 7.149962384266449362e+02 -6.763662946101341167e-02 -9.350023182429986757e-03
2.636696815599997876e+02 7.253911494309356840e+02 8.311435636087345603e-04 -5.795531227533394069e-04
2.629120037753476140e+02 6.169304722157347669e+02 -2.634013380509709484e-02 -1.761561533623877320e-03
1.267473033849465310e+03 3.937746233656787354e+02 -8.167943601699001813e-03 5.445349028487987079e-04
2.544660503830217806e+02 6.867866848496944385e+02 6.226657466761412532e-03 1.442368156182226996e-02
9.328658579033335627e+02 9.062169756404144891e+02 4.027908546068865656e-03 -9.164119339772859238e-03
1.240648771554848963e+03 2.793117507690897128e+02 3.630285386481485292e-03 5.378530256902564616e-03
1.008309823889022027e+03 9.275476357195728951e+02 -3.562952219300935140e-04 3.787576069199341967e-04
1.032004663389342113e+03 2.171680078892210304e+02 -1.479515884294405614e-01 -8.668701995064158339e-02
9.527504131337412900e+02 8.930998519759455121e+02 -1.293935657193148042e-02 -8.251908130033047337e-03
2.522204476393318373e+02 6.718092527445221549e+02 7.198517642662956469e-03 9.312438641887134730e-03
1.071292103896676963e+03 1.856114321594980652e+02 -2.811225253422566014e-03 1.601785278356963882e-02
2.572686457887608071e+02 6.736020036667661088e+02 4.147720471456694570e-03 5.282683592284202409e-03
1.014033291731310669e+03 8.531821278032956570e+02 1.786062012740222875e-03 -3.353841272131164375e-04
2.320890528802354140e+02 6.689380389635368829e+02 -3.649105256288136690e-03 -3.514377213088601404e-03
2.324309487118697461e+02 6.027779087087493508e+02 -1.571290711483082359e-01 1.245938462838698801e-01
2.948283152715230813e+02 5.889269348344886339e+02 -7.562675362497893287e-03 -3.223140037602710973e-04
2.526695288325843478e+02 6.332857448936807714e+02 5.035654430923728643e-03 7.213162054363867967e-03
4.390351558060868911e+02 1.085549221337744257e+03 -2.136617716801443925e-02 -2.139651386534012923e-03
5.213130527920762916e+02 4.710361350809436658e+02 -1.177450086923290421e-03 -1.715445707289556688e-03
2.689062616875922913e+02 6.807145226886334513e+02 1.222541354113920861e-03 1.393520520781352809e-03
7.347484708725776272e+02 9.314355834127979961e+02 -1.113590314287531656e-02 2.068761215148602964e-02
5.070436898958349730e+02 4.856223811792921197e+02 7.078610976723459861e-03 1.321797757490309399e-03
2.318987803980244280e+02 7.376441509184343204e+02 5.656238651464390310e-03 9.745157560712301627e-04
3.094488489840405236e+02 6.465560834472443048e+02 -1.402622889888181443e-03 -1.823186909771018363e-03
1.203194899388497333e+03 3.852773510487148201e+02 1.122031696574667115e-02 -1.902766750888666529e-03
2.282290852047398175e+02 7.496315325395346463e+02 7.250205997973078326e-03 -8.586780661838893172e-03
1.037960927893985399e+03 1.783317713062863845e+02 6.548290720702695453e-03 -1.063336475677695162e-03
2.415034125192877923e+02 6.403394070613700251e+02 3.308034924653818851e-03 3.921771682560503021e-03
2.985875463820144091e+02 5.422175362324630896e+02 1.773726682567557155e-03 -7.907919038342075407e-03
2.460575722772871927e+02 4.876270958786354299e+02 1.577665973168690047e-02 -5.827491957404167672e-02
2.401078492733198857e+02 6.294587228367291800e+02 2.407571743625207261e-03 9.274611004036276835e-03
2.402802182658919889e+02 7.259375609800970324e+02 2.662204279863769792e-03 -3.612005306289539034e-03
2.639637591528025382e+02 5.675362181492356513e+02 -3.996803683577861144e-02 1.693565858857160600e-01
1.000461702607309689e+03 2.245347759396400420e+02 3.576407024125404562e-03 -3.542929367748031029e-03
2.217675918435898836e+02 3.053173098698281365e+02 -7.677255636770463632e-02 -3.409088553585347126e-01
1.017136273116243956e+03 2.626430051471125466e+02 7.011615543013582572e-03 -1.667096401368636793e-02
2.435968712390590838e+02 6.880001281554067418e+02 -2.882533917316284621e-03 2.330010568982180362e-03
2.423073061900078358e+02 7.004369804361080014e+02 -7.520253953258599624e-04 -3.912855402234635162e-03
2.745727964544819883e+02 6.964203315358952295e+02 -5.805582620500854794e-03 4.235622627443307898e-03
1.152738350738665986e+03 3.635767622062893452e+02 -7.127065313812131798e-03 -1.211269932537163002e-02
2.464888005384718497e+02 5.051377398361555606e+02 -5.407822545762574519e-03 6.653658036709252620e-03
2.246504764261100888e+02 2.905833639828437072e+02 -7.158880380511545294e-02 -3.047148713918884644e-01
2.464445416318110347e+02 6.115882504298130016e+02 3.345075129420077391e-03 4.404364427703305954e-03
1.176295356903912989e+03 3.597692774574371697e+02 -3.360070573695329854e-02 1.951786949974510313e-02
6.044127121221595189e+02 3.981425986640185215e+02 3.697229459237518032e-03 6.839371333579056210e-03
2.948195607580107094e+02 6.299113594982619588e+02 -3.744477052645050607e-03 -1.164330589938682636e-03
2.126711112386030038e+02 7.546987117626292729e+02 -3.827323488173357737e-03 -6.717087629063411662e-03
7.241427707768209530e+02 9.676595282520678438e+02 -2.647228872918654628e-03 8.817371188282021113e-03
2.537883556053126028e+02 5.837504708477677013e+02 -9.455496520439932162e-02 1.891526805011864987e-01
2.819504997614631066e+02 5.458121695977632726e+02 -6.219428961621151913e-02 2.583356576605012056e-01
2.442438681189535998e+02 7.610748146031618262e+02 -8.146851325197939850e-03 5.631436552635428602e-04
2.408946272837997071e+02 6.101664437728721850e+02 4.276566340657757953e-03 2.062561544687356498e-03
2.601539700590041662e+02 6.559926333166913537e+02 -2.188061804663155377e-02 4.317698795885592696e-03
3.266736755329160928e+02 4.973524069269448660e+02 7.631333383568686055e-03 1.023479982042304129e-02
6.783446615406195406e+02 1.023919824567323076e+03 8.025102466302374421e-03 -2.540881019416305411e-03
2.176449526500676370e+02 7.650430430276729794e+02 4.756317502124327717e-03 -2.175793700215276905e-03
1.183655499253801509e+03 2.076754657499881205e+02 1.447001087987277723e-02 -3.282860941313017755e-02
9.317452110834458381e+02 8.970530027395209345e+02 -4.697406268166001882e-03 -4.237088967144501950e-02
2.638476544536745791e+02 4.998637137458703705e+02 -1.819006484437779569e-01 1.809904761244824078e-01
3.080735462554345645e+02 5.855278516221760583e+02 1.140010053623062916e-03 -7.147816469661379644e-03
1.172298569054768905e+03 2.351230603550379215e+02 -2.700738820749393199e-03 1.258416314336536362e-02
2.060921995203763402e+02 7.252529401388700308e+02 -8.395658557127276891e-03 9.708801572421432713e-03
6.814140723636693338e+02 1.019796700883693916e+03 7.321337184483055378e-03 1.156324936457869823e-02
4.935281216949020404e+02 4.552030735324729562e+02 1.723134703742163311e-04 1.102525144586472862e-02
7.232604583736357995e+01 3.180568626875767109e+02 -1.238762775926251745e-02 -5.487893124621218491e-03
5.204243265044473219e+02 4.337604514404802671e+02 3.539719428254507749e-02 1.090183451582271978e-01
3.137865884630110145e+02 5.684306954337331490e+02 1.307491896942238833e-03 -7.160685569523017255e-03
2.674556377562000762e+02 6.466127504796871790e+02 4.116531486960015376e-03 1.512614634367030753e-02
2.489502783325244764e+02 5.886042203397951198e+02 -6.554419305006413399e-02 1.584063732373079403e-01
1.005814090583959228e+03 1.971825581032156549e+02 -1.485679142087456724e-02 8.316611990626190682e-04
2.957246078506851177e+02 5.972880333497059837e+02 2.407096147669112590e-02 1.218631405146366510e-02
1.134630115521997368e+03 2.341887023529696705e+02 -2.316535015655171031e-02 8.679010581377188949e-02
1.051492598729849078e+03 2.865799553429021671e+02 1.947070542734430712e-02 2.497172341885279829e-03
1.012343891801040172e+03 2.620548908625299305e+02 -2.523092506766990567e-03 6.747299878782087035e-03
5.078508251818261101e+02 4.528983813677412513e+02 7.941457961009638911e-03 1.654045380577752813e-02
2.332659616291580846e+02 7.738874508949818392e+02 3.439291368197454346e-02 -1.662658370316245915e-02
1.097541797733563726e+03 2.010574168907193382e+02 1.150713017248130958e-02 -4.973505117873466656e-03
2.005351273609387306e+02 5.065115256058191449e+02 -4.042381282016155493e-03 3.656623329925761095e-03
2.377475867279269437e+02 3.533693179166489813e+02 -1.032887307180181125e-01 -3.667968379237880883e-01
1.020623100414087844e+03 8.677220158027939760e+02 5.829104512856409133e-03 -2.488428355542901863e-04
4.883832031450724003e+02 4.755086327371142261e+02 7.986322203124689720e-04 -2.210967156583641766e-03
2.892365181427018115e+02 6.695350263746108794e+02 -1.973431949059292062e-02 2.152830011887585642e-03
1.065225364299195917e+03 2.155986430235913645e+02 -6.291863280988998532e-03 3.294178789904509894e-03
2.977529896855618290e+02 5.389299989622237490e+02 2.887808376519696366e-02 -6.053121881561787827e-03
5.351901025646737935e+02 4.286784025270182497e+02 -2.402169952597207718e-03 -5.861042144853498455e-03
1.154607245963916284e+03 2.138575997647740223e+02 -1.618952748845679367e-03 3.625180985813972970e-03
2.323036305582100454e+02 3.512368230077486260e+02 -9.234754088323389454e-02 -3.826416134749502929e-01
2.424985441575813638e+02 3.715560699393855089e+02 -9.451970399843104276e-02 -3.436238810124280785e-01
1.019949360158015793e+03 2.052879706626027598e+02 -6.972399053717308337e-02 -1.732820598116511512e-01
2.538921680000242134e+02 4.230175694330715146e+02 -5.763102285452684909e-02 -2.514672644008453251e-01
1.105275394436190254e+03 1.937595422198695587e+02 -6.207139366174847794e-02 1.991871243118474577e-01
1.155122074192812534e+03 1.991426292796511461e+02 6.358451818265742697e-03 7.526826755623761134e-02
2.662429973059850568e+02 6.258690779501733914e+02 -4.131092835582241690e-03 -8.563758177263137636e-03
2.649266672018948157e+02 5.127308242341365485e+02 -1.332518166472190790e-01 2.218862783584980014e-01
5.229835960604957563e+02 4.607727765865307106e+02 -2.560067085655061024e-04 5.077297514885280826e-03
1.060554100568906051e+03 3.037691968567726803e+02 2.500073278560473178e-02 1.184515940525105761e-02
2.015933533655162364e+02 7.016077635662534249e+02 6.843205170361495518e-03 9.706812547205621736e-04
2.903489913454202451e+02 4.959553941672254496e+02 3.675440039671853260e-02 2.032198059218775499e-01
3.243948644937104859e+02 5.195409547238270989e+02 -1.762139605621469663e-03 1.067675199590212287e-02
2.334837029902354004e+02 6.290069119315912758e+02 2.188525295993582701e-03 5.618098321875631372e-04
7.852250117088146908e+02 9.543279135321968170e+02 1.384687531360060883e-03 1.501916749923633883e-03
2.402898227692336377e+02 5.162598677123868356e+02 -3.163667765412099368e-03 2.402052799400527985e-03
7.157091572652421974e+02 4.184358609537237612e+02 -1.048137691103276370e-02 6.419111037579983310e-03
1.023428840098027081e+03 2.350911834650934225e+02 4.085034466489596491e-03 -4.202310793999405186e-03
1.002123898856611049e+03 2.296460888368746964e+02 -9.655082143465300998e-03 1.493428566177364310e-02
1.032381521256809492e+03 1.628451136095240770e+02 -9.136998073260953201e-03 -5.850613649791887999e-04
5.533301195259411998e+02 4.835322865231966034e+02 -3.191194485497821694e-03 5.468190750632695267e-03
2.553208800328466737e+02 6.997226725535946343e+02 -4.447251628081943381e-03 -3.493274155776717686e-03
1.186512031668103418e+03 1.683252805951779010e+02 1.305859827239979343e-01 -3.550872122024973515e-02
2.578291002319492691e+02 4.470300371016419945e+02 -1.743732163296812451e-02 -2.780407487499232944e-01
5.036282573164544942e+02 4.696314614057961876e+02 8.342517461741890197e-03 1.891540968688501176e-02
2.617883289963047559e+02 6.690830646268391320e+02 1.671654781122501598e-03 1.317697087536021886e-03
3.192646289420914627e+02 5.185890888978127578e+02 6.397502646892813845e-03 -5.943734427643390314e-03
2.402585554352850181e+02 7.112652136031989585e+02 1.937085979185237256e-02 1.039463353217820289e-02
2.836434546944648787e+02 6.092719474694431483e+02 1.318577579818811267e-03 2.621260118716087911e-02
2.205208985408312401e+02 7.172799060629761243e+02 5.020668486946420518e-03 3.457328205467326710e-03
1.044526304094445095e+03 2.448839607890346599e+02 -1.045440192626126141e-01 -2.050151370938831652e-01
7.933366743373277075e+01 3.255269982174177699e+02 -1.929793877938046701e-02 1.929741971992873090e-02
2.383089994729514274e+02 5.818123830048853051e+02 -2.837350233653833376e-02 1.435597925307610656e-01
1.201394697213115023e+03 2.288985544335341444e+02 -6.659020576391034597e-04 6.764273111748131048e-03
1.071087281052700519e+03 1.981690976909120820e+02 5.430440613928914223e-02 -1.969490611225855909e-03
1.959448623697307710e+02 6.975132745490135449e+02 1.161375615671803030e-02 5.371312697684291031e-03
1.114270875456841623e+03 2.392845945729000903e+02 -1.139148102051741780e-02 3.980156168161765734e-02
2.586864371594467684e+02 6.945545907937020047e+02 -2.171877938069271142e-03 -3.574296497896005485e-03
2.844778880592704127e+02 6.343035132091990818e+02 -3.192623609463635798e-02 3.376926894250996403e-02
1.264031770953693240e+03 3.702738744082563471e+02 -3.526208715109505759e-02 -3.707362564951984657e-02
2.180747038129535156e+02 7.253763672325698053e+02 4.989027428985983066e-03 1.373191418135977747e-02
1.137959564569338227e+03 2.493409098543046980e+02 7.506147489868120193e-02 3.059393076180883658e-02
1.085565107282254530e+03 2.756184338200736192e+02 -7.663786610664874432e-02 -1.365291455874565185e-01
2.245285696862587770e+02 3.202067986655457617e+02 -7.948102662815292874e-02 -3.439962798500718621e-01
4.970158506831217551e+02 4.677389012896513236e+02 -1.987437516942967917e-03 -4.125592315445639636e-04
5.975858522040698517e+02 3.867319564899291322e+02 -4.150688828537954858e-03 1.158360692666110005e-03
1.145445149615980654e+03 2.500788242233692245e+02 1.739304174139707018e-02 1.791613670767581989e-02
5.718035384658988960e+02 4.118097237706911642e+02 -3.824615551682447514e-03 -1.118744999506600217e-02
1.025761713553724348e+03 8.715805496114743391e+02 9.195202075067872034e-04 -1.767823362040034417e-03
2.929376462047156906e+02 5.832908025721437753e+02 6.561170409097395739e-02 -2.053891500063873346e-02
2.890740110045951496e+02 5.760825144012178498e+02 9.422630526956925559e-03 -7.516805661316764038e-03
1.205031566660553153e+03 2.795062534761665916e+02 1.184984541911791520e-03 -3.703265803478238225e-03
7.588623838141561464e+02 4.498394322461629145e+02 -3.523195873645989119e-03 -6.037882859364835427e-04
9.182331967890335136e+02 1.102657534094224502e+03 -1.101385510150300801e-04 8.009081072356307720e-04
2.360387449717651407e+02 6.839011229005938048e+02 -1.422941215468996427e-02 -1.161988422114014182e-03
2.416788573817455017e+02 3.794947071395682769e+02 -8.588232932753173121e-02 -3.365812959051892594e-01
1.023441552580143480e+03 1.629745189553454452e+02 1.097022055251831163e-02 -1.154906881737926549e-01
3.106140108089638261e+02 6.195267413901913187e+02 3.637364338429182383e-03 5.433630506461055443e-03
4.977454865945983897e+02 4.582668185305833504e+02 2.022298708793371553e-04 2.358611797801316370e-03
2.186869930309085817e+02 7.010002912155515560e+02 9.374156628576084654e-04 6.589819945741798475e-03
1.180081174802717896e+03 2.241317856394537102e+02 -5.559673366899077311e-03 -2.460441520407575925e-04
2.730902569154359867e+02 6.245608130938429667e+02 2.646382833369002353e-03 1.355826571369620447e-02
6.017073015972516714e+02 3.875012865484173972e+02 -2.226194097556461957e-02 1.186758570503230852e-02
1.040929027999612572e+03 1.918385149533859817e+02 2.264699402888092558e-02 -7.082498461471237183e-02
1.247168087636021255e+03 2.896209576791047766e+02 3.269520986544076618e-03 -1.324957985415514683e-02
2.993929024346340952e+02 4.083805630882199011e+02 3.542214486776291710e-04 -5.079501723327153320e-04
1.940277093370434329e+02 3.196670658638867621e+02 -5.892155844762918439e-05 3.676803546836303425e-03
1.187166659164329076e+03 2.511561459437829456e+02 -1.477908659157631905e-03 1.954554826312741595e-03
2.199403442060460634e+02 7.429739800634876019e+02 -1.721906626710447688e-03 8.442891162573714151e-03
7.852654318339079964e+02 9.363722146531006274e+02 4.132572392023522306e-03 -4.518974299464776148e-03
1.538238491586356531e+02 5.084038447264289857e+02 -1.315560277701716685e-01 -3.179080078486717365e-01
2.753695315321364774e+02 4.480006333838979913e+02 7.741198351276588896e-02 2.360935184675565790e-01
2.482599403879993929e+02 7.336008669462290754e+02 2.258473216886444992e-03 1.335796358811385757e-03
1.035180873980777278e+03 2.002369695000751619e+02 -6.681574684764632170e-03 2.608887924567499308e-02
9.916627541661238183e+02 2.281167675836120168e+02 -1.270654189470811187e-03 3.558018381453405352e-03
1.979305985186444730e+02 5.775524539967475448e+02 -5.275000055721333105e-03 -1.313221241670168779e-02
1.458128480821437734e+02 5.034237213060711724e+02 -1.528146304584781512e-01 -3.165661707714487738e-01
6.062589745279948374e+02 4.076580931192196431e+02 1.735281345799698531e-03 3.523313679982556187e-04
2.258405347292745944e+02 7.437020141789969330e+02 -2.871689352081384632e-03 1.011314457239695722e-02
9.770272020461833336e+02 8.663282914081981971e+02 -1.748505746503373247e-03 -4.280044175340599888e-03
1.930221246075878696e+02 5.586331073286298761e+02 5.195980616896844588e-03 -1.752230811643364517e-03
1.161239856208011588e+03 1.458018717030296045e+02 4.067542825271287799e-02 6.071261483791006060e-03
2.350578987113951541e+02 5.326690234177997354e+02 1.726271556420548581e-01 1.447447832128775534e-03
2.767654405893313196e+02 4.645354135105888531e+02 5.926700217614296051e-02 3.060832035967103182e-01
2.586569239614946696e+02 6.231858003278050546e+02 6.595574077649790125e-03 1.130207506380406964e-02
1.148443071392494403e+03 2.214937892013196290e+02 6.613121336964594699e-03 -1.865344930702166819e-04
1.038158360568731041e+03 2.478720612794533622e+02 -7.125760734097504046e-02 -1.279714768580901274e-01
2.814157996793416032e+02 4.138406328333761621e+02 4.516741698691390666e-02 2.104435578769864867e-01
1.874913340685104401e+02 5.560281219039942471e+02 7.354825043162833281e-03 -1.080962546918479020e-03
1.146789110100453399e+03 2.303520740405037657e+02 1.640518419935237939e-03 -3.606405335506899742e-04
1.237439135635014054e+03 3.616577226516196788e+02 1.214727436630133883e-01 -3.270609579191086080e-01
2.712487951010600113e+02 6.030135897593784193e+02 -2.500327931186640748e-02 1.445925603710982166e-01
2.451187898275796329e+02 6.180166294437997294e+02 5.213796274490212169e-04 -7.342226563654287615e-03
2.377077005333427451e+02 5.350325272952186424e+02 5.928343108164308567e-02 -2.499169764492764900e-01
1.154253112938335107e+03 2.078614262753393973e+02 -9.248701103466950083e-03 1.165950392994140675e-02
3.268235984697836329e+02 5.526568370274866311e+02 1.675729530709101843e-05 -2.617953048381495111e-03
8.101069930400830117e+02 4.004036452602722989e+02 2.556130458997088808e-03 -1.978527545192870080e-02
1.010653277404042910e+03 1.973217224699451435e+02 -4.367878976421085864e-03 5.270537460980825178e-03
5.430686483415536259e+02 4.257636634031791800e+02 3.368801339037742152e-03 -1.091466871573607315e-04
2.776306511100077046e+02 5.185397604110199836e+02 1.743086972334421669e-01 -1.539674135072712780e-01
1.164226416228311564e+03 2.128227853345280209e+02 -6.946282174475086092e-03 5.861384511095704686e-02
2.697222214445656618e+02 5.525053550983666355e+02 -2.832230183152191841e-02 2.344039304027830395e-01
2.703554038544232299e+02 5.149571345277707906e+02 1.612760294014365936e-01 -3.101778664413122888e-01
2.176408526732493556e+02 5.352662496261166325e+02 1.112036756768185336e-01 -3.036476893716423195e-02
3.061560759505857732e+02 4.597643133052070539e+02 8.743087698105840577e-04 -1.738775767972304542e-02
1.176017490582825303e+03 3.372549066308334886e+02 3.426510671479353473e-05 1.395267068378101090e-03
9.480484836487399036e+01 3.537216469523793876e+02 1.075113202748913949e-03 6.099988889036580229e-03
2.460355767943277385e+02 6.323475655325956950e+02 -1.423042037005177582e-03 -3.630780766095742951e-03
2.750835170247676160e+02 4.333870450946373580e+02 6.133770674207516399e-02 3.592185367143330144e-01
9.437843763714699890e+02 9.015387698021090728e+02 -1.770878400935264885e-02 -9.395118949376946027e-02
9.913282463162483964e+02 1.907337596748247961e+02 2.471042089258155758e-02 -6.749687121462462358e-03
2.064961211713045088e+02 6.859683982902089383e+02 3.228692821894560677e-03 1.002671951579765797e-02
5.122310715041520552e+02 5.022974484720886608e+02 7.913801707357802796e-04 -1.384535203655586641e-03
3.257116266836014802e+02 5.039350152247633332e+02 -2.291469568937224560e-03 1.842368229495938356e-03
1.141260722259942213e+03 2.139066469951684155e+02 8.757986016812897845e-02 3.210486187376992984e-02
1.701526309077090104e+02 6.253375506706707938e+02 -3.817649339264796594e-03 -2.673456462802467192e-03
2.689836791618294569e+02 4.274580479137322300e+02 6.069989384036601765e-02 2.025915768303845343e-01
1.086147662773924367e+03 2.528661889497577704e+02 -9.083308249596665218e-02 -5.003607671543162244e-02
1.160292558189635429e+03 3.737600342917125431e+02 -8.484506621214514890e-03 1.128300235501399768e-02
1.025234849518251167e+03 2.033886829018272238e+02 -1.058650581981032957e-01 -1.119131845474682779e-01
2.657655845013925386e+02 5.894143678473918726e+02 -4.939038848046137416e-03 3.613102434023362803e-03
2.082755375666509110e+02 5.383631774767367233e+02 6.815497883760943121e-02 1.240113695330893884e-01
2.509975311051875337e+02 5.604832968117826795e+02 9.326351784893845143e-02 1.142931021198727165e-01
1.203851272099631842e+03 2.471679449914355473e+02 9.084203726354527202e-04 -2.708940259922983443e-02
6.711884518162171389e+02 1.080506674320166667e+03 -1.306370841529549010e-03 9.331579607294428289e-04
4.802226525517816640e+02 4.439111634478526298e+02 -7.190448395006272808e-04 -3.530064086914584762e-03
1.073701965035991179e+03 2.750623937167625854e+02 -8.925608477961805010e-02 -2.627088713667138919e-01
3.011882647404111708e+02 5.512427941095686492e+02 1.134694370039997582e-02 1.019031999348976418e-02
2.603924951923042386e+02 4.090253647742849239e+02 6.698178266473256426e-02 2.279312537054639098e-01
2.261075063716314730e+02 7.168024233882641738e+02 -5.899994980732027258e-03 6.977085131589630743e-03
2.749373819291045038e+02 4.034180528243043682e+02 5.533262812904037736e-02 2.024236037398365329e-01
1.127691566812948849e+03 3.417479963837151899e+02 -3.520786009887322764e-04 -8.243258659810166408e-03
2.630401951395376727e+02 4.763596362566083826e+02 1.690054586879037590e-01 -4.587849703359146991e-01
1.068092262660798497e+03 2.557742693468818800e+02 3.069604338946255173e-02 -7.323479541238699618e-03
1.197700271767813774e+03 2.505637940042681748e+02 -1.398802713493291780e-03 -2.133542380320058857e-02
1.123389993690772826e+03 3.410431306978102839e+02 -5.904775547335676042e-03 6.919580622237763746e-04
2.311864807344789767e+02 5.552165308755494380e+02 5.968960701209153480e-02 -2.023131555734949960e-01
2.814138142275596124e+02 5.959661666518271659e+02 6.162156781589610104e-03 -1.598459282043037874e-02
2.372095029824137669e+02 5.639933646959290172e+02 5.373216438602548828e-02 -1.975999668676636511e-01
9.739647934705787975e+02 8.666870696634272235e+02 4.713261026060787916e-03 1.728009776449049718e-04
1.897686930222675983e+02 5.846010331324187064e+02 -1.475354100485541447e-03 -2.665134967067991217e-02
2.630152357531201801e+02 6.492347911415731687e+02 6.313778041375696197e-03 1.073499192921752859e-02
1.236377372507121663e+03 3.247563763202342102e+02 3.599714935950834027e-01 6.651156573909161596e-02
7.700436538150348724e+02 3.980595877710795207e+02 -1.869944165597495634e-04 -1.021655648215339263e-03
9.997130123746446770e+02 1.973990303745644042e+02 -1.199833016906016114e-04 -9.326954219788900768e-04
5.293059334669634381e+02 4.915607624840973813e+02 1.136185276112711834e-02 2.081038332222353432e-02
1.158319108459851350e+03 2.347457333377208215e+02 -2.240549766958054457e-03 3.912476474349569841e-03
1.838700248765432548e+02 5.384659718103981731e+02 -1.105713413282781582e-01 -1.757212317804185964e-01
2.731981922743026416e+02 6.827296615150725074e+02 -4.999035539708416610e-03 3.546639994448860800e-03
2.640885343292940206e+02 3.986986051982142385e+02 6.410047905739987839e-02 2.299497198254056851e-01
2.023632038371556234e+02 5.241497049840930913e+02 9.672582967071113869e-02 5.179073840466652534e-02
1.184505224821308957e+03 3.544176782225325724e+02 2.720955101972547321e-02 -9.463823966174096658e-02
1.214475999105704659e+03 2.239376557693045982e+02 2.044077290218698946e-03 -1.890037533792729646e-03
2.578067104032676298e+02 4.346008158877410210e+02 -7.570772441814631326e-02 -2.702505342802572486e-01
5.483329080559341264e+02 5.014068597463726178e+02 -4.711513535244868899e-03 1.692855940649170068e-02
2.371384882757296850e+02 5.728755894961077502e+02 1.051980887151214572e-01 -2.057069737157534439e-01
2.394829426456914518e+02 6.186851257184500810e+02 -5.429902724631687026e-04 1.848449556270211590e-03
4.915142538484288934e+02 4.826476966891043503e+02 -6.576744261198795051e-03 4.734759913373686423e-03
1.181052578319620352e+03 2.565223754225757489e+02 4.322464004962066168e-03 2.481447467322210956e-02
2.704321044225533797e+02 3.842312013980725283e+02 8.046334132863496025e-02 2.058555748625827964e-01
5.212867345989155865e+02 4.423683037407480469e+02 2.727757776535264292e-04 -6.636269828127094005e-03
2.450005622141144670e+02 7.103330191363507993e+02 -1.209539786373170500e-05 1.861620467468695726e-03
2.327328601032173196e+02 5.720563212264804633e+02 1.170758775498452198e-01 -2.013867720400959460e-01
1.018499867416718871e+03 1.792341662772680877e+02 -3.798388632084974403e-03 6.452062329055725798e-02
1.261883501832158800e+03 2.931997670974092216e+02 -2.415474068324653320e-02 2.861941620639331385e-03
7.837622958161242650e+02 9.596354550189488464e+02 8.818473020446977945e-04 2.117003636575790024e-03
1.035947635427428622e+03 2.909494571938908507e+02 -1.067603015638782758e-02 1.868821079329005541e-02
2.604859464006381700e+02 3.854653338899206005e+02 6.914468515079119637e-02 2.351913239868609062e-01
2.282649599996161669e+02 3.071973636816571229e+02 -7.839373888981611416e-02 -3.437005825516998292e-01
1.205740583718458538e+03 3.274630122972607182e+02 2.865462909214266385e-01 1.261312502946823066e-01
6.657223613276405558e+02 1.078369533298714941e+03 -5.494105438728102454e-04 -5.649966624670275332e-04
2.641839533587619258e+02 6.865025934027239600e+02 7.019112469982579424e-04 2.229051175560817742e-03
8.788703189633419015e+02 8.680486159453682831e+02 -1.470496949565077219e-02 1.565385408093226266e-02
2.820236847966489222e+02 6.771971573442710906e+02 -1.911856939918575582e-02 -9.309154124284443887e-03
2.039129271599935862e+02 5.136422976711863839e+02 -1.411589494001747264e-03 5.064101648278917850e-04
2.314906911329046011e+02 5.474629021312100576e+02 1.241677643693136213e-01 -1.190012918078370459e-02
2.429694852412021646e+02 5.119144178419967375e+02 -1.972468980740570837e-02 1.484192498401171179e-02
1.104529332842215581e+03 2.177987870849372030e+02 -2.537370270426372865e-03 5.975364019617067889e-03
1.965158573506668347e+02 5.368663389447854115e+02 1.968368219494590343e-01 1.494151245657292931e-02
1.009879253473320318e+03 1.831856444855737891e+02 3.296369738872371221e-03 -6.790496484674775172e-03
5.424335015117464991e+02 5.100782648162891633e+02 -2.563088524667445165e-03 -1.626268311291945504e-03
1.270793566094360358e+03 3.696945952281245127e+02 -1.621854909394462169e-02 1.827986935294032694e-02
1.192092039654896553e+03 3.859466233756737665e+02 4.706913065317644591e-03 6.188302082790923331e-04
4.654783731888279590e+02 1.099259701171397410e+03 1.238543426509723091e-03 1.128457079556316640e-03
2.626514526609112750e+02 3.775371612738262002e+02 5.796742280027008393e-02 2.445407637688002123e-01
1.862008053473662699e+02 5.295333922599018024e+02 5.818319065767776216e-02 1.006891109729255301e-01
2.289813152802362026e+02 5.819575147938780901e+02 1.415893865885243241e-01 -2.068539935769872495e-01
2.217284543505581098e+02 5.526691167189611633e+02 7.595019254553857235e-02 -2.007769170451554896e-01
1.182149333449966662e+03 2.461137552709321596e+02 -1.061214572954181923e-02 1.800095798575758813e-02
3.117669855693407612e+02 5.508448811452120708e+02 1.842607550656231346e-03 7.026897548991592468e-03
2.234982827852994092e+02 6.011810196177805210e+02 8.215587319533271260e-02 -1.920380022061462522e-01
1.122515655417881817e+03 1.978752262387828011e+02 6.876275543442428306e-02 1.811138035674726005e-02
5.620958581083406216e+02 3.948611245215637950e+02 1.155427344826313223e-03 8.592173251059031028e-03
2.462858866215893272e+02 5.397122603632882374e+02 -2.236596838207521309e-01 4.357519094782729141e-01
2.679702338773160477e+02 3.665998640767866732e+02 5.008911781981349037e-02 2.463253068512241406e-01
1.203786355329404159e+03 3.471888503597892850e+02 -2.837054177527786186e-02 2.552477981164643153e-02
5.949211255439905699e+02 4.827465502378544215e+02 1.338396202441745602e-03 -3.488410023597153693e-03
1.085900375132426234e+03 3.121900121608404106e+02 -2.166113116930449556e-01 -7.977423145095288715e-02
9.909673425995240450e+02 2.044717645058482844e+02 3.480345882179439122e-04 2.827588805911571829e-02
2.546978658712062042e+02 6.650528003220613300e+02 -1.281006570183767504e-03 7.857731209513319631e-03
1.174915688958006058e+03 2.472769527231695577e+02 -3.645960249975747198e-04 5.355752069562943335e-02
1.123161403394038871e+03 1.806670383350764837e+02 -1.791431406659195202e-01 1.140224887260113118e-01
1.120179066983173698e+03 1.888142194224343200e+02 1.494634480837874618e-02 3.697100008965670259e-02
2.909548790401615292e+02 6.000403056397780119e+02 1.233119194365588263e-02 -3.315539278922655965e-03
2.234825327855845956e+02 5.687736113856237807e+02 9.499910940280867355e-02 -2.194682533760012322e-01
3.959319295042633939e+02 1.083364542144059214e+03 1.132172030900395615e-01 -4.682957349721411644e-02
2.619982351471397237e+02 3.657837158727537030e+02 4.401729016774987707e-02 2.463714937727502774e-01
1.235744479143294939e+03 2.853521839468521648e+02 7.679234472255635699e-03 -1.830706560425180308e-03
2.251062421112260949e+02 5.466179810380820072e+02 9.115164570572077685e-02 2.763047300307713144e-02
5.903783463879730107e+02 4.779559658064466703e+02 -9.070435666075408326e-03 -8.904620160634669004e-03
2.177175083744348569e+02 5.934192204106228701e+02 9.840414161649312097e-02 -1.947778204869944907e-01
1.128757625232619830e+03 1.823537924846509100e+02 -8.385351883659252631e-03 2.709553936944526092e-02
1.226494297992963084e+03 3.599668238504420970e+02 6.646085077952670894e-02 1.745592861556561071e-01
3.935157745034765640e+02 1.093699634709148768e+03 1.507384417940211274e-01 -3.841159197296148409e-02
1.029126332863582093e+03 2.623946628199400379e+02 2.747144856200498322e-02 -1.481211637873950174e-02
1.111667808881956262e+03 3.497943209584157103e+02 -2.048863786537574814e-03 1.676226626041778592e-03
2.575895822943007261e+02 6.026890307912017306e+02 -1.325475209456375425e-02 2.129251793137044990e-02
2.807838659863338080e+02 4.752272272341036228e+02 2.790509520870012097e-02 2.919567553069971622e-01
1.127319840525093241e+03 2.153118130603799614e+02 1.141303340217620158e-02 -2.462692428328337908e-03
1.259967318358892499e+03 1.962431633382129803e+02 -1.477542324811011946e-03 3.782750245624084094e-03
1.008746045344082631e+03 2.105949082764314539e+02 8.225525930108890322e-04 3.067209292002209733e-03
2.411410902789841941e+02 5.766782642935799004e+02 -1.755844363484663356e-02 1.716701413863732650e-01
2.219710392047299763e+02 5.708603827147750280e+02 1.140270542437625129e-01 -2.194524443428861604e-01
1.172328267778555073e+03 2.111967515638280872e+02 -8.963804758164176101e-03 -1.094988554171048324e-02
2.522568281848232061e+02 7.135085126770284205e+02 4.812481647000555092e-03 -4.172941308053337503e-03
1.113265294383261107e+03 2.209013151614446429e+02 6.174422869651490647e-02 -8.018880116483700915e-02
2.800803775736229682e+02 4.569461992003772366e+02 3.962390165154453664e-02 3.146138250189918217e-01
8.860988998753566648e+02 9.296439938683133732e+02 9.966630440991445378e-04 -7.761612006457779172e-04
1.072925220766719576e+03 2.921694196756566271e+02 -1.429915669080531748e-01 -3.885701063696420654e-01
2.886582104264198279e+02 5.161620788735665428e+02 -3.760117966936998672e-03 2.009118211035524071e-01
1.299769479376865775e+03 3.141196106446635099e+02 1.673741546197237470e-03 7.078719899730363807e-03
5.746066090506321871e+02 4.054797297867821726e+02 6.365918847884788562e-04 -4.937239871109980541e-03
2.172836832007990040e+02 5.641415783745824228e+02 1.326150568912855265e-01 -2.428723573984330475e-01
2.786343863409170467e+02 6.053038478629024439e+02 2.042667825403193804e-02 -1.381987925572047970e-02
2.480464473998661106e+02 3.641185985677914232e+02 5.923899623792829722e-02 2.645006927319917267e-01
2.016749863709320607e+02 6.688514135918028387e+02 -1.519436963272265129e-01 1.873324215933399595e-01
2.227118477252290347e+02 6.075148200185662972e+02 6.624965895248931258e-02 -1.819317459770549150e-01
1.046656743512640787e+03 1.681715972558818351e+02 3.108022453657798608e-03 2.160606708631823605e-03
2.357744608384549849e+02 6.517427964995492857e+02 2.370159555797477207e-03 1.636780150344820150e-03
2.572161251915571256e+02 3.561004049576793591e+02 9.651026270424858944e-02 2.137827699622924793e-01
1.044909364695605518e+03 1.821597177761559578e+02 -3.764369335309167199e-03 -9.918655445163846503e-04
8.945844724091804778e+01 3.698849813797170327e+02 -1.558027697643395992e-01 -1.214963122815349711e-01
1.189948202281487283e+03 2.539087787674428682e+02 1.350888326626520884e-02 7.264764495584366023e-03
1.144916774280540722e+03 3.551433282743965947e+02 -2.440104733478610718e-02 -6.445153805989973887e-03
9.826727904273373042e+02 1.760777087330417601e+02 -3.525905485524631101e-03 8.571449229781319054e-03
2.128034597467919866e+02 6.010989249601917663e+02 1.256710789427203656e-01 -2.058154902886572268e-01
1.799912615484947764e+02 5.231273620471513368e+02 9.202903018787156331e-02 1.371442281291947174e-01
1.181760226150501921e+03 3.343544005400473793e+02 -8.773471284606478710e-03 -2.012158122714382495e-03
2.651560413745310143e+02 3.494443899925270784e+02 9.504300080031148623e-02 2.570848247659980879e-01
1.029316394032013250e+03 2.474570026449478064e+02 -3.747656239387526112e-03 5.634883099187425019e-03
1.394546128181593190e+02 3.885197627837846994e+02 -3.801255102693027604e-04 5.770198062283036188e-03
1.847376761463071375e+02 5.223684392481416126e+02 8.407309272522209276e-02 1.279539877994624875e-01
2.040669889887535362e+02 5.382949938037432958e+02 5.635119793064033433e-02 1.297025340541366756e-01
2.380072202216560129e+02 5.443023805572754554e+02 -2.433297640308106913e-01 4.014149182007786809e-01
1.159995624800769065e+03 2.537480530203958438e+02 -1.286371357517928499e-02 4.479965998101950730e-03
1.023465140241254630e+03 2.807603606641519605e+02 -6.820113308567490613e-04 1.145667113098287416e-03
5.021684466253444157e+02 4.814913374293565766e+02 -3.958047843565451127e-03 -3.413106323124690152e-03
2.185186203271748013e+02 6.120868728494632478e+02 8.456667585116012242e-02 -1.752866102117186520e-01
1.197590573712090645e+03 2.283809942432031903e+02 -2.672435122020591571e-04 9.753841383864782048e-04
2.573533733522403963e+02 3.487217211741177039e+02 9.209843020717652096e-02 2.943076423248852658e-01
1.393854756817712257e+02 4.004062232134063493e+02 5.662479636452424393e-03 2.743922461862925710e-02
1.132862813083356968e+03 2.390095671579449856e+02 4.676971796310015056e-02 1.762730616634698017e-02
1.155611447170075053e+03 2.287340047436862278e+02 -2.542617769252429605e-02 5.029773467230266859e-02
3.130330307992256849e+02 5.542894309984528718e+02 8.428088472669514886e-04 1.927671437201887265e-03
2.454475567911070470e+02 3.567825705273204449e+02 6.313334220075969561e-02 2.994653483929743953e-01
1.095227316181452807e+03 2.365052079536003191e+02 -2.849241798521508912e-02 -8.692227907394961539e-02
2.252963059370726171e+02 5.620930484251088046e+02 8.537348627656078659e-02 -2.114856691358884544e-01
1.236321452056963608e+03 3.462917455376065732e+02 3.233703842140540075e-01 1.784239960809991810e-01
2.533532468688033532e+02 6.238418509681451951e+02 -1.331467405719877206e-03 2.027888884875250763e-02
1.026113397905477768e+03 2.425016411159636220e+02 -7.203264799326831308e-03 1.091989579827785418e-02
5.150627350991077265e+02 4.733465564865347801e+02 -5.073464854495967659e-03 -4.558448730538450580e-03
1.227026740211676042e+03 2.893398613628304474e+02 3.239362759282893300e-02 3.532690777342972210e-01
1.113245837229410654e+03 2.601495214080630944e+02 -4.573661364896105391e-02 2.095132813271469441e-01
1.258853616602022157e+03 2.889453086330669294e+02 8.397714191228306327e-03 -2.686412772226220297e-02
8.816470992254879775e+02 1.100615860992517128e+03 2.218422126782453572e-04 1.099773880428479568e-04
7.532133968457138735e+02 8.452685230059854575e+02 3.515408120046060363e-04 3.737285851378479890e-04
1.223915891865389312e+03 3.747185012321470481e+02 6.239966735980524357e-03 -1.010327576314675943e-02
2.535093265103221256e+02 3.799802783849061143e+02 7.465467503099366964e-02 2.439579672304902636e-01
2.366561152856357069e+02 3.676957084822976753e+02 -8.327200353836070046e-02 -3.262116465526258557e-01
7.416039418494458459e+02 9.601103006223785314e+02 -1.493746286187295873e-03 2.974984225420034597e-03
1.097063579357676417e+03 1.818672230525542659e+02 -9.638008345802184795e-02 7.971270364017817023e-02
2.533103096653345858e+02 3.408504263831264893e+02 6.223857955090088961e-02 2.639712009722930408e-01
2.248628260657561100e+02 7.564730524903568494e+02 2.161886862839114409e-03 1.611735775745413296e-02
2.148044850856050800e+02 6.317598257426715236e+02 -1.201379463551839610e-01 2.037886273094421385e-01
2.236681665280148081e+02 6.675273312159333727e+02 1.204523136480521034e-02 8.548016314645143568e-03
2.581526790380216880e+02 3.388868556485316503e+02 4.614856114635850631e-02 2.770272611925714834e-01
1.717935780188505248e+02 5.429133957111513382e+02 -2.612979102962277311e-01 -7.150750660781286794e-02
5.028023620659610060e+02 4.393555373034442937e+02 1.577953395630318973e-04 3.868358169569600675e-03
2.152824633606312545e+02 6.218302229377659387e+02 1.403278244731533397e-01 -2.399304785028697207e-01
1.129670218415871886e+03 2.283953645088564883e+02 -3.863887278441217009e-03 6.524690307944604369e-03
1.171397734652825648e+03 2.261696314621096633e+02 -9.957030693721037606e-03 9.682898857930987216e-03
5.295123356702232513e+02 4.392344570518347950e+02 1.028371154116075083e-03 -5.366849620473446852e-03
1.192375419470297629e+03 1.786640360238104677e+02 -2.890771043049011890e-02 -6.392550373775204853e-02
2.739786225019992685e+02 4.847589406093862863e+02 -8.351699395460132624e-02 2.809508240383031263e-01
3.688371654019744028e+02 5.180462039528708829e+02 -2.456798737638776070e-03 -2.683603271594116237e-03
2.813255562610811467e+02 5.095586037889816566e+02 1.697265847562013930e-01 -1.631203087266809848e-01
1.135196374179183294e+03 1.906501367423304032e+02 7.738038909983875613e-03 1.122740470870778676e-02
1.014340176264677552e+03 1.957120559466279701e+02 -5.268798782877539416e-02 -9.103288549424419507e-02
2.192097141853977575e+02 6.621610995523519705e+02 1.284189651553367326e-02 1.295918719387202005e-04
2.345313954051037797e+02 5.262819157097619609e+02 1.043654120465211388e-01 -4.127318918036206041e-02
1.019830891999797586e+03 2.176706606148605374e+02 2.858725555913926766e-03 -1.313258116868867842e-02
1.180758047223961057e+03 1.894359609377281117e+02 4.576611844143344682e-02 -5.751396415302261617e-02
9.538239496658716234e+02 8.962597087123776873e+02 2.391090965772270718e-02 -2.315221763926121265e-02
5.177119066007412584e+02 4.581905771511108014e+02 -1.640437958512577917e-03 5.638105947336007843e-04
1.075237942944777387e+03 2.076069812801786725e+02 -2.102040920676969890e-02 2.934699162437739983e-02
1.249107487127838112e+03 2.744691874669908884e+02 -1.366174498733439824e-02 -8.959329147462360282e-03
6.490029101128409366e+02 5.036807750306148250e+02 -1.630942350057056935e-03 2.119867892382345381e-02
1.060749910923766492e+03 2.263387408649942643e+02 5.933601591352433320e-03 -8.916715015661477728e-03
1.019832384052150815e+03 8.062833434063853701e+02 -1.315104517876570286e-03 4.057290020299849764e-04
2.742629417746651370e+02 6.708107270069320975e+02 -1.968739747067756868e-02 -9.284850761095059246e-03
2.795794964925116801e+02 4.466533989104266311e+02 8.329878665192508302e-02 2.365720248342667864e-01
2.088878255035866971e+02 6.146192458932670206e+02 1.315294946478688110e-01 -2.545354403158502365e-01
2.032086516216340328e+02 6.223294976538355741e+02 1.222561047714565974e-01 -3.245700717713075889e-01
2.612666901079181798e+02 3.588382174652027174e+02 8.620513956802508537e-02 2.893574843927600448e-01
1.071569986952307772e+03 1.705496154003134563e+02 7.948722669117286310e-02 1.243592091011493928e-01
7.438979425170656441e+02 3.948066154398397885e+02 5.863517898340900964e-04 4.024411193217186482e-03
9.605557165568551454e+02 8.352817377062427795e+02 -1.906406889238586658e-03 3.651072698836728934e-03
1.039762173036154309e+03 2.038866873919161833e+02 -1.414700090209488892e-01 -2.352321197750118498e-01
8.466951160247482733e+01 3.476708760062354031e+02 -8.096195194025341407e-03 -7.150679149106053956e-03
2.628149428761701643e+02 4.600227644244874909e+02 8.110701154430134674e-02 -4.314277494590716966e-01
1.048369946834513939e+03 1.786379975550866561e+02 1.128279141409242736e-01 8.243023192873821792e-02
2.030098557948139160e+02 6.009395284433153392e+02 1.456233041494377489e-01 -2.168399119738868286e-01
2.521003653493971228e+02 7.086313793562671890e+02 2.882321504892001226e-03 2.810504203313876626e-02
1.884819524436602194e+02 5.115017931729643692e+02 1.073181770164543802e-01 2.923327115858090908e-01
6.390244647528171527e+02 3.774950048877351492e+02 -6.642276177663096600e-04 2.446097519301623086e-02
2.077628074844423054e+02 7.316988843236833873e+02 -1.309547143005890431e-03 1.656388992147536611e-03
1.194173096891624255e+03 2.240125037307104776e+02 3.317889200313249576e-02 -2.185037064428501860e-02
1.974524653714031217e+02 5.661536477943994896e+02 2.008592450904402027e-01 7.090786518147475237e-02
2.941708711461550934e+02 5.245800024708444198e+02 -3.451822227944518345e-02 2.426822444441580351e-01
1.978934730207178063e+02 6.916766692175028766e+02 2.455922353429305059e-03 -3.709680921569052329e-03
5.768885600970832002e+02 4.963848322530701012e+02 -7.483986452356394294e-03 -5.589481632623597047e-03
2.959782626444522862e+02 4.969999891250256496e+02 5.090348933284567431e-03 1.980405022335986198e-01
1.188397007448314980e+03 2.070350281056655035e+02 1.101934813630460995e-02 -8.362887832511137556e-03
1.045228047254370722e+03 2.035231973423413478e+02 2.195926969132118087e-02 7.479622615133254236e-03
1.025417429688792936e+03 2.211785386881687430e+02 -1.680711010619283519e-01 -4.032257633231790817e-02
1.106884029312293933e+03 1.535027366139115941e+02 -2.459682799317846821e-02 -1.237623588230472305e-01
2.036767821312800777e+02 5.899871468470677200e+02 1.856248428232861181e-01 -2.513913347645203022e-01
1.204000336710576676e+03 3.605639127801136397e+02 7.530192341819471821e-03 -1.552659445855617860e-02
1.133351612793058393e+03 1.742746142817368593e+02 -1.723373573665326897e-01 6.617690631582694161e-02
1.111419775252523550e+03 2.008691852822815349e+02 -9.126390043834678445e-02 -4.406751624118906974e-02
1.007926748326367942e+03 1.783385444658111965e+02 6.242082236846528860e-03 4.964965619373488265e-02
1.146040797675613931e+03 1.930699753285048530e+02 3.371165971410810397e-02 -3.429562175910316063e-02
2.185354466960570221e+02 6.756156602579716264e+02 2.160128000781469382e-03 3.569093996621532875e-03
1.152727931456603528e+03 2.504312805587842377e+02 1.482829445178752547e-03 2.058992947549185268e-04
1.277378747141194850e+02 4.430323254387826637e+02 2.124603135978812563e-01 3.071067749350301912e-01
2.457127167533183183e+02 3.273506518575663335e+02 6.538853276276401782e-02 2.781883578202443141e-01
1.140289255596375824e+03 1.940852102545200353e+02 1.075618188430537553e-02 -2.685472653625132003e-02
1.008871342436287478e+03 2.448480495610058085e+02 1.112397042325231032e-02 -2.855055744392849537e-02
1.082086750698318383e+03 3.106073226350291634e+02 -1.525916045807837740e-01 -1.183017217315764230e-01
2.895619792984292644e+02 5.347346377416316727e+02 -9.375758871912823200e-02 2.067276850704238556e-01
6.168099826167333504e+02 4.312801486255254417e+02 7.162112326932965067e-02 3.847640637464434105e-02
1.245919951773769981e+03 3.051999868146772315e+02 -5.191009973014788781e-02 1.732043759810462935e-02
9.313038989418040501e+02 8.853894918837847854e+02 2.157408041510973460e-03 4.510804602325538606e-03
5.590845227270706346e+02 4.204764817771232401e+02 -6.001365767245954094e-03 2.966313585277655790e-02
2.263533078611352209e+02 5.987439396022109577e+02 6.406118773421183576e-02 -1.697827082688972700e-01
5.463418942300485242e+02 4.424382014595860824e+02 -1.275553816462956375e-02 9.567378299843115261e-03
1.173475278033722816e+03 1.443629473897501043e+02 -2.712243480337828486e-02 1.721592624658013554e-03
1.953468073711662782e+02 5.712491195922561928e+02 2.459493070701223583e-01 3.340493824470677775e-02
1.856591710999715588e+02 5.041685421180749813e+02 1.331913822810918691e-01 2.496204467734876031e-01
1.208137295346055453e+03 3.289547828568472028e+02 2.983044892895946876e-01 9.614923361663001156e-02
2.654035904188666564e+02 4.430272182362543845e+02 -4.923319004814231264e-02 -3.190442368667608108e-01
1.224205342751356966e+03 2.165639147980384962e+02 -1.170610839295423405e-03 2.775857729163378612e-03
1.317058566597270044e+02 3.927711208054248573e+02 -2.413666150828541138e-03 -1.307509284364785640e-02
1.814444496874783681e+02 5.130161056995229956e+02 1.706417107704770730e-01 2.097529103186483446e-01
1.076254303029197672e+03 2.264508129540820960e+02 -3.489301971983265350e-03 6.895610976531791128e-03
1.172399247169612636e+03 1.906055302738131729e+02 2.755840750217313298e-02 1.094779714400270776e-02
1.181145292057657571e+03 2.960451429223923583e+02 -1.584157418210587476e-01 2.440363675358226681e-01
1.925158318226621077e+02 5.793535698844690387e+02 2.050817103662574137e-01 2.318094099693962865e-02
2.840810471731944062e+02 6.195805354507855327e+02 -3.156962962181620539e-03 8.507646328992153617e-03
1.033138779495699737e+03 2.603917214163964218e+02 -2.139073031762473917e-02 2.037177376218504976e-01
2.146288174455888793e+02 6.803558833671354478e+02 1.033938567474057962e-01 -3.780709083146649996e-01
1.914515743388006399e+02 5.668065278393105473e+02 2.495204946216679209e-01 1.536144670259802399e-02
2.882378950646196358e+02 6.258954323516644536e+02 -1.637780302736124502e-03 4.030413475572800809e-03
5.372329961259970332e+02 4.708226794212887967e+02 -3.207086030126654608e-02 1.731005922927169802e-02
1.036067685188977066e+03 2.841817225793816988e+02 3.068381281061849809e-03 1.930942139374643984e-01
1.169053846242743703e+03 2.550123554888540127e+02 -1.044510390599075189e-02 2.542481040485809751e-02
1.258861572963502482e+02 4.507023051841712800e+02 2.125431423075638260e-01 3.089966503690501076e-01
5.741981205246817126e+02 4.972127626751077969e+02 -5.368191597954542239e-03 -7.027059056735431887e-03
2.607167761935159547e+02 5.908762030513189529e+02 3.743562473193653289e-03 5.385226991591318506e-03
2.383904604119860267e+02 7.672362621809460279e+02 1.057161749031956637e-02 2.820925345723381689e-02
1.122205377908998798e+03 2.138869437126862465e+02 3.662525123881735234e-02 -2.048236762914566744e-02
2.876311252807579990e+02 5.449111047176455713e+02 -3.569098267238438732e-02 2.671803260805277191e-01
1.984853950151214406e+02 6.358305620930251507e+02 1.315261838790542648e-01 -3.197397290077866883e-01
2.489137903214133587e+02 5.158033713956538122e+02 1.766915690238354264e-01 -2.711045398410186769e-01
2.643167610519018922e+02 5.262409376622501895e+02 1.103206128484054416e-01 -3.074152428308820073e-01
1.031007516182930885e+03 1.862702522822822857e+02 -3.753553963892864581e-02 -1.319958631324908219e-02
1.176551754879613100e+03 2.240695222722332005e+02 -2.156373027809431811e-02 2.828875525457480444e-02
2.839154280552165801e+02 5.189084637758913914e+02 1.664743206742496373e-01 -1.608075865100284108e-01
2.765757151539501137e+02 4.960257289925192481e+02 -1.212746902084478884e-01 3.437573486397859091e-01
7.634876251213494243e+02 9.625316020064660734e+02 -8.718886929239371125e-04 2.339517996405771853e-03
4.635254008615939370e+02 3.923548447490619537e+02 -1.015438969580143323e-04 -5.111981960665319680e-04
1.143652503168704243e+03 3.634650346507908125e+02 4.101998086316418243e-04 1.931441461068169425e-03
2.762292202298661437e+02 6.466782614625547012e+02 -1.227035342603722753e-02 1.621167883684501026e-04
1.064406515521701749e+03 3.195737494305631117e+02 2.194658542635730403e-01 2.216647877756130480e-01
1.710222039747644942e+02 5.112459410724329132e+02 1.601502679849636790e-01 3.488589449650067453e-01
2.833406133020391167e+02 5.335245518584282536e+02 -9.753019755764899545e-02 2.577459524198366103e-01
9.874821451239479302e+02 1.868510909185633864e+02 -1.098899482044796844e-02 -4.743100661219567388e-02
2.387322189484628439e+02 3.172884283016215932e+02 7.566006471628490548e-02 2.679069435935689802e-01
2.232755922562822093e+02 5.293709538309327627e+02 1.475749933626597232e-01 4.891489863580693320e-02
1.076065688050481185e+03 2.462566222953727220e+02 1.722879322067376318e-01 1.165350816197253808e-01
1.197954522890916223e+03 2.031953137358141532e+02 -3.862620380019315697e-03 8.744468795365670927e-03
1.238984516240832363e+03 3.157834332388947587e+02 -1.986752458450633807e-01 1.298473593850184016e-01
4.639491941630212182e+02 4.576461200690950477e+02 -6.874469145775783177e-03 3.500483944330493730e-02
1.077709694852263283e+03 1.725359688450905367e+02 8.120968929966315697e-02 1.554990856469908866e-01
1.064346205600645817e+03 1.786738880676889210e+02 1.619028302859339477e-02 -4.111317369114673298e-02
1.144657534210458834e+03 2.452598873315371577e+02 2.376365008238144182e-03 2.737936484387840010e-03
3.065558767158606770e+02 4.966540490803186572e+02 2.361169241161654164e-01 4.133834951186830114e-02
1.181480928772396737e+03 2.035601631750515708e+02 6.058150910416770785e-02 -6.400875708164323330e-02
5.271065046002646568e+02 5.066170003604072463e+02 -9.025913914229022339e-05 1.589501931468518398e-02
1.264605388309457794e+03 2.661586103465069186e+02 4.584917112842201020e-02 -3.440817888780303702e-02
2.752737277552497517e+02 4.184308974569394195e+02 4.565896150162888911e-02 2.067297592550812191e-01
1.026379373566921686e+03 1.815613745909122372e+02 1.447416018106267681e-02 -1.904498049335988374e-02
2.404702103732464877e+02 5.315353336045720880e+02 1.363547762610957392e-01 -2.373542982801123691e-01
2.383563363950551661e+02 5.938360009727034594e+02 -1.602633815810386164e-01 2.162345169453319949e-01
2.307162500662795992e+02 5.900768290541371925e+02 1.259434243371115036e-01 -1.604983725681137230e-01
1.088097297199681407e+03 1.823692379799092578e+02 7.492646125940061186e-02 -8.409228960034598188e-02
1.078001432771316331e+03 1.940104301137296545e+02 3.192201057193718491e-03 1.571209210953446829e-03
1.093695597467827838e+03 1.753024975142667756e+02 1.163183915545269592e-01 7.048325340209697643e-02
1.062502165267597320e+03 2.059137259045760118e+02 1.371008032410721842e-03 -1.347727655989143514e-02
2.170398338508278471e+02 6.698468862140490501e+02 1.168294919247779735e-02 3.727717305363258821e-02
2.453471734125529053e+02 7.219071015143937302e+02 1.688659581593332211e-03 6.646523540699797103e-03
4.430600324237125278e+02 1.085304506904409664e+03 2.152919097180505323e-02 -3.441806780669203272e-03
2.122877202533958325e+02 5.839544566709982973e+02 9.065807939852528474e-02 -2.294590299665354438e-01
2.136565137578657243e+02 6.728067872291654794e+02 -4.584331945917550426e-04 1.871865856421262714e-02
1.091232938261291110e+03 1.898751269421494499e+02 6.703571957069968598e-03 -1.537038878619715124e-02
1.154365613355495498e+03 2.343966725113015741e+02 -2.435794933121758921e-04 -6.087191447661444849e-03
3.137804904150129346e+02 6.094241212963900125e+02 1.823957761905941818e-02 -5.285428517385612653e-03
2.559653017478260892e+02 7.350201141981626733e+02 4.033072021487086808e-03 -3.320116542489532155e-03
1.853982461106332948e+02 5.353295489245267618e+02 9.767418754830749228e-02 1.087120238867648747e-01
2.002120498333826788e+02 6.929027814644587124e+02 9.228191956492812209e-03 1.303320343650048911e-03
1.035717159534808616e+03 1.756332253386633795e+02 5.997234625782566549e-04 -2.086277907968415394e-03
1.027710972330942013e+03 2.230115572690179135e+02 -3.832936370132683512e-02 1.901926490385951645e-03
1.140691720392963362e+03 1.844802361605394481e+02 2.946592598904089824e-02 5.422660993177075457e-03
1.046376114962367637e+03 2.714724338070735712e+02 -1.710653303447031565e-02 3.802997838100665579e-02
2.364844816787212096e+02 3.094604291943900876e+02 7.363833444033560105e-02 1.686565481873435191e-01
1.163467463915871349e+03 2.101829372013321517e+02 -8.033974050076837792e-03 3.915594384007139127e-03
2.269616675268873678e+02 6.391705784447933638e+02 -6.593132332924808714e-02 3.076661074700124954e-01
2.637957660234814057e+02 7.078447152135130409e+02 1.960711607272632925e-02 6.170677898088670552e-03
1.114596272406265598e+03 1.862853213580183080e+02 -5.496038225274810923e-02 1.401296303666069998e-01
1.016989462448398513e+03 2.315934273596285209e+02 1.080065011388033069e-02 1.999618942699955132e-02
5.353493503727114557e+02 4.397314277977181973e+02 1.307014220473816293e-03 7.999130800711796909e-04
2.129302355438517225e+02 7.233313448342266838e+02 -3.387234301053120705e-02 1.167930091841972405e-02
3.541947633512187963e+02 1.086471670099399034e+03 4.719353948312368097e-01 -7.704405235097498694e-02
1.009471935554139691e+03 2.544432122901173159e+02 6.254958640970411862e-03 -3.578658606962498157e-02
1.086992718122105998e+03 3.323582798788539208e+02 7.183475894452696908e-02 -1.078041062935635869e-01
1.158415315615365444e+03 1.991130614312949660e+02 -5.873164747106927874e-02 1.668874314694544780e-01
5.741533883857007368e+02 3.950880042057275432e+02 5.253968151917736557e-03 1.254397289468973595e-02
2.348821071026490586e+02 5.947368389203132892e+02 -1.549387748847433077e-01 1.784182515658691570e-01
2.068482825429501588e+02 5.830331951928070566e+02 1.053346543226026250e-01 -1.644282641024543967e-01
3.575811713500818314e+02 1.089911879837518654e+03 4.852141019110937648e-01 -1.134627667860574202e-01
1.153161690670521011e+03 1.419142578057033575e+02 7.768570711008013219e-02 1.482313912096920767e-02
1.254620082039430372e+03 3.050462988894996101e+02 2.233847155309524185e-02 -2.651349078291579398e-01
1.039026932746270177e+03 1.999653767638545503e+02 3.411479952082052680e-02 3.083625792462579840e-02
5.904771215175425141e+02 4.169860548229096366e+02 3.218594691453699279e-04 1.885335866347841519e-02
5.105956090296598973e+02 4.927238162146089735e+02 6.692692371396570918e-04 1.508049006320667101e-03
2.647676479079678415e+02 6.736912911632448413e+02 4.755435762116365481e-04 -3.122591767509141393e-03
1.959032577000740218e+02 7.019917104521027795e+02 9.031880012843352193e-03 2.065904506551213219e-03
1.139557995481570288e+03 3.018704466338639918e+02 5.466231412678872192e-02 2.277667993651154854e-01
2.265985063446792651e+02 6.195824528798769961e+02 -6.108255301152364786e-02 2.010281502758201055e-01
2.260779413656143220e+02 6.073591647664441098e+02 8.955049532519780697e-02 -1.928953087812983469e-01
1.116582855918684572e+03 2.320321606924261459e+02 -2.514263718962934588e-02 1.709090166751872641e-01
1.035773873042909145e+03 2.990694923404020642e+02 4.119564121303868898e-03 1.964065740834671035e-03
5.155291452468792386e+02 4.872555921183075043e+02 4.593776485530025842e-03 -5.332401791422223397e-03
1.351070761650375971e+03 2.612827307749361125e+02 2.261979442048938586e-03 -1.029978744484546550e-02
1.117730848579975827e+03 1.570059839958561554e+02 -1.282782491748015730e-01 -4.991072051326073122e-02
1.102565657728985570e+03 2.416624665705934945e+02 2.246438530106331655e-02 -1.709362104956291262e-02
1.263179589792026945e+03 3.940992858316495244e+02 1.336093228623269624e-04 3.123973980356620217e-02
9.649852992216124221e+02 8.689273084024838454e+02 -4.229662830066871493e-03 5.035169122322713520e-03
1.173444266360096435e+03 1.786541429699487651e+02 1.906210240107727300e-03 -5.228069957865504047e-03
1.186525171692328058e+03 2.924820661396582864e+02 -4.314607780651429081e-02 2.922250738345669729e-01
1.100160901920338802e+03 2.521225459585414796e+02 3.563944834820631513e-02 7.693559966949325979e-02
1.064680401570053164e+03 1.977383441560900792e+02 3.841401138176523972e-03 1.329329773037288623e-02
1.103604344722811220e+03 2.030608702544593314e+02 3.383444579670443365e-03 -1.210213414949758322e-02
2.121604639297081292e+02 6.640432194795171199e+02 7.213182494491358074e-04 3.872599333508711973e-03
4.812671022175927078e+02 4.504873503445392657e+02 1.308196404301741056e-02 -5.387735571511049690e-03
1.067166114759100765e+03 2.190137352799202972e+02 -2.037362147998783915e-02 1.084338155041913304e-01
1.228382444543089377e+03 3.165623432431502806e+02 -1.716531166198446423e-01 -1.526651534897902340e-01
1.181689137166101546e+03 3.707100550110860127e+02 6.873742835872624982e-03 -8.966755430118869639e-04
9.315241211294310233e+02 1.917680317622339601e+02 1.686813449369889417e-02 1.998217150283494378e-02
4.641319889063464643e+02 1.099985380648459568e+03 7.809395637409279230e-03 2.979079885571476322e-03
2.269184608886002081e+02 6.740516707896977096e+02 -7.469584421191764224e-03 1.437398415298765490e-02
1.950913293079871664e+02 6.626078668619426253e+02 1.689534517441499128e-01 -3.241323245112889273e-01
1.480441524367577415e+02 5.291084680729265983e+02 -1.016250115989078898e-02 3.570987403023697521e-02
1.001879826312919818e+03 3.872091533963507572e+02 1.311027461173459807e+00 2.853876586348128352e+00
1.856380479217349659e+02 6.426354491726550577e+02 1.342873182098094365e-01 -2.711980756044522489e-01
1.177023339352775565e+03 1.962501888586463963e+02 1.842078109268409022e-02 1.713427999353238709e-02
1.139743149877053611e+03 3.887748673601337259e+02 8.552822704777265916e-03 -9.945249873344530131e-03
2.439199232977644272e+02 5.391030197042774716e+02 1.254262802085671924e-01 -2.765214106914750114e-01
1.027783653622794645e+03 2.335204336576973105e+02 -3.254667738764645962e-03 9.387012452296698492e-03
8.152473727924045477e+01 3.398089386413744819e+02 -1.918442371050804382e-02 -3.470232587025634530e-02
9.888786841855285275e+02 1.685559481107839019e+02 1.706568024525514926e-02 4.733408162836383326e-02
1.906432558561064923e+02 6.541367944014028808e+02 1.498677327172506790e-01 -3.594603992385739244e-01
1.109671743646958703e+03 1.765620837038179616e+02 -2.917269079727904946e-02 2.396183370612069152e-02
1.043541409274145963e+03 2.637345224938312072e+02 6.784656851474816890e-03 5.347202216325841473e-02
1.038373432137038208e+03 2.978007503466768071e+02 2.785032463253729607e-02 -1.963786594397889766e-03
1.049566368614974635e+03 2.288903295996924214e+02 -5.624308809977017053e-04 -1.994889726694088275e-02
1.121997596749090917e+03 2.887353062701065483e+02 -3.580475985260859941e-03 4.384510079087081125e-01
2.174954955963218310e+02 7.701792895084978454e+02 -4.194506992413819281e-03 -9.738126937414583184e-03
2.390016708910962677e+02 2.960475260262244888e+02 6.410836446617279583e-02 6.330422919817131622e-02
1.166340165234319102e+03 1.627257707703598157e+02 -1.472801537951768380e-01 -1.983494131634727098e-01
1.244657140473551181e+03 4.156774416832092811e+02 -8.466008499156140593e-03 -8.057458629231123784e-03
9.434542675677282659e+02 8.558915492313087725e+02 -5.630667037924770753e-03 7.824321424144338108e-03
1.087822124395225501e+03 1.621905110154905572e+02 1.490215227653851060e-01 1.215102856251251834e-01
1.145279749438107501e+03 2.193228283973919588e+02 2.725071293997000446e-02 -8.674135132107023416e-02
1.250515179143565774e+03 3.107242665156014141e+02 -4.543938761127896964e-02 2.307035848677997311e-02
2.498327719163466440e+02 5.812263131763073716e+02 -1.044953605611661923e-01 6.753778516350039673e-02
7.605994678600519876e+01 3.182610215717173787e+02 4.473294464680676805e-03 8.887236738736703501e-03
5.192556061384134409e+02 4.265957731088294622e+02 1.306681647419622935e-02 1.393903932595748005e-02
1.119317945140599022e+03 1.524201826803410711e+02 -1.000936205339939961e-01 -1.944944869294573664e-02
2.075947490164848261e+02 5.221298038795581533e+02 2.691851744739090805e-04 -1.276096468344780320e-02
3.012945494471935035e+02 5.139700969693889192e+02 7.935301815546125237e-02 2.059724172589986191e-01
1.122859578137588414e+03 2.515547938272338513e+02 -2.115905997881159864e-02 3.947003224793429466e-01
1.084965897124893672e+03 2.798831440506908166e+02 -2.066050048946946882e-01 1.106405179595676136e-01
3.714314867929496131e+02 1.054008100651561563e+03 2.583813777691321492e-02 4.459781806932177663e-03
2.761698017169674699e+02 6.032138050906856961e+02 -4.704647447245043773e-02 -5.341037098667498345e-02
2.329012255148452084e+02 6.748028388543061737e+02 2.256557604477245783e-03 3.733794336568354438e-02
1.066578447258880942e+03 1.699281456186045034e+02 1.181389297642125580e-01 8.093193081304879410e-02
1.054249185715322255e+03 2.404034806033971279e+02 -8.319604860422992465e-02 -2.478576938410997077e-01
1.178571367915479186e+03 2.346350610379161310e+02 -2.843414938288586075e-02 -1.006825659724105114e-02
8.649873816948871763e+02 1.102283032292422604e+03 8.344358843999089004e-04 -8.287537349992311810e-04
1.072387098414007369e+03 1.773333802207509677e+02 1.576915935200824126e-01 -2.325598746871995401e-02
2.695347573420784784e+02 6.918320939437043080e+02 -1.760370284884110043e-03 -1.745000808156354360e-03
2.905221784612061811e+02 4.689008805840328478e+02 4.160974659423539307e-02 2.101755633337447915e-01
1.081904982262764861e+03 1.565605799841906673e+02 2.022556222515009550e-01 -8.712575721006868973e-03
2.908052658263974308e+02 4.749024823297312423e+02 4.191538845851606326e-02 2.392241724034206707e-01
7.881905659185273407e+02 4.042726524828218544e+02 2.373757501812757617e-02 9.880568311386166147e-02
1.160734835063197352e+03 2.369907503318338797e+02 -1.786859091610109029e-01 3.583788020561070042e-01
1.997810780350922641e+02 5.725401403617095184e+02 1.098011929285412497e-01 -1.084160259553314243e-02
2.777848913974389689e+02 6.370485874782456222e+02 4.050018179981924177e-02 6.822566430607270027e-02
2.417507669560655188e+02 6.742235081056379613e+02 7.839872544169014870e-03 9.693329380225308364e-03
2.363952219125423539e+02 2.966094684208986223e+02 8.741524994028271323e-02 1.887794661360935322e-01
1.110723811943454166e+03 2.604606023619722350e+02 1.189034366591030789e-01 -6.084039347418368493e-02
2.500784625635697580e+02 3.199616812362573341e+02 -3.095665094739644824e-02 2.518698703477166290e-01
5.492156004709245281e+02 4.160975441121032077e+02 -2.973697511489233752e-03 1.348512255031935995e-02
1.033107270033401164e+03 2.529626638344017806e+02 -3.104616059680108398e-02 1.024452044864510303e-01
1.297013535117816900e+03 3.317759976819301642e+02 -6.347574539536400724e-03 -2.654919358659049884e-03
1.956428550911484194e+02 6.820081281701131957e+02 4.091692079111816649e-01 8.031321547503048608e-01
6.799985576140508101e+02 1.028350365751678510e+03 -1.322057776505311359e-02 1.660748643652984816e-02
1.012810377043560152e+03 1.679461289346361355e+02 3.726088067130225306e-02 8.107858237415825620e-02
1.097021953396816343e+03 1.746610084762442341e+02 -1.955237371980198813e-01 -3.414679401804695310e-03
1.967772522168078808e+02 6.342071048253507115e+02 1.724628679850961077e-01 -2.284756699267366797e-01
2.116987436459606329e+02 5.362672035173485483e+02 -3.173849982025185590e-02 1.548202124814091266e-02
1.087970197063604019e+03 2.229817790161103517e+02 -5.137278600692485667e-03 -4.405465693539142857e-02
2.426186085100097785e+02 5.587552729568706127e+02 7.451623701148323009e-02 7.899184013590378195e-02
1.122347521581094725e+03 2.356924680740589224e+02 -1.745506653799923716e-02 2.720373090481627565e-01
1.038049109022074390e+03 8.612018833003016880e+02 -3.650707515845397211e-02 -9.633725788297299586e-02
2.794996463755023797e+02 4.102894138539622872e+02 5.017641612588224359e-02 1.964947916244433879e-01
1.085670767925334985e+03 2.407524898211824222e+02 1.806700930393263793e-01 -2.427074897727055439e-02
2.835539337978765388e+02 5.411014548075113453e+02 -1.211523558736273681e-01 2.545562555540283323e-01
2.312978502541228067e+02 2.962179293872467269e+02 7.287193571785074986e-02 2.225500967089343585e-01
2.804260738835617985e+02 4.689179151045290155e+02 -6.111774671310854501e-02 3.205281614488211250e-01
4.817956277129754312e+02 4.675620158682899614e+02 -1.697423904881991200e-02 -2.224422662011376825e-02
2.761162015159599150e+02 6.605507410992202040e+02 -4.900087342548431479e-03 -6.572242574241744795e-02
8.809696115964945875e+02 8.757156267058650201e+02 8.900402550842465357e-03 7.583054700293045437e-03
2.357721009199260607e+02 3.597780347415118172e+02 -9.256177973024705408e-02 -3.890395445644867500e-01
5.481535927632071434e+02 4.213514510074882082e+02 -8.376075785931788587e-03 5.236542475243368550e-02
1.073571723004099340e+03 2.177789279497084749e+02 3.304046959783590675e-05 -2.047929199160421210e-02
1.113940256671750376e+03 2.544094586457824221e+02 5.142736017234983414e-01 1.832966146465980772e-01
1.220541457879523932e+03 2.421603726606869316e+02 -2.809261092284941544e-02 -1.477719700490865741e-02
1.247062526794896257e+03 2.817215166984537973e+02 1.269430185755481867e-02 1.317869178917590103e-03
2.489617458178224467e+02 6.816081708658425669e+02 -1.443503696695415742e-02 -3.343211022222476736e-02
2.560764455894518505e+02 3.626563749443828897e+02 6.293294489308109974e-02 2.292240251630512093e-01
1.024580093671499299e+03 1.898809468068461115e+02 -3.109869745042222536e-02 2.733856977851919015e-02
1.047028933504706401e+03 8.509602025734442350e+02 -7.143952845505434184e-03 9.139852043318796859e-03
2.889169016636880087e+02 4.490106095472926313e+02 6.947452880311659473e-02 2.647172466848295991e-01
5.923874069393413038e+02 4.589315713691844962e+02 -6.427019848857802586e-03 -2.039442756535969972e-02
1.099459505035745224e+03 2.265038500651018296e+02 1.546869713240539568e-01 4.416174184753026144e-01
1.093039632273388861e+03 2.723755638541070425e+02 -7.246176417595012742e-02 -3.722721351445927584e-02
2.356009619670551558e+02 6.420700105523685579e+02 6.175078149068292076e-03 1.339836393624508314e-02
7.880582419206596114e+02 4.079780809240332928e+02 6.211818812336001444e-03 -3.380033502309680998e-02
3.224049511009451408e+02 1.094750377882349312e+03 1.872171388385042434e-01 3.353100750363906257e-02
2.443128784155301219e+02 3.712495919843814818e+02 -9.149224756118153057e-02 -3.430397619539056753e-01
1.004112784526814835e+03 1.647187212567638426e+02 7.653387994374887329e-03 -3.252786224683610478e-02
1.233424601477650185e+03 3.104608519684352359e+02 -3.900938059243257983e-01 -1.765903880818850136e-01
2.354653301186224326e+02 5.796339933074449391e+02 8.323456944480410458e-02 -1.621866148710642830e-01
2.630939164823094529e+02 6.922427814095336771e+02 8.228890729423624789e-03 3.100731006324102673e-02
2.509045301634193947e+02 3.568691024169074808e+02 1.060760852743726501e-01 3.109173082828561863e-01
2.885190735440895651e+02 4.347533762409933047e+02 6.130081226537527350e-02 8.646738962647190774e-02
1.109235474661172248e+03 1.881356365989834956e+02 5.889912682705471247e-02 -6.792661511693864895e-02
1.239089159516456903e+03 1.258493447844278563e+02 1.845519668678434824e-02 -3.194363172125917749e-02
1.181602433281701224e+03 1.988056788216333075e+02 1.947758815133397436e-01 -1.154647748425801923e-01
1.152077689878984074e+03 1.923409842853764644e+02 -1.511794735509307819e-01 9.364987176174933980e-02
1.140400863729146067e+03 2.222197321625470465e+02 1.980327514177971510e-02 -6.752842842412651314e-02
5.542505373142134886e+02 4.943055386023426649e+02 -9.452693657970535554e-03 6.856469487991982692e-02
1.171054820579035550e+03 1.778672154196470672e+02 1.861669743574465366e-02 -1.075395985988226166e-01
1.025484152332557187e+03 2.614745241650107914e+02 -6.813972059235846868e-03 6.086200240191133592e-02
1.170430124737810274e+03 1.714562617437539416e+02 -5.813145964165254177e-03 4.051771383015032729e-02
1.217223332081035096e+03 3.035756872462280853e+02 1.421269293726201144e-01 1.885177773044086624e-01
1.020674838039710266e+03 2.337398069182673055e+02 -8.491886841163420740e-03 4.361549494445426944e-02
1.114633732600967278e+03 3.648934866458793067e+02 2.636811988247700356e-02 1.109814067463084086e-01
1.034128973937584306e+03 8.621090922152898202e+02 3.724928174877106812e-02 -9.640215025270748583e-02
5.632312389136372985e+02 3.790229992684006106e+02 -1.645278953545433387e-03 3.643006259029941268e-02
5.467409169904552755e+02 4.914340099388971339e+02 3.255017948049498955e-03 6.380412466110859347e-03
1.044096590135698307e+03 2.201742492293812745e+02 -4.688418035387561557e-03 1.461493512428546637e-02
1.093510224922288216e+03 2.633770847242428772e+02 2.432662659447032694e-01 2.065182860720748692e-01
7.267308588589099827e+02 9.236934767994490585e+02 4.743597451624737178e-03 3.389446153791293020e-02
1.983283993535956995e+02 5.279319633306818105e+02 9.768443933928543099e-02 -3.125910721342961551e-02
5.113566864067129245e+02 4.475062225247383481e+02 1.735899104541463814e-04 -3.437296547253205353e-02
1.026669679736975240e+03 2.636431831954832319e+02 -2.037982404057662143e-03 3.333194295813817713e-03
1.112196188677151440e+03 2.766323306345516357e+02 2.066367712938504686e-01 4.487594130211180476e-01
1.078578575123980272e+03 2.959894944856174561e+02 -6.302789379417715609e-02 -2.048253302128963671e-01
2.680931488968412850e+02 7.081684077843643763e+02 -2.927385397857408880e-02 -7.456492896622128608e-02
1.002599865130566059e+03 1.739830931093341633e+02 5.842723131677128590e-02 1.430100143867299167e-01
5.234626236146041265e+02 4.709346374334616598e+02 2.619423352939520555e-03 2.915460306170795587e-02
1.074213373843411318e+03 1.992143009231841972e+02 1.191570067149806816e-01 -2.357403775883071262e-01
1.169416137081905845e+03 1.584808404278502962e+02 -6.022425701316554830e-02 -6.369721665020715295e-02
1.133282301716591064e+03 2.439161562278439135e+02 1.170885955208594426e-01 5.256125773822854091e-02
1.217208466608994968e+03 3.639847332082719618e+02 1.477797299939425102e-01 -1.329705881735586959e-01
2.506261040072487845e+02 4.183252393519841235e+02 -1.907676952365746359e-01 -3.888169123964230756e-01
1.088671576235822158e+03 1.956064890118068718e+02 8.977195200718184054e-02 -1.481359545206751005e-01
1.134305882738639184e+03 2.093618402979930977e+02 -2.704932662264086241e-01 -1.623697580303061494e-01
1.191357465362247240e+03 2.251902287729682541e+02 1.514598435670780896e-01 -7.312026300582177840e-02
1.254382055027171191e+03 2.917368936155786514e+02 -1.001962212841466388e-01 2.080478208197808487e-01
2.139556762985224339e+02 7.099679891655852089e+02 -1.316482344693978117e-03 2.726562819381425293e-02
3.315265850185608656e+02 5.252179414170808514e+02 6.669886567764974662e-03 1.093275784964217560e-02
2.214189765069540385e+02 7.477917103521408535e+02 -3.812063242271402502e-02 -2.786820141030106612e-02
1.036503794410484716e+03 8.546285433124575093e+02 -7.129599915337662963e-02 7.497584179106359104e-02
2.540014115630575589e+02 3.227272654674332557e+02 -2.129263332183200033e-02 2.434872532954955315e-01
2.810587472486288902e+02 4.379197885187419388e+02 -7.026250446870108135e-03 2.489153107443314583e-01
1.220240543135416601e+03 2.506301051397523167e+02 3.203302418864950596e-02 -2.364472521242930864e-02
1.206678383068491485e+03 3.595471516128865801e+02 -1.345249050779557254e-01 1.290323280363395442e-01
1.147049102906786402e+03 3.713815156536027189e+02 -8.514158819639305181e-03 -2.758516832180362213e-02
2.114095269265687591e+02 5.912411770839935343e+02 8.264634974545685686e-02 -9.707004588158270331e-02
2.332989205646335620e+02 6.776258084444237966e+02 -2.338460229381951125e-02 7.167657460050805285e-02
2.005660801923424685e+02 6.894166144716950839e+02 -1.917741512681800375e-01 2.172156390157169992e-01
2.489651223989835103e+02 7.169264812164938121e+02 -9.574473175126741245e-03 -9.617234078882574630e-03
2.475052371993249380e+02 3.136553171311871893e+02 1.057627248413679222e-01 3.116982863518526492e-01
2.569026008655932856e+02 3.728159940836987403e+02 1.463456482258543856e-01 1.940525429685319714e-01
1.602624585583993166e+02 4.805279962453200824e+02 1.790270012913689757e-01 2.016795829534885343e-01
2.879096601677345006e+02 4.659835558091992880e+02 5.654900925715840992e-02 1.236000247552750675e-01
2.952381433336649366e+02 4.969778311219272382e+02 5.982279176132957593e-02 2.295995836090393427e-01
2.736402647456109207e+02 5.273159224660560085e+02 2.625431810204569838e-01 -1.805002721171528324e-01
3.047827614190393888e+02 5.235070497172620207e+02 8.157047564546676677e-02 2.008052094201704940e-01
3.024883536778837083e+02 5.256878639568288918e+02 -1.153137045489971702e-01 7.743598739863147284e-02
1.155302805108953862e+03 1.904105283803941688e+02 -8.868355684575767242e-03 4.822050269516845594e-02
2.393866207464642741e+02 6.477639599770859604e+02 -1.078503352083417730e-02 -2.480549912250909136e-02
2.486182106128383964e+02 2.905777126884178188e+02 2.274206488873993237e-01 2.178618723126248824e-01
2.486077037868433877e+02 5.311403769553431857e+02 -3.124743990106892966e-02 2.590082929215498098e-02
5.071527921765313636e+02 4.451476232690812935e+02 -2.150927171420846662e-03 -3.003339488157763526e-02
1.095747284409979102e+03 2.033829389204616689e+02 2.985217161319440038e-01 -9.527521198447317374e-01
1.051849595373518923e+03 2.987795532765964595e+02 -9.625115126772243457e-02 2.320854856786525033e-02
2.559850732586500044e+02 7.544815543745754667e+02 -7.035348718979150817e-03 1.062944977294932869e-02
1.052192641826917452e+03 3.070052763541992817e+02 1.952915631293632992e-01 2.487684332958305655e-01
2.027663131797595497e+02 5.748299353449162936e+02 1.622142497718641607e-01 1.011827432191206994e-01
1.529112706161744200e+02 4.820567948020147924e+02 1.770217638689075557e-01 1.235955019682535294e-01
5.172237163297528468e+02 4.244404441004923569e+02 -9.993259585523142988e-03 -1.395458287321578970e-02
1.077214823254769954e+03 1.611542714564829453e+02 1.291243486159980025e-01 4.051928192169498288e-01
1.083304115144653224e+03 1.602164595775040539e+02 -6.632751463522860817e-03 2.466897030236244254e-05
1.172181555778344091e+03 1.828312941759958221e+02 -2.926237407022351175e-02 -4.361821187886031487e-02
1.190787500949011701e+03 2.333739491028360078e+02 -6.920374520651269290e-02 9.611823425860659131e-02
1.205770942089576010e+03 2.441373076020388453e+02 5.525933423427886737e-02 -9.212652730107606658e-02
2.852641585554730455e+02 4.233520020176739536e+02 8.456480769822291577e-02 1.399239066141490240e-01
3.089058721526243971e+02 5.063909422910784883e+02 1.051781113357151271e-01 -8.248634809208396645e-02
2.998466745124707700e+02 5.159664226100913993e+02 4.219852538561781607e-02 1.857974004697552917e-01
1.070478868123693928e+03 2.997539825878380952e+02 7.011967350345002514e-02 -6.594801312962204065e-01
7.695658630098387221e+02 9.564373889558976316e+02 6.204886226896633161e-03 2.138756684830695962e-02
5.030235873010332739e+02 4.678261866034877698e+02 -9.743672306825601481e-03 -1.076682221159330766e-01
1.214554000713447067e+03 2.569236588789471512e+02 1.541223917681122657e-01 -2.494232030004610579e-01
2.868705068494006696e+02 5.445012366484892254e+02 -4.274917768735519985e-02 1.594896890920267651e-01
1.891010450158992171e+02 5.813377209303610016e+02 1.635872204011263875e-01 6.364646339548585274e-02
9.810491470048574456e+02 8.526879918310281710e+02 3.540266691206284122e-02 -9.833795720140869889e-03
2.396118680788242443e+02 3.814983965765472362e+02 -1.490436925052639194e-01 8.572279793588677421e-02
5.305593152060603188e+02 4.313226725855022323e+02 2.545241340612847125e-03 -1.435085811649135755e-02
1.085027457929778620e+03 2.825659738657042226e+02 -2.109158015519672913e-01 1.584444698928564321e-01
2.253620539474830196e+02 5.381569464240029674e+02 2.204174377262025641e-01 1.815837991364711856e-01
1.787797122095636553e+02 6.552808431710143395e+02 4.620621977230143784e-02 -4.614283370396302791e-02
6.795190029701022922e+02 1.017194538898127234e+03 -5.941318359350589162e-02 1.026945875948210157e-01
1.908510613747132538e+02 5.104392081788847690e+02 1.967612589597820261e-01 1.199100798750976082e-01
1.161663486021597464e+03 1.454298901695357813e+02 -1.449872573675747844e-02 5.860902195794892577e-02
1.112861026682627653e+03 2.176126263385591244e+02 -1.202149403252406046e-01 -9.430150688707783502e-02
1.045376343428946939e+03 2.429314468134524247e+02 7.029031674969701271e-01 -1.525828427919492469e+00
1.097290196167068643e+03 2.503544112224696505e+02 -2.397570033984948168e-01 1.201066272353358499e+00
1.087959226966014739e+03 2.669630396836756745e+02 1.786395334224835096e-01 -4.167386263960679571e-01
1.207500890496458396e+03 3.204679434063565964e+02 2.386048142004710826e-01 -1.173758394328103805e-01
2.350343666874977373e+02 5.577535158333079153e+02 9.418740910790290854e-02 2.174352628732663106e-01
2.578496675961592928e+02 6.225710036206413633e+02 1.132202649756663959e-01 2.467820597956915663e-02
2.748677781648586347e+02 6.277394349740482085e+02 2.175527262068044365e-02 6.624477987600130291e-03
8.030589260549652408e+02 8.789067552901572071e+02 1.164974212227889439e-01 4.299806716761622738e-02
9.297267271317401764e+02 9.139317138032316734e+02 -6.899546212838458814e-02 1.320214960624070955e-01
2.506271627356917691e+02 3.557576153485685495e+02 0.000000000000000000e+00 0.000000000000000000e+00
5.482227746467410725e+02 4.622096733130904340e+02 0.000000000000000000e+00 0.000000000000000000e+00
7.937753130018521688e+02 3.932368347672127129e+02 0.000000000000000000e+00 0.000000000000000000e+00
1.031045444270025655e+03 1.623890656185694183e+02 0.000000000000000000e+00 0.000000000000000000e+00
9.995382211962370320e+02 3.804326641078082503e+02 0.000000000000000000e+00 0.000000000000000000e+00
1.156696497860228419e+03 1.838222344472465295e+02 0.000000000000000000e+00 0.000000000000000000e+00
1.160991837474856766e+03 2.284450611347853339e+02 0.000000000000000000e+00 0.000000000000000000e+00
2.495604641818766254e+02 6.456387744951811101e+02 0.000000000000000000e+00 0.000000000000000000e+00
2.719512553339287706e+02 6.541372311803570483e+02 0.000000000000000000e+00 0.000000000000000000e+00
2.122919183438585549e+02 6.641933210588865677e+02 0.000000000000000000e+00 0.000000000000000000e+00
2.183420401671901629e+02 6.751084777342362031e+02 0.000000000000000000e+00 0.000000000000000000e+00
2.388325185882459323e+02 7.671388798278742343e+02 0.000000000000000000e+00 0.000000000000000000e+00
9.264115946635056389e+02 8.916350523559079875e+02 0.000000000000000000e+00 0.000000000000000000e+00
7.299342678297929297e+02 9.379697012979341935e+02 0.000000000000000000e+00 0.000000000000000000e+00
6.781997192842617324e+02 1.023988557025093428e+03 0.000000000000000000e+00 0.000000000000000000e+00
