1.332586586517903697e+02 3.821658182767130256e+02 -2.025392805796798635e-03 -3.338325308655695680e-03
2.527271052928128370e+02 4.647802954185974613e+02 2.448605983426034149e-03 -4.687201179225135815e-03
3.078286892584570751e+02 4.794382002564749996e+02 -8.340588716994081636e-03 6.017324862089837127e-03
5.635269840869357267e+02 3.786992102542104135e+02 -1.400639455140446779e-03 -5.556484297956936456e-03
7.073640551363348550e+02 4.150837563998618975e+02 3.639097185122081024e-02 3.244388649317114359e-03
6.343827800464795246e+02 8.219448490286137030e+02 8.148807100523938393e-05 -2.246029940765045373e-03
9.124413152276936216e+02 8.059083211944632694e+02 1.867148341829090430e-04 -8.501643756569074234e-04
4.599370197633658677e+02 9.416050746641922160e+02 -6.135942474847213765e-04 -2.002064277371348559e-04
9.051192385836761787e+02 9.223456418104042314e+02 -3.284988648466864920e-04 -2.605560388972905789e-03
8.989218427599126926e+02 9.261611718239031461e+02 9.964463699312132300e-03 -2.571512892683527549e-03
7.074205179205923741e+02 9.929825303138405843e+02 4.766275155059990394e-03 -4.436777270743417199e-04
7.150986219708748877e+02 1.011415833353236962e+03 -4.228031663284253952e-04 -6.074757817284287412e-04
7.050080595791860105e+02 1.023670715489511849e+03 2.721988106295251736e-04 -1.539485533091447230e-03
4.816624559382322559e+02 1.099111441168591682e+03 -2.446178598668414454e-04 8.089012682542641788e-04
7.044680739409329817e+02 1.036482164273165154e+03 1.987017359532287453e-04 -2.091398731422351880e-05
7.518078636172525648e+02 1.067547625191912857e+03 -3.613535055358237818e-04 -9.750692449757696620e-04
7.456161659005609863e+02 1.071461880948513453e+03 4.082989848297579184e-04 3.108767531116292214e-05
1.310792513443076359e+02 3.247375927556460624e+02 -9.119069554588300893e-04 -5.407284889142852276e-03
8.997799772450370028e+02 1.102137083174806321e+03 5.374445163892736669e-04 -2.806944078926816924e-03
2.440782719675113128e+02 3.839243062232030752e+02 -8.549611064334769472e-02 -3.406628757746436031e-01
2.414257331769566406e+02 7.556600089533765185e+02 -1.011675444542471311e-02 5.575414467625030603e-03
1.246090777233653853e+03 3.795727385517707262e+02 -3.178253961976062417e-03 2.226468875988140902e-02
1.180182453752157016e+03 2.368305436203466741e+02 1.617450193450194760e-03 -1.312614471121625881e-02
7.156271172261014044e+02 8.820155640840860087e+02 1.289949839673735794e-03 -6.080208472194679575e-05
2.368240667980086585e+02 7.207859486463830763e+02 -2.801591147859576990e-03 3.425682955255502076e-03
2.493098269840490104e+02 7.171476407216980533e+02 -4.971908749132243361e-04 1.541912667445364702e-03
2.505671270282122691e+02 7.471537066452912086e+02 -1.067996688051931712e-03 1.051243301361918809e-03
7.936156919117490816e+02 3.279608619541082817e+02 -2.658008117373930057e-01 1.255186187207783244e-01
1.419202162819368311e+02 3.912011620895696069e+02 -1.241706786943144736e-02 -1.302123232093017197e-02
5.710324454056415107e+02 3.788009024909092091e+02 -4.599584995724011909e-04 -3.321673003410010802e-03
9.301216518910036939e+02 8.449008654128866738e+02 -1.760288874125798958e-02 2.449794327905539457e-03
5.691161288948881065e+02 4.388731173599313706e+02 5.624379981740465495e-03 -6.935335505183034448e-04
1.007052629869582120e+03 8.165652698424099754e+02 8.714760205725950379e-03 2.519225010104320789e-02
5.021510693489518076e+02 4.330428431566406857e+02 1.299800830511770944e-03 -1.771740190697685888e-02
2.436890522201317140e+02 7.428730810054181575e+02 1.810229935145598332e-03 3.146568559957201461e-03
9.830060953433181794e+02 8.279057756589235169e+02 4.701308324567912873e-03 4.338034229302291725e-03
3.071033366087312402e+02 6.660436611211785021e+02 -5.052338925303961198e-02 2.239203778853971968e-02
1.012203677574310291e+03 8.187895439766784875e+02 9.359353914544386779e-04 1.445156837169832113e-03
9.430563827198053559e+02 8.363593759861196304e+02 1.117870107949815728e-02 1.448950776186465339e-02
1.004186989915744448e+03 8.361379650522309248e+02 -4.363630243872622036e-03 8.624464956545188632e-03
2.324888249501081248e+02 7.239215216140773919e+02 -2.441740258966051697e-04 -4.070069408522604577e-03
4.812609074643667100e+02 4.373862261287757178e+02 2.771911333693446739e-03 3.212080275667887792e-03
1.018962594162620803e+03 8.071587761329004707e+02 -1.660772579207962817e-04 -1.661884094728115517e-03
1.220734023976229992e+03 2.577375942664543800e+02 7.974055917658898207e-02 1.290817069219026003e-02
2.257822100474536455e+02 5.180007991286236120e+02 -2.460158440224675599e-02 -3.239408509856243901e-02
5.761419284488026733e+02 4.200687899038338173e+02 -4.274973894252575256e-03 1.413799624990948406e-03
7.313446124476789691e+02 9.222634622419759580e+02 -1.690785245695773306e-02 1.036926409908416405e-02
9.557402502355208753e+02 8.451160005765177630e+02 -4.646339732675646914e-03 -1.304995311492762556e-03
7.478585925079509025e+02 9.535403650064198473e+02 -4.572173237253838660e-03 -4.347330360981839850e-04
2.670694973852902194e+02 6.672315476649683887e+02 -1.097525342398773416e-03 -5.517635511684584361e-03
8.247289382166881069e+02 1.102184584726014464e+03 -1.407636223098277135e-04 -6.751559977570055797e-04
2.470053577768869388e+02 3.993066907967437942e+02 -1.323592664812587028e-01 -3.199962376943341624e-01
7.503716735246798635e+02 9.592077682834742518e+02 7.652002983368310154e-03 5.095992869787371177e-03
5.621241015894785278e+02 4.711672048153163246e+02 -1.931385825410997020e-03 -1.462084747115028260e-03
5.657935271963648347e+02 4.777884536039337604e+02 -2.207599482861915402e-02 3.093403485029296018e-02
1.204960494806716952e+03 2.306547038931987288e+02 6.273723315891654127e-03 -2.171455040989838780e-03
9.143156771097457067e+02 8.462446305604062218e+02 2.768071668273960201e-02 7.588436325455845920e-03
7.718477011279683211e+02 9.605291037432034500e+02 -8.833197339423475751e-04 -7.764706562945977665e-05
7.745016627640568458e+02 9.423911278306449049e+02 -6.388020662377516881e-03 1.209203915612369401e-03
7.738121501410576002e+02 9.494162299828758478e+02 5.949718513356361434e-03 6.440725421000907322e-03
9.845925962508531484e+02 8.670843951768603119e+02 1.502844495930595776e-03 -3.016474880579684582e-03
8.008867376493188885e+02 9.516223370984816938e+02 -1.713789063643107995e-03 1.229252758197491241e-03
2.102330031741600465e+02 6.744756383110259321e+02 -1.549105199169017923e-03 -8.506054544134056044e-04
6.194038423696026712e+02 9.358596069537672975e+02 -1.935472414043213599e-04 -5.398094537683688354e-04
5.727729170300791566e+02 4.905510552711667174e+02 -1.588654274960750673e-03 -1.246637306146770137e-03
9.753840990783708094e+02 8.847144986156589539e+02 4.565042955291438893e-03 -3.480572223755117219e-03
7.693283465864230948e+02 5.210334881194971786e+02 -5.308213843047476441e-03 -2.503000949506672956e-02
7.855620934199774865e+02 9.435784178751996478e+02 -2.458285479113526788e-03 6.790468465941567472e-04
8.005463821894840066e+02 3.796470729280149499e+02 4.070883654756331932e-02 -3.662214383575363580e-02
2.349168406408602721e+02 6.994513794080378375e+02 -1.190190631596568793e-02 -2.052223798863010359e-02
3.075944160368525218e+02 5.641250473540586654e+02 4.763902289007186652e-03 -1.881394544287752881e-03
8.080102294254554636e+02 4.183419055551986503e+02 -3.803770841159348493e-03 -2.796699484583194811e-02
5.877757378827858474e+02 4.027693291580710593e+02 9.825809938359558043e-03 -1.028200273395614770e-04
1.034103067030498778e+03 8.360388838158147564e+02 5.409045087446321797e-05 -2.178200635764576763e-03
9.941777585674852844e+02 8.224639651934825224e+02 -4.441738230227228537e-03 1.723785333730561489e-02
2.266702199029813869e+02 7.262832564448088988e+02 -1.034780536426042376e-02 -4.866810762317946241e-04
1.279626510534222462e+03 3.688068241572079842e+02 1.337266859447463693e-02 -3.035834691417163209e-02
2.288704908980922710e+02 7.690830795104877780e+02 3.736612055498349932e-02 2.513947330705810015e-02
7.338616077544598966e+02 9.803368898891791332e+02 -4.152500057556392211e-04 5.412360839117544287e-03
3.214911752940476504e+02 5.452367039167971825e+02 1.485226186032535377e-03 -4.117798800359988992e-03
9.902677274766913342e+02 8.323132733698619177e+02 5.445497942938202010e-03 1.240390430120671614e-02
1.054060573238160487e+03 8.530298645885204678e+02 1.142876083000229914e-02 3.149041708256125182e-04
8.273324500806166952e+02 4.012676949554498833e+02 -7.019557765184656142e-04 -6.022500285719769100e-03
1.016636024385285396e+03 8.309652226235800754e+02 -8.757861063351343083e-04 -5.001955775890448014e-03
9.456703045031410966e+02 8.371866769574975251e+02 -1.432707850824837224e-02 4.625291076880523773e-03
4.638780767062577297e+02 4.545027821495241369e+02 -1.664703528480276570e-02 -1.178806851387975219e-03
2.683281526481753758e+02 3.004391204090090355e+02 1.028266006466702266e-04 -6.579167491875946572e-03
9.588743323877484954e+02 8.215939596623542229e+02 2.995976828931744447e-03 -1.326015612518615522e-03
8.185011781739607386e+02 9.347896631667905467e+02 1.053770593857014225e-03 -2.866500689258440811e-03
8.168914401263132277e+02 9.439466727789774723e+02 -2.540562849156969682e-03 2.064190218168795998e-03
5.495749645380296897e+02 4.334718423188814995e+02 3.978673692111190686e-03 -2.195788347240288610e-04
7.296482270392762075e+02 9.386032306283965454e+02 -1.000942614803980273e-02 1.392557281115337428e-02
9.300857489069488793e+02 8.608611767850472916e+02 -3.602370073758495543e-03 -3.338062877002028871e-03
1.091433495240809407e+03 2.477069078470300951e+02 -3.573030699010472377e-02 2.809590768718063236e-01
7.491651628478368821e+02 9.696130660345386332e+02 -8.800138155511197120e-04 7.276961100148024615e-03
1.031134879496065196e+03 8.258465327559415528e+02 1.102930184271538709e-02 5.542768868236175664e-03
1.023969070162351386e+03 8.145193100651933946e+02 4.261107272836199555e-02 -1.080846930294075345e-02
1.019992817368366673e+03 1.895497994151534726e+02 -5.495334253969146043e-02 -9.792499053198196191e-02
9.558555281252408804e+02 8.765773357119995808e+02 -3.866439195688275293e-02 -3.421318346308097752e-02
8.175344538385836586e+02 3.805172528020930258e+02 -3.156404313075978577e-03 3.950478058752111138e-03
9.708137839601459973e+02 8.891911084507320311e+02 1.501817430049539942e-03 1.769021409941025531e-03
9.059910636433877471e+02 8.402154319674086764e+02 3.955734234610005715e-03 -2.738420431757443256e-03
5.767919310950628642e+02 4.721190990086804504e+02 -1.422839974396867060e-02 3.257133635293987112e-02
7.903639587979548651e+02 9.198199714697085483e+02 -3.285601614629515659e-03 3.306834181726702512e-03
9.621848818953935734e+02 8.483244082520030815e+02 -7.076124380953860730e-04 -2.616927000409611376e-03
1.931765575178985728e+02 5.893174054845231922e+02 -1.729593870065866549e-03 3.259209010661158912e-03
2.318601914831436090e+02 6.899304829198184734e+02 2.756325925994281695e-03 1.613782274409576245e-03
4.930015189279583296e+02 4.483936862844906841e+02 -1.918914728261176704e-03 -7.801468456066366734e-03
8.331354731319737539e+02 4.128077067629373005e+02 -2.293292739559187055e-03 2.102858343891516539e-04
9.687150052879702571e+02 8.741243975015704564e+02 -2.382755770887649144e-03 -7.785611934412030397e-04
8.128208242590372947e+02 8.769623159347851242e+02 1.897102671398026297e-01 -9.133290506783153795e-02
9.693072995442238380e+02 8.247237565274170947e+02 -7.137344061114766353e-04 -1.348968284187974757e-02
8.002244414312484651e+02 8.804833677002918648e+02 1.027602680219590892e-01 -4.738459223366733863e-02
1.191939282421135658e+03 2.098423374835443269e+02 6.682355408350637224e-03 3.667630811389023960e-03
8.120546170390309726e+02 4.024427898533082839e+02 -1.361888217621247399e-02 -2.119823212747504876e-02
7.676864996465607192e+02 3.851141730940664161e+02 -1.132296004129784706e-03 3.099334947968586905e-03
2.254085767446929367e+02 6.870606943512045746e+02 2.322233106270059095e-03 3.327718988753256696e-03
5.590955079099218210e+02 4.132984749791386321e+02 -4.747244959074546633e-03 -3.471323987443751015e-03
9.497657488711486167e+02 8.561938721537454740e+02 -1.013759579944523322e-03 -4.381733243105985498e-03
3.349897657688713934e+02 5.547998138412642675e+02 2.603219375631320685e-03 -4.394464879869521695e-03
1.124900693174430671e+03 1.902796642041162443e+02 -2.698154198757344441e-02 2.866525749365875231e-02
7.162041359333011314e+02 9.548884310510177329e+02 -2.118075619127673948e-02 2.912593151900902746e-02
5.112199250377237263e+02 4.392584324011410217e+02 -1.243365209292602528e-03 -8.711998199130606413e-04
9.960173837809377346e+02 8.724380344155546254e+02 -4.521719728128380071e-03 -5.472903495248405970e-03
8.842147326713177335e+02 8.737184955712231158e+02 -6.454250207247521146e-03 2.886017884730286351e-02
8.023783138447834062e+02 9.384477265296918631e+02 7.562831859120093536e-03 -8.355076153250566226e-03
5.341511564483063239e+02 4.142755348477957114e+02 -1.953786799488328458e-04 -7.289969309115326528e-03
3.268390605045769348e+02 5.373415477855847939e+02 4.461934287062961808e-03 1.144531046411272415e-02
7.463559476821654926e+02 3.968600598890474203e+02 -1.795650743143497458e-02 -1.092942773837788512e-02
8.508141555138352032e+02 9.314232021689621206e+02 3.762046158112077369e-04 -1.547857219238136465e-03
6.302851822027662365e+02 3.835467268469727742e+02 -2.880930950143442736e-04 -3.520111641560421355e-03
8.191101525156736898e+02 3.636616693525634219e+02 2.042976385782574456e-02 -1.132504973601935723e-03
8.574675853634374789e+02 1.101685347531980142e+03 -1.185207164551252152e-03 -2.720910307775423740e-04
9.297814947829701850e+02 8.360161479228839880e+02 -5.603143175436695218e-03 1.751477721740283839e-03
6.025972958333908309e+02 4.320394840296457915e+02 -9.751055114396750545e-03 9.404199028518623465e-03
5.099365190538972570e+02 5.073558696658209328e+02 5.512364406720483313e-03 8.241804515873269810e-04
5.443130467385469728e+02 4.087959087552846427e+02 -2.150203197971893489e-03 5.036485839460817099e-03
2.370817000008767081e+02 7.374673531637549786e+02 -6.330969072072411066e-03 -5.969796860782561852e-03
2.321057855417145674e+02 6.485686024662943510e+02 -1.767944745900181490e-03 -6.563883420387067562e-03
5.417476035094736062e+02 4.783356295898052508e+02 4.308295799771735780e-04 9.307793436169003662e-03
9.780731076428156712e+02 8.457960454235208090e+02 7.963963613497297353e-03 -1.062876368232447064e-03
5.457480779231218548e+02 4.827399207260939420e+02 -4.161716973239080455e-04 -2.632417656754326013e-03
3.215939284056733527e+02 5.304356044642727284e+02 5.478053498858242998e-03 -2.614547023760075556e-03
3.144317214722771610e+02 4.717651552906808092e+02 -1.507165026213338989e-03 3.110896553580730015e-03
9.334671427549596956e+02 8.656567474705886980e+02 -1.895180447843246210e-03 -2.143740254384715865e-03
2.695320431455976404e+02 6.101258063921612802e+02 -2.493509767378840683e-03 -1.771527656627416890e-03
1.060769263522785877e+03 1.902639757974027930e+02 4.149185550132453160e-03 2.201325512962930969e-02
3.207241005689317035e+02 4.791545263747949548e+02 -2.389727119612186819e-03 -6.334321870983470638e-03
9.716693847571265223e+02 8.297035255469487538e+02 3.454352393396445571e-03 1.823018417138261467e-03
2.481984550949289883e+02 7.414645504371669631e+02 4.758449368065418520e-04 6.918089430721938680e-03
2.211512399757788216e+02 6.880716189847554460e+02 8.345969034415434001e-03 1.807917264062271559e-02
5.067055506673264631e+02 4.443774680401589308e+02 1.036334077711124728e-02 8.159302728922221415e-03
6.544586149686003864e+02 4.968841784385347182e+02 3.159091687884578448e-03 -4.545815242041985338e-03
5.929058571275049871e+02 3.793705841261516412e+02 -2.440042143175019922e-03 -8.152214712206297051e-03
6.152654971830750128e+02 4.228609820197496560e+02 -1.260812235407589472e-02 2.052807262875414387e-02
3.040343104358174742e+02 6.124739144075467721e+02 -8.552130913153970643e-03 1.364341836240710827e-03
4.763441073689161271e+02 4.655355670232964371e+02 -3.245153955501251224e-03 -4.807415708120232369e-03
1.226802868984040970e+03 2.358237460454661516e+02 3.101286796377865970e-03 -2.422137204225359788e-02
1.016212908840374666e+03 2.740572333008688588e+02 2.892025591381302326e-03 -3.648867356888119834e-03
2.075405442034928853e+02 6.974217576228456892e+02 1.137500243384528646e-02 1.264394048490939323e-02
5.484798559491649712e+02 4.111593594650329919e+02 2.931685608428320159e-03 -3.365592888973433210e-03
2.142844205194852236e+02 6.404865100798432422e+02 -1.728322366525088805e-01 3.245281565979279970e-01
2.494377344997021169e+02 5.012722112093858300e+02 2.436790135889866510e-03 1.375975202896113740e-03
1.058080930287683941e+03 2.552208546066167401e+02 -1.312356887194034705e-01 -8.106372860011545889e-02
1.001667027944462006e+03 8.257186201708356066e+02 -3.188014637481222189e-03 4.747954459616050490e-03
2.290562318727416198e+02 7.040525965088677367e+02 4.358040944067219889e-03 7.917845991781601034e-03
3.004705234726965841e+02 5.906797391870854881e+02 6.425042839558243839e-03 1.038593858077160089e-03
1.053793348703854235e+03 1.833746875500060014e+02 8.242712117187170687e-03 -4.760673938363598617e-03
2.635710028206357265e+02 7.374831183361960711e+02 -4.778871029779930765e-03 4.596332992420711539e-04
2.554272437082255180e+02 6.433172909955446812e+02 -1.316524950744838666e-03 -4.262147104006796215e-03
1.209979994133850596e+03 2.192047348240413100e+02 -1.107293471912694505e-02 2.134558608290177198e-02
5.890629338719502357e+02 4.497074090708251788e+02 2.355355436398075611e-03 5.140494088918515139e-04
2.371302413931715023e+02 6.930680390217318063e+02 -7.273826976561361020e-03 -6.652507004678182533e-03
2.652657698294611919e+02 6.358299699619263947e+02 6.668365526618660021e-03 2.169503545880417834e-03
1.208354057619685818e+03 2.086314691245795814e+02 4.257188529328403449e-03 -2.399710053585504300e-03
1.002800895462836479e+03 8.762135276749513650e+02 1.798576174656088718e-04 -4.946398676358764666e-05
2.607799681540786310e+02 7.151697588764222928e+02 -7.355725238089081894e-03 -6.994521863916951070e-03
2.635283878780267059e+02 7.255870967970701031e+02 -1.804148172397779639e-03 -1.849312559688589402e-03
2.640607207421510907e+02 6.180449252771564943e+02 -2.016668383081727384e-02 4.374319221467588836e-03
1.267750311472071189e+03 3.936336793127406395e+02 -8.169119903519764941e-03 7.319381962089876537e-04
2.541369610210399799e+02 6.867596968007677560e+02 3.027721960905009353e-03 1.270427157129067237e-02
9.312293560167258875e+02 9.050350111683363821e+02 -1.411418358916780372e-02 -2.648383986224691483e-02
1.242237675284309944e+03 2.790267913066460892e+02 1.185653452156351130e-02 -6.302575832265656063e-03
1.008255523731952394e+03 9.275577610711072793e+02 -4.396277608435357953e-04 6.950466004667814027e-06
1.031364047619296571e+03 2.143267792705426871e+02 -1.216353949419044511e-01 -6.459970436226949997e-02
9.534617727798180340e+02 8.932865313797894942e+02 -1.039569496331994164e-02 -4.574327196939637769e-03
2.524643725463855048e+02 6.717386317036781520e+02 1.036027897845455924e-02 6.074729496228230448e-03
1.070187076555762587e+03 1.859706118817086633e+02 -6.411967065897704147e-03 -8.076759486144873684e-03
2.573821018107266241e+02 6.741672091205806510e+02 3.506045480924283204e-03 7.078600708941939004e-03
1.014028476367210260e+03 8.529676138146696758e+02 2.548139654926095607e-03 -1.122860047732078537e-03
2.322751630243437546e+02 6.686670475027380007e+02 1.592046571085230710e-03 -6.575178101229539607e-03
2.298740160568494275e+02 6.094424624267255695e+02 -1.109051441705511121e-01 1.453163199816531748e-01
2.950123247539439717e+02 5.890850082096404776e+02 5.135331521278158149e-04 -7.801911547173881641e-03
2.524258178478705474e+02 6.332663813450725456e+02 4.454458190582893766e-03 1.611092189683845620e-03
4.384712092201116320e+02 1.085222548927661137e+03 -2.591678749319955948e-03 4.882015602428473391e-03
5.205448595862537786e+02 4.694355660137798623e+02 -1.179457684044098349e-02 -1.205735061722803571e-02
2.682250259543045559e+02 6.809240782413544366e+02 -5.064951946096833517e-03 5.545157098777503749e-03
7.384048874897804353e+02 9.339317368360582350e+02 2.537506930286105924e-02 4.494798752452452278e-02
5.070696557234768420e+02 4.852564807516989163e+02 6.695665709110084837e-03 -2.112126169936458329e-03
2.313459005573504328e+02 7.367950720432013441e+02 -1.466399533270960334e-03 -8.512826684888957426e-03
3.093578317191243059e+02 6.461498059594869119e+02 -2.432978512562124392e-03 -6.817496708504672612e-03
1.203376267953433171e+03 3.873342081909669901e+02 4.456988719928829494e-03 3.332831543705444544e-02
2.276173442896204620e+02 7.490554303761571191e+02 2.070328151725872503e-03 -1.189277903562929208e-02
1.036929514992126542e+03 1.783077731731601432e+02 -8.418838081349286351e-03 1.782177182216927768e-03
2.413675995810924917e+02 6.399876243808818117e+02 2.479982449810082777e-03 1.644594487930085532e-03
2.997573151752503122e+02 5.418394406088962114e+02 1.053576930684636814e-02 -8.639644947336792488e-03
2.403038973849804449e+02 6.296992329655917047e+02 -2.384755509983688755e-04 4.005521195561432234e-03
2.406223783018433835e+02 7.261969054692224290e+02 4.313183747210486141e-03 -2.351060156525359383e-03
2.620888673296255433e+02 5.723046881480070169e+02 -3.809750056507255067e-02 1.595555677310353526e-01
1.000586255416513268e+03 2.232530495495221032e+02 3.796082804381800853e-03 -1.837689236774926044e-02
2.190421878757828438e+02 2.942901140144724650e+02 -8.883933010822338272e-02 -3.400703026891728764e-01
1.017572934548535727e+03 2.647705592770458907e+02 1.245613835656981735e-02 2.388563293954963033e-03
2.435217162767110040e+02 6.876576358707084182e+02 -1.925192530960668927e-03 4.995998241113711437e-04
2.424713980922891494e+02 7.001277219711222415e+02 -3.553172557441021243e-04 -3.991138226817185670e-03
2.749092330904922505e+02 6.969091064854773094e+02 1.511814258586438500e-03 1.358731684259433491e-02
1.152928396859576651e+03 3.631514922442798934e+02 1.832568446770262149e-02 -1.080800794455730185e-02
2.467271417170170764e+02 5.053070221896880412e+02 2.629124547537334093e-03 1.963543627706519461e-03
2.464080526411914605e+02 6.110200458974239837e+02 7.904295927653830472e-04 -2.069254171388901307e-03
1.175866759503996491e+03 3.588859796154877699e+02 -2.653953571556674426e-02 1.243933920775226916e-03
6.046960072178620749e+02 3.987801449917584478e+02 6.171481220811677465e-03 5.160551632336659797e-03
2.953947607483229945e+02 6.296719302369940579e+02 9.252642599974342935e-03 4.405481955813013092e-03
2.127648465358665817e+02 7.553260164797785592e+02 -3.254622841140390396e-03 1.829289803370079664e-03
7.245800941462748597e+02 9.685131601010169788e+02 1.301451871964078759e-03 1.628019406728814511e-02
2.520763595360348006e+02 5.876813742037414841e+02 -8.287293019866225074e-02 1.511327567712322795e-01
2.816046159632865056e+02 5.516790317383344018e+02 -3.778644352302260728e-02 2.362909404588255657e-01
2.440725500596361144e+02 7.613246538776845682e+02 -2.611195635823957036e-03 1.123690822466171663e-03
2.401833907322165089e+02 6.086625683785821366e+02 -4.854015628145116369e-03 -1.409548246717669436e-02
2.611298833586263299e+02 6.551351749785291076e+02 -1.169403952196255460e-02 -5.408824028712266516e-03
3.263370855020889962e+02 4.965286468534359301e+02 1.183934803577250299e-03 -2.871826822598396150e-03
6.775624037335886669e+02 1.024068793235319390e+03 -2.694422677718243207e-03 8.328598040735765229e-04
2.176051336796899420e+02 7.654430977098180620e+02 3.977051662125537235e-03 -1.481395191682744264e-03
1.181851025322163196e+03 2.115858618639776978e+02 -3.023391647815569256e-03 1.377900498513867167e-03
9.331755828253094478e+02 8.981185517278976249e+02 8.568712771886909454e-03 -2.207505721438081034e-02
2.603667248658071003e+02 5.044653520449952566e+02 -1.482895295658813173e-01 1.904656133981557364e-01
3.082095839428808404e+02 5.858274415068945018e+02 -1.221320380129737281e-03 -1.149307052359592116e-02
1.171903110863579968e+03 2.354630120793577817e+02 -5.180666661621360566e-04 6.411176914101003425e-03
2.065045394109532140e+02 7.251777814448154231e+02 -4.830174040878858904e-03 2.343029405344420734e-03
6.805083062198871175e+02 1.019881837571261372e+03 -1.971577724466532303e-03 1.089380770347383835e-02
4.935403292217679905e+02 4.549177431574764228e+02 2.672517494649564486e-03 -2.246654504663994027e-03
7.237439762641578511e+01 3.179798288849638084e+02 -9.922868407999186138e-03 -4.039877582698917641e-03
5.205158643020826048e+02 4.339225966744006087e+02 3.233117685766560140e-02 1.045623363654196586e-01
3.136093809166690107e+02 5.681554942870436662e+02 -4.691834335837015944e-03 -1.166981530469335046e-02
2.671327203625435800e+02 6.460356581433019301e+02 -4.566051154749474310e-04 2.237791630173743742e-03
2.491933461011510929e+02 5.937825906182270046e+02 -3.446747462008532825e-02 1.963654160817940864e-01
1.005129513208665003e+03 1.982981905218144334e+02 -1.473219557919609214e-02 -3.261335695850844582e-03
2.959674570452750118e+02 5.975425999545277591e+02 1.969077009255609800e-02 6.916554885311363386e-03
1.132146670348238331e+03 2.393399230482287123e+02 -7.774909442493688205e-02 1.596348940278736195e-01
1.051004640911423849e+03 2.856849260552385203e+02 -5.860236968074597486e-03 -2.090096161164228285e-03
1.012702300324343241e+03 2.611351899613978844e+02 1.127971090939732489e-03 -5.717349011768594821e-03
5.076062691097959600e+02 4.527561100372727196e+02 2.648431133606983685e-03 7.034469780171210412e-03
2.331233236431059765e+02 7.734993386034252580e+02 3.186270070579671349e-02 -2.146505200553382522e-02
1.094713463441639078e+03 2.036993524295902489e+02 -1.299211731631685039e-02 -1.205623071913891143e-03
2.003495671971905381e+02 5.064751758492890303e+02 -3.744400914478159589e-03 4.652708102199621353e-03
2.352981386352432480e+02 3.397131662642537435e+02 -9.921053042333313754e-02 -3.951749839409668397e-01
1.020330895576087414e+03 8.676029133583958810e+02 1.249042601036290086e-03 -8.064808486558309834e-04
4.883308897030580624e+02 4.749068098370826192e+02 2.363149557357467189e-03 -2.213640228656949677e-02
2.893835537817946602e+02 6.689325528694449758e+02 -1.641861365735306638e-02 -7.771338010615641209e-03
2.997785565188647183e+02 5.383832098511279582e+02 4.345855682118096586e-02 -5.605374327844833519e-03
5.352339176931366183e+02 4.280667539859900330e+02 -2.141793149916910652e-02 3.800340467383121930e-03
1.154209358230014004e+03 2.131992713149221004e+02 -4.492744960692440434e-03 -1.357078992122418243e-04
2.298759572930810577e+02 3.389090652294568144e+02 -9.310658870009771992e-02 -4.026256410457173529e-01
2.398703871257878859e+02 3.596514721277580975e+02 -9.493685353883891953e-02 -3.562584981084483959e-01
1.018186985503381038e+03 2.020133897626013209e+02 -9.534143686531897088e-02 -1.621750682408157895e-01
2.508490313606777988e+02 4.132151210249730298e+02 -6.298238500894517977e-02 -2.735574633478631279e-01
1.101678780611111506e+03 1.905555346829430050e+02 -7.502258136042151693e-02 8.369845757803633102e-02
2.670432095635491123e+02 6.259972784451156258e+02 6.296135841371144209e-03 -4.018676112133953704e-03
2.615780579717114733e+02 5.176449392100565774e+02 -1.153918478181549800e-01 1.709076892153216509e-01
5.229745667750504481e+02 4.605360499238072975e+02 -1.482398875941951357e-03 1.313730856877847906e-03
1.060450802901980524e+03 3.038525914541282873e+02 1.233872579797828765e-02 3.003341820371446466e-02
2.897386492768597464e+02 5.046826527518180683e+02 2.052260753407721128e-02 2.153028579095112027e-01
3.246009704101044235e+02 5.190523807722483980e+02 4.294404297874536598e-03 1.071653764223797281e-02
2.330351425930835774e+02 6.289871483517168826e+02 -4.049783369072876803e-03 -7.341809440177793876e-04
7.848434114156819987e+02 9.543397982679932738e+02 1.211843392507214873e-03 -3.198884332760772425e-03
2.397881347031744781e+02 5.166578525155173338e+02 -1.240369946410900884e-02 5.088888735309131037e-03
7.161284379181073518e+02 4.197931417940506549e+02 -1.079728119058661825e-02 2.604749414069266328e-02
1.002534350737643877e+03 2.291329355157456860e+02 -2.021368418545895157e-04 -2.603821534017981398e-03
1.033022225074144217e+03 1.629895411632550974e+02 -1.734795193627151444e-04 7.230182017211306961e-03
5.530995913392929424e+02 4.834567584880196591e+02 -6.033604584388848648e-03 -1.435129233254208315e-03
2.555648938630494627e+02 6.999113451011078268e+02 -2.272407235399597110e-03 -7.856885290639994144e-04
1.186884815797664260e+03 1.683267697709108575e+02 1.154631771116873123e-01 -5.310092963212143663e-02
2.570600805707674112e+02 4.377763853895939974e+02 -4.629609914808450327e-02 -2.977464897606184602e-01
5.037730584650180390e+02 4.707152127901970857e+02 1.230151535140287279e-02 2.277068033129407351e-02
2.616271822922830665e+02 6.688569473960059213e+02 3.448573686798096175e-03 7.347595260173398239e-05
3.190756967861004227e+02 5.189582399680716662e+02 2.648569068979344295e-03 3.986339282711455685e-04
2.387453812828727564e+02 7.104253093942580790e+02 3.396704409472686183e-03 1.707771760451767384e-03
2.833144030468760093e+02 6.086239689267695212e+02 7.261389205181970410e-03 6.563141632758886720e-03
2.205813385077623536e+02 7.171277466300557535e+02 9.462703327359619707e-03 3.153889080495261388e-04
1.043095895512113657e+03 2.471191672181769832e+02 -8.133214508769348594e-02 -9.552229793462681251e-02
8.068985604450317339e+01 3.254805661495595359e+02 -7.654419487129425319e-03 1.240705578141833125e-02
2.383745691856992721e+02 5.855627093413877446e+02 -2.771108355939180812e-02 1.204215247559889124e-01
1.201701301261670096e+03 2.278743702902619077e+02 4.042415533757154518e-03 -1.152381093529927444e-02
1.071108214250512901e+03 1.983131604698191950e+02 5.427929592457697572e-02 -8.232777411033022005e-03
1.957037231205414969e+02 6.982620159618801381e+02 7.543838197810907170e-03 6.554198683406551630e-03
1.115585973364059555e+03 2.391967397880062549e+02 1.781132290347213227e-03 3.271929851580335918e-02
2.588890170682180383e+02 6.949886519002120622e+02 1.319945368310986846e-03 4.375184260434162795e-03
2.869451476900011926e+02 6.373377359985425983e+02 4.890773338890521717e-03 6.329857243262682065e-02
1.264380082876527695e+03 3.702433033733722141e+02 -5.683120910546650070e-03 -3.007804068718233567e-02
2.171440294918454015e+02 7.242822386762975384e+02 -7.294108711065935835e-03 -1.412708305570004562e-03
1.138670151191588275e+03 2.498124644516596788e+02 7.217093934890375651e-02 2.128404130198219626e-02
1.084104856552308092e+03 2.725028619241143701e+02 -7.219311735448488698e-02 -7.437074246234266772e-02
2.216044949423143180e+02 3.111607618742168029e+02 -9.965606230971450763e-02 -3.391347931496077051e-01
4.970624580885526029e+02 4.671901931574233799e+02 -1.449406462533112594e-03 -5.041720903700524538e-03
5.974890679418020909e+02 3.866889348579738339e+02 -2.718928679713025244e-03 -2.458934280453642807e-03
1.145662154590973842e+03 2.492105109693353313e+02 4.720293892088454728e-03 -1.932226158669099123e-02
5.715853188107884080e+02 4.122675585764237667e+02 -3.937093041866607419e-03 -5.550369635999020251e-03
1.025269333778022656e+03 8.714713222960091343e+02 7.739378812821447401e-04 9.132536198984609515e-04
2.926532906787949173e+02 5.830002061401446554e+02 4.054694765152035835e-02 -2.221390013246469022e-02
2.900525511189382541e+02 5.780897313296856055e+02 1.700363695682980542e-02 1.754148952889944893e-02
1.204683009582016439e+03 2.792138368349754387e+02 6.766833927810180990e-03 -4.783023925788616737e-03
7.590062117317828552e+02 4.492863949442144076e+02 -1.625895606154996887e-03 -8.737442182059499199e-03
2.368014623798302409e+02 6.834025203066109952e+02 -2.548037697963953085e-03 -8.627684981725492613e-03
2.392210303022797007e+02 3.692010508695214526e+02 -8.369883815281199679e-02 -3.372895874303447061e-01
3.103879310981089930e+02 6.191760568752378049e+02 4.487747679036147019e-04 5.930030745309640156e-04
4.979633288272336245e+02 4.585285789383428892e+02 7.317750807000364573e-03 3.678144481827107237e-03
2.196891357207694568e+02 6.977717933244803135e+02 -4.789180518965601915e-03 -1.330662234176705448e-02
1.179461526948769915e+03 2.243070154475308584e+02 -9.594665164932299206e-03 -2.861581955220862672e-03
2.729108806470852073e+02 6.247860600181786594e+02 3.803519477598078270e-04 1.641373694041708270e-02
6.019431349460270440e+02 3.868810964629676050e+02 -1.081187234825788969e-02 -8.820503517440984528e-03
1.040721207455259673e+03 1.919416190468075172e+02 -1.491069339539139458e-03 8.396291639208679214e-03
1.247101203419795183e+03 2.893751622221060416e+02 -3.444209149771124048e-03 -1.384268114976509997e-03
2.997914257841425183e+02 4.090754261460707539e+02 2.771538105353349348e-03 4.357664787815198303e-03
1.939672008491492932e+02 3.192763522686238957e+02 -1.594390111996731496e-04 -9.306039812144046566e-04
1.187202478781901618e+03 2.509403915279524142e+02 1.184852893510480358e-03 -7.200172561578771675e-03
2.201501002622253225e+02 7.429657099006939234e+02 -1.205860275878858613e-08 3.994027170877794373e-03
7.853967137959393767e+02 9.372585721681331279e+02 5.036179809714199339e-03 1.905279320870177607e-03
1.500772066366961326e+02 5.000007474737337247e+02 -1.382867644130883755e-01 -3.193538987800079165e-01
2.762527847891789179e+02 4.558296650249008053e+02 6.102518788408234363e-02 2.494853996147632091e-01
2.477129067575161514e+02 7.326264798281986259e+02 -4.861910355017054486e-03 -1.847623171632262196e-02
1.033858778780548391e+03 2.019537405479897529e+02 -1.912796940934802584e-02 2.697038308017308053e-02
1.986060377325377431e+02 5.788651887300563885e+02 -1.276345491180395095e-03 -2.715703035734111283e-03
6.064238404860091123e+02 4.071643548963130570e+02 2.862530082912634940e-03 -5.561097850941808425e-03
2.258030201114448801e+02 7.427887989924875001e+02 -3.667196781704136054e-03 -2.386107023587082966e-03
9.773820154264845996e+02 8.660175765194442192e+02 -6.730830654539591944e-04 -4.589316097592765868e-03
1.926795308824637516e+02 5.577335018911593352e+02 -1.666376373755651386e-04 -4.750399493507820314e-03
1.159001837181863038e+03 1.462238340599468529e+02 -5.079529297849022518e-03 1.767162743583733375e-02
2.399038470777219345e+02 5.296357981705687052e+02 1.964151832530956210e-01 -2.015958240122805653e-02
2.760031385846675676e+02 4.735297757279750499e+02 2.421163220802354660e-02 3.192241047501979678e-01
2.573232099287534993e+02 6.225844456699788907e+02 -8.390596083396159935e-03 7.047043485397239994e-03
1.148261411150780532e+03 2.211839355313673536e+02 3.518993671238181131e-03 -8.325898767282631507e-03
1.035505088199073043e+03 2.416317602053470637e+02 -9.465998347184155504e-02 -2.016528672102179676e-01
2.834080770783943990e+02 4.215246081151349813e+02 5.508973791531596165e-02 2.140460391860155298e-01
1.864930335161146786e+02 5.535823280082070141e+02 -8.241070582423527455e-03 -2.461320011487750509e-02
1.146893925427263866e+03 2.289955608004275120e+02 1.366944315352589239e-03 -1.219964145719043026e-02
2.718512541213034410e+02 6.048583880173468970e+02 -2.223787035261308789e-02 1.184572848491706049e-01
2.451022823217680582e+02 6.179470259535104333e+02 -3.815016295384125213e-03 -7.507495925030507368e-03
1.156479144622241620e+03 2.034167011406839833e+02 3.130022978520272722e-03 -1.648269121921087932e-02
3.264760022494763803e+02 5.520805121267947015e+02 -6.774345791145583266e-03 -1.004492542343239994e-02
8.072854258396565683e+02 4.029244239833776078e+02 -4.017970826884950664e-02 3.922327582585360961e-02
1.010000725784058659e+03 1.977782635517480117e+02 -3.921979895710705176e-03 8.152664543259652979e-03
5.425513255534056043e+02 4.244296688722823205e+02 2.705927201188864945e-03 -2.375792448446031185e-02
2.800735537801969599e+02 5.141748859622828149e+02 1.570926838912197476e-01 -1.568980580077730391e-01
1.164313875191979150e+03 2.134462209488676194e+02 -2.503096651401725864e-04 1.093343049088511994e-02
2.712107409121723549e+02 5.569178955242132361e+02 -1.970914560351023220e-02 2.138702585585703364e-01
2.740707888608646954e+02 5.059701919631532405e+02 1.768426786138757312e-01 -2.692918372119323389e-01
2.226484144602759159e+02 5.337995578509019197e+02 1.232433355164216787e-01 -1.941446433491675339e-02
3.062546216514189155e+02 4.597784020771144355e+02 -7.976311142568751544e-04 -1.602410432924713732e-02
1.176135955700452087e+03 3.369292988269718876e+02 4.808281709286051087e-03 -8.578171437855164339e-03
9.436757110113617841e+01 3.533389169576182667e+02 -6.693638714176220784e-03 -6.259217559236524356e-03
2.447404893888132449e+02 6.321141663865663531e+02 -2.766822506019720948e-02 -3.975851079247257926e-03
2.770782923140183129e+02 4.389187171710236157e+02 5.568675167820505423e-02 2.227899081918787438e-01
9.400591707851516503e+02 9.008195489884466269e+02 -1.526039943122767771e-02 -5.072705803797816770e-02
9.917506147127696750e+02 1.889744329632480913e+02 5.917037719454768321e-03 -1.474629257397663991e-02
2.064551735912001504e+02 6.856498019733611500e+02 3.526664558082734640e-03 8.598635923638736980e-03
5.122333700752938057e+02 5.025091916212991237e+02 8.687312634924862671e-04 -6.373590863055448447e-04
3.259574398899166567e+02 5.041890681345589655e+02 -8.965740721606326380e-04 6.938329607286356643e-03
1.145268554471851758e+03 2.192342151692009793e+02 9.872493383239422382e-02 1.360687409090868549e-01
1.703579303543633898e+02 6.251866857513119839e+02 -3.866656522311384247e-03 -3.064146593916607098e-03
2.705647311620610367e+02 4.339265220851989966e+02 6.954751948305130937e-02 2.074320330453141292e-01
1.083927070262649977e+03 2.486774526254626494e+02 -8.243517484862368516e-02 -4.699603861071480204e-02
1.158767125735893387e+03 3.768081964448419399e+02 -2.481020388559990880e-02 3.796394444125078538e-02
1.025092120257025272e+03 1.997758443039846270e+02 -9.423327638932511852e-02 -1.469553202084355747e-01
2.660756168729197952e+02 5.895764220111879013e+02 -1.768317376216839302e-03 1.563986967287539628e-03
2.089715515476000292e+02 5.431683183035447655e+02 4.354878534531726741e-02 1.216711409094019952e-01
2.550270641812608119e+02 5.627014414219754599e+02 9.972636890094604967e-02 1.070727359487224500e-01
1.204323823066050636e+03 2.467492648147451177e+02 -1.062706716828474250e-02 1.746692234065243265e-02
6.711520108236336455e+02 1.080719845182117979e+03 -2.071548130673606797e-03 3.112626614415828392e-03
4.802618195160746382e+02 4.438185183538072351e+02 5.342906175419647038e-04 -1.483760331707220659e-02
1.072661732746919597e+03 2.684817135480590196e+02 -8.878157069352934916e-02 -2.456773294211495040e-01
2.625158948542378425e+02 4.159436623154971358e+02 5.544936003678856834e-02 2.327247067596961705e-01
2.258420267690704293e+02 7.160068460832864048e+02 -8.617286461952349680e-03 -5.726504262672125686e-03
2.767845140858738091e+02 4.100400674066537476e+02 4.715744489379408017e-02 2.121512886648347640e-01
1.128242630758266841e+03 3.415672837490618576e+02 7.662207127686367428e-03 -1.149602058079619675e-02
2.633516832458900012e+02 4.634316570056654427e+02 1.111564571162119569e-01 -4.500272407750189330e-01
1.075269125848427620e+03 2.574366243836928447e+02 1.294972419654443208e-01 3.133343631143693797e-02
1.198250596503237830e+03 2.507504479814190290e+02 4.598514637555216680e-03 5.547446657394990372e-04
1.123872621990288735e+03 3.396010388819402692e+02 3.141729420326780549e-03 -1.699697195603770347e-02
2.342373764995524255e+02 5.560890905747781972e+02 4.939429538958849120e-02 -1.266413679377871582e-01
2.813262402236103412e+02 5.958097447343360500e+02 2.608874607679552145e-04 -1.761843399913232133e-02
2.376210891646032621e+02 5.631452024341049309e+02 2.689704729735776026e-02 -1.509003909480524930e-01
9.739035684759483047e+02 8.666790645391126873e+02 5.021895642793388140e-03 1.862974779129163410e-03
1.893530551338282351e+02 5.843057300982585502e+02 3.164736246236656090e-03 -1.298989645377418220e-02
2.630524850072861227e+02 6.499126843360022576e+02 2.499147304933562949e-04 7.107727016828578777e-03
1.250517809268814290e+03 3.104073879550948050e+02 3.866069067661654923e-01 -9.374148294015996474e-02
7.704252999797606662e+02 3.980672840328205098e+02 3.240979197452325492e-03 -2.714253198196094757e-03
9.997047145114615887e+02 1.972060894060573162e+02 6.764339524724758725e-03 -5.284063609080098291e-03
5.272272486953517046e+02 4.912268926352219296e+02 -1.601096210883906981e-02 3.663205843833053019e-03
1.158020188904130919e+03 2.349770919281552040e+02 -8.871488559542299937e-03 -3.768414346962340247e-04
1.759420969812019564e+02 5.362919117193100647e+02 -2.095480516419636896e-01 -1.229517124241065046e-01
2.727727115784721832e+02 6.832492502457220098e+02 -9.999567766946108188e-03 -5.590682360772267993e-04
2.656502591118540408e+02 4.020312719613301056e+02 5.696889711215014085e-02 1.856693660484624309e-01
2.068282729383486185e+02 5.231696419509287352e+02 1.266217346419206136e-01 1.290010696196320500e-02
1.184338211205019434e+03 3.536217672353935768e+02 -7.667635145512261864e-03 -3.783065549298791409e-04
1.215378931825318659e+03 2.240825668251590344e+02 1.110769908511726259e-02 -1.311368702672924269e-02
2.571727496392920216e+02 4.266230614229166918e+02 -6.922460998189498838e-02 -2.565992184399221721e-01
5.484403915525862203e+02 5.013448505257721308e+02 -5.081194325079745056e-03 4.298213620626425632e-03
2.378196846338539672e+02 5.692267633434562413e+02 7.374717297636187996e-02 -1.916298270352820299e-01
2.391615052344848209e+02 6.182058704115568162e+02 1.585318683931455580e-03 -4.908990883377150304e-03
4.915404557250086555e+02 4.828687977264806932e+02 3.846069321971952275e-03 -7.902435758471102953e-03
1.179861968425012947e+03 2.552989474588054009e+02 -1.782844659583088590e-02 -6.994435489465140529e-03
2.716466454805589024e+02 3.910564875877982445e+02 6.530372529180800134e-02 1.870904123275889397e-01
2.448707425322374718e+02 7.100923914640251269e+02 -9.350736443808623866e-04 1.856737725730265177e-04
2.341586147943905587e+02 5.693869940813773383e+02 8.431632358261281768e-02 -1.654310285586130802e-01
1.019543055646610128e+03 1.773416629151422512e+02 1.629115527437574595e-02 -2.142051089756117840e-02
1.263505065626525720e+03 2.924034999758630988e+02 -9.146338870609138985e-03 8.420719553131144307e-04
7.837212135932850288e+02 9.597133330477045092e+02 -1.377902743350808501e-03 5.079986555580881307e-04
1.036017458342635791e+03 2.909052039476019331e+02 -1.691534231293748136e-02 1.452677171281459637e-02
2.612474414912942962e+02 3.898773959098109572e+02 4.955678376865192691e-02 2.047880901591005720e-01
2.270957378586406605e+02 2.993653131065853472e+02 -6.506721594333451930e-02 -3.175138592459134101e-01
1.215568641845156890e+03 3.316477503993966707e+02 3.110625394980917613e-01 1.114583041097614441e-01
6.656688631668265543e+02 1.078579843014636481e+03 -6.116532762381112496e-04 7.335476575845670689e-04
2.643693345269309702e+02 6.864143773088812850e+02 -1.735881757756735496e-04 2.314050223759241392e-03
8.788552576286849671e+02 8.682898291011365473e+02 -6.659985951173304393e-03 1.361564108567833546e-02
2.817548517166267175e+02 6.762109696846069937e+02 -2.287196436328364432e-02 -2.084194378520432336e-02
2.038081447850195502e+02 5.130244680891186135e+02 1.023854925692110462e-03 -3.288246228681366689e-03
2.385783631985909210e+02 5.426361117823278164e+02 1.815410912252050368e-01 -6.615940383247417844e-02
2.431179093170052852e+02 5.116540127530315658e+02 -5.401497445905754057e-03 3.629251230856227477e-04
1.105032307950831182e+03 2.164433121802389337e+02 -2.852401966402785555e-03 1.974361080887475535e-03
1.987456298736844928e+02 5.378686957339717765e+02 1.472414402070052752e-01 2.552210487889025603e-02
1.009861627258446333e+03 1.832027006488234520e+02 -3.598275651641658773e-03 -1.378639722479459498e-02
5.416298434735876981e+02 5.103347906292326570e+02 -1.256011992692681808e-02 -1.038859275796607390e-02
1.270061722438780180e+03 3.682967792857763243e+02 -5.461143847953442605e-03 -8.316955574469370518e-03
1.192256765867482272e+03 3.856171018800733918e+02 9.485722876429508645e-04 -1.025812131725876595e-03
4.656023465211951589e+02 1.099352440081000623e+03 1.435369098557639708e-02 4.599704989884977947e-04
2.638766367894672271e+02 3.827998088166419279e+02 5.094134841716527889e-02 2.110139090430100672e-01
1.895309608491413087e+02 5.315208539941464778e+02 7.612719709850955530e-02 8.234087789966708371e-02
2.322474727202251472e+02 5.761329622981209013e+02 1.263412402078583907e-01 -2.096516524822882033e-01
2.214251062901939804e+02 5.482019435523318407e+02 4.973174793354478290e-02 -1.678720869639279134e-01
1.183037101471067217e+03 2.455041943726611464e+02 -8.349799618361087791e-03 -1.534011018477913482e-03
3.110699256869294231e+02 5.496992044016683394e+02 -5.855128829260606606e-03 -3.471262272348599968e-03
2.241532147199946223e+02 5.939930604120700082e+02 7.557984176244054997e-02 -1.959205626441437031e-01
1.121845511605849424e+03 2.016180584214303622e+02 2.697023139588207788e-02 8.050463401883999059e-02
5.619819069904233402e+02 3.943642675215637041e+02 -2.204640198641809063e-03 3.088955578687541895e-03
2.413497886815594597e+02 5.472892239703647874e+02 -1.989267132399136495e-01 3.612094646266794662e-01
5.950146536921134839e+02 4.827914550718131750e+02 3.119145307883933876e-03 -9.949452702526873169e-04
1.085637678176296731e+03 3.099189641542136542e+02 -1.745456112670950299e-01 -6.042631626819636864e-02
9.914030570970801364e+02 2.029593074348192658e+02 1.208339989472220202e-03 1.208576898323041049e-02
2.547160711066387080e+02 6.648180901379084844e+02 -1.736322801524420832e-03 -3.826744533637225967e-04
1.120454387318244017e+03 1.881502363964508788e+02 -1.775344513525784207e-01 1.707805376058130764e-01
2.901416990820006276e+02 6.002669928037901173e+02 -8.864573659325129806e-03 -3.238216662484459142e-03
2.269867917578808090e+02 5.646262848037472395e+02 9.467824718943701479e-02 -1.851042828642335825e-01
3.921066646597406589e+02 1.086077854738640326e+03 -5.564692629253714662e-03 9.404083685489924085e-03
2.634123066939492332e+02 3.722882004229198287e+02 4.063220693077179008e-02 2.285105231970711026e-01
1.237345528870873522e+03 2.850249516120275644e+02 2.669247263630306413e-02 -7.569236419693978375e-03
2.287764499331939589e+02 5.471181469429889148e+02 1.097969226509801499e-01 1.211607661750714257e-02
5.916740685761863006e+02 4.791594409107498223e+02 5.709058023681466872e-03 8.084395267790924280e-03
2.197649495514647526e+02 5.862740846837871231e+02 8.716775314196627267e-02 -1.926505950072470719e-01
1.225567136399136416e+03 3.621249538420985346e+02 3.432259849892889403e-02 1.341106580184748265e-01
3.935919495741287619e+02 1.093463296467116379e+03 8.219558258336985557e-02 -3.521929865427644163e-02
1.026980137149601205e+03 2.641734181831754995e+02 1.802929909451161938e-02 3.142587370819012460e-02
1.111992012528891109e+03 3.491398279841571934e+02 2.431002911626000253e-04 -7.337130323070042807e-03
1.126980401339235186e+03 2.163944398789025740e+02 2.254393590156174298e-03 3.688163058383945193e-03
1.260186444159475514e+03 1.957694368553517847e+02 -9.115202221666982062e-04 6.826995703702345942e-04
1.008616722332993277e+03 2.107375733668946225e+02 1.968042795972383633e-03 -1.298903391254007614e-03
2.400421756129206017e+02 5.788472809725036541e+02 -4.788488804938351162e-02 1.148233766446431769e-01
2.237791070152051418e+02 5.671130924265205522e+02 8.693825761983335620e-02 -1.824177947472077344e-01
1.169562511018005807e+03 2.147506609143405854e+02 -3.916611211986879143e-02 4.568488139469336490e-02
2.523828837282854636e+02 7.133295016347040018e+02 2.019780816882789376e-03 -4.845531133479324959e-03
1.113734207031809092e+03 2.217690765808061997e+02 2.129043109507259765e-02 2.333878011644615127e-02
2.799066942224155810e+02 4.653925459416169019e+02 2.054505252046042243e-02 2.990434883169681979e-01
8.860403968768425784e+02 9.294815834821818044e+02 -2.024959908598842598e-04 -4.676054532991305406e-03
1.069448939139034792e+03 2.857239109642508765e+02 -1.348856909858091313e-01 -4.211137504183132263e-01
2.853071653837375266e+02 5.239060024624671996e+02 -4.574329433239429643e-02 2.148173922574110051e-01
1.300119922916547466e+03 3.135078124421402208e+02 2.816938800700846072e-03 -2.312499768581486627e-03
2.203519294507703421e+02 5.613005047072961133e+02 1.240601452889326939e-01 -2.121592635263258309e-01
2.776001780537023933e+02 6.050675639927519569e+02 6.134630387787926194e-03 -3.049366018731774781e-03
2.502785760927157810e+02 3.708452878444852558e+02 6.510794209411487066e-02 2.527884574629084558e-01
2.224146061907140677e+02 6.035501259183550928e+02 5.629272317075434406e-02 -1.546627894875601261e-01
1.047237104070810574e+03 1.665905135307886837e+02 5.912178067044824258e-03 -1.113072955279401956e-02
2.357711780689953116e+02 6.519948724208171598e+02 6.149938595986369390e-04 3.961832910544451671e-03
2.593660005461439368e+02 3.631225582060737338e+02 8.970997758090269725e-02 1.791650940027834371e-01
1.044996400230003019e+03 1.814000520991093879e+02 3.796097174620960174e-04 -1.250979445948436665e-02
9.129006891822986347e+01 3.667362527164887069e+02 -6.910385543106965789e-02 -1.109161190202013481e-01
1.190298162434179858e+03 2.521642365096684557e+02 1.654940077991125247e-02 -1.724528893142725228e-02
1.145784728773376628e+03 3.541213205917325126e+02 -3.377913037750677333e-02 -1.252920605379743632e-02
9.827026845166986959e+02 1.760615960385624419e+02 5.663404461083611100e-04 2.205908988122417137e-03
2.146848740434937213e+02 5.953755942849061285e+02 9.339292139590989195e-02 -1.647467309732909002e-01
1.831411222915087933e+02 5.263893723260702018e+02 9.736809548974742490e-02 1.023694684000184402e-01
1.181749926542658841e+03 3.346644433884350747e+02 3.180378106194574166e-03 -9.345953200017834486e-03
2.661866028559838924e+02 3.558044721043052050e+02 8.321916203710534587e-02 2.396276443293909320e-01
1.028919601704834804e+03 2.477572986632762024e+02 -8.007414062502552637e-03 7.601060526573717550e-03
1.403081166213626716e+02 3.890186785756725953e+02 8.165623342404891224e-03 8.988294066495141829e-03
1.874422680547778270e+02 5.258984286734704483e+02 7.942462701908140077e-02 1.046763660049777195e-01
1.159628230349906516e+03 2.533510335035900880e+02 -5.995545175039188567e-03 -1.187745089576609792e-02
1.023443826036658379e+03 2.803892651406252412e+02 1.754221529073121124e-04 -2.877014651220530413e-03
5.026449824161513220e+02 4.811901051019785314e+02 1.511152989117403632e-03 -9.961710740479265067e-03
2.176602913681691973e+02 6.071187228808130385e+02 3.695665456538367588e-02 -1.597916396422078833e-01
1.197550032505864692e+03 2.284583230430454250e+02 -4.478498250609665859e-03 4.477187480902800748e-03
2.596639107322744735e+02 3.557183217795579253e+02 9.432681067151368892e-02 2.511508945606575338e-01
1.386579032474538167e+02 3.980227965303043334e+02 -1.445282746057654014e-03 -6.987284416802797210e-04
1.158164028006024637e+03 2.234291501057180653e+02 5.948259775917418002e-03 -1.873336971917211394e-02
3.128083848118295691e+02 5.540570949080969285e+02 -3.520400441839971646e-03 -9.055129438794697061e-03
2.454341857418009454e+02 3.632832372818599538e+02 3.835895508551612904e-02 2.685193579238722705e-01
1.093567927672128008e+03 2.399251963374678098e+02 -3.408813936950293860e-02 -3.641625584953202266e-02
2.250666615387291642e+02 5.582098900453422630e+02 5.342501446981959973e-02 -1.688123237115543018e-01
1.249108642800913458e+03 3.486144208775776292e+02 3.683250490343117356e-01 1.380109113416102540e-01
2.547408316540349915e+02 6.244165811275978513e+02 1.225397768082631469e-02 2.470167647219352614e-02
1.025377510936745011e+03 2.424959090213632464e+02 -9.014613837460291532e-03 5.932080356940208458e-03
5.147614129175860853e+02 4.739489421652928058e+02 -3.492121022219126219e-03 -1.675682400028982114e-03
1.228277578661047528e+03 3.017813619866145700e+02 2.375472344591897985e-03 3.779741699380779196e-01
1.258826889428396953e+03 2.888833549545657320e+02 2.467688762676786482e-02 -6.975949110997900493e-02
8.816626000835369723e+02 1.100456921344554530e+03 3.677324492335372059e-04 -1.068418272987148960e-03
7.531876762233290492e+02 8.452018559334082966e+02 2.851016947704578062e-04 -1.222514017516653341e-03
2.546411807217681371e+02 3.872012302269779411e+02 6.637413825716333149e-02 2.294413912031943448e-01
2.338610513050105624e+02 3.554388054631265277e+02 -8.375120080028559955e-02 -3.491087024650540438e-01
7.416954026038573602e+02 9.598358924161844925e+02 1.284037081419309471e-03 -5.086917163131183302e-04
2.550936811778722131e+02 3.486446870311542625e+02 5.729820011582559269e-02 2.613166465545422312e-01
2.245915866735402915e+02 7.552355701021822370e+02 -6.396749657340317129e-04 -4.937170251298652300e-03
2.141507300038240942e+02 6.305021139579204146e+02 -1.169358538006378262e-01 9.795781332083025594e-02
2.230934952220750631e+02 6.673934572617957883e+02 4.442589259195026813e-03 -3.168983928795155152e-04
2.609066058121550782e+02 3.460702797532513273e+02 5.719735167786502150e-02 2.599627431083401663e-01
2.158413997942296874e+02 6.176156411119831091e+02 9.717079245206572402e-02 -1.860279461992919714e-01
1.129742742393014396e+03 2.275091600512688785e+02 -4.905846045128801035e-03 -6.151224424314142257e-03
1.171623315957971499e+03 2.259874289516178010e+02 -6.312565490447067523e-03 2.111054302219762032e-03
5.298089774397872134e+02 4.385671687164776245e+02 3.910421377583750586e-03 -9.315248785180802252e-03
1.188964835683775618e+03 1.753850395184131230e+02 -6.948820078022130420e-02 -1.048972548486455658e-01
2.681957150433749462e+02 4.871178505818242570e+02 -1.488415495045162518e-01 2.125374857208365831e-01
2.810927038815715377e+02 5.030627915975458677e+02 1.103755579449918339e-01 -1.736779286428977442e-01
1.135582645074797028e+03 1.915545316544344985e+02 1.176453739251901234e-02 1.651238522917919394e-02
1.013579743658197572e+03 1.919664292839546818e+02 -4.971953846627051588e-02 -7.638816257303211732e-02
2.183515220819218712e+02 6.618705579972479427e+02 5.722686628425800379e-03 -2.035984649523925327e-03
2.374377613678571493e+02 5.251949711387275102e+02 1.380180298859264298e-01 -3.249826534541436912e-02
1.020161821221708010e+03 2.173314537580755257e+02 6.825104602547404573e-03 -1.432548147722166078e-02
1.185499528449058289e+03 1.884482436426928018e+02 9.240540510731223844e-02 -6.338309139651347734e-02
9.523253059666776608e+02 8.964290284070494863e+02 8.541596399215162921e-03 -2.035572421321506578e-02
1.077901842531800639e+03 2.034129640744595235e+02 1.466080361600832858e-03 -7.545415277225893044e-03
6.495665292043298678e+02 4.998330702639505034e+02 1.200389140892481739e-04 6.452689621190835917e-03
1.060719463729717290e+03 2.267355164227778062e+02 -4.732373054684112061e-03 1.841180978536834795e-02
1.019666905967188768e+03 8.061065619606071095e+02 -1.295777587389725094e-03 -3.099147798335783778e-03
2.746255101986168370e+02 6.704114300092273879e+02 -2.531590146928816565e-02 -2.578371488652919652e-02
2.086641232672381818e+02 6.096356247534705517e+02 8.911413577843063649e-02 -1.952329813216035492e-01
2.058953615316598302e+02 6.173902429435624981e+02 1.052333660426557904e-01 -2.607452822429818795e-01
2.638554881709609958e+02 3.663032208043226774e+02 9.586516215110585382e-02 2.790829151107694917e-01
1.073729387757171025e+03 1.715784653259835579e+02 9.629035326274068551e-02 6.582641357068542975e-02
7.436529419916097368e+02 3.946850713837185367e+02 -5.253480365788820933e-04 -1.957012221001236136e-03
9.607216086962671397e+02 8.354136022789573417e+02 -4.198675909952897557e-03 7.320237294558666792e-03
1.041808097619006048e+03 1.976617783195256948e+02 -8.944772848823760725e-02 -2.543931920115019008e-01
8.469175769977178447e+01 3.467973963810289320e+02 -3.400594821352225221e-03 -1.329035110069917919e-03
2.618254312318319421e+02 4.491851389771702543e+02 2.654409604519575305e-02 -4.188588921568350276e-01
1.048677663985881054e+03 1.783815801231621663e+02 5.648875782740916257e-02 3.986737285223843075e-02
2.056458470031555521e+02 5.961353596470224829e+02 1.297551010182501907e-01 -1.808777181772115161e-01
2.513322989479582930e+02 7.068124450594311838e+02 -7.370604123111368540e-03 1.148726100618457403e-02
1.921643994971497875e+02 5.166924362895587137e+02 8.893566073979061737e-02 2.454183883387182352e-01
6.390173731837838886e+02 3.763534164914521511e+02 -4.280352375572685518e-05 9.091516637837604789e-03
2.074983443136265748e+02 7.313276112790849766e+02 -2.569512033659012134e-03 -4.382356376020265717e-03
2.037072153477455174e+02 5.647822198073247364e+02 1.894163990910096296e-01 1.631725266883231676e-02
2.888985378200661103e+02 5.298791672126370713e+02 -1.012298682367387404e-01 2.024168649402569020e-01
1.977040303375547694e+02 6.916242628334296114e+02 -9.785596944201944633e-04 -3.309331811698200832e-03
2.958740050066267031e+02 5.054535482432175399e+02 -2.514158110173159849e-02 2.052397040025225328e-01
1.187521455974929495e+03 2.076058290335399477e+02 1.610500335173713563e-02 -1.025946537668073061e-02
1.042727665783417933e+03 2.025508670850460931e+02 -1.021332463524726904e-02 -4.189805517885608968e-03
1.024461459326465047e+03 2.196708140256166644e+02 -1.359773877037165069e-01 -3.028112980921614586e-02
1.103624817301242501e+03 1.583348128551840261e+02 -6.913288062387347443e-02 -6.343236869795902677e-02
2.044384716969620968e+02 5.854794203896320823e+02 1.329952340955078138e-01 -1.946132785236940332e-01
1.205352731304277995e+03 3.570675066386121443e+02 1.925495424402830572e-02 -5.456992117879425064e-02
1.124045154631679907e+03 1.759351272400725179e+02 -2.444848358179772529e-01 1.929958689154239598e-02
1.107344407404777257e+03 1.976611951735812056e+02 -1.240662713979769349e-01 -5.345419167070957628e-02
1.143397246828725201e+03 1.975803188821846277e+02 -1.283750795767554104e-02 1.318183499965880985e-04
2.211045472742690947e+02 6.762125763785942354e+02 1.866507758325267399e-02 8.910170449710919788e-03
1.152354030864418064e+03 2.506413914905058675e+02 8.102575428924550490e-04 -4.083921593949882238e-03
2.462149265955647763e+02 3.356441716155202357e+02 4.906028598327338841e-02 2.567650562592250219e-01
1.140391982368188565e+03 1.934962284686385487e+02 -8.398810848165799356e-03 -1.229255605654787885e-02
1.007971964137249188e+03 2.472137473445238811e+02 5.967968156924279054e-04 -1.084192565641958414e-02
1.084289021900424586e+03 3.049028957979074335e+02 -6.313643300396137858e-02 -1.576094866009150330e-01
2.882467083424936618e+02 5.409336511994160901e+02 -1.197789845707760981e-01 2.009464685815042784e-01
6.128855027214943902e+02 4.318363003920457004e+02 3.376064383455133766e-02 3.754711023418115523e-02
1.246216467075868877e+03 3.061155386360530883e+02 -3.541358541599380627e-02 2.400043154877701257e-02
9.323464582292368732e+02 8.849205319755726578e+02 1.064189980590891579e-02 -4.861967424461107780e-03
5.591151526435688766e+02 4.197016288180566335e+02 -1.319995571827353199e-02 1.930163767901032015e-02
2.282737805854067688e+02 5.931748155304519514e+02 5.079945939928057902e-02 -1.967545828403383934e-01
5.465853361915446840e+02 4.420198668581396646e+02 1.322648528826849063e-04 -6.250838735963547797e-03
1.985156220520082400e+02 5.697526861175817885e+02 1.988360608840401555e-01 5.012275523604150379e-02
1.876489194738146580e+02 5.082871183432985163e+02 1.025472817613252291e-01 1.964528108380824145e-01
2.636001014795785977e+02 4.347557602745717986e+02 -5.724386702154457551e-02 -3.260329062406716605e-01
1.224555536884440244e+03 2.160907356405740245e+02 -8.942707331135523558e-04 -6.175759522345359957e-05
1.318613035104281721e+02 3.931344692407628827e+02 -1.203741390619573288e-03 -3.789362635096508482e-03
1.848245463317124404e+02 5.141265764108868552e+02 1.397737568269895592e-01 1.286610932073446456e-01
1.075798872923695853e+03 2.272749089797322029e+02 -3.165952907553705453e-03 1.385878100131382636e-02
1.173846623747998819e+03 1.915998990961733170e+02 4.957388655925840104e-02 6.043589916007442893e-03
1.178693810167518222e+03 2.990038059107233153e+02 -1.031346394724442922e-01 2.252690993867954850e-01
2.838683455602575805e+02 6.195479171027659504e+02 -5.338185257048420375e-03 -1.096275817841804376e-02
1.033259690895722997e+03 2.601271812545337525e+02 -1.184539029946061334e-03 1.554084255557073302e-01
1.942604330878235146e+02 5.659766014798461811e+02 1.964231015673335856e-01 5.248619093536058267e-02
2.880458269629094161e+02 6.259079832048356593e+02 3.458663825211818696e-05 2.617333557942843301e-03
5.370775353958061942e+02 4.707838032536240576e+02 -1.468238828461871509e-02 3.357078726848516242e-02
1.036131588188774685e+03 2.859779786337969085e+02 -1.136661163395098761e-02 1.761855776871452950e-01
5.741344386079355218e+02 4.972897101292723505e+02 -2.501536751040448966e-03 -5.177032334317307593e-04
2.605735939728594417e+02 5.899471891949033306e+02 6.221333669766454001e-03 6.864689678254177856e-03
2.387630730174931841e+02 7.669432612789012182e+02 1.056165422090433494e-02 9.970869329992079061e-03
1.122348156175680288e+03 2.151757417982761353e+02 5.614253332794868524e-03 9.501817710011748255e-04
2.866952633232619405e+02 5.505618652008582785e+02 -3.064108753207027760e-02 2.342948094953942462e-01
2.036060936315684273e+02 6.293529384704612539e+02 1.562484037482478882e-01 -2.877478127548876441e-01
2.538897257913712622e+02 5.037362432903487957e+02 1.821301188635149337e-01 -3.316061428956299517e-01
2.706068434155151294e+02 5.176558294128510624e+02 1.376137245890320937e-01 -2.912167922508833717e-01
1.030809045084102763e+03 1.865371008414281562e+02 -8.590820294998728667e-04 -4.756534233556881910e-06
1.176297359830222831e+03 2.240847517970026672e+02 -7.692871909237528581e-03 2.345125901101282120e-03
2.838077779732774957e+02 5.129242476499798613e+02 1.129936538919218691e-01 -1.621072536642786110e-01
2.700450335975824032e+02 5.029113926891232040e+02 -1.884928950648838974e-01 3.111704426422884362e-01
7.635916993785261866e+02 9.621529074073207539e+02 4.360925122680350775e-04 -2.435253813803341192e-03
4.635143844701617013e+02 3.926260503731595009e+02 -2.933498455012349833e-04 -8.477577583080617239e-04
1.143530721839183570e+03 3.635160995504415382e+02 1.034554687035185066e-03 -1.196131427998960509e-03
2.760431182247854167e+02 6.463868818882677942e+02 -1.405906922387502311e-02 -2.413555907527426426e-03
1.069757291124070434e+03 3.230044126297789830e+02 2.193155709725272129e-01 1.726908679100606359e-01
1.754932664953587960e+02 5.176981572550511146e+02 1.380834663270376905e-01 2.977091325741401118e-01
2.802449219229552000e+02 5.398019637429291606e+02 -1.067796462369475924e-01 2.364967515814966337e-01
9.872459758753751657e+02 1.875163972260334333e+02 -8.809985500321170990e-03 -3.466613430691272476e-03
2.386547894497495008e+02 3.235722890670979268e+02 5.526085244639067362e-02 2.529051571405141474e-01
2.285404223907833625e+02 5.283195258552406131e+02 1.631039619435963595e-01 4.253360407257093800e-02
1.197057664191486083e+03 2.017616804669269186e+02 -1.157573492155234383e-02 -1.189419874259781476e-02
1.081339815023637129e+03 1.746595479558148156e+02 6.625532901894570781e-02 1.434161513882490913e-01
1.063295786351420702e+03 1.797724973821696040e+02 -1.653499798850485659e-03 -4.096412735557834923e-03
1.145161918617673109e+03 2.435194096395911174e+02 -5.080877862741148623e-03 1.632841252672949541e-05
3.076141433534642147e+02 4.964622650597387974e+02 1.725179036688433976e-01 -4.377018292022359300e-04
1.181517105189592712e+03 2.027572012122894591e+02 8.123752405280995972e-03 -1.897174385378109368e-02
1.260612131428789780e+03 2.674951596589373253e+02 -1.430964751403230803e-02 -1.097644022008458994e-02
2.772644147517650595e+02 4.249770007732483350e+02 4.578521657728938654e-02 2.207401144781075963e-01
1.026548472336662371e+03 1.779748489370240065e+02 1.417221694348224682e-02 -4.490618486839748069e-02
2.456978545562506326e+02 5.217384190797788506e+02 1.401564569452855014e-01 -3.004560423554573090e-01
2.372480358995047993e+02 5.970820194360638880e+02 -1.194773633189367829e-01 1.700956663127562440e-01
2.333693893685563978e+02 5.823821817764322759e+02 1.045828705579174567e-01 -1.825486251406839011e-01
1.092511481031852099e+03 1.824251782502073240e+02 6.912174371550823537e-02 1.139676832354692554e-01
2.168240008745758303e+02 6.693271650491245737e+02 -3.869711909428047696e-03 -1.691539956571225375e-03
2.452124106048605370e+02 7.215949915074515957e+02 -1.242916266239537521e-03 3.843780683592010888e-03
4.429806156177499474e+02 1.085192207701546749e+03 1.063714315408911815e-02 -4.704196670967810724e-03
2.112728528043804488e+02 5.786042596123141948e+02 4.346507622200210946e-02 -2.103367591098661560e-01
2.133045066431128589e+02 6.716320679362647752e+02 -2.070459088951009507e-03 4.549154093931992958e-03
1.092550060865954492e+03 1.891139686984026866e+02 2.005615896994208600e-02 -1.769882560630729046e-02
1.156637705851887176e+03 2.248541310655388941e+02 1.930313678230103844e-02 -9.484818793090948885e-02
3.135006687140179338e+02 6.090349718871490268e+02 9.040359853948905927e-03 -1.236410775373378117e-02
2.557786958727729996e+02 7.350487549456333909e+02 -1.210353386367745473e-03 -6.081312225822528388e-03
1.885645198659630637e+02 5.385099805217512312e+02 9.792286613125077144e-02 1.060247407548916831e-01
1.037924682048919067e+03 1.754373249419177228e+02 2.251441309578361763e-02 -4.107856208890433604e-03
1.030461100379526670e+03 2.226508952342072405e+02 1.939963853135733343e-02 -4.869351967425533841e-03
1.142130369932461917e+03 1.832102925903213304e+02 3.755893732513058275e-02 -5.739162055950074344e-03
1.046526738663986634e+03 2.726062735516158000e+02 -3.260249116917770824e-03 1.553262208365466766e-02
2.375527304524391070e+02 3.181671544228898370e+02 6.360588577160065926e-02 1.983758239582990024e-01
1.163698416184179905e+03 2.097351052668845171e+02 -4.671366669443537643e-03 5.674357902142563442e-03
2.226355695309903240e+02 6.480073053361966231e+02 -9.189851740454443862e-02 3.086471892521299720e-01
2.630813363223963961e+02 7.079927243416859710e+02 6.548717494516801546e-03 2.839533576379250305e-03
1.115510699953963922e+03 1.839100404514973661e+02 -2.683678577806525647e-02 5.676346340786068978e-02
1.016446095546440461e+03 2.316338137877156385e+02 -3.340329646057893769e-03 6.205741110908838398e-03
5.353741395485657222e+02 4.396126861456586994e+02 -8.614003206775583052e-04 -2.613333480769146951e-03
2.127650449276150937e+02 7.226619874890608344e+02 -1.964161184095626969e-02 3.515553099520171872e-03
3.657684708681277357e+02 1.081285157548973302e+03 4.485070082288218352e-01 -1.147698378595528590e-01
1.009379736085326272e+03 2.541835965357037139e+02 3.446120593645837782e-03 -2.238947202011608642e-02
1.087180574915364559e+03 3.321790708983173204e+02 2.880031833011470130e-02 -3.279618461078657315e-02
5.737357547183107727e+02 3.955072513109954571e+02 -1.399159403328469227e-03 1.321477921486924681e-02
2.069645791257962060e+02 5.788190081721216984e+02 7.926110360450497327e-02 -1.485728521044591410e-01
3.696948223963522082e+02 1.085342718233277765e+03 4.627200119924455568e-01 -1.240459146393655676e-01
1.153441009528272389e+03 1.415025484689794268e+02 5.178959525495983179e-02 1.286831316594452650e-02
1.256222039521219358e+03 3.042426134049530901e+02 3.040781759712823246e-02 -1.968910659649324713e-01
5.903539168599913864e+02 4.167974487746549812e+02 -1.020165193738354747e-03 1.123510807601369073e-02
5.107187521111853812e+02 4.927138050993274305e+02 1.710329887758790541e-03 9.499420823695258658e-04
1.954566727789615470e+02 7.022177897043818575e+02 1.783987876502186052e-03 3.723501648799108343e-03
1.139842047266551617e+03 3.063013536668466372e+02 4.068481269563065800e-02 2.030029133035606559e-01
2.241170847424251917e+02 6.261752006741228342e+02 -6.777270777346554309e-02 2.068209676569668642e-01
2.262093723195112318e+02 5.999981086601078459e+02 6.320942413077487720e-02 -2.091241422132293915e-01
1.115765962622803499e+03 2.332423801240309160e+02 -2.579486823329801837e-02 1.301064013767409266e-01
1.036778666866176536e+03 2.988565280171916356e+02 1.329880265909840452e-02 -8.680831699514612865e-04
5.153340671168555218e+02 4.836937294373300347e+02 1.089656226691946075e-03 -4.114177681494646244e-02
1.101965090431703629e+03 2.418529308326795046e+02 8.905886829639480390e-03 -9.611994522191661880e-03
1.263414447961526093e+03 3.938090022738148264e+02 2.589459214492946526e-03 1.818148712333551853e-02
9.674427856798789662e+02 8.678307747006434738e+02 2.326370252279004458e-02 -8.237051893741680064e-03
1.173997236671359360e+03 1.791670364978296845e+02 7.237221036448513757e-03 1.973388392853685312e-03
1.184541647734417438e+03 3.019615818670650356e+02 -5.055620279269914391e-02 2.998891976234889234e-01
1.107582546609547535e+03 2.591183886442693165e+02 1.046879400738861404e-01 1.278896724482219416e-01
1.066520667539148235e+03 1.976904510063456257e+02 2.279770811564658592e-02 8.384593536354864249e-03
1.104049373982404177e+03 1.971609660707991623e+02 7.200399270813149372e-03 -7.362258036255582561e-02
2.120947802517477498e+02 6.635483575171105031e+02 -2.489398110381241887e-04 -2.916733359956601331e-03
4.814162860326163127e+02 4.507373821495477273e+02 1.028569845374249780e-02 -6.559669260651525280e-04
1.066211133740673858e+03 2.164650673338616684e+02 -2.432502807800245026e-02 4.174781077793422029e-02
1.222214425953617365e+03 3.214119503237014897e+02 -1.834952688393408360e-01 -4.301908738229121010e-02
1.182341351060124225e+03 3.701043140738896113e+02 1.205980805618077530e-02 -7.627381018663569739e-03
9.317458166397489094e+02 1.917260230953511098e+02 1.352285773495676829e-02 1.243542077380084196e-02
1.984041483296089154e+02 6.553122516477741328e+02 1.475414452721651726e-01 -2.945182449848233741e-01
1.492551664087223173e+02 5.272173252401152013e+02 8.552177935927723559e-03 -8.634476206087825061e-04
1.044213988575222629e+03 4.871739349638936005e+02 1.348569191512197563e+00 3.033232636061865772e+00
1.888294338676482766e+02 6.344858398893475169e+02 1.238218982050472705e-01 -2.713689132941269344e-01
1.180430686115864091e+03 1.976704193752345020e+02 5.455651945101324535e-02 2.860519286419231297e-02
1.027690075677006917e+03 2.335210211755745888e+02 -3.201913370255417713e-03 5.737364975782118307e-03
9.881569710801012434e+02 1.728295163966893710e+02 8.330024454533271156e-04 8.488073737908165273e-02
1.945767257024626815e+02 6.465839579064662530e+02 1.424655993598647474e-01 -3.169475639461977190e-01
1.109393875900055491e+03 1.800435508275865573e+02 -2.120851777041025260e-02 6.079666187392035459e-02
1.044875462257227127e+03 2.621623615619738530e+02 2.185816721863375126e-02 1.112106753985699428e-02
1.049724521983848263e+03 2.285561305422026805e+02 1.802789325807139468e-03 -1.637770996263702289e-02
1.125480313859768330e+03 3.020166289628201071e+02 4.493481307197209895e-02 4.401779329823880538e-01
2.178778075867524251e+02 7.710515965599925039e+02 2.672347064383594206e-03 5.997695489843470409e-03
2.449352714537143356e+02 3.034602344343458640e+02 1.190446607488150343e-01 1.388327433375718123e-01
1.163958687389543911e+03 1.628533441689364167e+02 -1.189895042246196938e-01 -1.139319715873507305e-01
9.437458163464509653e+02 8.555157600258797856e+02 7.647328212480412066e-04 -6.551070224295093549e-04
1.087838798173484292e+03 1.650011295535482247e+02 8.628952410759974101e-02 1.097540880096873200e-01
7.555160309995345358e+01 3.181457542822330424e+02 -4.705884392350258641e-03 3.431745429501883646e-03
5.178376524113858750e+02 4.258601389995478144e+02 -1.278972954371023971e-02 -2.543893374904980520e-03
1.120839433471376879e+03 1.507861541250059076e+02 -3.546080700831290983e-02 -3.445723575789989834e-02
1.123614047204872350e+03 2.734772879959728016e+02 -7.290472339839063889e-04 5.429574473963820758e-01
1.079871945928435025e+03 2.780224997907935744e+02 -1.903667850361330238e-01 3.446610915538716319e-02
3.713246529267771052e+02 1.053967666649656621e+03 1.286787307867932884e-02 1.897613334683549355e-03
2.757692520585545140e+02 6.029682182267794133e+02 -3.195924199841226887e-02 -3.316075508079488476e-02
2.332020516408894366e+02 6.769669454417030465e+02 5.736100856863974792e-03 5.291955958100244550e-02
1.069863417878007795e+03 1.705927255848777122e+02 1.142116983430076504e-01 5.421408296277220595e-02
1.053254137228697800e+03 2.316252250856593093e+02 -6.045615509661715625e-02 -2.681989772123849480e-01
1.178563818475296785e+03 2.345769347793938380e+02 -1.562392148433776676e-02 -6.372477212469255387e-03
8.650632674787059386e+02 1.102236629041849483e+03 1.604931449350894580e-03 -1.155127045955961192e-03
2.698429614065764781e+02 6.921417253783828301e+02 3.793709300416244542e-03 3.823944713739225402e-03
2.915986876021358967e+02 4.744301674396173780e+02 3.892563320521436054e-02 1.980508751395602118e-01
1.083773704043484031e+03 1.588078022693170510e+02 1.366470771448469179e-01 3.048429235331484577e-02
2.913960936273635980e+02 4.827406131559536107e+02 3.133389873170154549e-02 2.497226748497658744e-01
7.871219646989735566e+02 4.055122811192379686e+02 -4.527956253263082029e-03 7.143200284402458078e-02
1.163910709562984493e+03 2.366828141006740509e+02 -4.318667464327330396e-02 1.828343529633603415e-01
2.043514923907401624e+02 5.710753980127018394e+02 1.300611701950755428e-01 -2.892881324857575487e-02
2.776550176613172312e+02 6.367598866748322735e+02 1.915289306781424103e-02 3.115470029661985066e-02
2.414226483343725818e+02 6.739302382788810064e+02 -1.101632186275548330e-03 4.223816315949252792e-04
6.800357390860129954e+02 1.028420823138419564e+03 -6.109121946794447873e-03 9.594909283171798933e-03
1.996315330581608976e+02 6.268672630266864871e+02 1.338027813484316542e-01 -2.365685316077720812e-01
2.116669421611940152e+02 5.363721562257712776e+02 -1.613928778904951886e-02 9.388666518962978866e-03
1.095552282945325487e+03 2.142392132761607968e+02 1.259848271576506085e-01 -1.698330642555238301e-01
2.446013512907410927e+02 5.622820708835239429e+02 7.023243481464962190e-02 9.860273373889050230e-02
1.125949736108403386e+03 2.488557736527240536e+02 5.368056317663245230e-02 3.582819005519601308e-01
1.038419954089688872e+03 8.623554940473056831e+02 -1.123022477279705424e-02 -2.661780127102153157e-02
2.808745483243714602e+02 5.454738050303786849e+02 -1.043947207384739867e-01 1.972871775934404437e-01
2.327805607830954102e+02 3.017356061163728214e+02 6.031037245779862638e-02 2.018567722063997760e-01
2.791895759902590726e+02 4.769243451877471784e+02 -5.045641621149193207e-02 2.917886121587055515e-01
4.814492827275407194e+02 4.679226963872827696e+02 -1.406562858400052692e-02 -3.886953091609817671e-03
2.757135893518114926e+02 6.613221308112111956e+02 -9.464543483119314260e-03 -1.673916709485467891e-02
5.483323320682050053e+02 4.198907347461271229e+02 -5.575016300078708105e-04 -2.756011682731695882e-03
1.073851366028624398e+03 2.193366788060366730e+02 5.099437023000063726e-03 1.901397375523804917e-02
1.122687506525191566e+03 2.599296625549954456e+02 3.928016344823390682e-01 1.836839868250541019e-01
1.217736230947126614e+03 2.500037456069202051e+02 -6.377349464488278608e-02 1.358898731111010394e-01
2.493185030416663892e+02 6.816051002860027666e+02 -7.488546054384477178e-05 -1.525224246173489777e-02
2.573643441794657747e+02 3.696862521778206201e+02 5.182017161940501160e-02 2.320602562472399988e-01
1.025656759715968064e+03 1.842533665871340247e+02 6.116616771456156836e-03 -9.206397305606715820e-02
1.047066133873184754e+03 8.508263734024098994e+02 -2.486194440995893179e-03 1.583838481579917827e-03
2.903022893092531831e+02 4.556998740354662232e+02 5.628871335918596286e-02 2.410898332438617397e-01
2.355449868173761843e+02 6.425972946918150228e+02 1.623615995275455928e-03 1.576314169773777168e-02
7.878824490351964869e+02 4.085214696758780519e+02 -7.525552229179328315e-04 -3.850358051218668535e-03
3.264260268017610542e+02 1.094194771911012367e+03 1.565356299089039893e-01 3.501465264290660583e-03
1.001493767734279459e+03 1.651905226051783586e+02 -4.820187538536281624e-02 -4.142818799392983600e-03
1.221330453498688485e+03 3.115914804028153071e+02 -3.977670177131871210e-01 -5.054450422234341156e-02
2.359388042469198297e+02 5.754710904395918760e+02 4.355686444388790629e-02 -1.484082701989296593e-01
2.630028584790032937e+02 6.931213145782592164e+02 1.602915725720331381e-03 2.999385647163923391e-02
2.537669611987184908e+02 3.632992801852837488e+02 9.967905481573097193e-02 2.529704786806678540e-01
2.904031681510426779e+02 4.422730527525420143e+02 6.220221704521236572e-02 1.849804860815629504e-01
1.110432189698748516e+03 1.863148497676367299e+02 4.749395148234725889e-02 -6.358638267371077846e-02
1.238648594982926397e+03 1.267862552206830742e+02 -1.429211995896366785e-03 5.960756036600685370e-03
1.186517082844906781e+03 1.986263023098719600e+02 1.762033438694470544e-01 -4.977344017225902861e-02
1.152003405518679074e+03 1.911502478215858218e+02 -6.013661954638133134e-02 1.201247142209377165e-02
1.139025367966112526e+03 2.233023502628703056e+02 -2.039252112938217537e-02 -4.090245708880502207e-03
5.535241215344321972e+02 4.966580186630405365e+02 -1.867842220051585400e-02 7.472176184450891878e-02
1.024812973446185651e+03 2.608640139164955940e+02 -1.674503002933074372e-02 9.024336006750963493e-03
1.170397102208106389e+03 1.717273138644044366e+02 -2.805234278610519404e-03 2.042240969708618292e-02
1.117543553371395774e+03 3.627052437455050153e+02 7.242849322930712541e-02 -8.968269400725148444e-03
5.466909666522452653e+02 4.914724293619466380e+02 -2.500153309483721522e-05 2.980569112025932554e-03
1.044329843626049296e+03 2.199342022835614046e+02 3.620604884892802185e-03 -4.627315323463992471e-04
7.277569975412988015e+02 9.250575638872981017e+02 2.438428098140421954e-02 4.161120024261637934e-02
2.043286908739152636e+02 5.299674924292418154e+02 1.674516743424900034e-01 3.631594539936341959e-02
1.072950913596164128e+03 2.953331617992337783e+02 -1.479557282030596610e-01 -8.008834794009606073e-02
2.664532223039611267e+02 7.114932313172138265e+02 -4.658546701318626304e-02 5.183896653005345967e-02
1.004978685731956830e+03 1.776677791452416102e+02 7.298545601183251130e-02 1.289259586729054885e-01
1.072553733922403580e+03 2.020845692862945384e+02 -5.470377153046900032e-03 9.853293345394203203e-04
1.133711005947520789e+03 2.440182559100063031e+02 4.366112802809615084e-02 1.744844702431266881e-02
1.216255840039051691e+03 3.655298517798370881e+02 1.954119499961983614e-02 -1.203059202799479279e-03
2.485099605372332690e+02 4.087188166918477918e+02 -1.027948321370203977e-01 -3.386197243048045258e-01
1.088717410947921962e+03 1.964627951259113559e+02 2.520307766289766813e-02 -1.885827769812053328e-02
1.126657690520985170e+03 2.036303631047496765e+02 -2.591126377108416978e-01 -1.833547446726045971e-01
1.190498160864634201e+03 2.260782936276015107e+02 1.967692150304440127e-02 2.042486867541877787e-03
2.142250790423399565e+02 7.099166201157052001e+02 6.217596049411923051e-03 6.062264884193853919e-03
3.316926624337442036e+02 5.260411127520706032e+02 5.840150425091529367e-03 2.301052856916623729e-02
2.218582604909603049e+02 7.486287253793493619e+02 4.867567647905372418e-04 1.293816613890723562e-02
1.034979717829406127e+03 8.558296772590655337e+02 -5.630079443331052758e-02 4.941141966609082642e-02
2.563867690597093656e+02 3.311100755294987152e+02 5.431077908583716723e-02 2.704420648755103684e-01
1.217860010509344420e+03 2.563084071425520278e+02 -5.150505960464215466e-02 1.360463687668854449e-01
1.146859578630307396e+03 3.712225458095479667e+02 -6.866646616884963805e-03 -1.087053818181971110e-02
2.502676438012927633e+02 3.266187745211767606e+02 9.523772116769581297e-02 4.043267171065703658e-01
2.587041182156085597e+02 3.799935058761683990e+02 7.996482523199907599e-02 2.288201199791396467e-01
1.646495833008947329e+02 4.903189314303322703e+02 1.538043013876342902e-01 2.975910623485534812e-01
1.156233961773604506e+03 1.897364213075672694e+02 2.182926829460157814e-02 -6.156988424881622464e-03
2.392110474526636779e+02 6.474436645104419767e+02 -6.990733217643689372e-03 -1.393705022427091031e-02
2.522077131690524823e+02 3.008482104933665937e+02 1.423386249292968586e-01 3.161419153539414273e-01
2.495432469588550362e+02 5.290641954567171297e+02 1.804114875797623724e-02 -4.918354906023200690e-02
1.052140756490273816e+03 2.990645339314064017e+02 -1.260126561544439028e-02 1.238550114086484945e-02
1.060765270097347411e+03 3.140031544663095815e+02 2.686397084415000913e-01 2.361961390589490117e-01
1.578083024710155655e+02 4.902447923198469653e+02 1.655322899459608643e-01 2.480436258233803815e-01
5.169450156019825044e+02 4.259849087648705108e+02 -9.407230146763367884e-03 4.057603242052386372e-02
1.081742730482575553e+03 1.688666166536052629e+02 -4.447725474607801266e-02 2.402862524978617575e-01
1.206146595651742928e+03 2.437547206114665812e+02 1.964471021034973341e-02 -2.598183762163112573e-02
2.882857850784605489e+02 4.318315149897106835e+02 9.841287318510337501e-02 2.622609287173564563e-01
3.097359955247783887e+02 5.053635619673808606e+02 3.874325510950191870e-02 -4.113748754737278635e-02
7.696732516580060519e+02 9.563085217359956687e+02 3.954659408623229129e-03 -6.265538760122321173e-04
5.028110551749203410e+02 4.672933492054999078e+02 -7.397259274712804367e-03 -2.833853783681159616e-02
1.970317776328657544e+02 5.836044379545656966e+02 2.525023970167953880e-01 7.415596699372466183e-02
9.801148574236501645e+02 8.530862836353350076e+02 -2.331408569291263874e-02 1.055754768900803338e-02
5.297992233074910473e+02 4.299016059313901224e+02 -2.280170225901312006e-02 -4.436724934732072523e-02
1.823566890472750970e+02 6.461647516961824067e+02 1.125938029402529100e-01 -2.804399992710249201e-01
6.807881121644172708e+02 1.017115122551380182e+03 3.305665586468063688e-02 6.929315637497286857e-03
1.113219018840415856e+03 2.176711950431186438e+02 3.673821160553814025e-03 -4.063572162957385103e-03
1.097908925023920801e+03 2.480027355711047505e+02 4.350464064224013327e-03 1.576777916931781931e-03
1.087564807264632691e+03 2.655241112203525518e+02 -1.160644829283796753e-03 -7.101267862860183300e-02
2.373959838835026517e+02 5.462003559328395568e+02 7.968725044439750604e-02 -3.474465429600570587e-01
2.745379309613908845e+02 6.276399821967168009e+02 -8.948020569574666183e-03 -2.693869417381478115e-03
5.482322924897380290e+02 4.611330625848318618e+02 3.070271934502084073e-04 -3.472937833092168414e-02
1.161301986127201417e+03 2.278702609549844738e+02 1.000479523692422712e-02 -1.854194128389871632e-02
2.495565943834748737e+02 6.460513490992739207e+02 -1.248322065081200797e-04 1.330885819654227878e-02
2.721068448948793161e+02 6.538292653748683279e+02 5.019018095178888299e-03 -9.934380822216789045e-03
2.682260708325624137e+02 4.968825190683103870e+02 -1.687360619038183185e-01 2.616066371978794103e-01
2.168594231365773908e+02 2.994836679409797284e+02 5.416169964878698312e-02 2.276896415752154568e-01
2.554457373604346060e+02 3.809727462734205119e+02 3.950360112225949349e-02 1.980442382795139511e-01
2.438520418837739783e+02 2.940756094713532320e+02 -2.433274239441475788e-03 2.280118485024473785e-01
5.159677898199309993e+02 4.156182210234940158e+02 2.003130836669291676e-02 -6.223592642479859605e-02
1.095725237389115136e+03 2.258574312569534186e+02 3.099802729231474277e-02 1.883068029087512918e-01
1.952490853402871664e+02 5.453847795544990049e+02 7.602445048894322654e-02 1.358597679779986189e-01
3.998413788625667280e+02 1.099959729399031630e+03 4.445686850786501054e-03 -1.690217692571747716e-03
2.358249337779692496e+02 2.944475291345989945e+02 -2.554973116967521052e-02 1.980884055645922848e-01
9.918714128119053157e+02 1.709823598351131864e+02 2.280425277795664410e-02 -2.872359650170682177e-01
1.136000809620153177e+03 2.799660217560870592e+02 3.852233079300512175e-01 1.521767342010944268e-01
1.250481847709927024e+03 3.291766152912604184e+02 3.437401647779636527e-01 7.531132103483068052e-02
1.011004833917131123e+03 2.333995213666918858e+02 4.210382019594432340e-02 -4.299116159589944780e-02
9.917746131491344386e+02 2.276188905293825826e+02 1.209429983211975958e-02 -3.915677084427784255e-02
1.081910259723877743e+03 2.391416487108075444e+02 1.146204372611737132e-01 1.512951209890411597e-01
1.137151017230955631e+03 2.773899623799844676e+02 2.376023886816437947e-01 4.141163451870693013e-01
3.067222396597053944e+02 5.815149489127190918e+02 6.232605982294898983e-02 8.001990439709516512e-02
2.837147242764048087e+02 4.831775565378787860e+02 -1.314944281817294856e-02 2.249945392846418313e-01
1.197672144743242825e+03 1.822590284451214586e+02 2.573334944928736268e-01 -8.211402254578104021e-02
1.193119917294486413e+03 2.178577094658807880e+02 -2.054747419243293793e-01 2.623057367705510790e-01
1.156178323227748251e+03 2.657758263186031513e+02 3.983089453867213331e-02 -4.680577628884444868e-02
2.711830071496037249e+02 5.765393709378457743e+02 -1.626839823681318006e-02 1.303866512001453370e-01
1.128781561371252565e+03 1.965475659047836245e+02 -2.368921893212146967e-01 -2.315994595198622441e-01
1.014074194946926241e+03 2.266184097942431208e+02 -1.216309812381812482e-02 -5.017740168711557619e-02
5.585215457680930058e+02 3.969909797304092649e+02 4.930680741391701071e-04 1.546829082907276096e-02
1.110777320928040581e+03 3.739351022127167425e+02 6.525887563039263484e-02 -6.471187387278508341e-02
9.234821890138906610e+02 8.920294199722310395e+02 -1.514096989137153106e-02 -2.406039258137194700e-02
1.629332640320826613e+02 5.322923984229939833e+02 -2.923930678632708502e-01 -2.960360611374805440e-01
9.997803872445592788e+02 1.789111102952455497e+02 -1.106338058057893953e-01 -1.864238402023564445e-01
1.093421483948721971e+03 2.582288233364811845e+02 1.613659531183743723e-01 3.519667919750615881e-01
1.162421683765135867e+03 1.603058724766666217e+02 -2.608717283062235784e-02 1.538391193641819830e-02
2.467089554326700238e+02 3.346264048485281251e+02 7.211984321245239193e-02 2.966632547605968506e-01
2.165744552992436525e+02 5.433572638263992758e+02 -2.124853343407835313e-02 -3.306875797606494138e-02
3.106050998954739271e+02 5.529137072433956064e+02 -9.219915202797324474e-03 1.414671016074748808e-02
2.850894353023869030e+02 5.303331535985620349e+02 -1.177922486817417208e-01 2.483485016658374123e-01
2.972779961141311560e+02 5.303213955746005013e+02 -8.828599452493192390e-02 3.161063259455814678e-01
5.070345638922702278e+02 4.449436504131634251e+02 -1.428678684746536795e-02 -2.295367871574015978e-02
1.013003140001284919e+03 1.709282139405316912e+02 -2.359968527647843609e-02 6.041060415437689290e-02
4.812873502655479570e+02 4.752792988775303797e+02 -3.176956655453169482e-03 1.202818584550868763e-02
1.100635571121952580e+03 2.746789944430529431e+02 2.381100770674840772e-01 2.955569410175271083e-01
1.225683154890943797e+03 2.520588706662707352e+02 -1.430842506387146884e-01 2.164934676250090673e-01
1.244925617621833453e+03 2.876243834135969450e+02 -3.501196495625770455e-02 1.706510142459244650e-01
1.303325441014614171e+03 3.026074872879617033e+02 1.430338231626351597e-01 -4.635415383681935619e-01
6.701750476561823007e+02 1.101300209433976079e+03 7.176756250808413382e-03 2.428261838946020699e-04
1.511525756812311556e+02 4.538716409238331835e+02 -1.161248081278642985e-02 -4.074057453958701558e-02
5.022578929995278259e+02 4.288755642662670766e+02 8.576902410542430744e-03 -1.060317813497384520e-01
1.148523907273515533e+03 1.424039621709464996e+02 4.188749980073680490e-03 -5.142437524561671580e-02
1.024849245926511230e+03 1.690017049239196183e+02 3.105275539830643083e-02 -8.551085471859032339e-02
1.086310254784823883e+03 2.020649504873025535e+02 1.764406787293637535e-02 1.607548158055394083e-02
1.035457845087074702e+03 2.469167360660190127e+02 -6.060602178469309820e-02 -2.649161661191676842e-01
1.068102526142879469e+03 2.493410254359888256e+02 9.162889924925821106e-02 8.366813763808167437e-02
1.235875281765039063e+03 3.474144528088694983e+02 -8.093177393664063857e-02 -3.802725566688422987e-01
2.011760774684196633e+02 5.746180640881818817e+02 9.019430339110456885e-02 -1.195485890690122233e-01
1.037120504831304288e+03 8.596719328582962589e+02 8.412930679966734715e-03 -9.943049770562595313e-03
4.681775926725229056e+02 4.671276055578663886e+02 -7.268644431966701444e-03 -1.485767894939347793e-02
9.683722123531005082e+02 1.721145824968446334e+02 -2.977476750580384038e-02 3.564921125581198280e-02
1.101713007742065201e+03 1.703006251003001807e+02 -3.916542330757541435e-01 3.825205365485203624e-01
1.128037017430138576e+03 1.836295370036722261e+02 8.997785710547153565e-03 2.310282326995623595e-02
1.235897868199122286e+03 1.354992397841081413e+02 1.486223802414012203e-02 -4.221735952453779112e-02
1.161725684165121493e+03 1.452138722228229426e+02 -2.186971151477986632e-03 -1.395331570758376685e-04
1.079476398950991552e+03 1.890847044298546962e+02 -8.696562870818524971e-02 3.695435114706242530e-01
1.159154976194589835e+03 2.066921409058433028e+02 8.129303320622836837e-02 -6.667564783254979754e-02
1.175167824216231111e+03 2.458043446466910211e+02 2.002888127978102312e-02 -9.806224575840312430e-02
1.228532655617436603e+03 3.122474012127767082e+02 -3.955504314900508689e-01 2.415563752143563142e-02
2.302957548351965613e+02 5.487074661351919076e+02 -1.980814070581158881e-01 1.389559694912593790e-01
2.496233044835529427e+02 2.896588875320014722e+02 1.651188252611658636e-01 1.655785532223516265e-01
1.019109166819951838e+03 2.115041352392632064e+02 -7.897714433996637362e-02 -3.603687617665011222e-01
2.402223526056573633e+02 5.381900810263458652e+02 4.665192804531907017e-02 -5.284768548794825660e-02
2.438697870041054614e+02 5.843361972564233611e+02 -8.925043363022339138e-02 1.381188422718301334e-01
2.591608323859372263e+02 6.237298100770224210e+02 3.354392123823292382e-02 4.625927351006654115e-02
1.978237989233248868e+02 6.784734970527376845e+02 -1.039409512211696279e-01 3.139230849357965147e-01
1.877138232843181527e+02 6.726784291261880071e+02 1.738880451847819586e-01 -3.138404732198628588e-01
2.720483520488430713e+02 3.730566822069594082e+02 3.626761771633842807e-02 1.568220688354292347e-01
2.989833035037116247e+02 5.118680753522735358e+02 1.525934727972355631e-02 2.654172551843695937e-01
8.247194263403465584e+02 3.954867476411911298e+02 5.483151267762309544e-02 -3.532874703788971976e-02
1.099574166147317783e+03 2.109584196767650326e+02 -6.424050951032238277e-02 2.349017278223068106e-01
1.029200394790418386e+03 2.537435437596053589e+02 -2.889689253258135790e-02 -9.449245808938400160e-02
1.101294992381692509e+03 2.978328674967375491e+02 -8.635558133020519722e-02 -2.351756567543124843e-01
4.640784631629221622e+02 1.099563112136646623e+03 -8.532818668636346984e-03 -4.127268653267416459e-02
5.708494334133484926e+02 4.039574503967830310e+02 -9.612366438638920985e-03 -5.318677230225561658e-02
1.082073118265992434e+03 2.200079705177091967e+02 -5.769939426024641750e-03 -4.642936710554708413e-02
1.122925103396531995e+03 2.386099908984111551e+02 9.589193535860184026e-02 2.766832428486028506e-01
2.889605874460721111e+02 5.303653152442461760e+02 -1.095187249540158919e-01 1.043004852084343653e-01
2.345536719319968313e+02 5.966327528947676910e+02 -1.449344325899604990e-01 9.088734817037841252e-02
4.657730664919644710e+02 4.576374487114811700e+02 -1.739154804819804598e-02 1.328091895678880918e-01
1.172648896187895616e+03 1.441354608761101304e+02 -2.751546510739899531e-02 -8.767582754985028815e-02
1.180585461653530729e+03 2.423217177624460135e+02 -4.393880449720199630e-03 -4.045338863232359611e-02
1.789904972318586829e+02 6.489322647312937988e+02 1.042625139895051178e-01 -2.651343892973386795e-01
1.031008256665472345e+03 4.449899261583897214e+02 1.383397033958999600e-01 -3.107498494098194786e-01
2.169419341556923655e+02 7.670026381935003883e+02 -2.255280362748806125e-02 -3.880919697862737078e-02
9.135497636929691225e+02 9.304196748499155092e+02 2.322256982802173297e-02 -3.376863718574441182e-03
9.968007576542910328e+02 1.741223391398241063e+02 -3.259630352933982067e-01 -1.130024712338537352e-01
1.110826761981669051e+03 2.246710857284075757e+02 1.798808934459985784e-02 -1.947914021530057840e-02
1.118358382383735261e+03 2.443586479314087114e+02 2.048841455951888879e-01 7.538243161516472446e-02
1.171179437360831344e+03 2.582987721635814751e+02 -1.442175368295769110e-02 -1.657796952084961833e-02
4.902087192301845562e+02 1.066052043839050384e+03 -2.482659088837459171e-02 1.136349614966750132e-01
1.095436434702402266e+03 2.097670043199571808e+02 -3.939500443457575329e-01 7.348080671590295765e-01
9.979769069882783015e+02 2.265952674742808881e+02 -1.335284734193464828e-02 -4.946067817572341596e-02
1.040100325514607675e+03 2.358322591791135210e+02 -7.923768126684649360e-02 -2.323637501879183276e-01
1.181097888286212765e+03 2.083876018149559570e+02 1.864933503031807049e-02 -1.957427116145638024e-02
1.953888462229362233e+02 6.960191685019310626e+02 -2.579152933175876683e-02 4.106481897978682127e-01
3.184006416741285079e+02 1.093453539768376686e+03 5.930320537919442359e-02 6.177693441316023382e-02
8.200897170280782120e+02 1.102149552754004389e+03 -3.816665608354696815e-03 -5.356289336788222499e-03
1.111600083274759072e+03 1.751896047756477515e+02 -2.802653703468292387e-02 1.930860701721266171e-01
9.971054907232900177e+02 2.497614443435325882e+02 -1.503818730908343670e-01 2.616425079827178757e-01
1.104584416925082905e+03 2.863378112179973414e+02 1.331210188685807705e-01 -1.833362260529968757e-01
2.779661416182356106e+02 5.591881238997519858e+02 -1.120373454202032437e-01 1.068965919086589805e-01
1.002808417563157491e+03 9.277564422576906509e+02 -7.377498151121082356e-03 9.814180556450733187e-03
1.558093026421154264e+02 4.833697954667060799e+02 3.034993244750552321e-01 3.470238926797814538e-01
1.105344445883111348e+03 2.661990665975507682e+02 3.651096427908365888e-02 -2.565302507701971990e-02
1.193584772307695857e+03 1.845113228274309165e+02 3.268087773111953004e-02 -1.046627104968062411e-01
2.317760446781159942e+02 5.678951860824722644e+02 7.633333372636268155e-02 7.716779450133989249e-01
5.024022036880641053e+02 4.374885985677052531e+02 -6.523594556483658597e-04 -4.073946582728922572e-02
4.920023414215530124e+02 4.483532134406592036e+02 1.088152826640680429e-02 -7.978945270451731631e-03
1.131772031212247839e+03 2.664305639577624447e+02 2.200089255529746879e-01 5.923824994072219852e-01
1.203614506389872531e+03 3.466102543246527148e+02 -7.057945239780565039e-02 1.077838840300500978e-01
2.248028765532006616e+02 5.408438232898519118e+02 1.858874321969551657e-01 1.006948078126697482e-01
4.843251220068873408e+02 1.061604285760835864e+03 -5.094293041270248242e-03 -3.854336550407424372e-02
3.132676145072217082e+02 4.964669072569470814e+02 -1.764277067206165839e-01 -7.769308488294797144e-01
1.177431588622918980e+03 1.971414111913837246e+02 -1.732719615525866175e-01 2.835394764952710034e-01
1.043861437233837705e+03 2.254337021639201737e+02 -1.643160841523846616e-01 -4.631686681614155532e-02
1.035150429004535908e+03 2.644954622265596527e+02 6.178064909621146933e-02 -2.190746919484164723e-01
2.368734180484783280e+02 5.410746650602904992e+02 4.051468139775238342e-01 8.370441806243889005e-02
2.258616174807527557e+02 5.897810972354344585e+02 9.513856955916821789e-02 -1.405233563617684922e-01
2.420930641926363478e+02 6.050835176011048588e+02 -3.055747204033802331e-02 3.096182264816889074e-01
2.068031068217087238e+02 7.253280988706413837e+02 4.326640640556433937e-03 6.576825450099477166e-02
9.499353761581081699e+02 8.560385030063197291e+02 1.634616527179938716e-01 -1.564739722146744894e-01
1.085622271990089530e+03 1.931399680825073233e+02 2.139450846308363907e-01 -4.551378794521667714e-01
1.041016499855697020e+03 2.450768400757662278e+02 2.015728967738823485e-01 -4.012406764888822863e-01
1.097874373057004732e+03 2.783916909784946938e+02 2.068926428062241030e-01 1.623059702387195102e-01
1.078170297801524839e+03 3.122362651387599044e+02 8.970537395009614556e-02 -1.017942573551238183e-01
1.174885130063925317e+03 1.778020693242201276e+02 -9.723530531357482687e-02 2.392793336669143400e-01
1.192234830210609744e+03 1.781659310153004583e+02 2.603762622989052034e-01 -8.943248614288137333e-01
1.145961681931944440e+03 1.930580047121050882e+02 7.544551959313139378e-02 -1.686814394169289244e-01
2.323547106966333047e+02 6.487954150986370223e+02 5.714221405682451405e-02 3.099506671969720628e-02
1.912266720590955629e+02 6.895981740274413596e+02 -1.304447939558457392e-01 -2.923478025877557229e-02
2.414728371674484038e+02 2.891688287912443229e+02 0.000000000000000000e+00 0.000000000000000000e+00
1.126570374380783733e+03 1.448607270530807227e+02 0.000000000000000000e+00 0.000000000000000000e+00
1.049844649402072491e+03 2.055350941681266761e+02 0.000000000000000000e+00 0.000000000000000000e+00
1.035597235396840006e+03 2.121281706096574453e+02 0.000000000000000000e+00 0.000000000000000000e+00
1.155275875698303707e+03 1.992100426343812103e+02 0.000000000000000000e+00 0.000000000000000000e+00
1.154431181461982987e+03 2.334208015038464339e+02 0.000000000000000000e+00 0.000000000000000000e+00
1.177524537251921174e+03 3.726941112604470732e+02 0.000000000000000000e+00 0.000000000000000000e+00
1.993725227145386896e+02 6.895045767524660505e+02 0.000000000000000000e+00 0.000000000000000000e+00
1.041729963575316333e+03 4.802862511649416888e+02 0.000000000000000000e+00 0.000000000000000000e+00
1.042686608274941364e+03 4.797151254346493374e+02 0.000000000000000000e+00 0.000000000000000000e+00
5.052505493388391073e+02 8.466032814885888911e+02 0.000000000000000000e+00 0.000000000000000000e+00
8.016145452568827068e+02 8.807883740808003949e+02 0.000000000000000000e+00 0.000000000000000000e+00
9.522888601541865228e+02 8.963162977561355547e+02 0.000000000000000000e+00 0.000000000000000000e+00
4.782166621417299552e+02 1.057596466248622164e+03 0.000000000000000000e+00 0.000000000000000000e+00
