1.338350198138019209e+02 3.833209010412625730e+02 -5.581145969974650109e-03 -9.730821052315123329e-03
2.522967504845228177e+02 4.636319352011671526e+02 2.651789088311529412e-04 -2.501387181186177922e-03
3.146332834709864414e+02 4.765259517099246409e+02 1.889823056482292044e-03 6.207107078511858375e-03
5.635117378163378135e+02 3.786352615415519267e+02 -3.930812155800541196e-05 5.486692408105749326e-04
7.038662543579274598e+02 4.165008767434658239e+02 3.363677442864470169e-03 -7.526514588951248655e-03
6.343209588141288577e+02 8.220013683653390899e+02 -2.687987581904314419e-04 2.242257288222696411e-04
9.124422453322565616e+02 8.059804984712801570e+02 -5.416133713634005680e-04 1.468986581620234863e-03
4.599688312098293181e+02 9.415690654850915280e+02 8.932620149868970047e-05 -3.066522490911719823e-04
9.054337826936820193e+02 9.225147998695844080e+02 6.800267456319848908e-04 2.237424414551521159e-03
8.999967487826935439e+02 9.264174391780817359e+02 -2.540618143686092234e-03 -1.615823500695132446e-03
7.072524470806928321e+02 9.906433766837584471e+02 -4.527628803767845371e-03 -2.110648148926645706e-02
7.150544437471290848e+02 1.011420024173503293e+03 -5.374551376496246053e-04 6.516652865909713618e-06
7.049830548724675054e+02 1.023685419763551181e+03 -3.838407668840457796e-04 1.254820295755935500e-04
4.816673745021341233e+02 1.099092479646365064e+03 2.266432435334590561e-04 -2.494262455344357942e-04
7.044398647072443964e+02 1.036443349633204434e+03 -4.472817377468840932e-04 -4.899728389413176514e-04
7.518967260506730099e+02 1.067453738074538705e+03 3.675919472232293348e-04 -5.611570953974613684e-04
7.456141048101021624e+02 1.071434277102329816e+03 -6.729400879386489753e-05 -4.208932224412252534e-04
1.309256240658459376e+02 3.245453139351187701e+02 -2.930592987593622859e-03 -6.454101799994249079e-03
8.997617166291245212e+02 1.102155996444074844e+03 -4.149804887093875075e-05 2.018626858709539438e-04
2.415879937571005769e+02 7.545545325954885811e+02 -3.303854081805060287e-03 -3.141727419011829548e-03
1.245365036896113224e+03 3.724744834307505812e+02 -1.010188293866130967e-02 1.775124191891169941e-03
1.185236050284916473e+03 2.336299125285054572e+02 3.586227258476427752e-03 1.034747239250272729e-03
7.154244631005788051e+02 8.821270176616675371e+02 -7.297451906020517229e-03 3.794546028883463533e-03
2.363174638689636424e+02 7.211872469437320206e+02 1.294413417601090978e-03 3.365476485190820304e-03
2.504026286968625357e+02 7.468986020895249567e+02 2.570193530629586408e-03 -2.841266201011250538e-05
7.194304054117266105e+02 3.573754813909508243e+02 1.476545720982691198e-03 -8.324440338165770351e-04
5.711941164465478096e+02 3.787202467415496585e+02 7.585810609141548089e-03 -1.034273293571526947e-02
9.309646261692671487e+02 8.446076729797499638e+02 -7.298761571515831152e-03 1.772982601753731033e-03
1.009905352257351410e+03 8.151162163586310498e+02 5.477757391904246017e-04 3.131925489308984983e-02
2.433557162123880460e+02 7.418845779136327110e+02 2.384088354442171626e-02 -3.462629841477891240e-02
9.835418429124126760e+02 8.277964747265317556e+02 2.459249304063920900e-03 2.711982640212316905e-04
3.077428257508454976e+02 6.618278827490961476e+02 2.985071908415868843e-04 -9.802983111624165996e-03
1.015734726804449565e+03 8.147916572127733161e+02 1.066006369875041083e-02 1.115515356329326198e-02
9.445413751521649601e+02 8.342786572142617842e+02 6.881333278382197396e-04 1.388724704033037459e-02
1.003570093794369313e+03 8.362265716056537030e+02 -3.258651676111356133e-03 1.096281237274110464e-03
2.328030337337613673e+02 7.239873626190284313e+02 6.262653554576990203e-03 3.936630336374045795e-03
4.797966941082082712e+02 4.357814073207994170e+02 9.751874420146015854e-03 -1.778346257914212303e-02
1.024879523807048372e+03 8.050429419930961785e+02 -2.425418900690718988e-03 -2.189242986224769916e-03
2.178940828959193539e+02 5.207733786918885244e+02 9.658903989324388987e-06 2.410020574750500796e-03
5.761248705176034264e+02 4.193773521750788404e+02 -2.370195483676710083e-03 -3.185930051975645154e-03
7.309769774887881795e+02 9.237884425540190705e+02 7.315025051398286516e-06 -1.220457269568268627e-03
9.574519305036980086e+02 8.469490962517187427e+02 -8.899037167922041990e-04 1.026640698139297129e-03
7.467104351746949078e+02 9.552980097133369100e+02 -1.350339777519649759e-02 1.073706185373379980e-02
2.652336327162565226e+02 6.673003011987811988e+02 3.630622618182918065e-04 6.458297168026069617e-03
8.247329106541208148e+02 1.102212544288898016e+03 -4.029162655198510225e-04 -2.074378204193491420e-04
7.509757394172963814e+02 9.583893498993365938e+02 -9.479327522686247431e-04 3.336563641574000379e-03
5.624201498806773998e+02 4.709818077213523679e+02 4.371151281288398051e-04 -5.573890680503465825e-03
5.662367529451328210e+02 4.752355375480495923e+02 -2.198416179210356265e-04 4.352538445463625602e-03
9.140095583643230839e+02 8.446041591016103212e+02 -7.883750400496145061e-03 -4.255653953560065844e-03
7.707104390330844126e+02 9.590313614721283102e+02 -3.154071834309983557e-03 -1.195774169619509553e-02
7.705550751286331206e+02 9.428867521454817506e+02 -1.417315433794254578e-03 -3.927417351011928612e-03
7.714381507414965427e+02 9.498678229495782261e+02 -1.509491530594747784e-03 -8.399441603198355526e-04
9.845795866966885797e+02 8.667595203986207935e+02 -2.041043836801565304e-03 5.805826925034755434e-03
8.005560849955438698e+02 9.515903220719583260e+02 -1.244668967754901379e-03 8.773591882935319981e-04
2.101055026521345610e+02 6.739490671958790244e+02 5.596515063953435036e-04 4.682146787033188606e-04
5.636533569224260418e+02 4.931298229120709493e+02 -3.624676899687753751e-02 2.788518829753242924e-03
9.742072622407407607e+02 8.846877240536431373e+02 -1.548034280361180451e-03 3.976656153539725493e-03
7.570717652864238971e+02 5.287657803866923132e+02 -3.416182376464339549e-03 6.679481691268694329e-04
7.867463842469763904e+02 9.412348839157587008e+02 9.327972941393751494e-03 -1.757665246460680605e-02
8.080515102960334843e+02 3.665742223802095623e+02 1.013481929007889297e-02 8.921226664170663545e-04
2.348563380421764748e+02 6.999896049692024462e+02 -3.427860148003719003e-05 3.826780526085235817e-03
8.139982109471717422e+02 4.175998124634023725e+02 -2.390724048861764348e-03 -5.540940153669944232e-03
5.881464603741724204e+02 4.027872753345236561e+02 -2.591256802038335166e-03 -2.675087930991157902e-03
1.034673406496108328e+03 8.353042019484980756e+02 4.760930887648487722e-03 1.807171576085648060e-02
9.989298650383678932e+02 8.189600312118150214e+02 4.803954152405390428e-03 4.791347375266293246e-04
2.256311828075114647e+02 7.683634192348658871e+02 -2.159526396713538313e-04 7.955240401108565394e-05
7.343178771900630863e+02 9.787572093354209528e+02 3.050774135946841478e-03 -1.499563317699566765e-02
9.913585777414923541e+02 8.334277090583570953e+02 -7.758010827821167814e-04 1.286106923290876447e-03
1.057620769303458474e+03 8.502995485274835801e+02 -8.052561444043418101e-03 -6.407524891444316313e-03
8.271803508050849132e+02 4.014645155123876634e+02 4.518168268307340462e-04 8.627644281947897606e-04
1.018431606537503967e+03 8.295423518989067588e+02 1.921901451569823583e-03 -2.449932529182408548e-03
9.468046728375268231e+02 8.367085226313876092e+02 -1.025716394316856551e-02 -4.385772088056964085e-03
4.671497264447834823e+02 4.546763544893806284e+02 1.848039560674675716e-02 3.642217994968853078e-03
2.682733576767000159e+02 3.001127053558717535e+02 6.553378703847781601e-03 -1.486770920514843101e-02
9.578780058500619816e+02 8.222426315018960850e+02 7.433992615424718725e-04 4.225325602569322825e-03
8.174954931652134746e+02 9.353573762157681131e+02 -2.247666526768220350e-03 -6.758479797488888257e-04
8.167749542218759871e+02 9.442553959585231951e+02 4.572755086937291638e-04 -3.065114615541199468e-03
5.493085886819276311e+02 4.327277467556145325e+02 1.903511826243953989e-03 -3.966700024613831026e-03
7.295045437139191336e+02 9.410121149413449757e+02 1.054383514980203849e-02 7.760197922479083500e-03
9.266594019897063390e+02 8.638899247774094192e+02 -5.101587368625528501e-02 3.808586848307447120e-02
1.033680544190977571e+03 8.244183221432620030e+02 6.564590206657572487e-03 -2.270118906161463362e-03
1.022158552544156578e+03 8.152689489235459632e+02 8.655058357177977278e-04 9.402502703267708473e-04
9.564672766323208180e+02 8.776550288654424321e+02 3.217079960542364690e-03 3.769865259620460395e-03
8.182200373174971446e+02 3.799580944392210426e+02 -2.423106774171678111e-03 1.261248084845890266e-03
9.712139278408802738e+02 8.880081097260547267e+02 2.317505916009016988e-04 1.517377491693716217e-03
9.092636641038841390e+02 8.403797272335488060e+02 5.620510152496508913e-03 -4.909693611401251372e-03
5.773398563723458210e+02 4.711555915580827332e+02 -5.093467096945361421e-03 -5.151028705704515862e-03
7.516670258956758062e+02 9.341620118730907052e+02 -2.054232456577703425e-01 8.002414749755261403e-02
9.651586963625831004e+02 8.506875015045314967e+02 -1.620218839242048778e-03 3.463286245822937300e-04
2.327245396524479872e+02 6.927303763860176105e+02 3.500051265353875275e-03 -2.047808191122439409e-03
4.929586048938673457e+02 4.486117360341322069e+02 9.203536111250165339e-03 2.145378326843294160e-04
8.329208019375366803e+02 4.125875468293069730e+02 -1.114909554064637352e-03 4.162034062113718035e-03
9.678584768857602967e+02 8.747411645964250511e+02 1.191199012453688462e-03 -2.773140613993124899e-03
8.269170559396097815e+02 8.710769442641581009e+02 5.151510915115662705e-03 2.138120986541757005e-03
1.195528770496187917e+03 2.004909857785637541e+02 2.707166539735541416e-02 -3.083181477901861603e-02
8.133957980357420183e+02 4.056207758960720184e+02 1.716532029928599093e-03 -2.947310988221520101e-03
7.672078892598418633e+02 3.857119976536785089e+02 -2.096667816387464550e-03 2.632578220095413250e-03
5.600320429934251933e+02 4.175800694629455165e+02 5.788127600382749274e-03 -5.190004328190496279e-03
9.492770955125472483e+02 8.560408597823188757e+02 -1.916762142045762111e-03 -2.071134582676299220e-03
3.327348699995336574e+02 5.572742126158201472e+02 -4.463646153289960519e-03 -9.963896173716610405e-03
7.144929916320469374e+02 9.534660506968180016e+02 -1.086342888006336382e-02 1.076618097460307726e-03
9.971942605828766091e+02 8.759744748006129385e+02 1.189505703304447656e-03 1.931774261969067957e-02
8.015162023109085112e+02 9.382442371276832773e+02 -4.085347454637224159e-03 -4.313798208836532792e-04
5.350830598342818121e+02 4.122685497039208826e+02 1.770524168266502177e-02 3.394899366465477589e-04
3.267983640457717343e+02 5.367523868942757872e+02 -6.009659172678824893e-03 -3.264396979283005519e-03
7.452203288422946343e+02 3.966203554278355341e+02 -2.595661428741474069e-02 -1.455511245087496436e-02
8.508069696983920949e+02 9.313948244375214927e+02 -5.102096909936200365e-04 -2.371230823686940861e-04
6.308219622345289963e+02 3.839553442554504841e+02 -4.794125583506827701e-03 -1.041475444697477493e-02
8.188587836808421798e+02 3.584852383877393436e+02 -5.236080481696749056e-03 -1.508523459131421406e-02
9.303065715475948991e+02 8.358818318363920525e+02 1.046151061040862841e-02 1.804657309718896889e-03
6.160042095526539470e+02 4.161925654632519809e+02 4.100371444601005194e-02 -2.621089265255310830e-02
5.441529784413817197e+02 4.085459227966100570e+02 -8.703868178507504589e-04 7.380177672763409786e-04
2.378846440673148379e+02 7.395649901900746954e+02 -3.127240304808769685e-03 2.363224605022482341e-03
9.775169971464963510e+02 8.455746765121241424e+02 1.724667804025314249e-03 6.233916113549838305e-04
5.448917115542105876e+02 4.828397203353377449e+02 1.098714284035841055e-03 2.980237470965919205e-03
3.141414550102859948e+02 4.701871176374140759e+02 3.081530167886546538e-03 -3.586489521113786559e-04
9.340455930866655763e+02 8.660265570387298339e+02 1.877681728842617304e-03 -1.727396292281891147e-03
3.227440674054571446e+02 4.804127427817489888e+02 6.915626428738027957e-03 -4.748680313964136722e-03
9.725293943137301085e+02 8.303937670171218315e+02 -3.082593837628490666e-03 -1.324169783841999378e-03
2.203709186165992264e+02 6.858150103392595156e+02 2.563730339224519310e-03 2.026329664007258356e-03
5.051920984838592403e+02 4.469518009745414133e+02 -4.239507205597581492e-03 5.934944520000084815e-03
6.619413278038952058e+02 5.233417437281392495e+02 2.240197730632999956e-02 -1.571238159457683664e-02
6.230161742936461451e+02 4.238232410695355838e+02 2.947228365559734220e-02 -2.010472851872470781e-02
4.762785590461484730e+02 4.658270273119322837e+02 -1.635230963284645296e-03 -3.304465271235761201e-03
1.016664169976569383e+03 2.741589519249880027e+02 4.010513284685099551e-03 2.229754744551221048e-03
2.069404358345233845e+02 6.967959066852375827e+02 3.310457429128717093e-03 3.832151086958174931e-04
2.513809137810320351e+02 5.017136375698897268e+02 3.793659895074742716e-02 5.504722610783625847e-02
2.270547326387865326e+02 7.033156439045203570e+02 7.580604375470504849e-03 2.076566107593344479e-02
3.028380737609994071e+02 6.241756978414643982e+02 2.175786221208862031e-02 4.404646984526287661e-03
2.622274555212425184e+02 7.354400352294609320e+02 3.334604061848548979e-03 -6.555650790447895178e-03
2.551770899964235753e+02 6.460054785015644256e+02 4.809776553069767917e-03 1.361595069080058246e-03
5.876013216051678683e+02 4.522251013333453216e+02 2.893596338824386532e-03 9.569829215224380167e-03
2.384054266418350778e+02 6.940934853598290601e+02 -1.497941114121935672e-03 -4.034360011876805818e-03
2.645922561184897859e+02 6.351814422030213336e+02 5.421401777166780537e-04 -1.029219250934750897e-02
1.002066304832480455e+03 8.757481864256702693e+02 -2.321483808991120241e-03 3.125305521656051785e-03
2.620671481714363154e+02 7.275352798525461822e+02 -5.310230945333319422e-03 -2.247650477726784689e-03
2.652578095677722558e+02 6.193748400477518317e+02 -1.103968303034930272e-02 4.328719411657880496e-03
2.541559150387261070e+02 6.870347314758657831e+02 8.412417288053743994e-04 8.564703352567674607e-03
9.293679103807395450e+02 9.045632998595597201e+02 -4.057635187545165570e-03 -2.940412057258450472e-03
9.509497088464967192e+02 8.965288758428774827e+02 -1.026702226088016014e-02 -7.835274909586704278e-03
2.513156378234730823e+02 6.705469298848055359e+02 1.531832675527400843e-02 8.758873263589900260e-03
1.012597861305163065e+03 8.518394618509944394e+02 -6.107770122327726937e-04 -1.541950500779313410e-04
2.302945834005750498e+02 6.711107486512329388e+02 -1.573789729566823017e-02 2.598572214033128755e-02
2.945770248100664048e+02 6.207550774297269527e+02 -2.575166435958286745e-02 2.085063869656163943e-02
2.527505924639966111e+02 6.331769887561885071e+02 3.334472350398881135e-03 1.153611408728177738e-03
4.342144862753425514e+02 1.084501900781984205e+03 -4.898972208687465968e-02 -2.768040860286923120e-03
7.326741799597280078e+02 9.314485167617747265e+02 -1.124593723016185237e-03 -2.479124167998274231e-03
2.320255751836573097e+02 7.369940384082264018e+02 -5.219806818327904149e-03 -3.301953685722044517e-03
3.121243179108791992e+02 6.483677132856313392e+02 1.055190320284108904e-02 -3.033864489937892171e-03
1.186446111340134848e+03 3.908356217335485212e+02 -8.427038507158280626e-04 3.281161502758154005e-03
2.281260357117878073e+02 7.505789165022242742e+02 -4.657412329251964765e-03 4.931155253774308425e-03
1.044416999166749974e+03 1.827217142193334780e+02 -1.940629958569321106e-02 1.301149685762388042e-01
2.402785093339311686e+02 7.265863280574161536e+02 -1.175036354233257273e-03 4.006958699957328777e-03
2.623680239589255621e+02 5.777466101573432979e+02 5.395009765783749869e-03 2.557927068033398477e-02
1.000480361600710467e+03 2.248818552054081863e+02 -5.219943945581861401e-03 7.559124088725083235e-03
1.018176383994895218e+03 2.655714453670199759e+02 1.495985415478553711e-03 1.305192956100776139e-02
2.415968774538028754e+02 6.845201388903110455e+02 -3.766030124825586571e-03 -1.224992209896605920e-02
2.750001527553434926e+02 6.986367412943644695e+02 -1.250805238435820539e-02 4.351079070122771189e-03
1.152936310349641644e+03 3.616774164189978933e+02 -4.554009177037178675e-03 -1.156733490581408029e-02
2.185256462210643917e+02 5.930970445761349765e+02 1.709520622399048713e-03 -1.128957495016635199e-01
6.046551109942057565e+02 3.989246389684383871e+02 -1.591306421797787304e-04 -6.503058219409174785e-03
2.261175528627956623e+02 5.867416128612504735e+02 4.948850660872438668e-03 -1.068089762708696322e-01
2.448132312692785888e+02 7.613296610132966862e+02 2.561181009263639816e-03 -1.560494478084284127e-03
2.637158104851476992e+02 6.561354514794559236e+02 -2.413710963840386310e-03 -8.328945051577494804e-03
3.276851548080555858e+02 4.964905666983878518e+02 7.313874408213910314e-03 -1.516661975100836758e-03
3.125048166914398848e+02 5.871994123102275580e+02 -9.187498066783311842e-04 -7.533396204393067938e-03
2.063167484819846038e+02 7.241046044912048956e+02 -5.492579416419188882e-04 -4.194615815554198456e-03
4.935237939570625372e+02 4.543745702284533650e+02 1.276358743667731243e-04 -2.927030036105541903e-03
7.201485581040380168e+01 3.169676421214142579e+02 -1.171105351033648387e-04 -1.327123188774645369e-03
3.146312108018407230e+02 5.688494246097870928e+02 -3.198211737551761268e-03 1.413921891893065049e-04
1.012531908861974443e+03 2.621554772050850488e+02 -1.999149165095053058e-03 1.896118113379847286e-02
2.289754827766959693e+02 7.744635760553343289e+02 -3.490258795471367498e-02 1.264918662404807513e-03
1.045994164939976145e+03 1.697036094301919320e+02 -1.491283836442985622e-01 -4.016507982642323477e-02
1.887942042579076656e+02 5.400813077575893431e+02 -4.240469685985677473e-02 2.997123129987380730e-01
1.022141662558942244e+03 8.645482256585972891e+02 -3.150901489015952954e-03 -1.782454709400824048e-03
4.884184863386018947e+02 4.761553111510267513e+02 -3.855088987423002309e-03 -2.016037325943508766e-03
5.363517558253430479e+02 4.285422870077153448e+02 1.382719603938231375e-03 -5.399417673961106647e-03
2.664699431857261516e+02 6.261052136016812710e+02 3.643828759577175461e-03 -7.463027210131276644e-03
5.217378306204853970e+02 4.614684006822865285e+02 -1.910143436537572797e-03 -8.772981919939934134e-03
1.058348939486322934e+03 3.022513012441562523e+02 1.207559363068200914e-03 -6.480729416502058714e-03
2.850106011385385614e+02 5.494219532674819675e+02 -8.355412727256195798e-03 -1.934158286160772566e-02
2.327491645584439937e+02 6.297803705668306975e+02 -2.394907138991167906e-03 -1.259682505085290465e-03
7.072873785533103046e+02 4.252241358784623344e+02 -4.200305623932182320e-02 6.862651381806186487e-03
1.005683472533073200e+03 2.276363756945362979e+02 -1.349757917654246251e-03 1.736012258747438378e-02
5.534870089320546640e+02 4.833046466736603861e+02 1.906359440022017569e-03 -2.897888074207147311e-03
2.556037508669266174e+02 6.998609466002285444e+02 7.990998341453254313e-05 2.831174570658704856e-03
5.028960223364604190e+02 4.683739424136767866e+02 -8.751121521429310046e-04 9.072594206113287693e-03
2.386224766779963034e+02 7.105688223058310768e+02 -8.884006239475127076e-03 1.110075072572294392e-03
2.202934042795542666e+02 7.195290690271486937e+02 9.882548278243754106e-03 5.649059602633585073e-03
2.126611169291804515e+02 6.324451639597984922e+02 2.471195464937467681e-02 -5.414089625707791537e-03
2.580882422761256976e+02 6.942535477725517694e+02 -1.143944833017940255e-03 -6.468052525677437520e-03
2.998821350834946884e+02 5.671554065385159902e+02 -5.253103104328800226e-03 2.263157605566133018e-02
2.182706652423742355e+02 7.228858171066138993e+02 8.165487917965053716e-03 -5.421824443575619379e-03
4.972326789747650650e+02 4.678124250085855351e+02 5.364040214553734845e-04 7.581539897995695151e-03
5.721537119975321275e+02 4.140225501494545028e+02 3.519783348889573768e-03 1.695531975139707645e-02
1.205578286186229889e+03 2.791603779601554720e+02 2.187865520497352459e-03 -1.143362026841534401e-03
7.480522207416653373e+02 4.420533615992840168e+02 -1.288125016550226154e-01 -1.170490029087009887e-01
2.195208729255450919e+02 6.977555745093847008e+02 3.332937195109131334e-02 -1.324885798470463181e-03
2.730533011564895673e+02 6.253301736384075866e+02 2.262519810217597169e-03 2.307870858741429589e-03
1.043680637664469486e+03 1.959368216070219546e+02 2.173607150300112950e-02 3.795015446431362210e-02
3.008247289430483988e+02 4.088664168307855675e+02 -1.439155778591679532e-03 -4.043441667750577971e-03
7.840932199978213930e+02 9.366232274543943959e+02 -2.420269378251417667e-03 1.066740237358389286e-03
2.477899528857705889e+02 7.316334890315742996e+02 -1.489027794387048301e-03 -7.101839299247160345e-05
6.062263007936956001e+02 4.066024912162116607e+02 -3.552995088471512432e-03 -2.585228061300515624e-03
9.765261617826147358e+02 8.650249483674549538e+02 -8.744754280724459719e-03 5.753060755756622159e-03
2.451087168466326318e+02 5.020790727949124630e+02 -9.209130149849390976e-03 -4.928699044493968333e-03
2.453950106093519139e+02 6.186694630172186180e+02 2.813871179973762688e-04 9.352080689672500127e-03
8.095729698278511250e+02 4.022339835085584241e+02 -1.818226097246017359e-02 1.261559413193208933e-02
5.449683714642230825e+02 4.288565505532293400e+02 3.148539931230246239e-03 1.084113434134370384e-02
1.175213717309477715e+03 2.103148692061347163e+02 -9.182991582995125857e-03 2.172993622027300994e-02
2.720495928420598375e+02 5.636547674431827772e+02 1.223079724057486077e-04 1.288998496497607490e-02
2.704521858956367169e+02 5.368841222343379513e+02 1.241620337780396238e-02 5.236955502076141682e-03
9.413593619872956424e+02 9.000633248718548884e+02 -5.810615373143894133e-03 1.914668015621089720e-03
3.261407561670692417e+02 5.040390292174819820e+02 3.583373166654071993e-03 3.103474381060383931e-03
1.159940131637655440e+03 3.747138531921003732e+02 1.400279399806797628e-03 -1.865029282956777782e-04
2.165676080412577846e+02 6.246849782250931185e+02 -1.519150982777388581e-01 9.543119385295094348e-02
2.453534228624899072e+02 5.423834100428317697e+02 2.937919913690091936e-02 -1.294476351487523214e-01
2.398085463690918004e+02 3.580009650561364083e+02 -7.441350418805529887e-02 -4.050222652978484605e-01
2.803571656532741940e+02 5.954821511510781420e+02 -1.149319684352779298e-03 -2.805107627345325080e-02
9.732907932944158347e+02 8.636197174809482249e+02 7.735315153843990918e-03 4.119172583095365332e-03
2.648166030377166749e+02 6.499298334695054109e+02 3.840988292755818934e-02 1.256030341261575242e-02
1.247752242046215997e+03 3.012132364663249291e+02 -2.905176556042434605e-02 -2.256577503550204894e-02
7.696223287847367374e+02 3.977360227350234254e+02 -3.172587526760838657e-03 2.362163849466465074e-03
1.172688517787127921e+03 2.361606799397120255e+02 2.632239737698063853e-02 4.618085798089022198e-02
2.752779020724013890e+02 6.822534225019778660e+02 9.630127299828927789e-04 -1.455931010802897184e-02
2.308810646929674135e+02 3.507922445660920516e+02 -1.105909045997455625e-01 -3.694905254111883752e-01
2.496333494106449393e+02 3.864577513383824225e+02 -1.298284546464906763e-01 -4.096346820900856889e-01
4.916661755596048806e+02 4.824560356581757219e+02 -2.244167598686351399e-03 5.234607227437479068e-03
1.202151418196891200e+03 2.443067868340462212e+02 -2.981611288123080846e-03 9.114329248137495801e-03
2.888013941220956440e+02 4.980272454867330794e+02 -1.928775813543761848e-03 1.119213249243406795e-02
2.639212453095731234e+02 6.859651689700498309e+02 -4.998815805314023135e-03 -2.371923698199292826e-03
7.596057307087129402e+02 9.107104429104510928e+02 5.056546222495439391e-02 4.669781619536659406e-03
2.259021243406709232e+02 3.072916571706391551e+02 -5.046423642409700316e-02 -1.655572394272467884e-01
5.436981431012757184e+02 5.122393512352184644e+02 3.313598575834593180e-03 -2.353198563135868587e-03
1.180477035534365996e+03 3.913242296116174543e+02 9.008668745797993732e-03 -1.359243750329029547e-02
2.998214571666900383e+02 5.100521968570256490e+02 4.604070696890212241e-03 -4.297914200792952479e-03
3.138822165865650504e+02 5.551269633470649296e+02 4.067060256706536182e-03 8.016782289643635540e-03
5.922557005188276662e+02 4.843373830513409644e+02 -2.435799356846635785e-03 -1.050904824266203109e-03
1.075692980516420221e+03 3.106361904201141897e+02 2.564645805066019871e-03 1.985260846032531985e-04
2.247597293708403754e+02 3.138712238465018345e+02 -5.600189334264746299e-02 -2.314417969020688970e-01
3.934132949948704550e+02 1.089096404956578681e+03 2.854846197485382616e-04 6.485604892937358017e-04
1.225041052034278664e+03 3.604305292219735861e+02 -2.399944971471941729e-03 -1.428041204366982224e-02
3.937887360587283183e+02 1.095208096095450401e+03 -1.507248904594817897e-02 -6.173243114485873172e-03
1.024852030552114911e+03 2.611904983557895434e+02 -2.305965469509144335e-03 1.087346630905214242e-03
2.652250239639831761e+02 4.527472913840173305e+02 -7.909587460378272872e-02 -1.996958775145611376e-01
8.860676807686900247e+02 9.294306436288050008e+02 5.209403679537620872e-04 -2.858691632889414063e-03
2.713956760882172716e+02 5.485844279972794766e+02 2.772218868626218167e-03 -8.009075984071134524e-03
2.589207632830324997e+02 4.477100562255104137e+02 -6.805720442812039639e-02 -2.032012428359982747e-01
2.737918225244700920e+02 6.066200603264699112e+02 -1.932904888678370348e-02 3.333869757850179555e-02
2.347159897693490223e+02 6.493122119641747076e+02 -1.460662476392488897e-02 -3.251164010246629897e-03
2.803711727866984234e+02 4.661989115103011159e+02 -2.468144633824765266e-04 -4.240751298644988149e-04
1.023546811732369179e+03 2.443185421743178836e+02 -3.367715944875388639e-02 1.907322049472505096e-02
2.238859198844068601e+02 7.563756390134117282e+02 4.189640489075804712e-03 3.721325784262811964e-03
2.076255512446050489e+02 6.477155069461840640e+02 6.176595251567881112e-03 1.176140763222389366e-03
2.441553437506876207e+02 5.147648916915594555e+02 3.453157488291063587e-02 -3.861025204308490139e-02
1.068566391042336136e+03 2.319158368775929091e+02 1.510309463626774429e-02 -3.952230662914678165e-03
2.760595159306579376e+02 6.712597363806835347e+02 -8.007079179023013707e-03 -2.592555393889169751e-02
9.599945924574924447e+02 8.316106693828511425e+02 -9.173205686541150566e-03 -3.440715639314502819e-03
2.538920357654849624e+02 3.985778551154769502e+02 -1.289247985591324419e-01 -3.846006674966668260e-01
2.634613588259728658e+02 4.817552817649121266e+02 3.304615349535109520e-02 -1.137543503781781734e-01
1.974086665095139779e+02 6.919021590963416202e+02 -1.860966580040601965e-05 4.469476529717473882e-03
2.924536223571503797e+02 5.504801838821750835e+02 8.643782590218277925e-03 -4.181788675124819415e-03
2.321642698952211106e+02 5.162446114385365945e+02 -4.722451473431683085e-04 -5.038329603247564126e-02
6.129281149416589187e+02 4.264808404458967175e+02 2.181274292330398143e-02 1.579349947027060969e-02
9.361768777911443067e+02 8.880531332194234437e+02 -7.031667255226707082e-03 5.612006021083693931e-03
5.485683214802870680e+02 4.422236301990006382e+02 1.187797048633811860e-04 -1.037042288010858390e-03
2.400222352133023094e+02 5.035292254167025021e+02 -9.553620696286259373e-02 2.275784036440223757e-01
1.033340760670219879e+03 2.598469612010943592e+02 -4.784765033374503533e-03 -3.767299087202769740e-03
1.034269935809243634e+03 2.847975386572595653e+02 -3.675567048953825612e-03 -3.346415019883793550e-03
2.680765114806595761e+02 4.939586609044662850e+02 3.328653686481339302e-02 -1.118804609857773913e-01
2.183375860707852780e+02 2.933786815820843685e+02 -6.159999872656329173e-02 -2.018922616831987649e-01
1.025618470727377826e+03 1.811428975195335624e+02 -3.174017603678204111e-03 -8.974579961223508665e-03
2.657457078755361977e+02 4.570957573597679584e+02 9.383680675764232912e-03 -1.909741698801235288e-01
9.825855678635153936e+02 1.920893766906668532e+02 7.871530575657023632e-03 7.281652795656424646e-04
2.773324031541918657e+02 4.478275737713447029e+02 1.942868813710735276e-02 2.129097907006364046e-02
3.090631595823561497e+02 4.942348165253150682e+02 4.481196952431308958e-03 -9.050221300170316341e-03
2.983586220891854168e+02 5.155571722403415151e+02 -3.688998995404056246e-03 -3.853799576904523572e-02
1.039163279341347788e+03 2.817733678466200331e+02 -3.150363830015728839e-02 2.601802895158455281e-02
3.920599406420255377e+02 1.065700921868523892e+03 6.296790348893401175e-03 2.984508617594269103e-04
1.164156608161006488e+03 1.438795976321506771e+02 3.678192412402189054e-03 5.910940092393962217e-03
2.174277296923866061e+02 6.468643521663424281e+02 1.068701702736560809e-02 4.037907267958178517e-03
1.180378635196121422e+03 3.285676695715837354e+02 -1.038797034166551864e-02 -1.123280432590049657e-02
2.129722398599855069e+02 6.654076120185586660e+02 6.448463257779374000e-03 7.167407565769299237e-03
1.072713535989175853e+03 2.227291107532402634e+02 9.119096664303785738e-03 2.744017945931436636e-02
2.517882804430506098e+02 5.165376610584829677e+02 4.685966273155902501e-02 -1.503558705487164637e-01
2.635439779843350721e+02 4.976055806058490703e+02 5.353896938120642629e-02 -1.445207426549912078e-01
9.442211970163072010e+02 8.555388400659832087e+02 3.305610982627711462e-03 -1.615635125427606917e-03
5.120203487807547162e+02 4.256386461584002063e+02 -4.119414361514035089e-02 3.510324806062566777e-02
2.705286435920517647e+02 6.962285336157449365e+02 7.705787924930860601e-03 -1.433386988013817150e-02
7.887474530688774621e+02 4.017107698024186675e+02 -2.355941124586245425e-02 1.386391158128149129e-02
1.040360819509121939e+03 8.633744033592437290e+02 3.117594969366884079e-03 2.283061318275985893e-02
4.801094042443377248e+02 4.696934564439298470e+02 1.024806823271220361e-03 -3.662538846523409435e-03
1.051287056963263012e+03 8.454083812078810070e+02 -1.613580611614686289e-03 4.367187556612866714e-03
7.920198650412738743e+02 4.062526686736160286e+02 1.343953919769485909e-02 3.096641228201896853e-03
3.148067719711610266e+02 1.077928793420851662e+03 5.356479946763867753e-03 -4.757726784268159412e-03
3.334935192782347144e+02 5.262716551121984594e+02 1.490900506983863175e-03 7.050181073712131000e-03
2.338065292461931790e+02 5.325835997916836959e+02 5.722052308562124157e-02 4.970790728957873855e-02
1.051680608144690041e+03 2.996190623388366134e+02 -2.204920154020661646e-03 5.614198187996939128e-03
9.802558971664245746e+02 8.530922007224576191e+02 -2.407045420199264779e-04 1.544348771059310009e-03
1.571594261139395314e+02 5.085805968144400140e+02 -1.382304103318602595e-01 -2.765869857184649061e-01
1.302268099503113035e+03 3.443473165694517775e+02 9.573282373963089287e-02 -1.719671059351126838e-02
5.606551517521495498e+02 3.926035187920509202e+02 -1.644494040490799549e-03 5.804724956875014809e-03
9.250938906095049106e+02 8.928823506751481318e+02 -2.279717677685884087e-03 9.076225910737973149e-03
2.828111267415503107e+02 5.616911614968682898e+02 1.330097528761940619e-03 -1.049113286109723715e-02
2.917107450752709497e+02 5.643365311783194329e+02 4.721320829969949742e-03 -5.158428055141944454e-03
1.148934830972675400e+03 1.897450578360982263e+02 2.605649286300435255e-02 -7.468468375238595212e-03
2.632722142400104985e+02 5.095894868759433507e+02 3.062381681120156587e-02 -1.577184347881044335e-01
1.199754164712664533e+03 3.505518687348666163e+02 3.039557455158591395e-03 7.731169222484588453e-03
5.021081561099231294e+02 4.385237296571840488e+02 -3.982890741881554668e-03 -2.472093610084685864e-04
2.236235335566817071e+02 7.221591399426823727e+02 -3.507518539681588748e-03 -1.024488442798055128e-02
2.684766463672457348e+02 5.104459761250649876e+02 -1.750439037358253805e-02 6.070709367929681168e-03
5.102362069424505080e+02 5.235619527617932363e+02 5.282382059673262908e-02 -2.616251762663181300e-03
9.608385206602198423e+02 8.930003356816710038e+02 -1.680972473162221578e-02 -5.795952035249107501e-03
6.401362844023306025e+02 3.753867956816888523e+02 5.630026510573878963e-03 -3.031937594152852959e-03
1.869867215753504581e+02 6.815989671804594536e+02 -1.101659522829732951e-01 2.924016819208477003e-01
9.877961085472246623e+02 1.919353621175118576e+02 -2.079223844205417104e-04 -6.788444523602992810e-03
1.054088339441880635e+03 1.823330241235410938e+02 1.024320096155069019e-04 -2.446693119292863913e-02
1.081750140365602419e+03 2.235303898702337904e+02 1.279872197526424078e-03 -1.104368733993482308e-04
1.080822089605407200e+03 2.041895235228711840e+02 3.086659595159614231e-02 6.751854279460724802e-04
2.371600354621427300e+02 6.131998455142396551e+02 -1.884714008548354636e-01 8.425534382128699318e-02
2.837547284909484233e+02 6.780781235433930760e+02 -7.803258701037880940e-03 -1.106110843337130070e-02
2.992232117286916946e+02 6.501956718020171593e+02 4.385896783184316250e-02 -1.345543573842459747e-02
2.731190079256145395e+02 4.070550495674129365e+02 5.437517793568204943e-02 1.617304569907921374e-01
2.191539091506779755e+02 5.714110949014162770e+02 -1.330509845180477026e-02 1.300222524781387001e-01
2.122550053092137716e+02 5.735867483103750146e+02 1.866110618136267857e-02 1.261296480210889470e-01
2.065283733731587859e+02 5.789115414931478654e+02 1.966947890168390875e-02 1.454632989840446144e-01
1.236205011374533797e+03 2.581546974155587577e+02 2.738048406888425601e-02 1.833835746268586489e-02
2.725307218966963205e+02 4.611113100345505700e+02 -2.252983362943960025e-02 -1.721722802574344457e-01
1.224191768025931879e+03 2.433864673091940176e+02 -1.661039547075188541e-02 -2.598052811299060572e-02
2.576996680614091702e+02 6.223016562750110552e+02 -2.184824217898373097e-03 2.227173488967588901e-03
2.436747535847423194e+02 4.896500487859005943e+02 -1.649818231334545804e-01 3.433467621946408865e-01
2.671204072975676240e+02 4.063661959340496423e+02 5.422027837132792349e-02 1.772583791392434160e-01
2.176454535652756022e+02 7.658764593821290418e+02 2.761399410825232225e-03 9.827379599637470556e-03
1.182318276802199762e+03 3.411605103323832395e+02 5.442926709707030831e-03 -5.661434062985092747e-03
2.725323689183012448e+02 5.919351599392613252e+02 -2.602869514401960627e-02 4.929852535943916175e-02
1.120012916911145112e+03 2.330483230851791348e+02 5.934685544980536354e-02 3.033453866933486301e-02
2.276596190859213209e+02 3.291160165898281207e+02 -4.819487263666719784e-02 -2.824244611297875851e-01
1.054497698234235031e+03 2.352208815574407481e+02 6.205808941740992984e-02 2.524697404994153405e-01
3.096509342377359530e+02 1.060087022029458922e+03 1.555643044487270768e-02 -1.374890029370083588e-02
1.042994626435404825e+03 2.528639324721679884e+02 -5.422950701556893881e-05 5.889776714208930924e-02
2.554430520683918360e+02 7.466754971416353328e+02 -1.407072563221624818e-03 -4.158052502375404920e-03
5.298336894502112955e+02 4.378822312628631721e+02 4.906122555206649492e-03 -8.627152680182150965e-03
2.300423371152526784e+02 5.462567731929552792e+02 3.461174059375570627e-02 -1.798688876204690423e-01
1.036518749148985307e+03 1.648576083664863177e+02 5.098251597056188689e-02 -2.042625938570122590e-01
2.786669435440813913e+02 5.137056607734415365e+02 -8.628141062891442684e-03 7.777077221963637869e-03
4.655480214763409208e+02 1.099389149226483596e+03 -4.525075757168686187e-03 -2.828759026805086930e-03
2.737137692202653625e+02 3.925000169212607943e+02 5.569316711195863162e-02 1.792056386975003635e-01
2.505983633371731969e+02 5.506839882681472318e+02 1.458552721045792977e-01 -2.183203359975953439e-01
2.424231850616648671e+02 3.768354408241172564e+02 -1.355427641313676768e-01 -3.585431519994193295e-01
1.217318928456692220e+03 2.186994588743878865e+02 8.523893838371642342e-03 -7.305960328644045369e-03
1.035566897479336376e+03 2.989696506389081492e+02 -1.365861458918858542e-03 4.411844808622404114e-03
1.559413580371481203e+02 5.186526767231763415e+02 -1.192836846091480663e-01 -2.580781348622685489e-01
1.019597140668275301e+03 2.353993790429021544e+02 -5.423018508450371152e-03 5.218898035997143227e-03
2.339100032192982326e+02 3.465334205439529569e+02 -1.284933499580004079e-01 -3.717161826613457065e-01
2.175518879547874462e+02 7.603321711249254804e+02 1.171533735988633746e-03 5.678137436367287124e-05
5.895966416891906192e+02 4.787049484275480040e+02 -3.886834210722536244e-03 -9.155028773989215551e-03
1.170695684001668951e+03 1.711651446970281540e+02 1.553290887131699403e-02 2.061466122683324256e-02
1.108663018376458012e+03 1.796379812939939598e+02 9.394072300293679345e-02 1.350580935361528345e-01
2.786608767614182511e+02 6.049314881986491628e+02 -1.669809003589203767e-03 -4.498458370175519895e-03
1.124093802055032029e+03 3.402119333091839053e+02 5.549393463340520152e-03 -7.136108713990720878e-04
1.113586051502561304e+03 1.886523514347538821e+02 1.036540399465733092e-01 1.655374167243385194e-02
1.029910051751471201e+03 1.937805364624894935e+02 -1.554935434373558951e-03 6.207726137175216714e-03
8.274623140966824622e+02 8.747556484278860580e+02 1.824182409936523459e-03 5.948560346794666207e-03
1.106945828079663670e+03 2.312514911230184396e+02 2.564982831033222818e-02 -1.668821640915702648e-02
2.341289152183544502e+02 3.268456933346326423e+02 -4.722700166194956917e-02 -3.417232956273104638e-01
2.395479539294441338e+02 6.180587724126570492e+02 3.677102790969864060e-03 -2.601315367511764821e-03
1.162358694420757047e+03 1.912325503381349847e+02 5.659741761899855957e-03 -2.210324377235348137e-02
2.135010534479289390e+02 7.570727657624419180e+02 2.552236779260594248e-03 -4.101898109043119675e-03
2.337812688589087884e+02 5.903655394051643270e+02 -3.386035386823451482e-02 -7.507684951184670497e-02
2.694181630399699543e+02 5.801416322334390543e+02 -5.161972721378621900e-04 1.977985569214529057e-03
2.484977345577722758e+02 6.874611217250851496e+02 1.488643600432264019e-03 1.550312831882635781e-03
1.169361906760083230e+03 2.229278229828085784e+02 2.052454244827314669e-03 -3.204337028732046934e-04
1.018472935386086192e+03 2.168813566997768589e+02 1.784949055149809283e-03 1.678888465124659399e-03
2.911531009661766802e+02 6.321593711598113714e+02 -1.550499375927603604e-03 4.105055262110872752e-03
2.596948263001218606e+02 7.181548208085781653e+02 4.983424107230335041e-03 -4.325027819865933341e-03
4.817742712939060539e+02 4.469618914550156887e+02 -2.571498573757091070e-03 -1.132291747893982535e-02
2.189904780231886150e+02 6.357281560952462769e+02 1.562434129719423789e-02 7.625529754136550764e-03
2.710052002326140155e+02 3.745924441833786886e+02 2.459572788671217022e-02 7.567681332963419050e-02
1.147465742054463817e+03 3.740763365859367013e+02 5.351215105767802814e-03 -7.411153562618820641e-04
3.222405593287781471e+02 5.462049050097530198e+02 -5.978259885335607433e-03 1.095807906706611039e-02
7.649357242117140459e+02 9.181678701358133594e+02 4.659003199562768323e-03 -8.476795551888865630e-04
2.707067006260521680e+02 4.442985673676788565e+02 -2.498276574470823311e-02 -1.852364751168694146e-01
5.080368490627829487e+02 4.952208960170059981e+02 1.609239351306440474e-03 -2.934203673678686865e-03
2.356836961728140238e+02 6.409095555439644158e+02 2.507260179926603869e-03 1.508599716278623227e-03
2.618211615169155380e+02 4.365870139218516783e+02 -8.473974788003461878e-02 -1.818239146714680232e-01
1.177300715089458436e+03 3.415067534613100406e+02 -1.185719207044955842e-03 -9.581634535454488372e-03
2.740679334870015396e+02 4.772257938008543761e+02 2.950049303398945017e-03 -1.214065279717585905e-01
4.640583347934031622e+02 1.099986619672621828e+03 -4.185742326016414494e-03 -2.877663090668990033e-03
2.419912427230222534e+02 6.610348363581797457e+02 -5.054926594222913664e-04 1.178643252154811839e-02
2.550593000766109242e+02 7.348911084108260638e+02 -8.067797475983597838e-03 -4.431662136082673009e-02
3.369214452731919209e+02 1.056055067651672061e+03 -1.272121392622637499e-04 5.412559175470456471e-04
1.167783110178178504e+03 3.200681605096812632e+02 -2.891954127177753103e-03 -1.060103544704257784e-03
2.464024048563833844e+02 3.591023288244002174e+02 -6.375691573330557679e-03 -2.472488158005181277e-02
1.637028013091238847e+02 5.269666619036061093e+02 -1.362081903968647423e-01 -1.998550043847163171e-01
5.064368216820355997e+02 4.843035243431265258e+02 7.729912409809341217e-03 -3.293501866174678751e-03
1.175639004779743118e+03 3.590408880875507975e+02 4.649482220157092130e-03 -1.442547279663131121e-02
2.402070007725631342e+02 5.382747095312014380e+02 2.384244027403007588e-03 -2.740219561409242346e-02
5.373472110114075804e+02 4.706557439951485549e+02 3.340042288652854321e-03 -3.425391085297948245e-03
2.801409840075563125e+02 4.891051799459907556e+02 -2.707609037141404593e-02 5.290049036714737640e-02
4.796767829327093295e+02 4.425281552312548570e+02 9.873051750058056339e-03 -3.524260848830253028e-03
1.160868367949744652e+03 3.308367661202471481e+02 -8.107919425200824093e-03 -1.122635863581952342e-03
2.225075835832824112e+02 5.926590149581803644e+02 -1.454889837791591839e-02 -1.107889570760231535e-01
2.946811535475853248e+02 5.755784379778598350e+02 -2.623888142934987719e-02 -1.520928972587004720e-02
2.527294396032400527e+02 3.582587304107472619e+02 1.293524015647792499e-02 6.103126808310739039e-03
1.191000894105952057e+03 1.771629622727206765e+02 -4.767519646071548961e-02 6.692778797720325482e-03
9.689856359554911478e+02 8.259423969377643289e+02 3.923628282908532723e-03 5.589804185228561088e-03
1.007624578915146003e+03 2.118715069727646494e+02 2.778914757266530682e-03 -2.513327992998895880e-03
1.037299108001439890e+03 1.765979409813345740e+02 -3.858848638432985957e-03 -1.587309283586910494e-02
1.995154336368713075e+02 5.693439849667246335e+02 4.334674689306692447e-02 1.119186575948313278e-01
2.840164387732889963e+02 6.443660146822604702e+02 4.280970139023851720e-03 -3.358373702894823509e-02
3.839500249268580774e+02 1.077318513260117925e+03 -3.797140277993656804e-02 -1.042318915078974920e-04
9.914316059074836858e+02 2.277742988648607252e+02 -1.901187208406131257e-03 6.152419075644698088e-03
1.199164296751460597e+03 2.595714491283021061e+02 -4.977129572172980278e-03 2.904817741553399751e-02
2.650773492559889633e+02 3.479501429966376236e+02 3.150025126928139314e-03 2.458276336878412443e-03
3.285464595818119165e+02 1.054770438782888959e+03 -1.236711652876634239e-02 -6.130920051981603690e-03
1.133776410885441464e+03 3.894113315283260022e+02 -7.663656819100778117e-03 -4.102542808625164912e-03
7.843685103104643304e+02 9.602667177586722573e+02 3.898983840066072332e-04 6.679247711012481666e-03
3.528868748671917501e+02 1.053621613530926197e+03 2.191507617079977430e-04 -4.114679845049905478e-04
5.921971480380236699e+02 4.591129744329532514e+02 -3.777833363209096885e-03 3.231449246638390654e-03
2.608359056930801216e+02 3.553936111007324143e+02 3.057954899793120535e-03 6.347425598915374181e-04
2.293913957099002232e+02 3.375577185403702174e+02 -1.131624418721439845e-01 -3.402889176550425998e-01
2.528673246497590981e+02 4.150196154052221118e+02 -1.485871975376805432e-01 -3.789236869001746943e-01
3.836475393980043691e+02 1.061457695754047108e+03 1.118212810239930383e-02 1.009356870295140610e-02
2.694784632551223353e+02 6.043890635845168617e+02 3.263595032945427413e-03 1.949389518087384782e-03
2.225970594894271528e+02 5.668253889066871807e+02 -1.240576559072792406e-02 1.346139988856897007e-01
1.182371509311323507e+03 3.711208038326428778e+02 7.461217260724609460e-03 -2.288316410421979696e-03
2.447411989716256642e+02 5.666052054423487334e+02 2.322950527916846364e-01 -1.472918844094422697e-01
1.040707068663070913e+03 2.661406131735114968e+02 -4.926409333129773416e-03 -3.151209272291655844e-02
1.260440040845880958e+03 1.958961675333498249e+02 -1.526438722001528629e-03 1.067668283864426672e-03
1.061650343718141130e+03 1.888763323734572168e+02 -4.254950318318151403e-02 -7.732618146508764279e-02
2.385290021900688373e+02 5.797963214788960613e+02 1.687086642356710187e-01 -8.829347203422710511e-02
5.673043341091276943e+02 4.992144215209144136e+02 -3.361419577676076631e-02 3.473173851528942035e-02
1.029383725447857842e+03 1.646417730217824271e+02 2.069457845661445278e-02 1.351059949621120394e-02
1.058095068053519526e+03 2.726134967454781304e+02 1.134675108987001288e-02 4.675501537803938845e-03
2.131197048163672605e+02 7.219442412601354135e+02 9.447005902805556948e-04 -2.700420594577519848e-03
3.030843445662202384e+02 5.505608512631016538e+02 -4.075978156641546155e-03 -9.249276324413082187e-03
1.197609044799175081e+03 3.260656970926460190e+02 7.906821099347982607e-03 2.259596128794670589e-02
2.965070922546814245e+02 5.396109688908173894e+02 -3.068469508394123992e-03 -3.079855261550466447e-03
2.752759177501469026e+02 6.506696081136562952e+02 -1.214992008224856888e-02 -3.329702960355002909e-03
2.574573070392564205e+02 6.733922044503653979e+02 1.896285481722775326e-03 -6.221299190138500660e-04
2.689677272047866268e+02 6.102258266799996136e+02 -3.605288567089223999e-03 3.747962014751402005e-03
5.916318996901472929e+02 3.886169497995131223e+02 -1.066758129271343745e-02 -3.596817793950637249e-02
2.185003053777546427e+02 5.561895203006532711e+02 9.024157502808256848e-02 1.172373391689909700e-01
2.984310936466980593e+02 4.734803049169606766e+02 6.924494635370029814e-03 4.207465696120296639e-02
3.434861620488978815e+02 1.051190301694601430e+03 -7.473077373566582677e-04 4.993166735371547781e-03
2.582018302960000824e+02 4.857555596551278541e+02 4.366881722029150592e-02 -8.084996472967649617e-02
2.343715551930738172e+02 6.777322691860680379e+02 8.039396829232573968e-03 1.303075594016560659e-02
1.140345333449332202e+03 3.363105717088092774e+02 8.425983179990052113e-03 -7.371798582891984399e-03
1.958433631938754331e+02 6.790693719080500159e+02 7.353209292081247517e-03 3.233735006848958288e-02
7.856888708515148210e+02 9.544884366734020205e+02 2.637107921625308918e-04 -3.472250027942722431e-03
1.266062502089692316e+03 2.036267158639871013e+02 -4.120679249041078046e-03 3.838980766984307746e-03
5.463567465013177298e+02 4.569110624453535934e+02 -3.440628976055350955e-03 -3.993842832059641551e-02
1.193598844007726939e+03 2.262906681511645957e+02 5.109857872990813954e-03 9.407021336412829671e-03
1.204538250326684874e+03 3.604554367630803426e+02 -2.813101645499343009e-02 4.145009143952328029e-02
2.439536140250039296e+02 3.900598454586991579e+02 -1.306399955056550266e-01 -3.951577716289982889e-01
2.538456848074774257e+02 5.030271268461575005e+02 6.614741249012215385e-02 -7.429331519147981677e-02
1.161930424853378554e+03 2.512669968231961946e+02 1.859339299948269478e-02 2.008208180133959908e-01
2.594003083369816522e+02 3.337093317212589341e+02 -1.089866841301603828e-02 -1.662957706781922331e-03
2.291388920678364798e+02 6.481274949341726597e+02 -6.265635206330721040e-03 1.337795704780591548e-04
2.174993191800501791e+02 5.385767520563481412e+02 1.098319874307018412e-01 1.274932855313345992e-01
1.195610765487781237e+03 2.320955989206203185e+02 3.634723179167921592e-02 -4.571081479216299037e-02
2.494635183810686101e+02 6.492815825736396391e+02 -2.259285063882604701e-03 4.848006277188237831e-03
5.906252340585029970e+02 4.165244962319535489e+02 2.521516265144080424e-03 7.781129725111724698e-04
2.173537796200664900e+02 6.768773560448498756e+02 4.483732953147945809e-03 3.241055260602506327e-05
4.635662728159076664e+02 3.924234389903556917e+02 1.545356249580706289e-05 7.934823019863330518e-04
5.484938812030799227e+02 5.019671261258745290e+02 -1.877845824055771745e-02 -1.391990328019378220e-02
1.008459162697793772e+03 2.349803520785289948e+02 4.830069478378454240e-03 -1.280891054654252903e-01
3.718902908480294514e+02 1.090222404775139012e+03 -1.280348143079843709e-03 1.774487411102209072e-03
4.168923466244119140e+02 1.099873649057264856e+03 2.062104613985816983e-03 -3.761211324640814104e-04
1.234788181513957170e+03 2.980793135410626746e+02 -1.053825606776635955e-02 -8.829769194814823460e-03
1.519546753863044160e+02 4.872906387217052497e+02 -1.898193837128022143e-01 -3.049236681966931428e-01
2.899887227660499889e+02 4.751890859531096112e+02 4.763074942472276391e-02 1.598660769617413907e-02
1.297800304056367395e+03 3.584406036525712125e+02 -2.051627816585375463e-01 1.425709744564727932e-01
1.172370689104299572e+03 2.488359350746190728e+02 1.053767601228025041e-01 -1.245805466560830944e-02
2.891238640829762403e+02 4.922487861099449447e+02 3.107001165007078694e-02 2.896095962938097235e-02
2.835173656307508168e+02 5.397229965220225267e+02 4.191522249922769588e-03 -6.934368946533572657e-03
2.943391929096280251e+02 5.985705560001988488e+02 2.459178510853594901e-03 -8.531800539581036943e-03
2.829359483445667820e+02 4.493065407058157916e+02 -1.739664147765725491e-02 -9.591158904488723824e-02
1.216252942673939287e+03 3.648500808029533573e+02 -2.292493230373624305e-03 5.982658045756989416e-03
1.204590964267581739e+03 2.632784876029396059e+02 -1.705790966716809812e-02 1.106741037812363805e-02
3.229601262541495430e+02 1.070295894130717443e+03 -2.394839030392521481e-02 2.393407548182418382e-02
1.184928813079873635e+03 1.659735565820614056e+02 -4.315456488732049255e-03 -4.803376600169612098e-02
6.194036237189534404e+02 9.358730689081182845e+02 -3.595893036113506540e-06 4.633856294022095190e-04
1.219230649818800430e+03 3.797198502408618310e+02 9.072445800079053518e-03 -5.986073286166656085e-03
1.218708818123220453e+03 2.984935393474144689e+02 -1.893486620354559724e-01 -1.399107414657883297e-01
1.189259934467633229e+03 2.600459679897243745e+02 -8.303227592982197897e-03 5.266233258168432751e-04
2.368450927066448344e+02 5.517716277227237924e+02 6.329419732542033994e-02 -1.895881173951004250e-01
1.022363672918930774e+03 2.791604266689659539e+02 -3.207720457164150996e-03 -1.000597764715675537e-03
2.562516386334074809e+02 3.852599172170856150e+02 2.974754376859829741e-02 8.615934063798609543e-02
2.262906216069502534e+02 6.847612566959576270e+02 2.671989150982627056e-03 -1.829678996068426038e-04
2.734635978786903365e+02 3.734836880863349506e+02 1.010619604639007539e-02 3.633593115654208672e-02
2.539463913963689095e+02 3.259959214264578122e+02 2.121106104999035194e-02 -4.682294455930408918e-03
1.119171759606739897e+03 1.831735945031832387e+02 1.105088292556254403e-01 9.610668622491345958e-03
2.316443725002522172e+02 5.636044481715039183e+02 2.133915941942069461e-01 -2.326704957861294998e-01
5.185602015250307204e+02 4.752223435989106974e+02 -4.496739092385021105e-03 2.888490622846199424e-02
1.067727267174152757e+03 2.088105426915893190e+02 4.811870723063627064e-02 1.586285831554996167e-02
1.313290153894290142e+03 3.430969259061693606e+02 -1.272332005518058730e-02 2.077095619109223246e-02
2.679088886859309468e+02 5.240919619144556236e+02 -1.061971733742209448e-02 -2.366596530954090047e-03
2.467812543666310603e+02 3.300455006081846818e+02 -3.623682303452430316e-03 -1.477384124416515707e-03
1.220389220312167481e+03 2.378999594915607645e+02 1.366979741139249735e-03 -3.500784078183312442e-02
1.164701011277819589e+03 2.955065255518492791e+02 1.679658077870350708e-01 1.541095396501027115e-01
2.193695177979842583e+02 5.299684414782668682e+02 2.191767563791294782e-01 6.338309651644832843e-02
1.110466955103102009e+03 1.633903356470742096e+02 1.406574190708050759e-02 6.201471112331541705e-03
1.201117467622918184e+03 3.178788094331897582e+02 1.994958216010146168e-01 2.037714131535681705e-01
2.133303907984348484e+02 5.373817560490982714e+02 2.108772389935597846e-01 3.797198414108516468e-02
2.808909611961748283e+02 4.744115672346668475e+02 6.376847978383646393e-03 5.386550713525355485e-03
2.704248886458526613e+02 3.651479898486785487e+02 1.013780996161941540e-02 4.505835897873623069e-02
1.164682311661914127e+03 2.163653052897092834e+02 -3.610677403207998744e-03 -1.379692318545604679e-03
2.964687900692467224e+02 4.635519414997950207e+02 1.461639965534889361e-02 1.841664100448940633e-02
1.139544996834652011e+03 2.180077075970394560e+02 -3.190610070461645520e-02 -1.227541747779371112e-02
1.106170717099326794e+03 2.175009259955299115e+02 -2.824435727578668461e-03 3.192614435479924212e-02
1.004580127017846849e+03 8.193157968717097219e+02 3.865967729279197896e-03 -1.395035441435826980e-02
2.626700539861028574e+02 4.645226946675696809e+02 2.567658295607984711e-02 -1.909191226636198224e-01
1.874372127728202599e+02 6.032076702797678536e+02 -9.486913208152122912e-02 1.063929138442880167e-02
5.481905402713077819e+02 4.109461107826481907e+02 1.727479336649242960e-04 -3.869953534297898329e-04
1.214315909742674194e+03 3.119678976952341714e+02 -3.785334654627298123e-01 -1.693343870637389337e-01
2.665334953169236769e+02 7.158925564749861223e+02 8.195383065824308338e-03 5.559465326263586873e-03
1.098941527433100418e+03 3.029144144515543644e+02 2.215044488391593458e-01 1.478359104342091279e-01
1.085190717899192123e+03 1.901757671004903330e+02 -7.740796750475524568e-02 2.065543917005289304e-02
1.061578479564365807e+03 2.104128980987114517e+02 8.591177938489302779e-02 -3.760114230605288155e-02
2.096958244961610944e+02 5.298259310800081039e+02 1.894231189232410129e-01 7.443225156748779769e-02
1.148559696974573399e+03 2.533235253746565547e+02 -1.783815948693691215e-04 2.822172800503636430e-03
1.145361476839121451e+03 1.791854908201676153e+02 -1.319850846901560876e-02 5.482851928538798325e-02
1.202892730689852897e+03 3.282117770777430792e+02 -4.779864862966590536e-03 4.927886774399917180e-02
2.425177932664557261e+02 3.513047311106735719e+02 1.287463198547534812e-02 4.321941311550943181e-03
9.918483346780579950e+02 2.602932986230231904e+02 5.414160692450900765e-03 -2.122129315167999020e-02
2.972541844288156199e+02 6.445753589891044157e+02 2.766978587924831534e-02 -1.390704934355050347e-02
8.650117239934794497e+02 1.102274114202738701e+03 -9.880768660718111142e-04 6.424596634466376438e-04
1.114728930944245803e+03 2.019051423855567577e+02 1.461734262162407150e-01 2.472574269374658296e-01
1.238397258165125550e+03 2.925645619181098027e+02 -2.243534878948143935e-02 5.721338683986626483e-02
1.183189120858229444e+03 2.150571184171911909e+02 -3.867690900344116119e-03 2.554608601168231047e-02
2.363016810084334622e+02 3.187472810336600446e+02 5.668964546041952400e-03 -3.533713778287309233e-04
1.051627602342204227e+03 2.843967031328484154e+02 9.255278801465285660e-04 -1.149698027444457510e-02
2.031761198133116011e+02 6.828202244982710454e+02 -2.164406320700902695e-03 -1.868121110420577343e-03
1.013225990029371474e+03 1.764535870559220712e+02 1.057359742105520514e-02 -2.563660678643711957e-02
2.204718794821381493e+02 3.047334456430033924e+02 -5.173143004470509565e-02 -1.737917059766298788e-01
1.238950361812659821e+03 3.047168257109761953e+02 -1.786542925981731214e-02 4.693161557698582141e-03
2.645235951101167871e+02 5.414351994747804611e+02 -1.047433759102695677e-02 -8.890395152205894311e-03
1.079807926657821099e+03 1.938040659528029721e+02 2.464334698971010901e-02 -9.993351552355258030e-03
3.838612231895189666e+02 1.089978588380344945e+03 -8.850749508185052836e-03 -1.489841920784549557e-02
1.205880405602862311e+03 2.066142481713715142e+02 1.811643375276617007e-02 -6.866524866685866021e-03
2.405374787774169079e+02 6.122520577197501552e+02 -1.899446236176556280e-01 3.700657847495861241e-02
1.116211962823058002e+03 1.644569973249406871e+02 -2.283572565301985463e-02 6.855218462837624205e-02
2.628241265265732522e+02 5.226288512957005423e+02 2.932034613142001783e-02 -1.506970540040905582e-01
1.213509395116543828e+03 2.708913074159992220e+02 -4.213612925594692298e-03 8.490252513506855309e-03
1.175119240010224757e+03 2.395032092625231996e+02 -2.791828835451594035e-02 -6.263393484105243651e-03
1.186273482485566547e+03 2.690816752323920582e+02 4.698536746072121302e-03 -2.957647504080350691e-03
2.402200864465560244e+02 3.271291518117245687e+02 2.544847130778997261e-03 -1.131309759140175682e-02
2.804973942307586867e+02 4.180487374825996199e+02 4.987128518412292655e-02 1.594980249192821664e-01
1.048220590622015379e+03 2.066432812768562428e+02 5.309526471842893752e-02 4.093545929225824581e-02
2.877907111944581402e+02 6.313878236517880396e+02 3.129970173725016725e-03 2.498253914611362966e-02
5.829358530109160483e+02 3.864773402685802353e+02 1.903542199546102640e-02 7.663705260447183608e-03
9.981159406345684602e+02 1.781381989147518823e+02 3.635833030797233634e-02 -5.204335676577673264e-02
2.591160226714552550e+02 5.048069369495177625e+02 6.837792301841420783e-02 -8.498512829205627506e-02
1.094266360634173680e+03 1.725254898311835632e+02 6.824787524329388455e-02 1.324556089291859529e-01
1.173826695930101096e+03 1.435655963762391423e+02 3.378403585855555002e-02 -1.355899013141608281e-02
1.128634437411205681e+03 3.410716330678349664e+02 -5.108996797099000717e-03 5.641455461027542856e-05
2.875617703718207281e+02 5.802117642369247505e+02 -1.015150292818528359e-03 1.468063047997416638e-02
2.527166587692656776e+02 3.090757351357917742e+02 1.831921359053575310e-02 1.428685356544652681e-02
1.171651567192760695e+03 1.904631407251787891e+02 -7.618927307289190135e-04 4.412316536136660916e-02
1.177897587169478129e+03 1.934458535397294838e+02 1.271821672429327386e-02 -1.489610731806381705e-02
2.775499492422578669e+02 4.395347578588786064e+02 2.610817078716243592e-02 7.878254252451237505e-02
1.170922901827539135e+03 2.563587780003074386e+02 6.676997195271913710e-03 3.413707637032575327e-03
3.017006091533336303e+02 5.817361546473256340e+02 9.205780430654432467e-02 -1.321454326898449314e-02
2.546483916545328157e+02 6.677857025093752554e+02 -2.498135782246609570e-04 -1.713842636117177739e-03
1.058261701277317798e+03 2.619394059173303617e+02 -1.922495314783875461e-02 1.766751043402224608e-02
1.212007401187186360e+03 3.394718703695766067e+02 -8.898673423676756828e-04 -1.570426178603883879e-02
2.592269927908583327e+02 5.215346443015849900e+02 2.258802834029326190e-02 -1.582816117802968714e-01
2.622093368449620243e+02 3.443868774067601635e+02 -7.043308350443346945e-03 2.348778513481593680e-02
1.182684319439360252e+03 2.039182852380997701e+02 -7.289128980056095927e-03 -4.565506221574718742e-04
1.282552435243905165e+03 3.712663773810619432e+02 5.302916084801296420e-02 -1.655554223377872503e-02
1.149755868959930240e+03 1.675301012761428581e+02 -1.549618805269220925e-02 1.284768188281202594e-01
1.989151033658305323e+02 7.151264003466144459e+02 3.802954668371134363e-03 4.378022499851101992e-03
2.063615645641996537e+02 7.169066773161125639e+02 -6.218462336440013991e-03 3.480859214001197615e-03
4.997282592870621443e+02 4.361170062936329828e+02 7.239035718575139930e-03 -4.434798664522190091e-03
1.137433412724652499e+03 1.898329197543945099e+02 -6.284189193006523011e-02 4.705293387597984933e-02
2.412260649761292370e+02 6.400477975437552232e+02 1.634283904916072677e-03 -3.948253369859986914e-04
3.038216150548007590e+02 6.438186240271721772e+02 1.603302201122928580e-02 -2.207227448104281259e-02
2.340060780319541607e+02 3.100324376181197863e+02 -1.240881316229012696e-02 7.446828985332603658e-03
1.160917522480938032e+03 3.940913110423509806e+02 1.877641832330068095e-02 -3.453106112968075403e-02
2.777587003295061550e+02 4.751664343866184481e+02 -9.427577897279848518e-02 -7.923481625974457265e-02
1.145820683362322370e+03 2.767191755169322960e+02 1.576082615421599553e-01 3.428161545376958164e-01
2.813231961913736541e+02 5.043523715861587675e+02 -5.370415401099006350e-03 1.197196796441191841e-03
5.404908486935336214e+02 4.801237934245363590e+02 -6.651011693792957188e-04 3.729749853159256001e-03
5.462449333149187396e+02 4.904931793741083084e+02 1.748575587978146032e-03 1.164026878848515092e-02
1.877500751981920928e+02 6.230669118693660948e+02 -1.876721794183939737e-02 -9.137076327660209607e-02
2.486863803990571284e+02 7.417253024519535529e+02 1.419313430959208075e-02 1.695775436079508675e-02
1.090673148119879670e+03 2.018218185590808957e+02 8.091620550923907078e-04 2.078614605543033234e-01
2.785469362088529692e+02 4.969778703759357654e+02 -3.570406379386927009e-02 8.174836957476039334e-02
1.009041773332623961e+03 2.061794502901058763e+02 -1.597558739776766545e-02 2.936679609192111365e-02
1.177753037613914557e+03 3.740522884028969202e+02 2.018807348993433178e-03 1.341296689451445916e-02
1.019570486344677988e+03 1.778965849592410677e+02 4.871179243464932029e-03 -1.170082545889661839e-02
2.595304352935908128e+02 3.893527902061161967e+02 2.109118261900939234e-02 9.181412304993480378e-02
1.286007958250689398e+03 3.436714729619921513e+02 8.941547724880860581e-02 3.639005813009715384e-03
2.525389757570331142e+02 6.230074289775719762e+02 -1.032599778794476971e-03 -8.691304699590375604e-03
5.674250453153769058e+02 4.381547133253330912e+02 -5.658859631093135674e-03 4.764959274205641734e-03
1.200777314878143670e+03 3.603523448067402910e+02 -3.480198171436908045e-02 4.641521597090057100e-02
1.207817269114884539e+03 3.997009271186859110e+02 4.602392368314672452e-03 2.636716782169987519e-02
3.317573296515574839e+02 1.070115161802624698e+03 -4.558614047096956438e-03 -8.429482568591975880e-03
2.402598286621963553e+02 3.843583040594116369e+02 -1.188743750390206938e-01 -3.714479653727476016e-01
1.187941173823090367e+03 2.520776455146855994e+02 1.422994277619848286e-02 -4.595264742379731593e-02
1.238996371388615671e+03 3.162352240818214568e+02 -4.064612243751476450e-01 -4.385647072829744475e-02
7.419195458219978718e+02 9.633359320494555504e+02 3.665000290253050182e-03 2.770458860617068010e-03
2.749523802582067447e+02 4.252480549922153727e+02 4.002927627836058710e-02 1.385816985721665395e-01
2.473158073133655819e+02 4.072873345756777326e+02 -1.715065567650287393e-01 -3.803813883705920995e-01
1.119562228707044369e+03 1.962381135572465212e+02 -1.429687327423573850e-01 -6.020774783510998707e-02
2.933586198026195007e+02 4.409534397879946823e+02 4.676427233065250620e-03 -3.807424730222136022e-03
1.212504247353213032e+03 2.162204603226840902e+02 9.464101885401256589e-03 -4.352059636204330673e-03
5.123250588993054180e+02 4.740336121268982765e+02 3.846274887778371220e-04 -8.143709452146014049e-03
9.885929972437650122e+02 1.775395215817137000e+02 3.199913287115276408e-03 -9.234947554390790514e-03
1.027455847254127548e+03 2.360174731585787526e+02 -2.445482235591025545e-03 2.138487428266439699e-02
1.031115038295574550e+03 4.449666123288599238e+02 -2.810328665143988240e-04 -4.869585219219264085e-05
1.143627818258473326e+03 3.639282763397688427e+02 -7.495146529884163730e-03 -4.503151249650727550e-04
1.795984366834596244e+02 6.180878156688286253e+02 -1.290868923328277948e-02 -1.137791926134338050e-01
2.176572968741970158e+02 6.627074759516522136e+02 5.761608070626229351e-04 2.622137635229465982e-02
2.617308627917636272e+02 6.687710422819677660e+02 -1.612455536205586060e-03 -2.765424625551694045e-03
1.086614236783129400e+03 3.399085702658487094e+02 2.841690982139349030e-03 -5.687909360267665200e-04
1.155785404330589472e+03 1.884641404182179656e+02 -4.480467804886765874e-03 -2.509385058362572501e-02
1.137766306211454093e+03 2.287828724506358071e+02 1.105770630887815444e-02 -3.170343864181600357e-03
1.131540237900836928e+03 3.073977883329090446e+02 6.249979187261244656e-02 9.899893180848025331e-02
1.489142030002544459e+02 5.358933180512245826e+02 6.437404314894056880e-04 2.629686414872531297e-03
1.011593637150945256e+03 1.900606028359099184e+02 2.267502592020255101e-02 -6.856853542156905734e-02
2.527715097103497328e+02 3.434797053872626407e+02 5.582754431045351858e-03 -4.020999693987523625e-03
2.527985515767671814e+02 3.349636600446078774e+02 -2.433568639580496046e-02 -4.239099339371486808e-02
2.734383563601892888e+02 4.714754089053471944e+02 1.014095645184726405e-02 -1.193899376206515317e-01
8.222430674599766576e+01 3.244514629270342994e+02 -4.621302520415228147e-03 -3.367643656775222015e-04
1.166503972764196078e+03 2.061911299596212075e+02 9.079456428149695890e-03 -1.707018745750700506e-02
2.034727710765840811e+02 5.639883035648705345e+02 5.434135906753652379e-02 1.221857811289865925e-01
3.113462881550259453e+02 5.748020650354017107e+02 -1.576312716159938843e-02 -3.053059036959340083e-02
2.835106331182044528e+02 6.232207863406611068e+02 2.732700322312238764e-03 3.918259929363476259e-03
3.212187457132889108e+02 5.322355455532821225e+02 1.062469099221540064e-01 1.444363819646714286e-01
2.337976841780608481e+02 5.556485683043031258e+02 6.855211443457047416e-02 -1.653890271582301175e-01
1.950355959880986347e+02 5.815162666060803076e+02 7.199114404919904845e-04 3.041929810318843089e-02
2.039262148078646817e+02 6.114633163309616748e+02 1.666029133248421445e-01 -3.278814454683688373e-01
1.130103100781209605e+03 2.409977618147524083e+02 7.512993503277276552e-02 3.282108314341035116e-01
2.272386451102156286e+02 5.758689103201169246e+02 2.029997479742060018e-01 -2.334721971009950658e-01
1.178249827301505775e+03 2.900600088252973592e+02 3.650330182943903323e-01 3.569101026441816593e-01
1.179157924311611168e+03 2.562965953441920988e+02 -5.667592112590367527e-03 -1.513256277935161147e-02
2.274797970273566534e+02 7.262847572345484650e+02 7.041328575844196455e-03 2.500102024401208625e-03
5.201049162920928666e+02 4.327227327928534919e+02 -3.182314233008087540e-03 -4.124153714893072885e-03
1.021331236978958486e+03 2.359598275693142853e+02 -1.223740529654619366e-02 9.914351828393876565e-04
1.186007908884395192e+03 2.256009397129302272e+02 6.976834255997031199e-03 3.172772323857838469e-03
2.503505697401660086e+02 4.175387591180781897e+02 -1.487782135912222858e-01 -3.880634269531005875e-01
1.214311892504974821e+03 2.756989041573010013e+02 -1.542226609110164924e-02 1.237998535783831414e-02
2.658930516438086897e+02 3.780326854306904352e+02 2.690622245698324685e-02 8.748920065724659356e-02
9.316493453107782443e+02 1.894334223861571900e+02 9.624979409123301730e-03 -4.735330005769524883e-03
2.637167438574892344e+02 3.630670037394257292e+02 1.185576238136808527e-02 3.498814065362142872e-02
2.114789272196307479e+02 5.979355375932661900e+02 -6.647249664860561957e-02 3.076955547737196262e-01
1.104810226815002807e+03 2.933164132840363436e+02 2.145409592971853074e-01 1.907666760436615427e-01
2.365949557273792436e+02 3.039388747961218087e+02 1.531421907210420846e-02 7.789494475057234801e-02
2.672756793128634172e+02 6.812509951874782246e+02 -2.949661971773830365e-03 6.028688696471704890e-03
9.913136194379603694e+02 2.000220188938590979e+02 1.528755858073441859e-02 -1.648733071089713079e-02
1.063651451964852413e+03 2.175865007856513671e+02 3.679921216828889105e-03 2.818490128051405474e-02
1.196036314377705139e+03 3.263991701123862299e+02 2.625374264090407639e-01 1.397515708883012298e-01
1.208402168881993248e+03 2.150746961400674877e+02 9.734183019247104329e-03 1.468164285972001909e-02
2.524524229359068102e+02 3.708534556248975491e+02 1.401693270771478539e-02 4.067018891118993895e-02
5.892469693055411426e+02 3.923378570326080990e+02 -3.591039995982181574e-03 1.795867477198953566e-04
2.519237581572799058e+02 7.098236259841161200e+02 1.265871087213662300e-03 1.314104847522635719e-02
2.439773500012476006e+02 2.990212474133964520e+02 1.692957466461944213e-02 5.476660210856754141e-02
1.237855886778594368e+03 4.169594108158769359e+02 1.138793051781573310e-03 -3.303172989749012835e-03
2.811488337857811075e+02 5.845885482126913075e+02 -8.125174643999115084e-03 2.857160828143875606e-03
1.145039306845269039e+03 2.971311517285291188e+02 8.258061984059456018e-02 3.446112868495009307e-01
7.447346198105748272e+02 9.490725049470311205e+02 1.427017697485418075e-02 -9.420535186103563829e-03
2.449288909108006180e+02 3.118170741911863502e+02 -9.947088979615300100e-03 1.634624704747344656e-02
1.164902059817339932e+03 3.179236362120240074e+02 4.630759514974228802e-02 3.133833504342917187e-02
1.256480530529902126e+03 3.112815105034839576e+02 -1.221391530969926330e-02 -3.633286962528274600e-02
1.042329620482033533e+03 2.026562795012285108e+02 7.881736015824482300e-02 -1.426243416591106428e-01
1.168888424259010890e+03 1.692902878123819619e+02 2.316647951483270795e-02 8.473189569243550628e-03
3.003811870743416534e+02 5.249377235936721036e+02 2.422408315235394932e-02 -1.374304372672605253e-02
5.660631679433580530e+02 4.312895495802773667e+02 -8.413326220198712180e-03 -6.087761958356438172e-03
2.497467078361847541e+02 2.932779735572793243e+02 1.947287889607923414e-02 5.546858264261125132e-02
5.347621636227378303e+02 4.267362511342482776e+02 1.459737686605642581e-03 -9.574149723064665331e-04
1.097737850286099729e+03 2.051040877024306610e+02 -1.931659480326086004e-02 1.936946785933021508e-03
9.983317856879344845e+02 2.485071916658621376e+02 -3.109066679963567656e-02 4.441915490350443335e-02
1.007353580209842448e+03 2.471580018915722690e+02 -4.067340181592103004e-02 -1.087602669306453156e-02
1.141051957621609745e+03 2.483950427603100763e+02 5.096094994311474446e-02 7.351289789890545767e-02
7.177099220106350685e+02 9.678160017625230012e+02 1.268029760356035023e-03 7.313759462788604719e-03
1.070726560758030246e+03 1.990444205694611242e+02 5.783940400238627398e-03 2.057729187799681517e-02
1.108355860119509089e+03 3.183588104216640886e+02 -3.635075367653578526e-02 5.508223406026994950e-02
1.206695345861897067e+03 3.091118219800610518e+02 1.101881477224948558e-01 1.159090547870937626e-01
2.816629739233310943e+02 5.766341184657468375e+02 6.896918812855693491e-03 -9.587896433981093515e-04
7.591986560700238442e+02 9.166731826360170317e+02 3.601309533172018795e-02 4.026427395222589856e-03
1.222707541839327860e+03 3.009865413679116841e+02 -2.091910444504593569e-01 -1.357358103352925005e-01
7.149361462358527888e+02 9.748705075388704699e+02 -7.693005397678318383e-03 6.050773698522636176e-03
2.391377651025499631e+02 5.232130551581680038e+02 -1.671728977352317236e-02 -4.388980103724204190e-02
5.013233194692234633e+02 4.813761414315353022e+02 -1.914669578450972805e-03 -9.333287918115284326e-04
2.376733829011472494e+02 5.910353433972596804e+02 -2.394995959839535740e-02 -7.688851940284589792e-02
1.174505462687941872e+03 3.059280843145738800e+02 4.096631063998529276e-02 2.965005473740234265e-03
3.010779500486624443e+02 5.413096052958193241e+02 1.500130655374505226e-03 -7.053433399680670950e-03
1.100665607868784946e+03 1.787143901650178748e+02 1.441505642451857416e-01 6.791724052200691364e-02
1.947550188470403896e+02 4.986140539000879244e+02 2.091734234408664239e-01 3.964285010228442707e-01
1.890822585711335648e+02 5.024706107493992135e+02 2.071403889805932819e-01 4.076454178174009346e-01
1.036875343679635534e+03 8.573788526045376557e+02 -1.744140566415808280e-03 8.061670174348172999e-03
1.148560105518322189e+03 1.834085123303838714e+02 -3.406736965507419640e-02 9.742871408429208679e-02
3.144022067651518455e+02 5.827910550719525418e+02 -6.129515521432770536e-03 4.110765395465633062e-03
1.146886562464552981e+03 1.489148960147723244e+02 1.870568540182278028e-01 5.563030400622189647e-02
9.954450476140132196e+02 2.448501428634377532e+02 -2.981018882875467063e-04 -9.727687314426457579e-03
2.803993219818777902e+02 4.851147904314553898e+02 4.561651634620281226e-02 -2.714560959694452963e-02
1.077001689331526904e+03 2.492079062518477315e+02 3.854642847321310684e-01 1.953537332487149392e-01
1.087103069941151944e+03 2.486170427116887254e+02 -3.797594893524240400e-01 -6.170168720827162029e-02
3.270463948822137468e+02 5.524732013520164173e+02 9.556383738818088197e-03 2.553693864778887931e-03
9.327880581765912211e+02 8.941513201411637510e+02 -4.333994365283714602e-03 6.409549985892474058e-03
8.851683633296690346e+01 3.383437782818759842e+02 6.448060538946702620e-03 -2.484351645234323183e-02
8.180711780566490461e+02 3.696281993821989431e+02 2.596805402484048814e-02 -1.655460249593211294e-02
2.402144669964999082e+02 6.291966112306087098e+02 7.276547129803335144e-04 2.056993582457905274e-03
1.918487269392139183e+02 5.845784372893641603e+02 -5.742442399731670886e-03 -4.244595298555269708e-02
2.480588756503734658e+02 3.499173651225557364e+02 -1.397300736277980182e-02 2.446768763574704540e-03
1.010529748640874345e+03 1.842509180579765768e+02 9.442808046816769663e-02 -8.121442296302271158e-02
1.210634858073129180e+03 3.483036521060580526e+02 -8.883453274488705559e-03 3.728258767798887235e-02
1.168998177160172418e+03 3.313128256146933381e+02 4.875777973024766898e-02 -4.868859646487296022e-02
2.555960913077659598e+02 7.087719104755270791e+02 2.421575676796966590e-03 -1.174399001980554625e-03
2.417715622813749121e+02 6.999944012135598541e+02 -2.995481577655947740e-03 -1.957737549192579626e-03
1.159052811992306033e+03 3.457372675948548135e+02 3.380922186654114481e-02 3.657190768461960478e-02
8.244184139304639984e+02 3.968871268280573190e+02 2.660928455028246584e-02 5.611982492388073842e-04
1.069526574694347119e+03 3.065799936781774591e+02 -2.578462733429725748e-02 8.725832448886014503e-03
1.158173555516277474e+03 1.451828251222315771e+02 1.438405150006252450e-02 1.106854050003877078e-02
1.154420407216642843e+03 1.868152171667207142e+02 -2.048228412690339048e-02 6.168911048068086850e-03
1.133658151216178567e+03 2.924655459493438343e+02 1.861495708820551098e-01 9.673023265774434443e-02
1.938566176737203648e+02 6.536142923955102333e+02 -2.045109923695198617e-01 3.329761627631771526e-01
1.179443544493671880e+03 2.583061749787269150e+02 -1.218405068664168284e-01 2.081038119311124091e-01
1.156280223335909113e+03 4.113184766934440972e+02 3.432291189714078289e-02 -3.346167235897183623e-02
1.174300192022054716e+03 2.716728034168277190e+02 -6.539263860856949113e-03 1.082528606533327865e-02
2.154027191388707649e+02 6.076769027324758099e+02 9.820758317453544273e-02 3.372717977300896952e-01
1.136147751294258796e+03 2.150996983500191675e+02 3.129773580652885773e-02 -5.251667323004045873e-02
1.203972456196874646e+03 2.227373378925541374e+02 -1.247434768788184892e-02 -2.972165874210198205e-02
2.402869314133810406e+02 3.186682755280195352e+02 1.362127448378876171e-02 5.416172326616070475e-03
1.217491518778357204e+03 2.395510479921479146e+02 -1.262969259268007481e-02 5.106928993026677542e-03
9.797487459401327214e+02 1.776053659442022195e+02 -4.137816005654712699e-03 -5.919069184648530733e-03
1.006373190983792597e+03 1.843532320793126758e+02 6.973192863070987180e-02 8.560183353773974380e-02
1.158497653965456720e+03 1.975524676159326418e+02 -1.028767332126426515e-01 6.103604563965443069e-02
1.230082966375894785e+03 2.542672393129307977e+02 1.963593939090060511e-03 2.621128160197296747e-02
1.210607122315689594e+03 3.585056154792489451e+02 4.551498535747668626e-03 -6.234518839817155579e-03
1.284341887630426982e+03 3.342858704849487026e+02 -8.021700505042411722e-02 8.063888911988445485e-02
1.895247851433021253e+02 6.422341533012030368e+02 -2.484953738993876393e-01 2.655534936819438641e-01
1.296643784717892686e+03 3.441821167566769759e+02 1.920712137960044197e-02 -2.036210960909083309e-02
1.126654453957044780e+03 2.205470901007859652e+02 1.560887236442013992e-01 4.102671128514766286e-02
9.085173406821157869e+02 8.411038481630589558e+02 -3.902753075992773830e-03 -3.110316908987442730e-03
2.628182588284244048e+02 6.935115983990820041e+02 -1.937631900118828637e-03 8.955732474071607593e-03
2.841522217250877702e+02 5.025640007329450896e+02 2.403749603601939080e-02 6.236685792620444424e-02
1.151954826398275145e+03 3.014015697391802746e+02 1.562748218784196508e-01 3.216407234225141520e-01
2.540887949829989907e+02 5.414849963443425622e+02 8.949645181454949153e-03 -3.948268681020303261e-01
2.395624798624969003e+02 2.946801254922394264e+02 4.607016408385914558e-02 7.197040460864995159e-02
2.856037928979455387e+02 4.751024147965467250e+02 5.264852927718479715e-03 6.043730832708734541e-02
1.734188222163581372e+02 5.189139170199875934e+02 1.031820474141423860e-01 2.955909219499140983e-01
1.164209069457313944e+03 2.227974609459725741e+02 2.248953139575646330e-03 -1.072129868999006875e-03
2.201266639929355051e+02 6.313665873080213942e+02 -1.621536426490179095e-01 6.904055794382368827e-02
1.014520632922689515e+03 1.961680972394563014e+02 -1.300188824418335165e-01 -1.690789598746443301e-01
1.107101908346694927e+03 3.580262566404831546e+02 9.932365672577334395e-03 -2.210077834671713565e-02
2.922934925968054358e+02 4.491117934325876604e+02 2.602252439367983006e-02 9.144979854389354013e-02
1.140212798635979880e+03 1.920894371028541343e+02 5.186875129725621036e-02 1.031684659845089058e-01
3.733707909280149693e+02 1.050655999430295424e+03 1.337053056515902227e-02 1.080614934225110346e-02
4.386498642140711013e+02 1.086224683612673971e+03 4.420551937128536224e-03 3.434935779366554698e-02
1.673240855331156638e+02 4.931203896661382373e+02 1.211834564982696288e-01 1.873599633458763458e-01
1.107350894962093889e+03 1.992267879429381026e+02 1.067804730691535448e-01 -2.614062469097498953e-01
1.100519913956873324e+03 2.120936156758851894e+02 4.738937282531734130e-02 -2.145232625425615713e-01
1.109279847863942905e+03 2.576349223882941715e+02 -9.586018514631985954e-02 2.427182055500050062e-01
2.676219170078086336e+02 7.107571185293678582e+02 3.969342180756116507e-03 -8.143834908629461137e-04
2.449426154113382381e+02 7.211940987986222353e+02 6.492135761010698475e-03 2.182588043267734890e-04
1.900290021715692603e+02 5.303349595880707739e+02 -1.045195587884995420e-01 -3.033276310752318003e-02
1.185850129476193615e+03 1.723995858392349874e+02 -8.493223298108020305e-03 4.992046860139988732e-03
1.003513745289680969e+03 2.484948430931477787e+02 -1.772927824523627682e-02 -1.989344365511634682e-02
1.236149376587143024e+03 1.322618525001433341e+02 3.832661970857864815e-03 -1.739197988311404772e-03
1.201074493527790537e+03 2.065159805604326380e+02 -2.218692796258955185e-02 4.871735963344292486e-02
1.114659107412537651e+03 3.600377049662708941e+02 7.208874820737334876e-02 -4.400819339339485242e-02
3.069160771917385091e+02 5.585747668726639859e+02 2.678460958164883936e-03 -2.345867370793100828e-03
3.070573970991287638e+02 5.638395143394839124e+02 -5.471836702699404628e-03 2.184816758317498914e-02
3.539239589753944415e+02 4.794624398104264742e+02 2.535165271863520225e-02 -2.423934507549440731e+00
1.042348039318090741e+03 1.606985804849517194e+02 9.044703461210558404e-02 -1.181730298926680217e-01
1.122706229364222736e+03 1.839031034223907852e+02 2.998236579202284702e-02 8.065097188552831919e-02
1.027753220609788059e+03 2.665379874506314763e+02 -1.339839386702936126e-02 1.125181979947699647e-02
1.261510379944096258e+03 2.005499549102752894e+02 -1.482404570538164990e-03 3.013165008011092164e-03
1.027443723888320619e+03 2.408435673566568198e+02 1.082171252028687851e-02 -2.140093616506584875e-02
1.181441755018310687e+03 3.565693893602294793e+02 7.843423091567687869e-03 -8.476787414710171102e-04
1.712271274459902770e+02 4.815941741860406182e+02 2.253292513861049340e-01 2.388033455061771837e-01
3.058980458159401223e+02 4.595727970289682389e+02 -4.794576211344078048e-02 -7.610218777583797238e-04
1.084366619329271089e+03 1.721627228334472193e+02 1.033118366886072864e-01 6.358636158613814593e-02
2.616920820458856269e+02 5.004912012463548194e+02 4.942377645254335261e-02 -1.256275685414519894e-01
1.126394676120855138e+03 2.086759008709050534e+02 -2.630599177095055419e-01 1.001618275608382597e-01
1.155955133255502687e+03 2.537354547249913708e+02 3.477348536133671210e-03 3.109862991276118524e-02
2.318163458159961579e+02 3.075940185969482172e+02 -1.169518894076475128e-02 -5.842994054539644988e-02
5.711348923536438633e+02 4.050239299799004584e+02 -9.424245966852140164e-04 1.000300782934459599e-02
1.059683792166674493e+03 1.740875468642956889e+02 -7.250364286005605945e-03 -2.365771635731914457e-01
1.030312562309502709e+03 2.248368686182440968e+02 6.657201812240600911e-03 4.348377962488484544e-02
9.292962894710012733e+02 9.111940479421463124e+02 -2.075133519649625686e-03 -1.640742298352961329e-02
3.283277869034938021e+02 5.201740902368414936e+02 -3.652231357486647456e-02 -5.350345947625110427e-02
4.974225169757532399e+02 4.591988145930081373e+02 8.851376247555575423e-04 -3.519909139206865104e-03
1.004962686258830104e+03 1.773276062308842711e+02 6.195106405431841101e-02 -5.282473989435560596e-04
9.604804859656915141e+02 1.024627434947045458e+03 -8.980054202260250983e-04 1.257770178895322019e-03
2.934820349746467514e+02 4.682100071633298057e+02 5.205579369764734565e-03 1.741411133983348236e-01
2.056651890980705844e+02 5.362981964027767390e+02 1.783471697889311425e-01 8.347280240963678155e-02
2.931423602948635221e+02 4.751218620753509185e+02 3.804839212018045619e-02 6.202538690466345705e-02
1.095850174361961081e+03 1.966105033344463493e+02 2.623125949943680771e-02 1.951735962776858166e-02
1.220257029617269609e+03 3.225793712228523304e+02 1.622924892393750873e-01 -8.972429355962643904e-02
5.297380003983056440e+02 4.281389196239357489e+02 -1.708032451170498831e-02 1.504295410050877219e-02
1.055725388202149588e+03 2.097756323360904958e+02 -4.235860120586395182e-03 -1.255633326263705385e-02
1.197242059262446446e+03 1.850692044396508606e+02 4.599827191485849481e-02 -7.204404469365746980e-03
2.131373253287233354e+02 7.141586307523697315e+02 7.091279660102763061e-03 -9.907609494617823642e-03
2.855627819295410745e+02 4.805376215523785959e+02 -2.673035467916962463e-02 -1.486723697010145506e-01
1.067873774415373873e+03 1.962199082088429236e+02 1.738357702242865257e-03 -1.336238543483217467e-01
1.151132579082024222e+03 2.255897806522903579e+02 3.075744526572129350e-02 3.248445058789886652e-02
2.457564091101178860e+02 5.333100167214626026e+02 8.522010743565999746e-02 2.359461456469282709e-02
2.916230556970686507e+02 4.799407626018189603e+02 -2.442080916098797461e-02 2.673118600283133292e-02
1.104645573584248268e+03 3.018278860271646522e+02 2.074612154209516113e-01 2.329291388046023370e-01
1.149302220546892158e+03 2.807797108630529692e+02 8.069294232806592873e-03 -1.927293080263411951e-02
2.364079681880735393e+02 3.639247735376548576e+02 -1.276356592122377676e-01 -3.371945799815296296e-01
2.691543862559167337e+02 3.987081185869797650e+02 2.379532596592487045e-02 2.019758719267673031e-01
1.179490864082309372e+03 1.947059530591398868e+02 -1.105608073326371475e-02 3.938714091013131337e-03
1.008391954027803763e+03 9.275469535405555916e+02 2.680316260233578038e-03 9.142728862482216645e-04
5.219246034225201356e+02 4.441345798693280926e+02 7.683661405792463484e-03 -1.930090708251270756e-02
1.148461061607798229e+03 2.475991404812066037e+02 3.930346322499644537e-03 -6.578006174382267264e-03
1.262510343616827640e+03 3.076249699522732044e+02 2.644833400422044040e-02 -3.045542570354342615e-02
2.873183808886481643e+02 6.025261980258989070e+02 -3.416705144005049988e-03 2.064923789171757649e-03
1.252598946519805850e+03 2.998127531962937269e+02 -2.021188758516100081e-02 1.823954265948766833e-04
1.072182354193419769e+03 3.434669858620098353e+02 2.300234239924305382e-02 -2.915030120837364472e-02
9.331951146482431341e+02 8.977018904481084292e+02 2.248401974787839208e-02 -4.563197193491712192e-04
2.532175625539138935e+02 3.188842367946396053e+02 7.608750753042164711e-04 1.982275450068208406e-02
1.022471647894719467e+03 2.313349491537361189e+02 2.738506891713879399e-02 9.498389535460435851e-02
1.223936331079677302e+03 2.614534460602569652e+02 -1.442058233822142606e-02 2.989705895994132848e-02
5.577280072351386480e+02 4.137363286608192539e+02 -1.643940719750010661e-03 -3.613327066581146357e-02
5.337267080942100392e+02 4.147810269539894534e+02 -3.435468091454042805e-03 5.844041522358825805e-03
1.078847467777083466e+03 1.533193134114328018e+02 1.049468510464326432e-01 3.513015394810768688e-02
1.072362654509564209e+03 1.876248537861294778e+02 8.421302658741426292e-03 4.193823382471951328e-02
1.249275086714679901e+03 2.972570123101025388e+02 6.477181878509068180e-02 4.919542129425004684e-01
1.302514765311427709e+03 3.230974391178826863e+02 -8.340375122556906162e-02 1.602184156078790001e-01
1.620810061708126568e+02 4.905978616797444829e+02 2.192307863772861298e-01 2.459054589883515052e-01
1.014812321810888420e+03 2.294400968918344574e+02 -3.548155265590099278e-02 3.835603797544456101e-02
1.157546835289624823e+03 1.823688788226194220e+02 -6.534178564222449526e-02 9.676277254380989679e-02
1.141539751749783818e+03 1.483520376288461478e+02 3.873841594313560677e-01 -5.212355793585503605e-01
9.932652419838150308e+02 2.229022071312591891e+02 -2.126290626386051485e-02 1.238451916024363442e-02
1.164994017335163562e+03 1.963807637875693786e+02 -3.041051642106052180e-02 7.300867620732963414e-02
2.004797886178718898e+02 6.981526799474100926e+02 -2.288296339034354143e-02 -1.132586135400420139e-03
1.942831056657450119e+02 7.018351987320409080e+02 -5.787272928987733517e-03 6.316899562923408359e-04
1.250586839863295609e+03 2.902472203544069203e+02 9.463511640971471184e-02 -6.635908288235820018e-02
2.329826214346333302e+02 2.975226922428744274e+02 -3.792333653021070367e-02 -1.407723097780636326e-02
9.775267722697985846e+02 1.697858060778307561e+02 -1.491409226938701822e-02 6.200954354068041220e-03
9.932097446858765579e+02 2.126028379648289501e+02 -8.467309097293147790e-02 1.332231139927435824e-02
1.100387780056476231e+03 2.386221415058462298e+02 2.178653333671068740e-02 6.252314874579363579e-02
1.109535844801985149e+03 2.532750832086834407e+02 6.339449030202461144e-02 8.999716965896757681e-02
1.001586866209266418e+03 1.868888161376609673e+02 4.677144299727034604e-02 6.172379058987779478e-03
1.159827114522762940e+03 2.324791611639987536e+02 -2.265046810228981203e-02 2.553057841955326882e-02
2.881835983624572464e+02 4.398696418036453792e+02 8.489632606304335291e-03 -1.438105959880212753e-02
1.129161679407969814e+03 1.709948408002833844e+02 -1.052940869343763908e-01 1.857493520732294290e-01
1.120592117417146483e+03 1.870523808811580011e+02 -5.010315233710991092e-03 3.779397124692378956e-02
1.107662858243814753e+03 2.221427048878088613e+02 -2.573196932474782206e-01 1.512765775106572619e-01
2.524476879688144777e+02 5.290961801922827590e+02 2.659391046954777404e-02 -1.868205945644901278e-01
2.496963544510964539e+02 7.150089941522591062e+02 1.582224526303395440e-02 -1.163562173674720715e-02
4.661177090839293555e+02 4.546870674549532509e+02 -4.126250955005389409e-02 4.977038586446269619e-03
2.466416692952082883e+02 4.994273949964295412e+02 5.583869662281770729e-02 3.021184805934022319e-02
2.308846833376673544e+02 5.282343005303207519e+02 3.820498163204533171e-02 -4.199126289409586127e-02
1.100052529385516436e+03 1.867119601997250982e+02 9.196072806004924882e-02 7.705838402989921565e-02
1.105277712384047618e+03 2.921541438664013981e+02 -3.345529257590935113e-01 9.770697308767873901e-01
1.194929754742934165e+03 2.071436371387560484e+02 -1.672823921338893738e-01 -8.387073173516175484e-02
7.517508982327120748e+02 9.348250843133278067e+02 -2.923864604952560245e-02 1.214678518110190453e-02
5.250738977979724496e+02 5.008367922847190243e+02 -1.178357836838388358e-02 1.169853118167289360e-02
1.080143292181968945e+03 1.639803439339488023e+02 3.480180059922947100e-01 -3.984163019174626341e-01
1.152913059933711793e+03 1.574285402015431998e+02 -1.181151234410880713e-02 1.163338574324172987e-02
1.178345427279032492e+03 2.199078418265979167e+02 8.783664405496971125e-03 -1.464597496696925551e-02
1.228288258466980551e+03 3.111940512781627604e+02 -2.589581792527576032e-01 -3.443253095906114725e-01
1.110482665175867851e+03 3.628243750462922890e+02 9.703768313803939199e-03 -1.015971585881852296e-02
2.371084251026204583e+02 2.972442512409510300e+02 1.044518693791254421e-01 3.306013401317345335e-01
2.481438518833680291e+02 3.640905125243874068e+02 3.894474227921565501e-02 7.411036415994297355e-02
5.139663016725303351e+02 4.271950049039537589e+02 -1.199446198790858759e-01 9.008984639012075635e-02
1.108256008440909227e+03 1.687608116049376008e+02 6.033002517658174468e-02 -4.067108902652902258e-02
1.125088724903571347e+03 1.955802185269386371e+02 5.827224705068478200e-03 -2.294729745422627587e-01
2.773855370121452211e+02 5.669541406089717839e+02 7.033329833425547815e-03 1.412635273781730118e-03
1.191444357784076828e+02 4.513090380893622751e+02 -1.570416927892569481e-01 -2.351738127418993296e-01
2.634112082108239292e+02 5.305349621191510323e+02 -1.569229618069996335e-02 4.996664482295424398e-02
1.178188286319049439e+03 2.278916665473792307e+02 1.425923043841088589e-01 -1.717003280416628391e-02
2.104950356802239355e+02 5.462488818221160045e+02 9.914896551364768551e-02 1.137471268273581443e-01
1.067605252159693691e+03 2.179822449845262042e+02 2.094413566071580066e-02 3.868434598535088614e-02
1.229669854162836600e+03 3.264762161465113763e+02 3.118664536833989365e-01 2.683042637962074761e-01
1.167240064887235121e+03 1.801394737377750630e+02 1.859388621626653637e-02 -4.285935409755163225e-03
1.170206439897645396e+03 2.310638113951477521e+02 -2.848306969429502747e-02 6.200177724530338969e-02
1.212808454591374812e+03 3.102813354843901266e+02 3.780555594360784366e-01 2.023883733464769685e-01
2.980276201104167626e+02 5.735829104685301445e+02 8.815792722792162306e-03 -4.956275032703903044e-02
2.610161706637162524e+02 7.119923800086203300e+02 1.712312693072554418e-02 4.027307272300922891e-02
1.019781892947894562e+03 2.226372573858658939e+02 -1.062787231283803258e-01 -7.287618383533829569e-02
1.277663321355488733e+03 3.441633029218725710e+02 -2.963402956409784683e-01 -1.084709318787733801e-01
2.211220283044539485e+02 7.684889244225767015e+02 -4.491224154790529610e-03 -2.230912242093078743e-02
1.024144228228436987e+03 8.719620426934415036e+02 -2.806810293868187978e-02 4.249466557471729550e-02
8.668029107513292502e+02 2.998288743337103028e+02 1.385659547793439417e-01 -3.620193121663298763e-01
1.057127442836860837e+03 1.853815439154375895e+02 6.110978721811560765e-02 -2.416524728525945021e-01
1.227281438768461840e+03 1.493354956855422131e+02 -3.155372398035016009e-03 2.286559941210739022e-02
1.164953154637694070e+03 2.348861306895013001e+02 -2.061767627083099796e-03 1.380645788371486285e-02
2.692579586857891627e+02 5.525323804832833048e+02 -6.021127083763932672e-03 -6.314907117052157015e-02
2.828187999937694030e+02 6.085104062485345366e+02 -1.473856009759883304e-02 -2.316402893170026525e-02
1.422329140845935171e+02 3.927710483226187534e+02 -8.678337040480421649e-02 4.583915852645503719e-03
4.646814325409833373e+02 4.564635197938461033e+02 1.162539863652867211e-02 -2.097904661963667650e-02
1.173503487699160132e+03 1.848840387448340437e+02 5.040992683234435390e-03 -2.372462101585171013e-02
1.253531234126455956e+03 2.673929161241362067e+02 5.140581268194921449e-02 -9.607978349723111933e-02
3.939504616628499889e+02 1.094921210075773160e+03 9.351551077671160783e-03 -5.402804794769622276e-03
1.948092974464393023e+02 5.375072751656972514e+02 1.276133088127077465e-02 3.146512649857565180e-01
1.069703662952461627e+03 1.721371960682634779e+02 -1.737576188401665778e-01 -2.812093805668837154e-01
1.126174248396333041e+03 1.912160127303254740e+02 2.022089811866408238e-01 -9.751237195777662237e-02
2.614205043441087923e+02 5.034738767062368652e+02 3.158251796617150831e-02 -1.454610873849933872e-01
2.454916634726782547e+02 5.313571683629161271e+02 5.239339510660150426e-03 -9.672763478302418005e-02
5.217587790608137084e+02 4.332215937733992064e+02 -1.255796954653273442e-02 -3.473106032377667324e-02
1.065655193630534541e+03 1.823636531626540034e+02 5.210623330781670448e-02 -7.445037080887979830e-02
1.039583142993203182e+03 2.189064563304956721e+02 -2.639801208508905650e-01 1.551295358329574381e-01
1.142026917752892359e+03 2.427845240142259513e+02 1.899880530479387264e-01 5.899649410042278469e-02
2.232843132149255894e+02 6.432347319512035710e+02 5.684869609073928132e-02 5.293784107599971284e-02
1.114368605233401695e+03 1.668223676578427046e+02 9.652924268070470215e-02 -2.974341761864269795e-01
1.112191172460013831e+03 2.129386210655997047e+02 1.109373436234084020e-01 1.113645937449037927e-02
1.038776214740568321e+03 2.694416451936360772e+02 -2.339330418899757819e-02 7.000126821672945920e-02
1.212400101619334237e+03 3.172206427703359282e+02 5.547092536422636860e-02 -2.624394053229410217e-01
1.306221631192970108e+03 3.512836292656075443e+02 -2.856952661756028133e-01 3.057470314473282325e-01
3.248508691856699215e+02 5.222362444637749377e+02 2.158545963958147240e-02 -5.722684166892122448e-02
1.181282033163643746e+03 2.262048882597970021e+02 3.510784642602023803e-02 -1.665973252332406673e-01
1.217996178483192807e+03 3.544199787507990322e+02 -2.288594549064744965e-01 -1.708263123991287102e-01
1.127168969017907102e+03 1.537375654273231191e+02 -1.578857163729646129e-01 -3.521514143522882501e-01
1.119538963914776559e+03 1.635909003890147630e+02 6.913672878600994609e-02 -7.590928107151481696e-02
1.082537363506260135e+03 2.377116550300079041e+02 4.300266136913871370e-03 -1.798273231971269162e-02
1.066624995701777152e+03 1.827370901109861450e+02 -1.663806010328244267e-01 -1.568110414705898847e-01
1.173206375536894484e+03 1.550709309110947913e+02 1.126096731695270109e-01 -3.200543105065179472e-01
1.176530760491916226e+03 3.632102139493745199e+02 -1.428997391599295952e-03 -2.341958468359166615e-02
2.697797723797879144e+02 3.570645396399635274e+02 2.681410053754183787e-02 2.015124393024178909e-02
1.092423618583217376e+03 1.689995363659101315e+02 3.418489882275379532e-01 -3.440734191151225141e-01
1.074804881112179146e+03 2.030378113005437513e+02 3.077556058403590339e-02 -3.987847840645978442e-02
1.102556430929898852e+03 2.008695454166532102e+02 2.215174961561893197e-01 -5.845679852454028769e-01
1.173510477479913106e+03 2.327780766465632780e+02 -1.863620008895041924e-01 4.938719676632798983e-01
2.249345215523125319e+02 7.148846134074340171e+02 -1.166694201222008391e-02 5.892243477594800299e-02
1.394787334021862080e+02 3.916575468428931686e+02 -1.735000464619638194e-01 -1.367784547787493921e-01
1.083085144446181175e+03 1.710812884693175704e+02 1.941149653836475863e-01 -6.368150084992727500e-01
1.106192407941210377e+03 2.378110734753624342e+02 7.964525996578686318e-02 1.149022965368011739e-01
1.663304126910379637e+02 5.422296197214202493e+02 -2.105683014425707711e-02 -1.406738993734251153e-01
5.729839530936698111e+02 3.948256555756472039e+02 -8.060289886381204541e-03 6.797795331861575252e-02
8.727438355786330249e+02 3.336528083753851206e+02 1.164312062436790446e-01 6.369344783861379256e-01
1.108798732573475036e+03 2.022128648364093522e+02 -8.927151297289778742e-02 1.027074444462284381e-01
1.047889168007783610e+03 2.504242849986467547e+02 4.234648387208445747e-02 3.439461093173171169e-01
1.061373020305196633e+03 2.460354162414153905e+02 2.436420207676357197e-01 2.413293418930939904e-01
1.144496266939622046e+03 2.185672041903390266e+02 1.018530555288634787e-01 -5.267397063088147952e-02
1.135735408493850855e+03 3.592873556713168455e+02 -3.297195116179604184e-04 -1.282590957016347122e-01
3.002350660217539371e+02 5.511231136349383632e+02 1.094570981601756567e-02 -3.493015799449494807e-05
1.911066486693576394e+02 6.477006144396335685e+02 -2.456013534424487665e-01 1.217525043110916638e-01
3.608098141699205712e+02 5.390725643059006416e+02 -4.094716864513462534e-02 -2.380629445328249272e+00
1.019893603753710636e+03 8.066627391778806668e+02 -7.097688631444855172e-03 3.401554374217344930e-04
2.355203193295449182e+02 2.898542128373636046e+02 4.721945007203013495e-02 2.192374122356000044e-02
2.621197697352000091e+02 3.645497788070686624e+02 3.158615654374822418e-02 1.235319233329240235e-01
1.400440307087640406e+02 3.867940934884274498e+02 -8.654247038595978825e-02 -1.075284005024930850e-01
2.440155821487549304e+02 4.970517451026006484e+02 -5.639014551595285425e-03 7.525180301731400519e-03
1.028738906167876166e+03 2.488721094139190484e+02 -8.750596399950912041e-02 -4.079898853714780671e-02
2.724009151188951137e+02 3.684137410662829666e+02 -5.995800779005548697e-02 1.030108772190828914e-01
1.105241996911383922e+03 2.068832341843433369e+02 1.037903696629655370e-01 1.023744298327017022e-01
1.218450755658756862e+03 3.480630573641935825e+02 7.290491504495548447e-02 -7.832195718239062798e-02
2.129974239950108199e+02 6.223865583875236780e+02 -2.094167358754248087e-01 1.604787324862172737e-01
2.919076563457382463e+02 4.437425025522969690e+02 1.194468838502871222e-02 -3.740831500026331469e-02
5.610236317339366678e+02 4.958838859919462152e+02 1.316973068088600485e-02 -4.518725697583647616e-02
1.042948098085469383e+03 1.673022365173036405e+02 -2.287804312097136972e-01 -2.148330971214988949e-01
1.118778518212298877e+03 2.121777930826429781e+02 2.081077498741024101e-02 7.259570877246801501e-02
1.104370146930573128e+03 2.310752352606897944e+02 1.753488406307042169e-01 2.388702926069186105e-03
1.220219569778790174e+03 2.419670011675756314e+02 -3.826044374437742590e-02 2.792108998549025500e-02
1.296042126390756493e+03 3.280450550019157845e+02 8.223817921071940873e-01 -6.434470845942854567e-01
1.922162256009464727e+02 5.882150571028031436e+02 7.762096060019985089e-03 3.080559898745605096e-02
1.683083118665778386e+02 5.014451382485574982e+02 1.050832048890508047e-01 5.659492681616029586e-02
2.961908514372542527e+02 4.756124844041124220e+02 -5.532299502325106928e-03 2.334009689984100078e-01
2.992016581690243129e+02 5.139581100450607209e+02 -4.945241747344653049e-02 7.630290295166257397e-02
1.085524880173685006e+03 1.610193170744700524e+02 6.995505367217447201e-02 -9.360580072351847025e-02
1.124402997596836030e+03 2.059773880207538639e+02 -2.188389964004121280e-01 -7.555861328087208895e-01
1.082560133530188750e+03 2.258193072909089665e+02 3.525617503457093710e-02 2.343699211778016434e-02
1.127397482519635105e+03 2.411294514308023622e+02 -1.050392192375208394e-01 1.713539838699015549e-01
2.466401428070522002e+02 6.657083956299765077e+02 -4.014669867719551817e-03 5.307580664001913112e-02
2.133743327955373843e+02 6.712977281422932947e+02 -3.455990023161348290e-02 -1.022741750690935730e-01
7.042156047568990971e+02 9.968389151062093561e+02 -2.944658793959812563e-03 8.814081932049097276e-03
2.216306087649296614e+02 3.071367388705315875e+02 -3.169307290753948791e-01 -1.441564644462829392e+00
9.443679264721248501e+01 3.507351289606351088e+02 -2.412066079655659223e-01 -2.998184149254825570e-01
5.180586405805848926e+02 4.328412538489428698e+02 2.686479818205498304e-01 -7.520241012858548402e-01
1.028084417595302511e+03 1.967426226716120823e+02 -8.684683548403882014e-02 -3.008727552320777932e-01
1.124885391285058631e+03 2.267552791677323967e+02 1.469434218195146968e-01 -2.339439389726436502e-01
1.149710498459093515e+03 2.273305954111436620e+02 -3.464926248284427857e-02 2.051449173897879064e-01
1.297451233641150338e+03 3.254030913944054646e+02 -3.071200508402398555e-01 9.503551436287409615e-01
1.206667620962108003e+03 3.957651954105953109e+02 2.137105002155976763e-01 -4.043572805808537396e-01
2.375800142159654058e+02 6.625749717078966796e+02 5.274400785738464492e-02 1.194406125486580095e-01
2.286795029196350129e+02 6.840711082266326457e+02 -5.003164820172401051e-02 -1.191046763145777732e-01
2.663335040821343682e+02 7.158821895425213597e+02 -4.985375204978481634e-02 -8.894724673325526965e-03
2.223088676480226695e+02 7.498364380619582334e+02 -3.274918587123920588e-02 -1.710550174914828858e-01
1.004160944975125403e+03 8.396563001955458958e+02 -1.542082455136437602e-01 1.105959860700522768e-02
2.190416649409058607e+02 5.298645923180521322e+02 0.000000000000000000e+00 0.000000000000000000e+00
3.108671412899639677e+02 5.035645416667152858e+02 0.000000000000000000e+00 0.000000000000000000e+00
5.116473572337922064e+02 4.454239513491701814e+02 0.000000000000000000e+00 0.000000000000000000e+00
1.081531329018446741e+03 1.525546111455412586e+02 0.000000000000000000e+00 0.000000000000000000e+00
9.923344949724113349e+02 2.323954057012388432e+02 0.000000000000000000e+00 0.000000000000000000e+00
2.875962912718898110e+02 6.276745138587324391e+02 0.000000000000000000e+00 0.000000000000000000e+00
2.028807174347508067e+02 6.378976948617057587e+02 0.000000000000000000e+00 0.000000000000000000e+00
2.422227034941939792e+02 6.612262262338003893e+02 0.000000000000000000e+00 0.000000000000000000e+00
2.418958374575805976e+02 6.996959109332947264e+02 0.000000000000000000e+00 0.000000000000000000e+00
3.609176095207390063e+02 5.391409932199624109e+02 0.000000000000000000e+00 0.000000000000000000e+00
2.832217587838167105e+02 7.963465040731991849e+02 0.000000000000000000e+00 0.000000000000000000e+00
3.838449742436968677e+02 1.077414429512213474e+03 0.000000000000000000e+00 0.000000000000000000e+00
