1.346738307853562162e+02 3.844390701976560081e+02 9.887002298435084574e-03 1.665767985885323321e-02
2.523471927644513357e+02 4.636841755456354690e+02 8.838919909879174161e-04 -3.937061795975768967e-04
3.148597136921291622e+02 4.760323844700864129e+02 1.596310465203313895e-03 -5.053418434199714870e-03
5.638650234440863187e+02 3.807437739670709220e+02 3.372142984982145607e-03 2.095634552131286910e-02
7.056340302466542198e+02 4.128199993448408804e+02 1.668278143022752791e-02 -3.394436949222234823e-02
6.343594526958704591e+02 8.219205554886317486e+02 1.389858025481996613e-04 -3.907505407326398550e-04
9.124025199003551734e+02 8.060413458379435951e+02 -1.344345773601828638e-04 -2.771935404586773713e-05
4.599516072968450544e+02 9.415682094080923434e+02 1.952409981791644608e-05 -3.750148505456435302e-04
9.042597294380004769e+02 9.223523162302600440e+02 -1.251747079677983585e-02 -2.036313047247039279e-03
9.003842940327873521e+02 9.259445981808233910e+02 4.157571092275589610e-03 -4.389157745575598957e-03
7.071774774407415407e+02 9.906595660639944754e+02 -8.547778675401697260e-04 1.144599969980881256e-03
7.150592079142545572e+02 1.011385502487489475e+03 -1.338160859181653580e-04 -4.274919276904166768e-04
7.048988612844343606e+02 1.023723797016823596e+03 -6.481222937007277999e-04 -2.130623010953509096e-04
4.817088142316093808e+02 1.099033887702652464e+03 4.926165132335674898e-04 -4.560423925736943997e-04
7.043586635455018268e+02 1.036553896045664942e+03 -1.594727123442860744e-03 1.394456874516319033e-03
7.518452729515521469e+02 1.067520980674660677e+03 2.237106064564550799e-04 -3.211762002660413967e-05
7.456414299879334067e+02 1.071427352944764380e+03 -1.459349037097378775e-05 3.143600304043718698e-05
1.311332404704415637e+02 3.251123571162151507e+02 -4.254207895260691727e-04 1.014652500730177809e-03
8.997624829793403478e+02 1.102195102204410432e+03 2.408300703210794545e-04 3.963118261834655206e-05
2.421005004683590585e+02 7.551484796390379870e+02 4.686589022297496868e-03 5.813375313607030935e-03
1.244528624302530261e+03 3.734033170443786958e+02 -8.054582137102703557e-03 6.604126594663626594e-03
1.184809379981087659e+03 2.336498730094013467e+02 -3.911737666702728815e-03 -5.679974829306074402e-05
7.154888064429103451e+02 8.822765607941931876e+02 6.072174660864608324e-04 1.935016603392841240e-03
2.370038392980736717e+02 7.210872801767969804e+02 6.111760053283212847e-03 6.687856840113850501e-04
2.503961721144958403e+02 7.470855223522067945e+02 3.508011616191868153e-04 1.212754649083700115e-03
7.195375722041274003e+02 3.575756964611171043e+02 1.021828802559992871e-03 3.229559244758066039e-05
5.710607784323584610e+02 3.775810108973669230e+02 -3.099113990131600535e-03 -7.802513348907485005e-03
9.317366773711922860e+02 8.438388845923395820e+02 3.910382592588539877e-04 -4.358726735405287281e-03
1.009764426750057282e+03 8.123605888116157985e+02 -3.720659330589556023e-03 -2.407732129157322265e-02
2.430938945612229531e+02 7.422902851929238750e+02 -3.565465054594882952e-04 -1.958325367920701627e-03
9.873322158707269409e+02 8.256900387128608827e+02 3.798054857196631745e-02 -2.121014360345117519e-02
3.081920648875475308e+02 6.635920733484897482e+02 5.002919437141363675e-03 1.760179737808168290e-02
1.015007300474038061e+03 8.148487191396538947e+02 -4.554537804916426909e-03 3.263577832471317285e-03
9.444607525963193666e+02 8.347742009576181772e+02 -2.971808425249181183e-03 4.651114953669030494e-03
1.004037345123285036e+03 8.358465172903109988e+02 4.470691559690029293e-03 -1.706855149862322165e-03
2.327411382265045461e+02 7.242063648840575070e+02 4.491570486763548265e-04 3.868940983957910775e-03
4.803768335356899684e+02 4.343657702373085954e+02 8.240434502992305399e-03 -1.475199978055417513e-02
1.025013094395204689e+03 8.049700629054049159e+02 1.063472941772902703e-03 -1.120219479942236983e-03
2.170242490610237098e+02 5.209698754213251277e+02 -8.639328262973148403e-03 3.181092199884681237e-03
5.756427614897376088e+02 4.202013324592608683e+02 -5.143731616053538389e-03 7.567110859749035141e-03
7.308607149369156559e+02 9.237235969984046733e+02 -9.600346844018252694e-04 -1.022739657748775958e-03
9.572914901348252670e+02 8.470701680374997977e+02 -1.692464623795668843e-03 -4.590786311596410695e-04
7.487962021333080429e+02 9.543538067538122505e+02 1.581462554895664285e-02 -5.542343375394704827e-03
2.649382443666522704e+02 6.670957795545979252e+02 -3.427959802538657879e-03 -2.689645422528523511e-03
8.247423255611885224e+02 1.102161530192575810e+03 2.726437627134686479e-04 -3.506888605992535771e-04
7.508833584410693902e+02 9.584473651639984837e+02 -2.607075340638222855e-03 -5.215277246732215322e-03
5.622409340578572028e+02 4.714816353433865856e+02 -1.187338523121493628e-03 3.899055050265085726e-03
5.657001397569297296e+02 4.748665384545532220e+02 -5.780496199406007750e-03 -3.242028188537352494e-03
9.142908886526888637e+02 8.445606774031762143e+02 3.204022455887266252e-03 -3.715343081757334267e-03
7.714419554160663210e+02 9.601651011768638000e+02 5.355456423373679622e-03 1.393456358834897595e-02
7.706717888148170914e+02 9.429686628244631947e+02 2.617844613012331682e-03 -1.235694054905774660e-03
7.710994593789455394e+02 9.495524760250496001e+02 -3.875020530509429208e-03 -4.036957439278030489e-03
9.844729782361404204e+02 8.658130327428744977e+02 -2.420718546110073918e-03 -7.715009297637359306e-03
8.002089291699272735e+02 9.513807389349474306e+02 -4.735648764983241971e-03 -1.509936864756515010e-03
2.102633576076609927e+02 6.750750799659443828e+02 2.721960155371740044e-03 1.021312071348027921e-02
9.741094017355380856e+02 8.844352366208416925e+02 3.751221368380392492e-04 -2.804311396101472238e-03
7.567865322981970166e+02 5.291934442454792134e+02 -7.760049017309542455e-03 2.698312179879646788e-03
7.875081555155624073e+02 9.413187495625896872e+02 1.085377745967250167e-02 -8.021888218267311799e-03
8.085092420924017915e+02 3.678589382735059417e+02 1.861967197318209694e-03 1.334314557999786641e-02
2.348518491311580760e+02 6.999767055552390502e+02 2.437138303961172952e-04 -1.527264975809678035e-03
8.145424884161885757e+02 4.179105728699317979e+02 6.090587538756378656e-03 -1.892314710171984563e-03
5.825181690066800684e+02 4.030157633400102668e+02 -5.778205707310962030e-02 3.100605962381653303e-03
1.034097345908809984e+03 8.354156837860953146e+02 -6.192158265343780492e-03 2.578698276640199391e-03
9.982335467290247379e+02 8.189005134826651329e+02 -6.768929005552803795e-03 -3.777529893702446639e-03
2.275245422503063537e+02 7.686563257643372253e+02 1.919755227223388441e-02 2.871281511648469519e-03
7.336114461934307656e+02 9.796265802323263188e+02 -6.936786572889176543e-03 3.350638662531723894e-03
9.915043324480099045e+02 8.336151801198078601e+02 2.509245210007119992e-03 4.411451955520803258e-04
1.057311082711196605e+03 8.510747511987156031e+02 8.021903011890886863e-04 1.094983750919376400e-02
8.272083810238010528e+02 4.016620882093578189e+02 1.286559805447101863e-03 8.353232266222446363e-04
1.018446152940811999e+03 8.298728580290816126e+02 1.603796031852400923e-03 8.679560324519187790e-04
9.481930635599794641e+02 8.371215547377075836e+02 1.249068935335614743e-02 3.839585467515030121e-03
4.660376847798088988e+02 4.546244934205546429e+02 1.333387913638768487e-03 1.636016853608745656e-03
2.682517612974133385e+02 2.997553528091135604e+02 -1.626319481674006872e-03 -5.070669351855170738e-03
9.578874559924337291e+02 8.219284336737524654e+02 -1.955673897524851969e-03 -3.638347444417368032e-03
8.184393277451762287e+02 9.346765612370995768e+02 9.149563876672071189e-03 -5.861403557969874570e-03
8.167081934097878957e+02 9.447733536376803158e+02 -2.508923735229355838e-03 4.642173793780163434e-03
5.492226064813738731e+02 4.324457560652016923e+02 -1.514662422272801314e-03 -3.424387325052597776e-03
7.293276961567621584e+02 9.394390921232345590e+02 -7.899085972660553796e-04 -1.643217278376596369e-02
9.268217825598794661e+02 8.635076733060298011e+02 4.221948600020638750e-03 -3.462169028770548194e-03
1.033124410496468272e+03 8.248853180212028064e+02 -1.814610349619764701e-03 4.459128808550735833e-04
1.022315202134949232e+03 8.154291275219241015e+02 4.731242484834606468e-04 2.886271999877502775e-04
9.560682477494254954e+02 8.777961506837904153e+02 -3.646075900475564263e-03 3.649073823142694704e-04
8.184366516648777861e+02 3.797471361205588778e+02 4.005543449569687331e-03 -1.945590113157975691e-03
9.711232081414244703e+02 8.879916477030885744e+02 -2.860222053899102133e-03 -4.954146733458437198e-04
9.087506758723883422e+02 8.406871824475666699e+02 -4.978538478206984662e-03 5.990934565164538492e-04
5.770214483648676378e+02 4.716217885175115043e+02 -3.612199845640521548e-03 6.936042236910871031e-03
7.513280259562868650e+02 9.340287272603419524e+02 -6.126565028721145736e-03 -6.469601728789405731e-04
9.652699138036268778e+02 8.508195686371005877e+02 -9.370003460934649836e-04 1.455175689662916360e-03
2.321428774706348293e+02 6.930362776910586717e+02 -6.237650044052187211e-03 4.666629282152177753e-03
4.929816755967886479e+02 4.482431318596503047e+02 7.540747470322980040e-05 1.244162866691797369e-04
8.332626009214787928e+02 4.124297429860386046e+02 2.389804397231579808e-03 2.384879767919413727e-03
9.676000901597033135e+02 8.745499124327812979e+02 -5.602314284212099767e-03 -7.116821700154753790e-04
8.265165251002955529e+02 8.710935016557734798e+02 -2.597263637709948804e-04 -3.136938531116978011e-04
1.204546841591914699e+03 2.064636674716466871e+02 9.538375748986642477e-02 4.993877995518867380e-02
8.134792497574737808e+02 4.036169366124127009e+02 2.113124131096135328e-03 -1.761400877084121769e-02
7.670416319269201040e+02 3.857365467818257230e+02 -2.340938965340404274e-03 1.016387150680247466e-03
5.606869711040103539e+02 4.187964922897945144e+02 5.346048228907780697e-03 1.107032230415577745e-02
9.489673164900533493e+02 8.560903092639221086e+02 -3.153635199201645315e-03 3.807226500600903538e-03
3.328217059415197241e+02 5.580960510612205780e+02 -1.596647704029872245e-03 9.665522514551141888e-04
7.139809396893269877e+02 9.534581822449050605e+02 -4.864614036840534707e-03 1.363256408637317967e-03
9.975244727999219094e+02 8.752135616020863154e+02 3.366373761846576905e-03 -8.885858257233642324e-03
8.021841449487948239e+02 9.408111042825273671e+02 6.783226791689645103e-03 2.535602917598702918e-02
5.341599123973105634e+02 4.110286719963792734e+02 -1.838587188794827895e-02 -2.153954570565019822e-02
3.261306244580082421e+02 5.368047982103795448e+02 -3.368084586666122721e-03 -1.157308580019108033e-04
7.470966826786935826e+02 3.967309406597495922e+02 1.642616052312504543e-02 -1.341075708370285122e-03
8.507654168910664794e+02 9.315012798087396959e+02 -6.226004586089924249e-04 -2.298982913674594295e-04
6.317488387929818145e+02 3.885808295390981471e+02 1.095177696446072470e-02 3.960800618119888344e-02
8.187511164244999691e+02 3.632845474500773548e+02 -2.847693178183578668e-03 4.618072911324250934e-02
9.297873509991951551e+02 8.358320867064184085e+02 -2.708443215753802025e-03 -3.487057146130474912e-03
6.199707434096145562e+02 4.117473614309763548e+02 4.814445890772141301e-02 -4.301050918739648260e-02
5.442152109292424029e+02 4.083067920358051879e+02 4.623510825006245828e-05 -3.179175087450853646e-03
2.380461678954936531e+02 7.392627376603783205e+02 1.416410797278871503e-03 -1.208652605579109158e-03
5.453755772339427494e+02 4.826306960800320098e+02 6.416235399155588957e-03 9.143970798959344393e-04
3.147462506961326767e+02 4.704551517604930382e+02 5.673603730852815052e-03 3.574305569529341933e-03
9.342066449226633722e+02 8.657698686373541932e+02 -6.565599325783592899e-04 -3.535307318376755201e-03
3.218813935506070152e+02 4.822665439331734660e+02 -9.817795604816421592e-03 2.089256504336169454e-02
9.722724447301654891e+02 8.296184551414789894e+02 -2.173282403109309292e-03 -1.254716333100491625e-02
2.196324731707619833e+02 6.865405172846880077e+02 -6.364614121353740633e-03 8.413233188948066391e-03
5.048808748811224518e+02 4.473520191295584709e+02 -3.824975700448667807e-03 2.614365860332475838e-03
6.608380055334162080e+02 5.235408190994148754e+02 -1.060253338303117701e-02 3.472304733350028982e-03
6.273717529542142302e+02 4.253283926789825955e+02 3.970152671343830930e-02 1.719542687161177558e-02
4.763531832161781381e+02 4.659668147891980539e+02 -5.900641923236065378e-04 3.627141763618596157e-04
1.017533741376382068e+03 2.746746147588360714e+02 7.481274305920880205e-03 7.319003005357619870e-03
2.069184951164104973e+02 6.968774491144722560e+02 -1.614986943305364922e-03 -1.053023325593500014e-03
2.537273069421493688e+02 5.081732736899552947e+02 2.341629748147933468e-02 6.875095923265073239e-02
2.266487840592633347e+02 7.033587444015653318e+02 5.142106528449128661e-03 9.221882323805573323e-03
3.023837134880341182e+02 6.240062954291406641e+02 -6.578343153908256316e-03 -1.469394195593471709e-03
2.659002411401931454e+02 7.372670034531741976e+02 3.334423060838130615e-02 1.410182951254944014e-02
2.544330612975811619e+02 6.452563850352164536e+02 -8.507524707244269041e-03 -8.447066669695645763e-03
5.878562891199298974e+02 4.525774316856728205e+02 3.110265983606707446e-03 3.503181805853057638e-03
2.375152830902434857e+02 6.939331678284822829e+02 -9.067420137478784947e-03 -1.420397884385688489e-03
2.651346582060054970e+02 6.348608741268371887e+02 3.552698241448844392e-03 -3.841342729498533823e-03
1.002448909187700565e+03 8.756641478231996416e+02 2.749773803956675599e-03 2.020816859299830659e-05
2.620091777195893314e+02 7.265901057832220431e+02 -9.491472794752103467e-04 -9.646867656018381920e-03
2.658181566606901924e+02 6.193897418807281383e+02 6.034791092259741800e-03 -4.031475952586171911e-03
2.540465993659850881e+02 6.865630833070325707e+02 -5.217077969295716260e-03 -5.904666847409361687e-03
9.304076225705535990e+02 9.057172746405861972e+02 5.472530371775974345e-03 1.534308964696517487e-02
9.521984781490621117e+02 8.970674703126404665e+02 1.354326958654486490e-02 3.259687585962791137e-03
2.514327368648094989e+02 6.706280584516608769e+02 1.986038302345774151e-03 5.006871696882581567e-03
1.012748002789461907e+03 8.513619939125895826e+02 1.588235823873003364e-03 -5.622227768913710087e-03
2.304486058568116675e+02 6.718096172996466748e+02 8.386666942063057857e-04 5.600205025112556592e-03
2.942380476875361524e+02 6.207756959351604564e+02 -4.192373238981422431e-03 1.682458228354352962e-03
2.523032656148438662e+02 6.330214753130831014e+02 -2.298171546924280065e-03 2.006664234017134247e-03
4.334507671836544773e+02 1.084518542883148029e+03 -2.305216945910502826e-03 3.291362189580324029e-03
7.326592577940172077e+02 9.313310718343113876e+02 -2.282945303191484922e-04 -1.052036924460985094e-03
2.315639706508549125e+02 7.365143886129774273e+02 -8.501859675263430741e-03 -1.444469778126327396e-02
3.113471916681090761e+02 6.493055374438049512e+02 -5.762124099490366011e-03 1.962286308907262855e-02
1.186039585488319062e+03 3.909382311891371273e+02 -4.376835930095171814e-03 -1.731785466354200057e-03
2.285264673267220417e+02 7.505618113732449501e+02 2.540451979545216201e-03 4.769358809477972083e-03
2.417490841055104909e+02 7.292772068164038046e+02 1.725165339076645266e-02 3.108399844924775515e-02
2.629920823006708019e+02 5.774994501048466873e+02 1.232259644836129243e-02 1.662558161587351924e-02
1.000624138703670042e+03 2.244722567492395058e+02 -8.204901727511620078e-04 1.339273907688613057e-03
2.429776046707441424e+02 6.876170261681127158e+02 1.341359848946255956e-02 3.010696955791648116e-02
2.753303352780646378e+02 6.979494484141405337e+02 -6.639501497519663398e-03 -1.651069936860611806e-02
2.144011919369632437e+02 5.777856020977327489e+02 -3.947193509773824077e-02 -1.722191509902259998e-01
6.038833420063683661e+02 3.983378041446371753e+02 -9.411653069186835807e-03 -1.273203459887365264e-03
2.179109916737704964e+02 5.695038749441282562e+02 -6.536716829955231678e-02 -1.853018232168718027e-01
2.449556001806567451e+02 7.615682926851861794e+02 3.850315381391107811e-04 1.494159098763585746e-03
2.640487289021955917e+02 6.562653076649614832e+02 2.859241423888675784e-04 -1.056007032387935732e-03
3.127034024502930833e+02 5.878851024256475739e+02 5.814779954028714056e-04 2.469693404076913224e-03
2.064247260372780204e+02 7.242536542461707540e+02 1.437571894986532052e-03 1.927111337462889462e-03
4.937325172622221885e+02 4.546388735603831037e+02 1.496884825638350631e-03 -1.355405111317593662e-03
7.180449290762538794e+01 3.162531904428387861e+02 -4.117713359193679416e-03 -7.225352215744571503e-03
3.136948867887394954e+02 5.688191973094271816e+02 -1.078769008510130183e-02 -1.263329975582825780e-03
1.013315022998630184e+03 2.598084632023539484e+02 5.005410869763623170e-03 -1.523518170952431992e-02
2.285800707719234026e+02 7.743343578212480907e+02 -6.007460284401063737e-04 1.025680316530215916e-04
1.047742552711587678e+03 1.661846764988741825e+02 1.491456873296412300e-02 -3.651287682540731161e-02
2.037219015229903221e+02 5.704563570092650480e+02 1.600897754699797393e-01 3.164530472919599435e-01
1.021640600935202201e+03 8.600010669782276409e+02 -4.627270369367282588e-03 -4.619949830919718031e-02
4.883737718861142980e+02 4.749417385870387989e+02 -3.354579019658936699e-03 -9.275939886480960225e-03
5.365402189207388801e+02 4.286282565260493698e+02 -4.719131864229857490e-03 6.646669155622142412e-05
2.670582278637605214e+02 6.270167761213004951e+02 2.516885757718610901e-03 6.235392518300442687e-03
5.219065979261931716e+02 4.611688453010763169e+02 -5.931819392259004209e-04 -9.134841639255984400e-03
1.058520875516715023e+03 3.032595444680180208e+02 2.846478988816004280e-03 1.321506393599639756e-02
2.850281944148906632e+02 5.495440984080320277e+02 -1.134502259412558832e-03 -3.578960196679449590e-03
2.328980109662155655e+02 6.297462483008425806e+02 -2.590902707549282580e-03 -3.173286928232652189e-03
7.082297555739394284e+02 4.256336072963037509e+02 7.832618506192897886e-03 5.796934349035328532e-03
1.005227963623282790e+03 2.279289010169594576e+02 -2.580235630850690864e-03 3.216172631079862194e-03
5.532747328443265360e+02 4.832619338091389523e+02 -2.395529251390765384e-03 -1.230111790155859024e-03
2.561463695551792625e+02 6.998307499406980696e+02 3.048122494381950206e-03 -3.383735674856775625e-03
5.029120853016177648e+02 4.668267695012578997e+02 1.711705684530474673e-04 -1.904513427106932499e-02
2.387672951070140641e+02 7.114040306232311650e+02 2.279091136726677305e-03 9.189759503722751480e-03
2.209488903582281694e+02 7.176928783994300147e+02 5.795275336585165027e-03 -1.863646826361313111e-02
2.125955867308815925e+02 6.324112181491807405e+02 3.012507464377719643e-03 1.987253849541381276e-03
2.991348652650107738e+02 5.643195273134572290e+02 -1.582958168994266909e-03 -1.948505308374672354e-02
2.175172217389094556e+02 7.230234623792787261e+02 -4.825421906543727983e-03 -5.882601925971510864e-05
4.969119349239509802e+02 4.678896366347048001e+02 2.908716760655374834e-04 2.894622152252444933e-03
5.727895942917938328e+02 4.130083531355664377e+02 5.825036151175634960e-03 -8.996698776022438171e-03
1.204935146684939355e+03 2.797756480709473408e+02 -3.519430342586731160e-03 4.997108738762964103e-03
2.191440572145472458e+02 6.971711446768331371e+02 -1.611654252134640765e-03 -7.127476550300515003e-03
2.731926817974559754e+02 6.253054304058023263e+02 2.339782164760958235e-03 4.033478730220714688e-03
1.047141121082102018e+03 1.964215364134896049e+02 3.883625980896084073e-02 2.618021719289620811e-02
3.007450424939439131e+02 4.095288573531613565e+02 -6.184580286938822381e-04 6.795401072027667209e-03
7.840451021234924838e+02 9.349419437167587148e+02 -6.358377615013091578e-04 -1.366643914361072298e-02
2.471727156815788646e+02 7.312504149175122166e+02 -6.280722522230951059e-03 -6.855951210510094918e-04
6.059939749055641869e+02 4.069122537959186729e+02 1.013413453003324531e-04 1.514658026724867001e-03
9.773960047659054453e+02 8.657734260790253984e+02 3.522667766665198499e-03 -8.065291838215446311e-04
2.418440909660071156e+02 5.002722127626559541e+02 -2.845802011011338423e-02 -1.646254165637464628e-02
2.444897812481497681e+02 6.181718801188821999e+02 -7.052324293525625253e-03 3.154519095582964880e-03
8.097447348838351218e+02 4.017335338897134420e+02 -1.168598646198024419e-03 1.545049696906321268e-02
5.446532973242132130e+02 4.262595841749536589e+02 -3.257175597948142130e-03 -2.692075933319950168e-02
1.176825837670932287e+03 2.052674114759150257e+02 1.502047153849161987e-02 -3.512567325056224071e-02
2.709030177475437995e+02 5.631861307517351634e+02 2.670432662884227037e-03 4.654013055794238400e-03
2.704296250613291477e+02 5.368681450119928513e+02 -2.113999580621953815e-03 3.164886481116998673e-03
9.437699448209004913e+02 8.998762355594383280e+02 1.971928676631129126e-02 -7.552092997999838690e-05
3.269873482941634961e+02 5.053709416150980474e+02 7.319228552391185416e-03 2.198595241897505215e-02
1.159410298527688155e+03 3.752369845853905304e+02 -7.231861423793581843e-03 6.107400702712811359e-03
2.476897851998215856e+02 5.350467197205884986e+02 2.314073153034107433e-02 -9.248509156787750041e-02
2.342709017183946401e+02 3.334729073022016905e+02 -6.358295746621629718e-02 -2.824689778920593808e-01
2.788433664413568636e+02 5.982644668113570106e+02 -1.836679242338203413e-02 2.496601907668858505e-02
9.729992717291203235e+02 8.628791804875089611e+02 -6.177775403624998808e-03 -1.106664994119347517e-02
2.643491450013895587e+02 6.496403197704772765e+02 -5.203767317303879120e-03 -1.083419451048831710e-03
7.696508091552840369e+02 3.978757041097496199e+02 -1.413705809042794148e-04 -3.665417112870272831e-04
1.173803001710342869e+03 2.345849071169693900e+02 4.592586580847547034e-02 -6.769721842430508063e-02
2.751413368606492895e+02 6.801785910714726242e+02 -4.070940766878985984e-03 -2.718565824838408210e-02
2.267209377710194076e+02 3.337188611344939204e+02 -5.299831871167017677e-02 -2.173796230813541119e-01
2.361597700180502386e+02 3.603773375394115419e+02 -1.472050502815164530e-01 -3.028211836420309222e-01
4.914597377960415656e+02 4.814286513175628102e+02 -3.954750269876472664e-03 -1.374803513176337498e-02
1.203041248997698403e+03 2.431083044752012370e+02 8.164658801690328691e-03 -9.532498096969320087e-03
2.895276187780095825e+02 4.993101793571659641e+02 8.211741525733284863e-03 8.550889985301209431e-03
2.638209269667403873e+02 6.871729202089073851e+02 -5.188856207715922958e-04 1.141917524469113383e-02
7.538436202343367540e+02 9.127325369915536157e+02 -5.589665983694376561e-02 2.268951879264000451e-02
5.438116720312285679e+02 5.124083920888161856e+02 3.219607992588349385e-03 8.043350518493194235e-04
1.179833162473012635e+03 3.928118361849487883e+02 -4.238162899195465662e-03 8.371651101216154300e-03
3.001710331000757606e+02 5.108504523694131763e+02 3.767326325447415206e-03 5.056196091222300328e-03
3.136241880340039643e+02 5.542388310818607806e+02 -3.577992242453704574e-03 -9.312054738806595927e-03
5.923369675526184892e+02 4.849098386223880652e+02 3.990084831655459963e-04 4.880368110628179740e-03
1.075593112866218007e+03 3.107125118470964367e+02 -2.970522885305237285e-03 -1.301726252939031494e-03
2.180174997870546463e+02 2.938359800460401061e+02 -7.080619970298809851e-02 -2.151025713638488879e-01
3.931206861690378673e+02 1.088909463287496237e+03 1.638837249757752162e-04 -3.160145094931643764e-03
1.226579682536809059e+03 3.616318815840239154e+02 1.748754312254754625e-02 8.495788114937050106e-03
3.936152144391214733e+02 1.094803079965557345e+03 6.891058012176319776e-05 -5.659527860008875012e-03
1.023085144732829235e+03 2.614651023565258470e+02 -2.210614153496336109e-02 1.200724995476264850e-02
2.579227329808787204e+02 4.233154284996800811e+02 -8.131505617056872248e-02 -3.228261111581927634e-01
8.860907773723284890e+02 9.296236769436468421e+02 4.378812615862056495e-04 -2.245064621961724159e-04
2.709068987946781704e+02 5.496773750778596650e+02 -5.136690340893014517e-03 1.457927759010189082e-02
2.507661915486244197e+02 4.202877088472187097e+02 -1.002578579146235771e-01 -3.077196483909664382e-01
2.707546444189724753e+02 6.126654663811553974e+02 -3.036660915947406170e-02 7.039396645669256103e-02
2.347070960501055481e+02 6.497088052765667499e+02 -5.718752714972872263e-03 -3.714579631782095794e-03
2.791706622839143961e+02 4.659471235309453618e+02 -1.226512350599410356e-02 -4.380983392487599465e-03
2.234270505039920067e+02 7.562492056741043598e+02 -4.421391056653046180e-03 1.556145123499440589e-03
2.078595137036110998e+02 6.473260407069847133e+02 5.602267548089467225e-04 1.220247237200163632e-03
2.449887720095733243e+02 5.103097609319509047e+02 1.443430765592671611e-02 -4.545875941972319506e-02
1.069545403962261844e+03 2.334532089133277850e+02 1.128219876300991589e-02 1.741107615509523976e-02
2.743848252398011027e+02 6.693496862023554286e+02 -1.425041380020270441e-02 -1.961440323070926667e-02
9.603475004250221900e+02 8.323210329906753486e+02 2.831793754429926067e-03 4.960222777216054778e-03
2.437016764903813169e+02 3.694404353805958294e+02 -1.125190342324409454e-01 -3.174433091335473467e-01
2.618969125356802010e+02 4.555959552569381685e+02 -2.264274684407238669e-02 -2.864663995778553018e-01
2.928783263683472455e+02 5.512325344444168422e+02 3.428431108423045728e-03 -5.877513347286367207e-03
2.319069977228445225e+02 5.096398929364656851e+02 -7.502476936086524377e-03 -7.564608675776827995e-02
6.126484372322978516e+02 4.260517186177559097e+02 -6.945833852035654052e-03 -4.984982175414535109e-03
9.430982590802843788e+02 8.836111353027927180e+02 7.010472158288051647e-02 -3.870604462671247553e-02
5.467939719515412662e+02 4.414701700968968794e+02 -1.844623931104607401e-02 -8.835024228543229829e-03
2.399435256985727278e+02 5.222697815828446437e+02 2.059041059053492734e-03 1.687811813268027539e-01
1.033940626448436433e+03 2.594179903958577711e+02 4.201033801508055089e-03 -4.657636191891492868e-03
1.034196465306417849e+03 2.849641969855144907e+02 4.106151830910675926e-03 -7.749699930889389528e-03
2.734646950575954634e+02 4.787913719961196648e+02 5.997603669366150664e-02 -1.539867417092818103e-01
1.028833942521832341e+03 1.824517959840721346e+02 2.799131677090939407e-02 8.431299166617653440e-03
2.597103734929054326e+02 4.303204029460807760e+02 -6.731721625398771891e-02 -3.008821905954366938e-01
9.823127386461677588e+02 1.924347762078610629e+02 8.467594720631234969e-04 4.014907126673680077e-03
2.760992523586881475e+02 4.462097352683921940e+02 -1.103307538574084708e-02 -2.501518720425894085e-02
3.086727736375423774e+02 4.952927336015022775e+02 -1.503685175943345607e-04 9.821712088802933560e-03
2.997285109923282675e+02 5.151338369513356383e+02 1.936540504431093906e-02 -1.391618426424150179e-02
1.042001024528869948e+03 2.786049105985748042e+02 7.022481285624656427e-03 6.454195167664508390e-03
3.923368868011023665e+02 1.065540433228536585e+03 2.514717834574162463e-03 -2.009590913803099062e-03
1.164326492607895261e+03 1.430794725203610369e+02 1.524002801254550125e-05 -3.247576962339712974e-03
2.178257484964995001e+02 6.467097770881878205e+02 2.659495097802699968e-03 -1.884800320405504055e-03
1.182706753853303553e+03 3.271245358778394916e+02 2.191892983973777603e-02 -1.259792263864640757e-02
2.122641572439494837e+02 6.637679978421552960e+02 -4.321482336830412166e-04 -5.530315760712021210e-03
1.081502987737512285e+03 2.137893166443269592e+02 8.209209667864406090e-02 -7.186872306722999482e-02
2.574466540174931879e+02 5.034104184660064902e+02 5.476593087401606524e-02 -1.450709675566407286e-01
2.668151277721197516e+02 4.819617881236754329e+02 3.307480421809860793e-02 -1.678645223164162426e-01
9.442151045631943589e+02 8.554386155409894172e+02 3.579625743432278753e-03 -2.309593802436049007e-03
5.019508122519609969e+02 4.241984076325298929e+02 -1.077717058391317040e-01 -9.606365029560155495e-04
2.698041197775395972e+02 6.961732272846799106e+02 -8.227837933080166949e-03 -2.209386383771455402e-03
7.896356630792765827e+02 4.016092435252454038e+02 7.219346518749631542e-03 -2.192695891550903130e-03
1.040305572230897951e+03 8.644450415306541800e+02 -1.704116735112674603e-03 9.828180895399305644e-03
4.801946216648393033e+02 4.698538834999645815e+02 1.958575601619405332e-04 1.157925487108973353e-03
1.050442098625112749e+03 8.454594636755017518e+02 -8.270860927261832959e-03 -1.364453511099431070e-03
7.917067226459623726e+02 4.064681772081771101e+02 -4.723529046670348758e-03 -9.486172920690991725e-04
3.147951731545439316e+02 1.078069126302865470e+03 -1.062338214156548742e-03 1.791220002326437055e-03
3.310623333444501100e+02 5.247942354253792701e+02 -1.976079232848419395e-02 -4.165814419296354904e-03
2.260471652192387069e+02 5.331643906414650473e+02 -5.144365270486626202e-02 1.960557653349087257e-02
9.803533266002742721e+02 8.531523585020228211e+02 1.979577778422818551e-03 -1.275145691216935349e-03
1.291632941016019004e+03 3.262498313694236458e+02 -9.954155027657009269e-02 -1.959424449304530691e-01
5.608855552214882891e+02 3.903141306660378405e+02 3.062894911781453323e-03 -2.812145461292112070e-02
9.251467631162146290e+02 8.928583536080153635e+02 2.616605452087719403e-03 -1.731382955418972946e-03
2.819420807120076233e+02 5.719043315122277136e+02 -8.381981677968211239e-03 1.020270236486583021e-01
2.898293730842290756e+02 5.692679718024044178e+02 -1.770525136283867748e-02 5.349304319273946035e-02
1.149106683081913388e+03 1.890621844580500124e+02 2.404719240789430536e-03 -1.066638077526587368e-02
2.705852359291554308e+02 4.936934240673699605e+02 9.089197308058391545e-02 -1.647924872567557986e-01
1.199228624322979840e+03 3.516394377914883762e+02 -8.580864690299163863e-03 2.892530960205719898e-02
5.014863895042493596e+02 4.391622362528516419e+02 -6.280668432018861325e-03 4.493137325522017674e-03
2.699757940763116153e+02 5.095124156712946615e+02 1.254128427746194381e-02 -6.984287969867925168e-03
5.097466673415003697e+02 5.228739262588539987e+02 1.010264503505741958e-03 -4.256958494418558968e-03
9.615487804452585578e+02 8.940727800446128413e+02 2.873318777900668499e-03 1.399487534661373114e-02
6.399820893009932661e+02 3.753770439645675765e+02 -1.964180000235915286e-03 2.487255788661185251e-03
9.873934799588436135e+02 1.920504767888055540e+02 -4.522670180818696289e-03 2.162502735317128975e-03
1.054676623101005816e+03 1.839882987091956466e+02 4.232734864843331647e-03 2.110941646465771745e-02
1.103541344537437226e+03 2.086142730467313129e+02 2.184107881857498545e-01 -1.494497075738709102e-01
1.085221615404331033e+03 2.059350197856294926e+02 4.585614658023614426e-02 1.565671178420330670e-02
2.179973159248741013e+02 6.238488197049865676e+02 -2.090883206896485269e-01 1.225934553948164751e-01
2.839540328822488959e+02 6.780174318018526947e+02 4.205152637821514550e-03 3.628952754973010283e-03
2.980186906897568520e+02 6.519207341276562602e+02 -1.309934749149936628e-02 4.036725300571867431e-03
2.731112678530978997e+02 4.104531550256303944e+02 1.098266320350421189e-03 5.183055441699367660e-02
2.360454710869460087e+02 5.877886063108627468e+02 1.628562964700727700e-01 1.720335087011076458e-01
2.103096936613684420e+02 5.960984815392795326e+02 -1.881674002555317957e-02 2.454820910078218121e-01
2.029208653514885725e+02 6.002600302651432003e+02 -4.589055759789479466e-02 2.401419309363374555e-01
1.236518519815991795e+03 2.581824789723781919e+02 2.254187591191085180e-03 -8.324510791593152815e-04
2.686333914227085984e+02 4.362826894388542769e+02 -4.836800577962292735e-02 -2.671821149707438448e-01
2.582716692453903420e+02 6.220531188095671951e+02 4.618734339626123439e-03 -5.133728061546117757e-03
2.396767063261881674e+02 5.123620956131512685e+02 -5.209322326092659383e-02 2.652588496456676492e-01
2.682805998515192414e+02 4.102858302466144096e+02 1.491394896183548258e-02 5.937607777694229455e-02
2.190602479338116098e+02 7.695574676080899508e+02 1.656756536687392645e-02 3.722956907964850709e-02
2.548827861814752964e+02 6.025009553772546269e+02 -1.864627193128730043e-01 1.234738426025112912e-01
1.128718108981420755e+03 2.113296921228378835e+02 9.615090378664185866e-02 -2.205833301005916125e-01
2.213705321103201697e+02 3.142028613554305707e+02 -5.787190466014973528e-02 -1.599568082252046941e-01
1.057557207366239481e+03 2.354149162117786886e+02 2.458510037616737365e-02 1.112860509759276001e-02
3.084951075618122900e+02 1.059421142165581841e+03 -1.324014096286700234e-02 -9.805799413855554453e-03
1.042398675001245692e+03 2.523812234407458845e+02 -8.657369058138362009e-03 6.770338965681037833e-04
2.556919742929915742e+02 7.470552561568950978e+02 5.205597637098430611e-04 2.353313440943395184e-03
5.293583291676635554e+02 4.392754869606837929e+02 -4.838108856625415385e-03 1.053367461289868995e-02
2.353938804250132648e+02 5.398591696218906009e+02 4.425504017994670580e-02 -8.356548201003317911e-02
2.785418780439950979e+02 5.140942104046287113e+02 -1.847916985199016563e-03 3.993859768376868419e-04
4.644704080762463718e+02 1.099311043992737268e+03 -1.076922253373359221e-02 -1.060018502560317174e-03
2.753822440195010017e+02 3.987262348519908528e+02 1.675217450029002630e-02 9.046184152983058335e-02
2.570513764998153192e+02 5.357168584970868324e+02 8.222846741577484464e-02 -1.608069256905285127e-01
2.363089711525851158e+02 3.489824369235206518e+02 -7.918287510984012290e-02 -2.994432185236272637e-01
1.217070999447935719e+03 2.193440046023812329e+02 7.075142154962582239e-04 4.258565435502431606e-03
1.035084632678162961e+03 2.988896224607344152e+02 -7.132175253506676735e-03 -2.452827720296479452e-03
1.022082086149451470e+03 2.366183389087311468e+02 2.071154726740704818e-02 1.867986695366690569e-02
2.291654576774060956e+02 3.296058856076638222e+02 -5.770301699254562489e-02 -2.096029678639798333e-01
2.178491324840128129e+02 7.605740032776499220e+02 3.582077650112960344e-03 1.606146747157803428e-03
5.885058348394902623e+02 4.805689253664327225e+02 -1.123124387003718999e-02 2.426225532875853075e-02
1.111039799262781344e+03 1.897902660598299462e+02 3.362688694830629627e-02 1.101310420253771433e-01
2.783462579244062454e+02 6.038786722200045460e+02 -1.846829133769168187e-03 -1.135099537557470242e-02
1.123861180321654956e+03 3.402128163983580293e+02 3.946828287980949190e-04 -4.277408781939640763e-04
1.116597237562699775e+03 1.834007834504178049e+02 4.320865782442029346e-02 -4.958319286943984466e-02
8.264173262390837635e+02 8.743803408421923677e+02 -8.732245311432395088e-03 -4.322699749419631979e-04
1.115382825514125670e+03 2.383532101004856827e+02 8.563082421967847802e-02 6.563837086505829033e-02
2.240794101989586693e+02 3.105737552145666882e+02 -9.872391116920761767e-02 -1.893402314389944774e-01
2.389824169818074893e+02 6.189133263336356094e+02 -5.467945297495346163e-03 4.787139301882207751e-03
2.136736813325696573e+02 7.574303875214287700e+02 1.183067261158972589e-03 4.188777722717558841e-03
2.224696102888403573e+02 5.831821196026101006e+02 -1.027586289078957910e-01 -5.042984973897771117e-02
2.692428356448031650e+02 5.801265039433116044e+02 -2.776371740943018012e-03 4.447311088863060806e-04
2.486676130744355646e+02 6.870442216456805227e+02 -1.080382303448819631e-03 -3.666415547530563548e-03
2.925497211625510658e+02 6.312240840197841862e+02 1.545861031031101930e-02 -9.434799541259279373e-03
4.815169912528259601e+02 4.466105429453605211e+02 -3.612813650554268859e-04 -4.077979509017410492e-03
2.194937065622045793e+02 6.364978971224235238e+02 1.299045047132448699e-02 1.027623177466047838e-02
2.746226872154214220e+02 3.923553563114290910e+02 5.027569878974069706e-02 1.948447976710268037e-01
7.647579041086804637e+02 9.195490229464506911e+02 -3.563286419865891331e-03 1.527361128757146955e-02
5.081541293464970863e+02 4.958825063755124347e+02 -1.060748290269252213e-04 6.341977515781912350e-03
2.499331288161851319e+02 4.095026611061071549e+02 -1.286253801101565342e-01 -2.927840878124733925e-01
1.176942859591306387e+03 3.410830718238490249e+02 -5.347679262267954897e-03 -1.018892313687155132e-02
2.413563072599992836e+02 6.596743579429272586e+02 -6.103447353006634032e-03 -1.370198012799248022e-02
2.561694641771021566e+02 7.343728560244371693e+02 1.082830351035310446e-02 -4.627403865598434494e-03
3.369161073649017908e+02 1.056373009179689461e+03 1.496013276236865660e-03 2.341598247530872826e-03
1.167484287752465207e+03 3.222836384380594836e+02 -4.137176112615382519e-03 2.174264029437131610e-02
2.529517691908004906e+02 3.756993107240704717e+02 6.983232456958451961e-02 1.635546393903961060e-01
1.661357062989272606e+02 4.924683718078093762e+02 8.721848067287762962e-03 -3.759443912748295369e-01
5.065029072085412167e+02 4.845660505515385807e+02 5.662350729898486508e-04 1.574488596892060274e-03
1.175063312495268974e+03 3.596227131290391981e+02 -6.704588529171112568e-04 -2.486726580707792050e-03
5.370132127574256629e+02 4.700837023929049110e+02 -8.599216501336444385e-04 -4.667310365309416433e-03
2.798555314919760235e+02 4.874405817900089346e+02 3.148905612196097221e-03 -1.320306861503700059e-02
4.794662526678956738e+02 4.418192483304124494e+02 1.211262395937108896e-03 -9.945615437114309690e-03
1.160091121720171714e+03 3.314820506110482370e+02 -8.114294551057022256e-03 1.004536668766728424e-02
2.188842707056253118e+02 5.778316957942657837e+02 -3.397886315739799545e-02 -1.654298961440393012e-01
2.941668495394193883e+02 5.747458906813227486e+02 -3.986648566773632121e-03 -5.883742984823052934e-03
2.609615854734601612e+02 3.769632022811798606e+02 8.498172147502099094e-02 1.806985132028777474e-01
1.193066034555851047e+03 1.858896872486168945e+02 1.531869657759499931e-02 1.015775653842124482e-01
9.682420927458315418e+02 8.248809427606688587e+02 -9.585613294419063554e-03 -9.433480439339957807e-03
1.037691701586870977e+03 1.786386400063280462e+02 -2.397499060141781893e-04 1.233331416092695552e-02
2.074238533513507434e+02 5.849578336242366277e+02 8.919933736999435814e-02 1.594894075988595172e-01
2.848580684301952033e+02 6.453094414658768301e+02 1.128341699636351177e-02 -9.855504700574261104e-03
3.826024848546991848e+02 1.076796433565201824e+03 -1.480333685413197028e-02 -5.991817186112360742e-03
1.199107789888171510e+03 2.554369095115660855e+02 6.312992486392873153e-04 -5.267950639275970071e-02
2.688284666622686814e+02 3.628101967943910608e+02 3.844974759453751584e-02 1.515379686125522263e-01
3.285439352819966530e+02 1.054991418148752018e+03 -1.464893114358585416e-03 4.777858940035975555e-03
1.134541774885735322e+03 3.886881865502647884e+02 9.654174786808850453e-03 -1.066159389388855218e-02
7.846584678521064689e+02 9.595975001970350604e+02 3.160279467812131694e-03 -6.582243794018677839e-03
3.528524347550887228e+02 1.053631471561868693e+03 -3.692246035975225776e-04 4.471172656480174945e-04
5.927300100454393714e+02 4.598750215844746663e+02 5.487976740772018691e-03 8.279439203951513213e-03
2.670231552290700847e+02 3.816813229491805259e+02 6.281480437319833521e-02 2.573317534828841735e-01
2.272762239607499453e+02 3.189597223185201074e+02 -1.951097268819903738e-02 -2.084412392251361879e-01
2.404395853273765624e+02 3.788745280296017199e+02 -1.412677656071010812e-01 -4.103680647900616041e-01
3.835751218590377221e+02 1.062262520757415132e+03 -4.250460839200671261e-04 7.809504023777599779e-03
2.604830579665691062e+02 6.097338743942812016e+02 -9.297824437762958194e-02 5.288177516396250916e-02
2.389654780368013292e+02 5.802240677918272240e+02 1.715776205799650900e-01 1.451853869121593754e-01
1.182354124687684362e+03 3.706382212786718355e+02 -4.236343573553529376e-03 4.166964012805656706e-04
2.580829191261487949e+02 5.813846028722554138e+02 1.593054097904425814e-01 1.392322699762302274e-01
1.040797881419880696e+03 2.648788357867993568e+02 -5.314355033443453509e-03 -1.980555976784347579e-03
1.260362955616956469e+03 1.960830719415386341e+02 -6.594174248815275630e-04 2.385542265184909232e-03
2.475621714488559064e+02 5.821762641920053056e+02 1.048303881396461246e-01 3.071813023525059652e-02
5.689034604365189125e+02 4.997394803482534940e+02 1.788261696594422440e-02 1.019618344904101546e-02
1.025222272154476286e+03 1.652170771464780898e+02 -4.072900760577947976e-02 1.190130309141879811e-02
1.059205032817986876e+03 2.713827227913197930e+02 1.387481050579652403e-02 -1.524001354137156580e-02
2.135455381419959338e+02 7.222593563055431787e+02 2.646717459966940657e-03 1.978108759583009461e-03
3.031920532833681818e+02 5.490827687852101917e+02 -2.412476525450128490e-03 -2.475307428498878595e-02
1.197591576672976316e+03 3.270359211386428910e+02 -4.285329764219442117e-03 8.713563518503322433e-03
2.966184888232919548e+02 5.400217368343919588e+02 -5.379983963303847788e-04 2.963292479405639068e-03
2.770827279760928832e+02 6.510059244788528758e+02 1.380086985793493350e-02 1.778491389791495405e-03
2.576347773816426638e+02 6.734733940065752904e+02 1.312902362195193882e-03 6.450137979072678718e-04
5.891122597372619794e+02 3.916972398041205565e+02 -3.936059074906683025e-02 2.600056805642277091e-02
2.271943691295269616e+02 5.635393938978407959e+02 9.907821074958347851e-02 9.236825139084479941e-02
3.430169356439040484e+02 1.051246253353411930e+03 -5.631836579057940793e-03 5.919145136782516525e-03
2.620290309345420496e+02 4.685462674402763241e+02 4.204653499182189891e-02 -1.815511798002240884e-01
2.340981313574396268e+02 6.769200803431425584e+02 1.455733596599776596e-03 -8.071255865002508259e-03
1.139224235701987482e+03 3.375941874935567739e+02 -7.751198061061298321e-03 1.163765168682981410e-02
1.962995870646582262e+02 6.781952411571063521e+02 1.538606526708008460e-03 -3.440567396727610568e-04
7.857808960087562582e+02 9.547956643126709650e+02 -4.089968763084903295e-05 2.199365203191428961e-03
1.265874677100699728e+03 2.038649145239700147e+02 -1.942149669070888538e-03 1.648666597276641794e-03
1.193334081888227274e+03 2.254028920656382979e+02 -2.458097849152145967e-03 -8.885650230048653883e-03
1.204391867137806230e+03 3.609203620909731285e+02 -2.057525147840873810e-03 3.084422481325049554e-03
2.564292976110614859e+02 4.894492171783867320e+02 3.289810717077055330e-02 -1.416389998952348739e-01
1.162013063403658180e+03 2.506863809430562640e+02 2.909809129392885909e-03 -9.185307620164662873e-03
2.602747317559850444e+02 3.391396254750936805e+02 5.960077095583321896e-03 5.642710547945824218e-02
2.297760504190763697e+02 6.481343676965780105e+02 1.195584138791067931e-02 -3.017227398845084060e-03
2.242789779485322299e+02 5.490542849661637774e+02 8.102764040274838819e-02 1.110939978392896516e-01
1.195007176258602613e+03 2.321393362657892681e+02 -5.491820679847901621e-03 -1.786877851528608126e-03
5.898343675446599264e+02 4.167970688309475236e+02 -7.067081688922704705e-03 6.840313837085319239e-03
4.635616071563483160e+02 3.922984931160837050e+02 -1.075986973332739108e-04 -1.696735580514658693e-03
5.405687826392505713e+02 4.996979329479308376e+02 -8.130410710979242561e-02 -2.221010087747077311e-02
1.008360786483034872e+03 2.357886784636319248e+02 -1.574837230482264289e-03 3.115635364820275397e-03
3.736113312915680353e+02 1.089675308108390254e+03 1.580268438789514743e-02 -5.618789589969328500e-03
4.167725533186168150e+02 1.100155150329750768e+03 -1.455803978140213879e-03 1.608383873307241531e-03
1.235272024525267398e+03 2.978833711442604226e+02 -6.661377889522195062e-03 -6.968321254535089597e-03
1.294602112234311107e+03 3.560920609326876729e+02 -9.487185545298425227e-02 -3.409189057035768872e-03
1.170261636437485322e+03 2.573346495341008904e+02 4.497995253743310856e-02 5.973625777587225627e-02
2.868506546762592961e+02 4.925891486298298787e+02 -2.325565505173478667e-02 -4.435012227845325401e-03
2.835610378807348297e+02 5.402403345002051083e+02 -7.571602495657446703e-03 1.676354099439741289e-04
2.941762905442863030e+02 5.985243801849562715e+02 -2.626578236452200340e-03 -2.487865120480756143e-03
2.841254145824726152e+02 4.495174644681065956e+02 1.082568181325798025e-02 1.976304090445941443e-03
1.214890433253362062e+03 3.662937605262280272e+02 -8.329506397263451711e-03 5.673183478321707808e-03
1.207550357249854187e+03 2.686415200151492400e+02 2.842621718762772948e-02 5.325393214890469101e-02
3.226387506838455579e+02 1.070132266723121575e+03 -4.009952351583872913e-03 -7.480662743613955036e-04
1.183915691888861829e+03 1.670744853157178511e+02 -1.121688551891809188e-02 1.009612839200600513e-02
6.194066534403298192e+02 9.358469925282934128e+02 -1.068509615185693021e-05 -4.993142770622893949e-04
1.197633484791150295e+03 2.846192612218728186e+02 -2.080878671389146395e-01 -1.437986277726749640e-01
1.190488598569275609e+03 2.575017812000410231e+02 1.745577551357858220e-02 -2.781257450384384822e-02
2.509332890167309529e+02 5.410546415056385285e+02 1.390792150746303080e-01 -1.208711063007146119e-01
1.022070683709704326e+03 2.796047398030917179e+02 -1.741530763866865191e-03 2.527958492936871297e-03
2.627016161239699841e+02 3.995238580487172158e+02 7.748207370142262684e-02 1.673089243377108293e-01
2.255156668893967264e+02 6.848153451536974217e+02 -7.425485438551166634e-03 1.411003217816022897e-03
2.520309430106692901e+02 3.271710089005782152e+02 -6.109215272436984735e-03 3.570275486084136841e-03
1.120791686366422027e+03 1.780064968425245127e+02 2.436008869717445208e-02 -6.052111538776803329e-02
1.285471054990704715e+03 3.614582792331058840e+02 -2.833806948620997690e-01 1.872597731297898915e-01
2.700010060141864301e+02 5.262711641272287579e+02 2.070636308985121521e-02 1.934754914182774607e-02
2.479600192311469300e+02 3.327558577950104564e+02 9.294571506734371213e-03 2.257623366201844811e-02
1.164900059555023972e+03 2.968669187704508090e+02 2.172211812588030477e-02 7.570406481362408277e-03
1.113686783069907733e+03 1.565819114370110867e+02 3.239408420205054651e-02 -7.110793570938181429e-02
1.222123548833055338e+03 3.322041970105855739e+02 2.235064988386480100e-01 1.583208252715313236e-01
2.241688106955488706e+02 5.404096956794876405e+02 1.272059618908163992e-01 2.240013816652429088e-02
2.744235183784475112e+02 3.831529717966103590e+02 4.805319922124255683e-02 2.578743674368748628e-01
1.176831838271059951e+03 1.956651012052537624e+02 1.200110762661119879e-01 -2.037865387143152074e-01
2.970158185867991278e+02 4.738431451326925981e+02 9.913769206343996804e-03 1.128324151357020105e-01
1.134898303193006541e+03 2.186436108391642108e+02 -5.107867531225142310e-02 -2.441542985237821119e-03
1.107527848165427713e+03 2.201043494435072319e+02 1.386015265096614095e-02 3.860989981245525199e-02
1.004260691677020532e+03 8.207457092641222971e+02 -2.091194333248981574e-03 1.140169268242151659e-02
2.563640460021261447e+02 4.381331034296826488e+02 -6.492027734734191757e-02 -2.982170007198446382e-01
1.870393743806889404e+02 6.021844105408116548e+02 -4.492449190012853463e-04 -9.400455115726322891e-03
5.480301974487900907e+02 4.105163699015006955e+02 -1.762799736211220899e-03 -3.767666317362837643e-03
1.185060676107329982e+03 2.828751365809044387e+02 -3.274301195045487556e-01 -3.059873383626059984e-01
2.652785324565186897e+02 7.152553410728100971e+02 -1.977903420694843498e-02 -1.258093333416636025e-02
1.084768652693732292e+03 1.897207101389933825e+02 -1.155850496575517835e-03 -3.852658147849297166e-03
1.077131176065301815e+03 2.166269668026163799e+02 1.526155883040818118e-01 6.466354107940101847e-02
2.194317830703453183e+02 5.343039108495963774e+02 1.226497984478233244e-01 4.790186701479842019e-02
1.148973734985323517e+03 2.524317600610181955e+02 2.621371146116223232e-03 -3.051252709503493241e-03
1.203249211353995406e+03 3.277792172036435545e+02 1.491029239172582833e-03 1.126229941873908939e-04
2.465038821286233031e+02 3.627499071705632332e+02 4.628315840998052655e-02 1.175838376321844403e-01
9.936978381680888788e+02 2.548979141740799150e+02 1.760543492434525278e-02 -6.366500539725211683e-02
8.649870125730270729e+02 1.102336400528044578e+03 -5.542755474951912339e-04 6.385934375835445025e-04
1.122095699628574948e+03 2.145412037092536934e+02 9.369042108493552679e-02 1.501859738384846432e-01
1.188685120629473204e+03 2.134426152343647800e+02 5.013983017393722902e-02 -1.082484483494382255e-02
2.398662363854249691e+02 3.221067669917021590e+02 3.660462221135153682e-02 2.936313056124622428e-02
1.052355089151012635e+03 2.841414427921490073e+02 7.664435243468417994e-03 2.489366408853881541e-03
2.037388572621043181e+02 6.826215860951865579e+02 6.163073429090976975e-03 5.981306723994505523e-05
1.246081253946400466e+03 3.006208404037386117e+02 7.580497849373234176e-02 -4.856160101052588163e-02
2.632753156878249570e+02 5.506028004507139713e+02 -1.717432089924049096e-02 8.994053979652692765e-02
1.081189274292557684e+03 1.940255616710066704e+02 1.761538369451855907e-02 1.779986892884581054e-03
3.832981637801671582e+02 1.089880492656358228e+03 -5.259103804682541301e-03 -1.881813739096782666e-03
1.206261132147976014e+03 2.065888862681127307e+02 4.239830261395122549e-03 -2.757321568724769992e-05
2.214062020287555583e+02 6.241210625627611535e+02 -2.115144866759510467e-01 1.153907204977173001e-01
2.671994277756708698e+02 5.086267284366326180e+02 5.154021593660945005e-02 -1.503591080101129296e-01
1.177906582253875968e+03 2.402099641109592199e+02 1.407915241797766566e-02 9.682650878239868961e-03
2.406516629555103464e+02 3.291814025425970271e+02 7.506965549128894258e-03 2.155849638859646047e-02
1.047732506616693854e+03 2.067128944033275673e+02 -6.034647119649169666e-03 1.391401202304583468e-04
5.812905642100789692e+02 3.827424589668298722e+02 -1.169590914286467234e-02 -3.900175932876202151e-02
1.005415202319910463e+03 1.650542933073348024e+02 8.996101885870329273e-02 -1.439190750804825447e-01
2.625220598333101520e+02 4.922638738349922392e+02 4.396362615138946217e-02 -1.241756240580611653e-01
1.173187121579428776e+03 1.451364954080825669e+02 7.767155737333764336e-04 -1.596963871899579083e-03
1.127537097143024766e+03 3.422514146533793564e+02 -1.079288046069693668e-02 1.814963449612886845e-02
2.883073830872975236e+02 5.830964782728661930e+02 5.008649198380721139e-03 3.396508518973166690e-02
2.542129663232449843e+02 3.120358276863515243e+02 1.307406725217449481e-02 3.402423039556264767e-02
1.171158932283105514e+03 1.908452507470430817e+02 -9.551552570529916325e-03 7.996378047884396267e-03
2.800956267829542981e+02 4.407267033297263197e+02 2.895510150453237466e-02 3.832443928177502179e-02
3.014456661946520626e+02 5.797845135950962003e+02 7.387059092450002154e-03 -2.963131432864987702e-02
2.545429604712420542e+02 6.677585278242355571e+02 -1.299153982337416158e-04 2.595294543612404058e-04
1.211482984319099614e+03 3.416883291225962580e+02 -1.022091253392966650e-02 2.572670647970986754e-02
2.612407175151586216e+02 5.093870275745059075e+02 3.627458841204019013e-02 -1.262893537295911861e-01
2.644235219746722123e+02 3.517370007605076125e+02 2.320949247413666219e-02 7.579652291643990125e-02
1.181103770605144518e+03 2.030080426158787077e+02 -1.079994575329827448e-02 -1.229428321328422495e-02
1.282312133289217627e+03 3.728318487608614191e+02 6.325001095317498052e-03 9.524253595461934854e-03
1.155970978789576293e+03 1.692556135074361237e+02 6.171702044626177497e-02 2.633321951757881460e-02
1.981682474827290150e+02 7.145884347127915817e+02 -7.975275417607008421e-03 -1.046521699766452679e-02
2.072226443525524360e+02 7.171436731030777310e+02 1.086110920317229049e-02 3.794362964968193801e-03
2.413530541282138131e+02 6.397308896127442495e+02 1.356474296345719322e-03 -6.964009600166475716e-03
1.162328456413002414e+03 3.781971059174460379e+02 1.368753864773166774e-02 -1.532426304621909985e-01
1.156831019378791552e+03 2.933879959180595733e+02 1.291546151478249471e-01 2.034639961034074018e-01
2.813448347557880425e+02 5.037773070600605365e+02 -1.717234130456511253e-03 -6.589153619487287360e-03
5.405336309176573195e+02 4.798311523682904181e+02 7.967855142756925021e-04 2.900225376073073055e-03
5.466528586934463192e+02 4.920848223443882148e+02 4.861011721746393704e-03 2.067929765216617796e-02
1.872398888395780716e+02 6.240520529853155267e+02 -2.164284889798914757e-02 1.717028739366050633e-02
2.483000176176838067e+02 7.410768055427189438e+02 -3.993891560449666991e-03 -5.775933752165476193e-03
1.094697639698539206e+03 2.078014402860132464e+02 4.502800066831182807e-02 4.455664790880111553e-02
2.786752615914984403e+02 4.950386385402600240e+02 8.312779543872455060e-03 -1.943833622337899983e-02
1.019515170260831383e+03 1.787416618247327733e+02 -1.925056018289033558e-03 8.485931038823611369e-03
2.531331837698515983e+02 6.229714862491587155e+02 6.226439630369337086e-04 -8.814150178745922340e-03
5.680720272000382920e+02 4.383162874594746086e+02 1.124043584157599987e-02 1.364951324314398135e-03
3.313355992731900415e+02 1.069993885072954981e+03 -7.267415248845331653e-03 -2.601946102715536110e-03
2.333950448306178487e+02 3.558920408691845978e+02 -7.500910578244174287e-02 -3.109037666500673591e-01
1.189012495853321298e+03 2.500302671572172244e+02 1.435896595851790872e-02 -2.773159966745783814e-02
7.421302578849034717e+02 9.631087219577289034e+02 1.798530792784011189e-04 -2.228318180855374858e-04
2.754041078494511225e+02 4.268543752555206652e+02 7.416499717724846794e-04 3.409341500710554029e-02
2.379830323495004052e+02 3.739172749920605270e+02 -1.054030430032178306e-01 -3.646242126948563977e-01
1.118597908357148071e+03 1.961961481049596614e+02 1.164747818177035068e-03 -1.121366772837752677e-02
2.939073634095682905e+02 4.417899963810532995e+02 7.146706926986066966e-03 6.174279457988996953e-03
1.211135274236306259e+03 2.179791008718962360e+02 -7.914043821231887127e-03 1.379298534756077596e-02
5.123719918661108750e+02 4.748460358718988346e+02 1.033349657974429311e-03 6.228686247559177790e-03
9.880796886350980230e+02 1.782980619665174515e+02 -3.636504280700929553e-03 5.436580639174436354e-03
1.026596033288537001e+03 2.424006924822645601e+02 -7.996380761790416319e-03 7.961534940882290801e-02
1.144381079820162540e+03 3.632659182903756800e+02 2.661819089791948780e-03 -5.766309672309273202e-03
1.788130834756197487e+02 6.188276876397304704e+02 -1.701374513531125600e-05 7.419268330396686269e-03
2.170762308570464825e+02 6.604739432078226855e+02 -1.041978302647566558e-03 -2.024109112146854281e-02
1.084680315471104223e+03 3.415316303366515740e+02 -2.008609075220318604e-02 1.037842828479273137e-02
1.140912383967565802e+03 2.278548321264752019e+02 4.152608388141409979e-02 -2.329493144387663819e-02
1.140548693068102921e+03 3.099216839058926780e+02 1.129821204575805621e-01 2.720868471748201511e-02
1.012750442100112195e+03 1.853657044866666013e+02 3.976902034311465689e-02 -1.209032097985470455e-01
2.560828222147904967e+02 3.497128236418878942e+02 3.107352737088554459e-02 5.649182227228205511e-02
2.689435796547288078e+02 4.480846755423886520e+02 -6.124823451186964945e-02 -2.542525914170355450e-01
8.275022381832729934e+01 3.230955692150351410e+02 1.770154907881427500e-03 -1.630041462990763218e-02
1.166133836061815600e+03 2.059295602874380791e+02 -2.040003067442271688e-03 -8.262487520689414111e-03
2.114881087920092000e+02 5.814995336723177388e+02 8.529314684014506487e-02 1.861799403998281588e-01
3.218674327206707062e+02 5.314012750979933344e+02 7.645985976116752639e-03 -6.626269075035010926e-03
1.947348752886721854e+02 5.813334793964918390e+02 -3.345642214113841908e-03 -2.996824653950629688e-03
2.267367306719051214e+02 5.963242061055912018e+02 2.487280772123005024e-01 -1.789760014932207932e-01
1.142320078211836062e+03 2.770784589670454920e+02 1.321927911788087495e-01 4.136488751818566123e-01
2.445365483666184332e+02 5.529345286818867180e+02 1.842643917428006262e-01 -2.538660079092445732e-01
1.181544500281130013e+03 3.028110845428105904e+02 5.201447866477675736e-02 1.350407184257965132e-01
1.178757982619624045e+03 2.571779282235341952e+02 -2.848867207308778803e-03 2.347550507268167039e-03
2.272461313968122738e+02 7.264451933810388482e+02 -3.241515768772470964e-03 -9.919092270392595913e-04
5.208630359771150324e+02 4.330901290290877341e+02 2.784984686379832902e-02 -1.257133724048981570e-02
1.182885486340879879e+03 2.270608535881130479e+02 -3.273700829383262290e-02 1.704236757826568457e-02
2.403024860191010816e+02 3.847104198870479763e+02 -1.064653827722315399e-01 -3.655210059943799217e-01
2.692895059889978597e+02 3.920096064219088134e+02 4.252972442653270291e-02 1.591878204069917813e-01
2.151061807768775793e+02 6.139959972159374502e+02 4.113460865715359849e-02 1.749452570831674103e-01
1.116154891244280407e+03 3.115724504336736231e+02 1.378055998136032689e-01 1.811496927707712534e-01
2.361219500286982509e+02 3.042740257255861138e+02 -6.477930442925564081e-03 -2.175687275177781536e-03
2.683748416512607946e+02 6.829742808311699491e+02 8.746305318333954040e-03 1.769214322067873962e-02
1.067525892483712823e+03 2.205999418613305636e+02 3.928646748102545411e-02 3.016372258547937377e-02
1.208814868343353510e+03 2.149292061487254273e+02 4.403180970176337299e-03 -2.593617035996534197e-03
2.577339830074324709e+02 3.856112718614652977e+02 5.410185895830226660e-02 1.546252896638395657e-01
2.437313331170769857e+02 2.983010399424804859e+02 -1.497919908066005753e-03 1.013440274063988518e-03
2.660348214419065584e+02 5.961863862719790177e+02 -1.604775696654264228e-01 1.172708555227428007e-01
1.152572172810270786e+03 3.155586285290099795e+02 8.651297495853979558e-02 2.200597143569510139e-01
7.443987534347717201e+02 9.491593165128620058e+02 -2.082798925081790105e-03 -1.106523260358077861e-03
2.450252072859412067e+02 3.118088417635787550e+02 5.424789522436131856e-03 8.357803085106193380e-03
1.163102852697137223e+03 3.176945647512766868e+02 -2.478556811427840012e-02 1.958850903704252751e-03
3.009300447437030925e+02 5.238130887414470180e+02 7.255824948409139545e-03 -1.319264802400269172e-02
5.659006359786428675e+02 4.325250485442009563e+02 3.030352370266279488e-03 1.095114942587193871e-02
2.498200337073855621e+02 2.926006626526434502e+02 7.498418067944729454e-03 1.253964399586943688e-02
1.104734825562595233e+03 2.075313051589945985e+02 7.375995385551856187e-02 2.057315182398128037e-02
9.983152462336173585e+02 2.487507462474025886e+02 -4.608914231125304205e-03 1.595192328095728805e-03
1.007260605513945393e+03 2.456500603763069535e+02 3.049051685426849498e-03 -2.201587859676405398e-02
1.143060466158006875e+03 2.434950009872274848e+02 2.005384278833060793e-02 -3.450169406885447015e-02
7.174035416127425151e+02 9.684428506589307517e+02 -3.032628332388781749e-03 9.051889855518401376e-03
1.070031866135977452e+03 1.970382814847962720e+02 -1.556635419074335093e-02 8.026640410077048524e-03
1.105792107805145406e+03 3.219966305282936219e+02 -3.388256008287327675e-02 3.579353461634244421e-02
2.755162041575605372e+02 5.854250987524638958e+02 -6.105661628410558733e-02 8.348024096068736022e-02
7.154307170241754648e+02 9.761378604736017905e+02 4.422701459874912693e-03 1.388766147960097258e-02
5.009669743779982696e+02 4.812252072929387055e+02 -5.956576524676557294e-03 -1.153468490407690526e-03
2.295456473123160777e+02 5.842604975763094899e+02 -7.465437741125563464e-02 -7.628151957922990611e-02
2.074799785745445320e+02 5.262571969498508224e+02 1.497530057020810546e-01 3.116988437267467216e-01
2.035376290045202268e+02 5.273465433696417222e+02 1.662368448303613300e-01 2.939895415122104061e-01
1.149678787082350709e+03 1.846493500268796595e+02 3.337294226371746633e-03 3.559185000891923467e-02
3.147259424143709907e+02 5.838466215257392378e+02 3.833371554031884520e-03 1.467926030333575535e-02
1.159265342598423331e+03 1.567938264916855076e+02 1.518978234782124570e-01 8.251505144734874730e-02
1.099676550610206505e+03 2.717233616850891167e+02 2.615908945167057520e-01 2.362615161120659446e-01
3.266536149626666088e+02 5.529892658151628666e+02 -4.626890687293865739e-03 3.592091649099106443e-03
8.833796898179349455e+01 3.382657443983709982e+02 -4.851944094619876566e-03 2.157734389835231931e-03
2.402171741977228407e+02 6.287340868177273023e+02 -7.537958236867995689e-05 -4.516858367067173863e-03
1.926513732070490050e+02 5.866176669215928996e+02 7.824284515413863425e-03 9.349853124985705796e-03
2.513171379165615349e+02 3.604661738401647426e+02 3.459678384528856038e-02 1.092017468814544950e-01
1.166476830231250005e+03 3.321633403032860201e+02 -1.815913469744652453e-02 1.764435175325087049e-02
2.546067358183828162e+02 7.091567246716726913e+02 -8.500032152153549556e-03 4.224393784621758956e-03
2.418358337520218129e+02 7.001143642653304369e+02 -7.290905905941455836e-04 1.237577799503636160e-03
1.160238655848338340e+03 3.457840428337196954e+02 1.815506943368817849e-02 3.048576771834181961e-03
8.245913101249417423e+02 3.967647656584642846e+02 1.809787469739765732e-03 -8.924526503799843106e-04
1.067647042053745736e+03 3.086322002671825544e+02 -4.193759822068485882e-02 3.463031016561483183e-02
1.159153393364672866e+03 1.436448058373097183e+02 1.279227591011350765e-02 -1.966996843298102551e-02
1.158513621893733216e+03 1.813671882376559097e+02 4.276029813326258366e-02 -5.947862156156843300e-02
1.154133069472473608e+03 3.062008727655376674e+02 2.188697965584111282e-01 1.501820336912891851e-01
1.174715872898382258e+03 2.708848820595875964e+02 9.388588074455016166e-04 -6.131297203046640228e-03
1.111562353290559258e+03 2.161547876976793816e+02 -2.323476310600271211e-01 -7.954682051749808677e-03
2.407561244027943417e+02 3.176322303507573110e+02 3.514836272160263859e-03 -9.867290318901844950e-03
9.792606174341672158e+02 1.780217944193993560e+02 -3.054200344565450361e-03 5.130143293431467695e-03
1.007490462978513051e+03 1.781719585721110377e+02 1.624362409730601559e-02 -3.223685315612073027e-02
1.230379758865005215e+03 2.524886039820229939e+02 1.187912061488469347e-02 -1.385952967949054780e-02
2.623956101738558004e+02 6.923978772039806699e+02 -7.812627241579245263e-03 -1.176726224075041842e-02
1.154253249036454463e+03 3.244522762861420802e+02 2.905266699296886815e-02 2.672174634073288257e-01
2.600104741875118179e+02 5.259313620033116194e+02 5.387805926304758963e-02 -1.920000440585004076e-01
2.403758308897895688e+02 2.945844012897479729e+02 8.743838896049451956e-03 -4.063423796860841345e-04
1.164342285549289727e+03 2.166166092538832686e+02 4.273870280206273908e-03 -6.679441660183037255e-02
1.106749211201486105e+03 3.592057938516539366e+02 -3.079154481349970478e-03 8.251849062988563487e-04
1.149751835946946585e+03 2.013149141233253090e+02 1.086047337277191854e-01 1.098645162674184300e-01
3.728756970916248861e+02 1.050101762426113055e+03 -4.022080636519662425e-03 -3.201453952620381387e-03
4.375988441726337328e+02 1.086197134666649845e+03 -5.956951751706115149e-03 3.519379573770781318e-03
1.774736671982973348e+02 5.179997791101800431e+02 1.160759340138469292e-01 2.718142083669606301e-01
1.097249797360649836e+03 2.546615080462078993e+02 -1.622141499498082895e-01 -3.575888065223934570e-02
2.688383580007598539e+02 7.112044563265097850e+02 1.133210617562797201e-02 -1.572196692713627225e-04
2.452633106774565590e+02 7.214454557553036693e+02 5.921783015189489331e-03 -2.751404781671082291e-03
1.185242379146909116e+03 1.737381823860444001e+02 -7.561645600675871541e-03 1.233276494954765531e-02
1.004192445183137011e+03 2.493971417678134230e+02 1.195692596269563521e-02 -5.295318860879041911e-03
1.236233926472597432e+03 1.322711019655042719e+02 1.228197781682244423e-03 3.247646728923844327e-03
1.190106783383110951e+03 2.062942114129513413e+02 -1.158041834791499192e-01 7.707041456067899136e-03
3.079672758706780087e+02 5.644629772654056978e+02 8.738830908779424492e-03 1.657827859497222611e-02
1.027219416784556643e+03 2.666464747127787973e+02 -5.859500318014271292e-03 1.160630747585630586e-04
1.261453202769469954e+03 2.007151032997051914e+02 -3.908955005513099724e-04 1.730793431254324354e-03
1.907656805366273716e+02 5.072423280386389592e+02 2.116694217793129718e-01 2.840139393696847758e-01
3.087061112090240158e+02 4.593875832480034092e+02 2.571895833900590678e-02 1.438703377458534641e-03
1.098044075955060862e+03 1.799023504034050518e+02 1.445603148331406629e-01 1.052064204754291771e-01
2.639806370453631530e+02 4.848950767805577016e+02 2.132539285508757917e-02 -1.658128551985061372e-01
1.155284509095745989e+03 2.550997307730432624e+02 -8.516813297913781999e-03 7.771118281592949949e-03
2.283762474609765718e+02 3.020776510186423138e+02 -3.008783808434117510e-02 -4.298117253463575732e-02
5.709721521768860839e+02 4.044082975693905269e+02 -4.178713715655158964e-03 -5.583651922929990484e-03
1.064871790296971312e+03 1.554395353090689866e+02 5.191521912446309117e-02 -2.141022069797301752e-01
1.030344851489393250e+03 2.247887480560675044e+02 3.157606873254834631e-03 5.652172269971949756e-03
9.292316811847932740e+02 9.127284940318141935e+02 -6.456264217948694869e-04 1.729767877719779606e-02
3.293271196116114652e+02 5.222779586391410476e+02 8.270362605022492028e-03 2.281214552789997962e-02
4.975914687375043854e+02 4.595764192653842315e+02 1.841853668870296239e-03 2.248841590694092285e-03
9.605045538355439021e+02 1.024577909045972319e+03 4.463569695809103716e-04 -7.668398385104941740e-04
2.917350466352100398e+02 4.862171819467547493e+02 -9.294433023913455799e-03 1.195420337708218567e-01
1.104048851489986873e+03 2.004083604539030432e+02 8.232669012519668039e-02 4.197265089646046166e-02
1.055550186949338922e+03 2.100281368480193009e+02 -3.326500962229786765e-03 5.205586995833136332e-03
2.141670932429485958e+02 7.141353057461925573e+02 9.596926819324268568e-03 -1.932673519383957487e-03
1.152144841161984004e+03 2.236466649596978016e+02 2.442918136456106656e-02 -1.638206102695861921e-02
2.316154529676424829e+02 3.417675764846392781e+02 -6.310294969041833901e-02 -2.606713363375193770e-01
1.008334071081845764e+03 9.275583007589807494e+02 -4.699086019899828201e-04 3.216398103940363564e-04
5.216311047415150597e+02 4.443045321144091417e+02 -1.125616287468027103e-03 1.864914317202352127e-03
1.148346979670062410e+03 2.473844952970890745e+02 -1.094598789198037011e-03 -4.763613604735486226e-05
2.870914796130817308e+02 6.024732110175186790e+02 -4.865765307344380175e-03 -2.183416180929892252e-03
1.072110224707247426e+03 3.437314853845073230e+02 6.967642187795141436e-04 1.503752586014041673e-03
1.223857078699854583e+03 2.621323730025637815e+02 -3.948235785320222506e-03 1.041711466398406727e-02
5.340665505189971327e+02 4.147168208578083295e+02 2.233671673005992956e-04 -8.597399935494271818e-04
1.093196464477979589e+03 1.651966414731837460e+02 1.429525872721781332e-01 1.319579056900635761e-01
1.858325018805014395e+02 5.122068687235065454e+02 2.587876373597753910e-01 2.310614732262158411e-01
1.014763671651123218e+03 2.399260670752227895e+02 8.071296541775964742e-03 8.551076809037015669e-02
1.248585337904956759e+03 2.885972077839667236e+02 -1.070666554521114075e-02 -1.347787956586617500e-02
1.159933377430501878e+03 2.320613939139295496e+02 -3.219019493601513442e-03 2.702214956698163924e-03
2.874515208312528785e+02 4.377949542971562664e+02 -7.941407379351488743e-03 -2.260998213294291431e-02
2.562033486285867525e+02 5.181099226835730178e+02 3.298516201441357987e-02 -1.231068253427491377e-01
2.498024103621606002e+02 7.154125412456845652e+02 1.117408022495136903e-03 5.306482855697293791e-03
2.503540250174626749e+02 5.001033420581683799e+02 3.810369323946558029e-02 5.986664847252185125e-03
7.514440930971966282e+02 9.348097815651684641e+02 -5.663928912656614710e-03 4.334848158139108774e-04
5.251862462197398145e+02 5.002902670668132146e+02 -3.963380706177348982e-04 -3.972179915798720005e-03
1.074791450593856780e+03 1.780691651333078482e+02 -5.438227567746892199e-02 1.303814912121050995e-01
1.110503953387903493e+03 3.625327611992287871e+02 4.362543745898646752e-04 -2.781357619288329312e-03
2.367482926035362425e+02 2.983007594523258490e+02 -1.135136706366357247e-03 1.884155415656143390e-02
2.526163742125331453e+02 3.812609313307670504e+02 4.643608084824907972e-02 1.771933332160174623e-01
1.121660218402689679e+03 1.994112296719412143e+02 -3.460337698067795370e-02 1.054683622208477806e-02
2.632999411135661489e+02 5.305375727770270942e+02 7.681927317695127220e-04 4.195532527270899766e-03
2.202518554459120992e+02 5.550213129792994096e+02 1.012716219863434991e-01 1.058307193191248968e-01
1.170834077415276170e+03 2.302055458311412508e+02 4.324160020047148473e-03 -7.668417886916381772e-03
2.216371436463683722e+02 7.702506075116310740e+02 4.756032526224974501e-03 1.534631391960054707e-02
1.026289681815552512e+03 8.705548603476969447e+02 2.265235875433567816e-02 -1.048802304173684918e-02
1.227220919741754869e+03 1.493030779287157941e+02 3.668673807511584084e-04 -2.503539740706009487e-03
1.165291048656810062e+03 2.339795545748373229e+02 1.337675504791294157e-02 -3.111104682639732888e-02
2.839172860528580600e+02 6.071120134683961851e+02 9.250276751414942406e-03 -1.552117216977867524e-02
1.396113666953289396e+02 3.982484806014559240e+02 -4.024425477300463960e-02 5.442762721646478979e-02
1.062619686139582882e+03 1.868702569310866579e+02 -2.723424374656781624e-02 4.376140254705750826e-02
1.027708417359297300e+03 2.058614752939175787e+02 -1.488391278040931964e-01 -1.090375548473734857e-01
1.113045864900528386e+03 1.709350152047270228e+02 2.809911163514680317e-04 4.696150546087462206e-03
1.110893485395781681e+03 2.148868432172594112e+02 -1.084970464284881362e-03 2.018848190568061154e-02
1.176031827743644271e+03 3.630899021295035709e+02 -5.132227221879475353e-03 -3.545076667068656259e-03
1.082710551103298030e+03 2.054148045461115544e+02 8.265303067045663699e-02 2.038471656474409241e-02
1.368254005131839222e+02 3.899447419294326096e+02 -4.123809449691832885e-02 -2.864318930296483670e-02
1.075593234632778831e+03 1.878652934600049775e+02 -6.060193969727718094e-02 1.192804583948288283e-01
1.087212774737869267e+03 2.755148078648864498e+02 2.839716348252173672e-01 3.213267733682754201e-01
1.147238156595188912e+03 2.179533402677405718e+02 3.561712416772071926e-02 -1.012970842283118789e-02
1.019903787322298285e+03 8.066622511322074160e+02 -4.072190910563353288e-04 1.951590091444701267e-05
1.397576547399794435e+02 3.885309576258603101e+02 -8.391987407295372833e-03 1.137180973351981095e-02
1.219556635664889427e+03 3.485071823857365985e+02 1.547794296165624223e-02 5.527919540111868486e-04
1.221520268250477102e+03 2.350853832363217464e+02 1.220911379478104887e-02 -7.202056990757366162e-02
5.174187165480318527e+02 4.341067121965614319e+02 -1.115522488173264267e-03 -2.593367988621168938e-03
1.026927761280246159e+03 1.945946239878841197e+02 -1.446032593504815306e-02 -2.988852384991432659e-02
1.206819187485706152e+03 3.962568455688618769e+02 6.293342652492870011e-03 -3.446352205381972462e-03
3.110185180495686836e+02 5.036811390254787852e+02 1.663480874777098582e-03 1.281289656741751819e-03
2.874063292855717009e+02 6.272958428328641958e+02 -2.087494355144067434e-03 -4.161220064486190022e-03
1.860783041913023510e+02 5.276518133137130917e+02 1.025242673357234235e-01 2.543074608668259851e-01
1.158931569168699298e+03 2.491989951453962533e+02 -6.136252152221762565e-04 -3.028266013861803576e-03
1.182240617437117407e+03 2.730645450771050378e+02 1.613263665023573212e-02 -1.083423826020559096e-02
8.201022308254326845e+02 1.102213381056551270e+03 -2.949482454836369538e-04 3.270967258180866501e-04
2.945405823299691974e+02 4.878085051185892667e+02 4.272262156128112803e-03 6.667622992971589113e-02
1.286404141286029244e+03 2.894394658117900576e+02 -2.545179848341197829e-02 -2.260934009048921542e-02
1.062587339635070833e+02 3.620034456338873952e+02 6.715651133522015925e-04 -5.730397242761465582e-04
5.075887021577963196e+02 4.487332368831437748e+02 2.255728561892053272e-02 -4.202822094894029248e-02
1.322412232075312488e+02 3.935613476874967773e+02 1.284063006459351718e-03 -1.024617594437366754e-03
2.508485162483485738e+02 5.227702272014429354e+02 6.854745098784034707e-02 -8.732411220337168989e-02
1.130376605123968147e+03 1.919793276724885231e+02 -8.459344240395433312e-02 7.371956487667631619e-02
3.364461563622358540e+02 5.311243885914743714e+02 2.317436659916569282e-03 -6.634688167857359003e-04
2.314017145941916169e+02 5.299561974679284049e+02 -9.513806504612160042e-02 2.509567026722523408e-01
2.289102423222529410e+02 5.159235269720221595e+02 -1.737081972894290866e-02 -4.852532129235986869e-02
1.200553380082454169e+03 2.439118584981065965e+02 2.646233561489558794e-01 1.910612159949309080e-02
5.177731430225350095e+02 4.817357539890793419e+02 -4.485541168303504821e-03 -1.060903485988680698e-03
1.162160638417572727e+03 1.923104965710878105e+02 1.539283719335424530e-02 4.565189204945721731e-03
1.169926260461546917e+03 2.517322204055867587e+02 1.095455224044599232e-02 -2.437664418646162852e-03
2.194065476762748972e+02 7.454438264038000170e+02 -2.043590868578483953e-03 -3.278893783215965346e-03
1.024089398638268676e+03 1.827395672942126339e+02 -7.790685047036485268e-03 1.347776920309058102e-01
1.100916179920125160e+03 1.945132473888823768e+02 6.297367438853680721e-02 3.370054576855609219e-02
1.086567804153993393e+03 2.255690239462894056e+02 5.536718675194792633e-02 1.557847631097392452e-02
1.203822753733776608e+03 2.273322846165781925e+02 -3.746653892734005172e-03 5.228555441495092403e-03
1.160454943342604565e+03 3.922289169319863049e+02 -4.892176289509536820e-03 -1.837267835880089517e-02
5.441049551165855291e+02 4.136444709211138502e+02 -2.544656940649862864e-02 3.518287438758115754e-02
1.057737826604394513e+03 2.035636290664971000e+02 2.162863112137832552e-03 -1.389214102638025410e-02
1.268776309822185340e+03 3.911480298040975754e+02 -9.826635246798576598e-03 -1.653626102463027700e-02
2.478171330800166743e+02 3.154993262580724149e+02 2.889059421293182876e-03 2.600185007610420623e-02
1.028612479263731984e+03 2.509692288186195697e+02 -9.581794074105687981e-03 6.154651655121732429e-02
1.130861897548490788e+03 3.150761234157153581e+02 1.613220759718733341e-02 -1.132619126722169134e-01
1.934242829250684963e+02 6.988145990023710965e+02 -2.198962367482279251e-04 2.311928775478878234e-02
2.569057303271926003e+02 3.691962062768532746e+02 7.679338372031525861e-02 1.967989871328588436e-01
2.602811842230308343e+02 4.171582791205365766e+02 -1.203453701465857784e-01 -3.437311282449754257e-01
2.696544132645827858e+02 4.818163385363613997e+02 9.883790277649938394e-02 -6.425752727589544022e-02
1.062144719914110510e+03 2.000350931878867300e+02 -9.172086861948819392e-02 1.590810205912477349e-01
2.208054479339262173e+02 5.474768923875459450e+02 1.251362591948280700e-01 6.342986685759019472e-02
2.751015956946143888e+02 6.639242171244866313e+02 -1.621151122016553300e-02 -1.798407353628829854e-04
1.115804084875753460e+03 3.230569386346787155e+02 8.110678914854058119e-02 2.547034821059052656e-01
2.753972546173197884e+02 5.469970621308808632e+02 7.241354634887815257e-03 2.378809980004886054e-02
1.127296843376773040e+03 1.818944405159181485e+02 -3.764194224792435234e-02 9.798926616970485282e-02
1.144490267114215612e+03 3.411157964544041192e+02 -3.139662156941790128e-02 2.193840488192999039e-01
2.751801659787621475e+02 5.259868381026841462e+02 2.048068456350295337e-03 2.532226870409561102e-03
5.186217012469139718e+02 4.691316815662289059e+02 9.096908531392142866e-03 1.430634470644926159e-01
5.022799197966689349e+02 4.988177310132675757e+02 -5.941081368281077475e-03 4.777420769652281074e-02
2.655057859751096885e+02 5.417265810064885727e+02 3.464091033034070143e-03 3.323502797391029301e-02
1.089023528147923571e+03 3.305179028756542152e+02 4.722691408532873544e-03 -1.571524508356484870e-02
1.140512438058320868e+03 2.486056788195714660e+02 3.836140567276400369e-03 -8.481877609761117112e-03
1.215750628448606221e+03 2.584307702045039719e+02 2.695798203778750762e-02 1.529543002794506168e-01
1.122114870304325223e+03 3.236008321870129976e+02 1.737088904753587848e-02 4.355440100795743286e-02
1.053967531950051580e+03 2.193627903286138405e+02 -1.002079723738969613e-02 2.066984482647547805e-02
1.148642536679091336e+03 3.558012426396151113e+02 4.419758132983401394e-03 2.771559509783367691e-03
5.110933970044870875e+02 4.387963219435896463e+02 -4.903013095470010706e-03 -9.762901113843279466e-02
1.175157488439210510e+03 2.852795969421373456e+02 1.294318200280031306e-03 -9.603305384590647004e-03
2.698672388808421374e+02 4.637438411028299470e+02 -7.920725366391952182e-02 -1.462207642904602978e-01
2.925872319991843256e+02 4.783569149716413449e+02 1.112822674917879340e-02 1.043521646474092623e-01
1.126677356722365403e+03 2.360035598919130564e+02 4.231492443809307252e-02 8.024300698289371647e-02
1.942688530578408290e+02 6.487360032120423057e+02 -2.361495881974979005e-01 3.176025246120109391e-01
1.032741608579785407e+03 1.948765283630484362e+02 4.485367591141553589e-02 7.757333823000900352e-02
1.017049024386655901e+03 2.652783149949030985e+02 -1.696826208167223626e-02 1.296972334818580208e-02
1.189445517925198146e+03 2.261786910953724714e+02 -2.133416410796229457e-02 3.872553391761401897e-02
1.037702731143265737e+03 3.010508665355913536e+02 4.747895234939076246e-03 -1.914513681039612140e-03
1.098351759063567670e+03 1.519027511535225585e+02 1.560823506531322236e-01 -1.008636447691867166e-02
1.132513470779151930e+03 1.812061231798394374e+02 -1.623289028446877891e-01 1.522057364012737446e-01
1.051762829862885383e+03 2.999116614746413916e+02 -6.329640725546654967e-03 2.048123733179673181e-02
5.463333972864173802e+02 4.100297849847053726e+02 -1.392966898763125811e-03 -6.405906557095805524e-03
1.117318999192966203e+03 2.121662737214302297e+02 8.315099564102922114e-02 9.255956514913275812e-02
1.185450849374842619e+03 2.880648002538526953e+02 -4.899807685252967060e-01 -2.696728987671401789e-01
2.470138106108940974e+02 6.324694671589816153e+02 -4.837977337750138003e-03 -1.196343236213646098e-02
2.379472551447964008e+02 7.643498478776874663e+02 1.012505345605855742e-02 3.180009128156792170e-03
2.320466719551929771e+02 2.909423410148188509e+02 6.316336395928582974e-03 -2.426219394188440862e-03
1.290700880816492827e+03 3.450364730189012334e+02 2.360187469643809308e-02 3.565809943683385941e-02
2.722414029417675465e+02 6.315916760874349620e+02 5.184421401528993903e-03 7.320767622909822407e-03
1.519318282795040886e+02 4.548518296283412496e+02 5.323612628451833244e-03 8.615680564902103086e-03
1.041520624293010542e+03 2.035808621741278444e+02 3.839417919773225815e-03 8.402249660946381482e-03
2.857290177162659006e+02 4.696199380339062941e+02 9.804483798980112227e-03 1.098138633712535672e-01
1.261701704898959861e+03 3.362322196288651526e+02 3.697339337697312933e-01 3.540950886735243219e-02
2.245768789300131800e+02 7.434305078540061231e+02 -1.541797093407602619e-02 -9.789798740549596201e-03
3.076673923329898344e+02 5.189125690882178787e+02 1.876580893565061442e-02 1.128228922248565580e-02
5.341606331805318177e+02 4.271578920754176920e+02 -1.017441983781720849e-02 3.189679621660464811e-03
1.098014766267805271e+03 3.188519253766442603e+02 -3.395049402249865345e-02 5.220274894887632494e-02
2.233636073888048941e+02 7.237343801172149824e+02 -1.172705153645118258e-02 2.661181548180130071e-02
1.269490662610171285e+03 2.592939493063990994e+02 2.176069314749118008e-02 2.268213693846604997e-03
1.178059495427770344e+03 3.660183030696407513e+02 -7.981706206790922797e-03 1.193297639254970420e-02
2.186073046871921690e+02 5.395412627263010563e+02 9.495922937374701167e-02 2.185844445390566076e-02
2.694021956538483096e+02 6.484692783764912747e+02 -1.453342201649054574e-02 3.042761275586822623e-03
1.260580161265826973e+03 3.688813692143880871e+02 -3.347234150990804902e-01 1.831408558633110251e-01
3.053102397842481537e+02 6.448145752097877903e+02 5.301932817865498068e-03 -2.544945633316658944e-04
1.126607493329897807e+03 2.191884165129793018e+02 2.000352525827565897e-01 -4.133681626048559266e-01
1.180664920470518155e+03 1.483334013040721402e+02 8.255398235892698333e-02 -2.021849076293227576e-01
5.598923690658082251e+02 4.150428700385539287e+02 4.296299653069250019e-02 -1.112258025974218302e-03
1.043428227440514775e+03 1.830150395609795453e+02 2.516038614180615696e-02 4.779849962538721547e-02
9.924118833420801593e+02 2.114404758349451470e+02 -2.577231092162435289e-02 -5.066573023073672744e-02
1.077039976378344818e+03 2.839104375713994273e+02 2.599364816647711796e-01 3.620666877818703999e-01
1.239060566316393761e+03 3.271051068417830834e+02 2.117771302421829205e-01 9.919160180881074484e-02
1.020252630282999007e+03 1.978866651294895860e+02 8.705102223103117209e-02 2.894207163077961581e-02
1.124897845599044928e+02 4.293078589607568460e+02 -1.710184577588079735e-01 -5.575010883593177757e-01
5.729716878563370983e+02 3.956009184622415660e+02 8.678591861931417989e-03 7.787375946850508615e-03
3.026824883888510271e+02 5.535494541740989689e+02 -1.165616324192342290e-02 1.269167830890222375e-03
2.376465664678003975e+02 6.851613767407071691e+02 -6.268608005193984645e-02 1.191084971866945667e-02
8.353554071591971706e+02 5.602667180491405361e+02 -8.962701624086018004e-01 2.307608007367817571e+00
9.786984163426068335e+02 8.408548522015011031e+02 6.711405179809541710e-02 -3.077897917209561005e-02
1.166835240337439473e+03 2.267820687155683288e+02 -8.631082658904564581e-03 1.198587370069697546e-02
1.149266895011530778e+03 3.918867379163892224e+02 -1.334414134017937181e-01 6.938533687564590879e-02
2.026638281301806614e+02 7.104073500252097801e+02 1.304806276511463053e-02 -4.484533292992926717e-02
1.762408767015456306e+02 4.456244561517935949e+02 3.152632267452304404e-02 3.104115808392624368e-02
1.142294764089951968e+03 1.895215673837036263e+02 9.343492541277259589e-02 1.107974092443647987e-02
1.173816679788834108e+03 3.071895297758754850e+02 -2.334391490590902868e-02 2.581745507712655471e-02
1.302504230076283420e+03 3.306361665678836061e+02 -4.309840699661541819e-01 9.362981318703754441e-02
2.030255452953922486e+02 5.739264606778143616e+02 1.210298996419945233e-01 4.189138150746805622e-01
2.396840391488991600e+02 3.581240506952821647e+02 -1.032343452650183319e-01 -3.287989065133057887e-01
2.363406710022846084e+02 5.147916908783737426e+02 1.785510175579929637e-02 -1.515054307092322285e-02
2.347158495797233968e+02 5.322393464076727696e+02 1.959198177531396717e-02 -1.193908208523453141e-02
1.110250018728708255e+03 2.455934388890863715e+02 -2.734818720870450803e-02 1.790813603945649590e-01
1.117105692895109996e+03 2.530083134931111317e+02 8.681592810215815748e-02 4.083106141879221801e-02
1.186536425871705205e+03 2.178873018823909433e+02 1.115614486865730420e-01 -4.657715964870928760e-02
2.436985226776502316e+02 5.449822277167600078e+02 7.273832204862173967e-02 -2.965533536798386355e-02
2.658145180240548484e+02 3.725228904257917293e+02 1.641747759088310263e-02 1.411300180636232693e-01
2.217375661840131329e+02 6.666815286458015635e+02 1.075819216084374953e-02 1.082718224989338775e-04
2.523800327707706117e+02 7.087747544437432907e+02 2.940228097492445652e-02 4.383215314600163830e-03
3.232485829734929439e+02 5.457513400061112634e+02 -7.206841883074205368e-02 -8.734920172433319197e-02
2.117679908385074157e+02 7.364075229343577575e+02 4.562509484510488336e-03 2.315532429377610210e-02
2.425542753331079382e+02 5.287750805187131391e+02 -1.825508637080480723e-02 -1.106275950517685430e-01
2.831431378447211387e+02 6.231189894197639205e+02 -1.199805516410538649e-03 -2.823302425929341553e-02
2.866263060239775768e+02 4.835597400176432075e+02 -1.307623948940772607e-02 1.199361674923677679e-01
1.065409782104373562e+03 2.081889643743732563e+02 5.499880670998891219e-02 -8.243199407682214042e-02
1.215344594600198434e+03 3.060358248775534094e+02 -4.134937058655686615e-01 -1.812077078899266003e-01
1.252981886005582282e+03 3.055487829399438624e+02 3.443580559797965179e-02 -4.261965955924375271e-02
1.226386414920506240e+03 3.262709721492696531e+02 3.700766288874698939e-01 1.224245582682057243e-01
1.300353338973817699e+03 3.560791349699135253e+02 -2.250487784000054226e-01 1.662536769858541374e-01
1.020226607150693781e+03 2.333947767912974030e+02 -7.896427261805781181e-03 5.582118984029875441e-02
1.125749631248748528e+03 2.279921383427835906e+02 -4.175155401506214919e-02 4.392844482262928119e-02
1.112613230180194478e+03 3.692479663768787645e+02 6.564307493012425283e-03 -1.901361882066956652e-02
2.972421816997053838e+02 6.461114663318359135e+02 6.605675669386203673e-03 3.176252512660409505e-02
3.088311663906379181e+02 5.639395656376127590e+02 2.962577908874663990e-03 3.070487532863807982e-03
7.681836668154862764e+02 9.571237511100052870e+02 6.820557182663833373e-03 -1.720095803889307856e-02
9.906418751296472465e+02 2.071083716732269693e+02 2.527973790051873948e-03 8.574873795871988322e-03
4.651635186748924298e+02 4.575432316847012544e+02 6.526319644389345746e-03 9.934357337650198683e-02
2.335655642609396807e+02 6.001614407126965034e+02 4.265034815615665331e-01 -1.163767435060215211e-01
1.951014108245664147e+02 6.556077652876797401e+02 -2.448903620299562878e-01 4.140001644456794971e-01
7.532202252382194274e+02 8.452259518190816152e+02 1.694045702737584629e-03 2.313354404464007530e-03
2.731664327275825599e+02 4.558321413733394820e+02 1.325442177549263079e-03 -2.536554363616225771e-01
1.265882987917888386e+03 2.667451339695458046e+02 2.514709432825412705e-02 -2.405085331203338228e-02
1.777048732228341521e+02 5.250121477987388516e+02 1.133850388421196453e-01 1.872103017361173571e-01
2.799609300072311271e+02 4.076480066509975018e+02 -6.332319383778711383e-03 -1.956939581857715382e-02
5.035370195461699154e+02 4.263132959908050452e+02 -7.694080388543053650e-02 -2.779369187338019340e-02
9.962852724792029449e+02 1.893282416347214792e+02 -5.168218192194774449e-03 -5.552693006254391661e-02
1.182478325677865769e+03 1.960767631690864619e+02 9.161328784981495610e-02 3.332601004855233195e-02
2.901814568181367235e+02 5.396438292901131035e+02 -3.115837634530018926e-02 -2.423190027366951133e-02
2.579960120307258649e+02 3.760723210999270805e+02 5.847809295114150818e-02 1.427052765406775225e-01
1.091515652225006988e+03 2.646253535111722499e+02 -2.505868757275493339e-02 -1.387180440803660875e-01
2.476021569754762481e+02 3.267676557547181346e+02 1.151224237421913724e-02 1.861869557588871280e-02
1.026171042133186802e+03 2.241192720881912521e+02 -3.329277042510919715e-02 9.036362572446274277e-02
1.086372702297822798e+03 1.724814574854592024e+02 -6.097832313975816432e-02 -1.728325303471832039e-02
9.911047279325165391e+02 2.287451814855533598e+02 -4.734102270182104222e-02 1.228943667376865695e-01
2.708792547721617439e+02 6.590919173227488272e+02 -5.915616786272234057e-02 9.349438871615234348e-02
1.036102593165424651e+03 1.741222709717042676e+02 -8.186893234708939038e-02 3.099887452135432486e-01
1.974588753398983840e+02 6.914190546367024126e+02 4.603451055789652135e-03 -5.376847767774119158e-03
2.298463943078903640e+02 3.165518749279056010e+02 -8.860346884575912019e-02 -2.269770323493739417e-01
2.321866190084591324e+02 5.746496983083020496e+02 1.327498430210836688e-01 7.732508071981450404e-02
1.179869579248636910e+03 1.944253551967675264e+02 8.971068727487364197e-03 -3.852984134128632776e-02
1.258141566619354535e+03 2.973839675250229106e+02 -4.736067252160865160e-03 1.771912015189400225e-01
1.297005105281480382e+03 3.336938497470119955e+02 2.854760625932886153e-01 7.526305142528144296e-03
3.937258425289040815e+02 1.094772493494085666e+03 -2.459258614726422734e-03 -5.430918273577845130e-03
1.013788035564619463e+03 1.751428060352972125e+02 1.986035807219366234e-02 -2.073346064663776286e-02
1.882113415405922581e+02 6.461631701648819899e+02 -1.972949457363265824e-01 3.202147777390346728e-01
2.503825918058768139e+02 4.045966740025759805e+02 -1.204078565023851549e-01 -3.592307094928677835e-01
1.011569214445305988e+03 1.708384823838343891e+02 4.162483830950607609e-03 1.288773032459042227e-02
2.792781392192441103e+02 5.919725361849743877e+02 -6.785053273762781112e-02 1.005172698119612684e-01
2.696040086196656489e+02 3.620200572188658725e+02 4.941082511280889961e-02 2.468775064705616973e-01
1.097136375873634961e+03 2.010893756117842770e+02 1.680460202442191076e-02 8.302554827617504574e-02
1.179193831517299714e+03 2.319638660605114637e+02 4.379154973728625194e-02 -1.725696685464971547e-03
1.129034547744802694e+03 2.845200069789148074e+02 9.952620858696677175e-02 3.962050026179895212e-01
1.285284956639309030e+03 3.164750918774906268e+02 5.144669279373643711e-01 -3.392147986835244433e-01
1.280835417574806115e+03 3.317681760516018130e+02 -2.223911505531904476e-01 -2.802926099159011933e-02
2.882277634519113576e+02 4.759865927615191481e+02 3.720737261741781897e-04 7.482605874475839469e-02
2.255611134691899622e+02 5.258133297013639549e+02 -1.064102201714736823e-01 1.450875353129255085e-01
1.065914982203500358e+03 2.204461817728985125e+02 1.933046952082393133e-01 -9.851342106315590097e-02
1.248732354862229840e+03 3.368402390151358077e+02 2.691200378503708635e-01 5.746628905815972382e-02
3.145178756491656600e+02 5.776351405847294700e+02 1.649355770342708638e-02 1.095837457070220414e-02
7.238275022010795965e+02 9.852180148833346038e+02 -1.701339228859632263e-02 -2.951195898832078765e-02
2.398802562006360972e+02 3.692652332825001054e+02 -4.204253646894216129e-02 -2.634880812072452616e-01
1.120352379790185296e+03 1.892916084062999005e+02 1.442085153925290741e-01 -1.428272681394773258e-01
1.217484004947173617e+03 2.388757179897194192e+02 2.221216496000920360e-01 -3.749952493400414144e-01
2.084867192209717359e+02 5.766134512426611991e+02 1.089400882821308925e-01 2.996416171344435386e-01
8.794571338642252556e+01 3.172538221478228593e+02 5.541560644359914273e-02 1.328836402509523396e-01
5.455297880707021250e+02 4.987499919266635402e+02 -2.270895155304156459e-03 -5.386278114665282030e-03
1.222125656818147945e+03 2.529644195520015444e+02 1.849906538800257239e-01 -1.893446956774198497e-01
1.211318040206819433e+03 3.074869844307180529e+02 -3.339783431129753066e-01 -3.805735605111073561e-01
1.259102425422429860e+03 3.047738571133709797e+02 2.919705394608746916e-04 -9.998528479757408383e-02
9.567096851824967985e+01 3.804162578665219598e+02 2.062813491840829461e-01 3.250170447221718550e-01
2.835893384180564567e+02 4.543464733505240929e+02 -8.175135945776901281e-03 1.626672737944324654e-01
7.172448713440705887e+02 4.754770281992016407e+02 3.922937798809774008e-03 -5.879715496076996090e-03
1.128160875647241255e+03 2.043574556962286124e+02 9.961131493124260328e-02 1.246557826115832768e-01
1.223562164305415763e+03 2.436224774756857130e+02 2.028578929567477832e-02 -4.536974846669908357e-02
1.321717268445769378e+03 3.233530502359504908e+02 -3.628010302361922568e-01 -1.365226353175962304e-01
2.023175247911576093e+02 6.371045006778649622e+02 -1.939267482364167849e-01 4.359091693474713147e-01
2.948528503956370059e+02 4.556197131164841494e+02 1.664648354120806528e-01 1.469318394070321943e-01
3.177687052148891667e+02 5.885515962253497264e+02 -1.950457525764276792e-02 -1.675307982856913680e-01
2.587796384780652375e+02 3.970127020602453740e+02 -2.793240938684604657e-02 1.486930464823146281e-01
2.831431243420813644e+02 4.846366802617300777e+02 7.473776425804601331e-02 3.765384368721527153e-01
3.089658150472367879e+02 4.949629407600561990e+02 1.251864424183679603e-02 -1.992602380376595761e-02
1.205112972963994252e+03 2.576837005140930046e+02 1.272073094463621601e-02 -4.488518397796070758e-03
2.287617716040974756e+02 6.853061673529838345e+02 -1.253743898565495840e-02 -7.846115164511502371e-05
2.251498728950067232e+02 7.152840836009262375e+02 -2.645667319443134602e-02 -2.082598041916128295e-02
1.029396462509333332e+03 1.651131883962754046e+02 3.309554261939714331e-02 -6.881544984035296679e-03
1.205487251750502764e+03 2.002321969112143734e+02 2.159026248467247125e-02 -5.043103348171106004e-02
1.251063156778353687e+03 3.493130019474860433e+02 -3.371857632293843721e-01 -1.101067994277779398e-02
2.388704228123856410e+02 5.387693085686378254e+02 -2.556444914501033311e-02 -1.790808335464059153e-01
1.305373522220254472e+03 3.371816352678093267e+02 5.702147504466990868e-02 8.896649083837766814e-02
2.703407513473511585e+02 4.741441211203049875e+02 1.232391995109065504e-02 -1.393029979295629939e-01
2.584952659882675334e+02 4.122762982091286403e+02 -2.822473595293549242e-01 -3.765238848918386338e-01
2.679254992757536797e+02 6.096221881367749802e+02 -4.910088177047574470e-02 -5.000608397784844783e-02
3.081732145072327285e+02 6.637585397880952769e+02 3.239036767382685866e-03 3.435107180448918746e-02
1.211621033732123124e+03 3.519331844546438788e+02 7.471539827177119120e-02 -6.126869642292831486e-02
1.262003429300259086e+03 3.479230588745292039e+02 -2.474132075762182359e-01 2.759012839573684039e-01
1.495471242784307151e+02 5.370698509193427981e+02 3.652866750050520663e-03 1.250249266041691953e-02
4.998081492086348590e+02 4.364177401493389539e+02 -1.809199972474857462e-02 -3.099085751182997089e-02
1.099511920995576020e+03 1.868864965959349149e+02 -5.007690352381359566e-02 4.571122989736977477e-02
1.205440847620941440e+03 2.953792854547414777e+02 -5.261568162362891821e-01 1.357687829795395373e-02
2.977141249822730629e+02 4.821159463698609784e+02 -1.841458051236107354e-02 -4.461324174138781018e-02
1.070894301492584418e+03 2.988010838629788282e+02 -1.501715849493242272e-01 1.319361289776755652e-01
1.236531459342472999e+03 1.351631656281837763e+02 3.865201064705717227e-02 -4.616893392106805050e-02
1.177947851934771506e+03 2.121470322477030663e+02 1.421757813672633874e-01 8.672940128741085664e-02
1.157863980242292428e+03 3.554509974855322980e+02 -2.731803961468257450e-02 -5.427094035808800732e-02
2.979190695673159439e+02 5.720674048055324192e+02 6.438984725578064672e-02 1.276918009394749920e-01
2.461739039211338138e+02 6.646027526227777571e+02 4.558844444792005575e-03 1.845962125465424111e-02
2.133794344830376417e+02 6.714585732623772856e+02 3.178914829081552242e-03 4.248389156052528176e-02
2.718736295443939071e+02 5.290743245027916828e+02 -2.232450174721378744e-02 -4.078084901736644952e-02
3.302846491728899991e+02 4.988923627448155003e+02 -2.073792040195598929e-02 -1.674855073033398867e-02
1.081463514162047886e+03 2.771511592561168413e+02 1.218398965882556695e-01 3.760039060952635737e-02
1.186498167843421015e+03 2.254862548131831375e+02 4.088514534785758769e-02 1.359448724865330860e-02
1.206797832096598995e+03 2.703565216607456136e+02 6.166737577868275366e-02 -9.270925833821763717e-02
1.031098007674983137e+03 4.448722773367783248e+02 -6.997531928228844025e-03 -1.197149267536750349e-02
1.184093103105976979e+03 3.345091918828778716e+02 -4.467934160613497296e-02 1.897528943745945690e-02
5.405389910759002987e+02 5.012221161375067595e+02 -1.753659134972329892e-01 5.697222455829172721e-02
1.005338911727987693e+03 1.779433840287423152e+02 -3.676392667396536501e-02 -6.805729781709619897e-02
1.182697077306634128e+03 2.104363429284162805e+02 8.212577187790277844e-02 1.372526230511207646e-01
1.165052269586154580e+03 2.208000119898542550e+02 8.336822341535328473e-02 -2.207184944571073115e-01
2.159751801288660147e+02 7.659006181749507505e+02 3.879705014036005650e-02 2.992258756883832763e-02
2.310536883448155550e+02 3.041755894005110576e+02 1.523877365042380916e-02 -1.199582484179927688e-01
1.068992925115292564e+03 1.865950450639481346e+02 -6.411959497363568794e-02 3.019485811037327383e-01
1.045325290867533795e+03 2.049771872386384928e+02 2.183124815933297144e-02 -3.947297490488495264e-02
1.140845739242359514e+03 2.081626035169333306e+02 2.304947846814684592e-02 -2.344319878262695125e-02
1.159368100269474326e+03 2.255967269857756605e+02 6.208218717574709444e-03 1.689600343871120597e-02
1.195890482984508481e+03 2.844230857655937257e+02 -2.138142765919383292e-01 -6.331686701743137469e-02
2.293393580718961573e+02 6.946220769483793447e+02 -1.552579354475938124e-02 -4.758171703713287570e-02
2.244908521829557344e+02 7.440627281362277472e+02 -3.857702426779496905e-03 -1.475581213526311330e-03
2.645572479281889287e+02 3.492257424842233036e+02 8.573483116636282375e-02 -1.890418517108685137e-01
2.806864775040079394e+02 4.793318718972353167e+02 3.891563266650166497e-02 1.403703454777769366e-01
2.638577908006020607e+02 4.885502691566919680e+02 4.859161663846123247e-02 -4.435753148679566493e-02
5.600888287672747765e+02 3.943887155271081610e+02 4.680829041663514545e-02 -2.422053207958470011e-01
1.135050861858520420e+03 1.763353706375968386e+02 -3.394561070937811564e-01 1.479490179244898229e+00
1.022737711897132385e+03 1.891015900961599812e+02 5.920425747115132253e-02 -1.179687628109249431e-01
9.927473170158390303e+02 2.338071520772586780e+02 8.109774333050268069e-02 1.510895669117928719e-02
1.053382641740037343e+03 2.759348900595369400e+02 2.336233877173299334e-02 -1.387887675624170924e-01
1.213125210301527886e+03 2.662765679793078561e+02 7.404023926272884637e-02 2.249183212344263438e-01
2.318294649826344767e+02 5.583824537376377748e+02 7.230273363489203575e-02 7.293690958096021859e-02
2.620827784212500546e+02 6.925119439215055763e+02 -4.537290840399066383e-02 -1.055743134425597418e-01
2.887276075391213226e+02 4.406241501061846293e+02 8.906445165619440718e-02 3.371906046408905122e-01
1.106252873897457448e+03 1.475885904667998147e+02 -4.761330049022944877e-01 2.160052768712148463e-01
1.101587770372136674e+03 1.569073886248447707e+02 -2.506684062238188557e-02 1.173078784239578454e-02
1.012568634415650081e+03 1.934982962402268640e+02 1.965942931762280563e-02 -5.232305384772454465e-02
1.108336036411620171e+03 1.884666829458163022e+02 7.531138993939141824e-02 -3.395599714475375924e-02
1.131628012126269596e+03 1.880679790807976985e+02 -8.274225651249859925e-02 5.075598681503379339e-02
1.095141332194453298e+03 2.287650987038430230e+02 1.071755634949719677e-01 1.231200845901033319e-01
1.051650831445422000e+03 2.999685697981857970e+02 -9.224932720978054959e-03 -2.268656925758705256e-02
1.203180356873693654e+03 3.900230144463115494e+02 -6.848640325968820275e-02 1.619228838257527059e-01
2.538925498972132857e+02 3.417680871182323017e+02 6.695081978182315652e-02 2.290670515124872963e-01
2.298404127009402202e+02 5.228264103065928339e+02 -1.713253002308476880e-01 -1.073316174307024085e-01
2.724562303672465760e+02 3.725570938859421517e+02 -1.235120799746880493e-01 2.733041062349457206e-01
7.447434022466916304e+02 3.949349815080646522e+02 -1.388956965979559754e-02 -1.249362393906494617e-03
1.079590107084525926e+03 1.517904154070339757e+02 -2.528340337448753417e-05 7.386903889127438561e-03
1.207272014470260046e+03 3.092759543525661456e+02 -5.684037289370280632e-02 -9.228028017830069984e-02
1.194997976308080752e+03 3.289784409262575764e+02 1.205339335261896849e-01 -2.920963293416889428e-02
2.637881740045070273e+02 5.967309942680409449e+02 5.501382869749988913e-01 2.480030978689455878e-01
2.439088507768560987e+02 2.979158895953153774e+02 0.000000000000000000e+00 0.000000000000000000e+00
2.365333090432030474e+02 3.621303295602356229e+02 0.000000000000000000e+00 0.000000000000000000e+00
5.112707330623432540e+02 4.490916784608432977e+02 0.000000000000000000e+00 0.000000000000000000e+00
5.882345368698485117e+02 4.806069555337107886e+02 0.000000000000000000e+00 0.000000000000000000e+00
8.082589872452176678e+02 3.674706314762150328e+02 0.000000000000000000e+00 0.000000000000000000e+00
1.096120121697260402e+03 2.478377036501910595e+02 0.000000000000000000e+00 0.000000000000000000e+00
1.106877187177734640e+03 2.562201141138742742e+02 0.000000000000000000e+00 0.000000000000000000e+00
1.140644908128804218e+03 2.285592922182854352e+02 0.000000000000000000e+00 0.000000000000000000e+00
1.285242420247512428e+03 3.166828938284073729e+02 0.000000000000000000e+00 0.000000000000000000e+00
1.986005294539981776e+02 5.611497475907094667e+02 0.000000000000000000e+00 0.000000000000000000e+00
2.326534128931495502e+02 5.964241516545997683e+02 0.000000000000000000e+00 0.000000000000000000e+00
2.428946477891272480e+02 6.875171438373794217e+02 0.000000000000000000e+00 0.000000000000000000e+00
7.064501654685075209e+02 5.828061134961819789e+02 0.000000000000000000e+00 0.000000000000000000e+00
7.545067940599284384e+02 6.340678618241527147e+02 0.000000000000000000e+00 0.000000000000000000e+00
2.242822007873857046e+02 7.161415898818084997e+02 0.000000000000000000e+00 0.000000000000000000e+00
2.450847377871704396e+02 7.142077331791684855e+02 0.000000000000000000e+00 0.000000000000000000e+00
9.328628415280604713e+02 8.990199023356317412e+02 0.000000000000000000e+00 0.000000000000000000e+00
3.921676431639899079e+02 1.065536907460646034e+03 0.000000000000000000e+00 0.000000000000000000e+00
