2.522917715577856370e+02 4.636851539390114567e+02 1.770882186071327715e-03 2.754081329420265717e-04
3.146091391086281419e+02 4.763195709845235797e+02 -1.398404988743541261e-03 -4.327326280496557559e-04
5.635023694810431607e+02 3.806990468227518249e+02 4.829325021691741916e-03 3.811165456228860719e-03
7.055500526485865294e+02 4.140657811848963092e+02 -2.837859983611848089e-03 -1.103669002750821450e-02
6.343604905806192846e+02 8.219750180850747938e+02 1.000235952807259450e-04 -1.929999501017207002e-04
9.124533054140736112e+02 8.058691561222422024e+02 -3.198382028693969774e-04 2.310448663944169765e-04
4.599611169339245862e+02 9.416455062116701811e+02 1.302300136874484779e-04 9.795769648111545946e-04
9.053174757005054971e+02 9.219318417221019217e+02 1.069684825702412606e-02 -3.593945581909306630e-03
8.997121256385963761e+02 9.263068143529230838e+02 -6.589079888498201518e-03 -1.188220440917350405e-03
7.150863010863745330e+02 1.011395095576057201e+03 -3.918266102985371968e-04 -4.175410336162289699e-07
7.048844112062372460e+02 1.023744498213608267e+03 -1.511000916024170119e-03 1.642229203767864602e-03
4.816612567195521706e+02 1.099090273048086374e+03 -5.673996226543821624e-05 -3.092701188569942322e-04
7.044143046411199975e+02 1.036509804141157247e+03 -4.360650795609280158e-04 2.656575714327388360e-04
7.518489491934943771e+02 1.067483842348468670e+03 -2.886091459945103730e-04 -3.195451822490879635e-04
7.456616245651722465e+02 1.071404262477552265e+03 1.078909181423663493e-03 -4.151337793137998373e-04
1.311123117190229834e+02 3.249155812299162562e+02 -7.876300810547751888e-04 -1.392108495783849278e-03
8.997689788474772286e+02 1.102132520104753894e+03 3.594734926532555034e-04 -4.172766433330793077e-04
2.416298666935625761e+02 7.551583404265956005e+02 -2.856651177782481860e-03 -6.058739074186596588e-03
1.188434513394933902e+03 2.255733526282784567e+02 3.675846037071330702e-02 -7.564728494680979243e-02
7.159341661935006869e+02 8.824932970533113803e+02 -8.210209432727334647e-04 6.581866127001124479e-03
2.361104200394377699e+02 7.218421442534522612e+02 -1.235733669212107574e-02 1.251449516309148177e-02
2.502929375193225212e+02 7.469242632777056770e+02 -1.989542619377075196e-03 2.982071226025515779e-04
7.192976139767790755e+02 3.577727805900472617e+02 -3.317363700816848386e-03 3.214374023248003226e-03
5.709848233117918426e+02 3.784338923039658198e+02 -8.038833753780276264e-04 3.390112383121756789e-03
9.314438808283586013e+02 8.444495527749655821e+02 -6.157606276006070793e-03 6.990500105605789057e-03
1.009682131914910315e+03 8.125595912184379586e+02 -1.354339986575480576e-03 7.885732994557853939e-03
2.411076729089934361e+02 7.444569793894306713e+02 -9.300179867708910364e-03 8.673272218319122429e-03
9.836077942323934167e+02 8.256412433163146716e+02 -2.769477583124418940e-02 4.825109562455392326e-03
3.078116240786799267e+02 6.629905036904427789e+02 4.622941549432608120e-03 6.720680690234688559e-03
1.015118760823304115e+03 8.142671503815005281e+02 4.442424866115828735e-03 -3.282224605640078597e-04
9.442960928268662428e+02 8.337089573177165676e+02 4.589448968106195348e-03 6.004910242005856782e-03
1.004064245747142650e+03 8.361377399893980282e+02 6.211460472141285515e-03 -2.660985571239534234e-03
2.319493524001353251e+02 7.234388039087014022e+02 -1.880262785797896970e-03 -2.510074015847272005e-03
4.798664118348843886e+02 4.351773545527107103e+02 -1.528654204307285666e-03 5.850259182440399445e-05
1.025020117661778158e+03 8.056172210531498195e+02 8.659976977809276041e-03 -1.141983049036401844e-04
2.178000967721473273e+02 5.203691478593218562e+02 7.529890358747400730e-03 -8.025496342678940798e-03
5.758680603177157309e+02 4.202362111135034297e+02 -5.415056786752288874e-03 -2.275303369580598985e-03
7.307399334212020676e+02 9.236126767468640537e+02 -2.316346676627407692e-03 -6.845833413321862583e-04
9.573778883981642593e+02 8.474426311775316663e+02 2.052467304588165113e-03 4.591349070099090589e-04
7.480729412005587164e+02 9.543978608884958703e+02 -8.386843649259840064e-03 -6.170117644389824839e-04
2.655794103725810942e+02 6.684658943412260896e+02 6.576066774472889669e-03 9.593099785619604858e-03
8.247688669345310473e+02 1.102196456452994880e+03 5.583366491063685788e-04 9.737702738324388569e-06
7.514815926206786116e+02 9.580224050300928411e+02 -5.343183697518590026e-04 -8.727634220726580849e-03
5.617821121180486443e+02 4.715200492249737749e+02 -1.545636895993183265e-03 9.093848964616116012e-04
5.649929546895211843e+02 4.756172989854005095e+02 -8.940719962297543483e-03 8.043715976852900545e-03
9.144675769786530282e+02 8.448058698555570345e+02 -1.201373910203186630e-02 -1.653145759655446799e-03
7.708243764999042469e+02 9.588517505606134819e+02 -9.951700316762098278e-03 -1.269223622788410132e-02
7.707302327309906786e+02 9.429536979420086027e+02 -3.950581571763167078e-03 -2.107241007438866078e-03
7.710426935497018803e+02 9.495471481008006549e+02 3.436207015340079075e-04 -1.989858745538627093e-03
9.846730646931246156e+02 8.658372401082053784e+02 3.538138803868029134e-03 2.567473245604371280e-03
8.002604190976492191e+02 9.520725979040176981e+02 -3.526660196095492285e-05 -2.523591275812488025e-04
2.093611108824417499e+02 6.748131031267024582e+02 -1.097503841807683823e-02 4.997306664153716368e-03
9.742358534034036666e+02 8.842648751795974249e+02 1.519572004346880128e-03 -7.632932577210583191e-04
7.568641131947351823e+02 5.295037186759186625e+02 -5.531716532144369258e-03 2.937838317716521402e-03
7.851156273225417408e+02 9.401992996546598533e+02 -1.202416059459210373e-02 -4.988236190007399630e-03
8.081033162611344096e+02 3.672520074594912671e+02 2.971746708687920350e-03 4.029908274388855835e-03
2.354178052314374838e+02 6.997585019944610849e+02 1.071920735259565549e-02 -2.559355284752695692e-02
8.145080823591545141e+02 4.184553510862565417e+02 2.727205272348968046e-04 -1.035407538968049351e-03
5.835184717356488591e+02 4.033929635830102711e+02 -8.060777399044460542e-03 -7.767004661838028921e-03
1.034282260720663317e+03 8.354501641412414301e+02 5.082024989644538283e-03 -2.696667706457014663e-03
9.984367948505467893e+02 8.185626604704737019e+02 1.080411276598507685e-02 -7.003508494078980505e-04
2.270245668997712016e+02 7.693753616734755951e+02 -7.642412806609343891e-03 1.310589148912717251e-03
7.296434033780383288e+02 9.831623490648885308e+02 -2.228097934590834300e-02 3.425132901388296125e-02
9.915900383397826090e+02 8.337408565877036608e+02 -1.548191190318893868e-03 6.756951806754850180e-03
1.057649820704374861e+03 8.516116158318289990e+02 3.267859114846870423e-03 2.929668996987649926e-05
8.272719233429247652e+02 4.016186215903515517e+02 9.546717796316479040e-04 -1.481262897415251819e-03
1.018568797377578790e+03 8.306633960911761960e+02 2.850596337066686140e-03 9.822675645969046812e-03
9.489164940005233575e+02 8.372153976173116234e+02 2.417874636565593011e-02 4.658191620091436426e-03
4.637387133877028873e+02 4.532394921351383914e+02 -2.277838908271056714e-02 -1.544262446591943352e-02
2.683198727447229430e+02 3.005233274547326801e+02 7.571984902804362817e-05 -9.945575724073744007e-04
9.592532604963574840e+02 8.220876349804508436e+02 4.564118156772205281e-03 -2.849458952953070213e-03
8.173586723533117038e+02 9.348201889084795084e+02 -1.183859081502215346e-03 -4.856448738422895067e-03
8.168564301479884762e+02 9.443313977865295783e+02 8.707490854649762495e-05 3.549262837431891920e-04
5.494025856864914203e+02 4.328251027892433740e+02 5.831071257658225872e-04 6.095542881539721446e-04
7.300592465436893690e+02 9.394443766073537745e+02 9.202029453185427144e-03 3.069984499873471928e-04
9.287511775649793435e+02 8.607571412338667187e+02 2.549168157373730981e-02 -2.811681645982619035e-02
1.033958149684643104e+03 8.251298204229822204e+02 2.477381126745607787e-03 1.440529611334631426e-03
1.025095895633277451e+03 8.138466542942809383e+02 2.819926519934106562e-02 -1.885996456484359540e-02
9.562630394432692356e+02 8.778341272378153235e+02 4.315637570831349842e-03 5.344459999728224872e-03
8.184978338573329211e+02 3.798861703247197283e+02 2.802434894611356914e-04 -2.073329113335882403e-03
9.717766087979257463e+02 8.883883544099775236e+02 3.802702425255885445e-03 3.043956188145721664e-03
9.084727405718410864e+02 8.389369136402199274e+02 5.424380769953374842e-03 -1.313730578587439697e-02
5.761641370873073811e+02 4.720808775123713303e+02 -6.491992769227154444e-03 -8.133107943951184770e-06
7.510829079176575078e+02 9.348015283685977010e+02 -9.527320824616092353e-04 -6.263964700673397461e-04
9.652511209774327199e+02 8.507042350656582812e+02 2.052929786835796654e-04 -1.087272256095185227e-03
2.330081895008459583e+02 6.931052012442301020e+02 7.959833197375166050e-03 6.469197775229554477e-03
4.928931222668835517e+02 4.484374731571578536e+02 3.931456586859903720e-04 -2.912070709155073749e-03
8.329174485777492691e+02 4.129308557330739973e+02 6.740842394076097636e-04 9.744450374806673532e-03
9.686589304801489106e+02 8.746619071740619802e+02 7.236735401139043206e-03 -2.555315692462715917e-03
8.253374913222311307e+02 8.711626226538614901e+02 -1.027811933268858030e-02 -4.822159641621915661e-03
1.204202697656190821e+03 2.073136794927557105e+02 -7.953018032218673108e-03 1.839683716184256287e-02
8.129606486329540758e+02 4.036906264966377194e+02 -2.288092607321430202e-02 9.443422458268809980e-03
7.672337900097562624e+02 3.856303127497731680e+02 1.019295612629978571e-03 2.646190273152781297e-03
5.594716130876869329e+02 4.155260659331894431e+02 -3.069808108287109139e-03 1.258656529647241007e-02
9.492413292044844866e+02 8.560800344463830243e+02 -5.272796683591355130e-03 -5.282619446993881696e-03
3.333394711018269163e+02 5.588498107752471924e+02 5.287042957956380497e-04 5.654410867558872737e-04
7.146678135723398100e+02 9.544467124854760414e+02 2.435594447380782721e-03 1.024207543774100296e-02
9.975111295119254464e+02 8.747580898372050342e+02 1.153195531438960114e-02 -2.347401675650070279e-04
8.020264538970039894e+02 9.400361492904569332e+02 9.229030053129373560e-04 -1.229673519700068274e-03
5.338528716457691417e+02 4.120228052241180876e+02 -1.770122317870262505e-03 2.795979488718722261e-03
3.267187014375281819e+02 5.367570312196903615e+02 -1.162045055839754050e-03 2.233653325124398265e-03
7.445296664457382576e+02 3.960789303294787942e+02 -2.124681777923788026e-02 -2.681404734480925811e-03
8.507615376408534758e+02 9.314934288579511303e+02 -7.303045754224963063e-04 9.466098865191675945e-04
6.308023345012632035e+02 3.843153047449523569e+02 -7.216311671469958187e-03 -5.763492949229473070e-03
8.190404837662924820e+02 3.598781509986037577e+02 1.694075958961647251e-03 2.824307441519612397e-03
9.299164751718433308e+02 8.361054741788843785e+02 2.776586449460122057e-03 5.101245254174032427e-03
6.179432656537844650e+02 4.168749716846227784e+02 4.988547181850177138e-04 2.489296356855285556e-03
5.447795523246649054e+02 4.063133193773084599e+02 1.744677151485588863e-03 -2.339163961435606134e-02
2.381615463475493470e+02 7.396742653399888923e+02 -3.269869575409484717e-03 4.656015152640480444e-03
5.452056145565046563e+02 4.830560496227453768e+02 -4.253552286772586434e-03 5.823414125575929710e-03
3.141696737603792258e+02 4.706283393919557625e+02 -9.865989573433405282e-03 -7.394100896186784309e-03
9.335031678377072240e+02 8.661072957604252451e+02 -5.889966711253133598e-03 6.418151935007483308e-03
3.216826159834149053e+02 4.818596826957955841e+02 4.458060829973522978e-04 5.196047510809881018e-03
9.729456500779082262e+02 8.300364834523040827e+02 1.941584669465204515e-03 2.072590184686287119e-03
2.201991978629707205e+02 6.856726820733650811e+02 -3.489476251692257350e-03 -3.526324936627692024e-03
5.043320257083269667e+02 4.438633435980068498e+02 5.830352130794610836e-03 -7.199653709794194209e-03
6.623263563805086278e+02 5.249657222155508407e+02 8.098305624870780206e-03 8.695552413873973777e-03
6.240368432971005177e+02 4.284076054079509959e+02 -3.135617775006780544e-02 2.318099339421878652e-02
4.762831799936529364e+02 4.657885749573496241e+02 -3.214873046007628299e-03 -1.364316871697362913e-03
1.015792156684306178e+03 2.756641018843451434e+02 -1.379336201372471753e-02 8.116764745702114911e-03
2.062108491198234503e+02 6.956325186721245473e+02 -2.261039564308138256e-03 -5.250715758468614720e-03
2.558206599896969351e+02 4.916275230673268766e+02 1.165073301655155866e-02 -1.968212270371330619e-01
2.281183242563655824e+02 7.021367406990149220e+02 1.647769649310272186e-02 -1.785432508286969103e-02
3.008708219167723428e+02 6.235160527888810975e+02 -1.710359135538251640e-02 -6.943577450914348650e-03
2.660113392476171157e+02 7.369411464845833279e+02 1.519603206106964624e-03 -4.433008719687866594e-04
2.554266294751147939e+02 6.451566973789783788e+02 9.594556814699662511e-03 -5.329864081573706253e-03
5.869133958817503753e+02 4.574048349481023479e+02 -6.717562902616747676e-03 4.765171373409011341e-02
2.373044895358958684e+02 6.926496294781773031e+02 -8.075005075512524952e-04 9.250546259742202092e-05
2.666549834162250932e+02 6.343131099080575268e+02 2.444020725209669967e-03 4.179339370373124328e-03
1.002547137253341702e+03 8.755093515912740258e+02 1.878754538538622391e-03 -2.110889281703469487e-03
2.621711325645550232e+02 7.273016831024521025e+02 -1.077117642516963510e-03 7.211205731255851924e-03
2.655869907156176168e+02 6.197832815872320680e+02 -4.918736611085311634e-03 5.280628522915223159e-03
2.548005862119335916e+02 6.878245976485187612e+02 4.312712136143349861e-03 2.854597521227693335e-03
9.302865758517255017e+02 9.056901606380706653e+02 -3.019040183826606459e-03 7.249559745792965616e-03
9.494301275413669146e+02 8.967900249440350535e+02 -1.573325179429228143e-02 -1.375476847772573539e-03
2.521387534143021867e+02 6.710903694141784399e+02 4.243203295497341952e-03 4.599218193530165387e-03
1.012623813602415453e+03 8.512413775711856943e+02 -3.833075553152771875e-03 -4.570148701730269492e-04
2.303971562542423612e+02 6.720340420977843223e+02 7.682440303590913925e-04 4.904601651355508345e-03
2.522417884328982041e+02 6.325914794318308623e+02 -2.861413185306189814e-03 -3.840299876630956771e-03
4.414367450084168354e+02 1.084267437472030906e+03 2.928252942687962004e-02 -3.255503065753542064e-02
7.326627288158879310e+02 9.319251782299758133e+02 1.775963797313980170e-04 5.127338576077665119e-03
2.315212000204188882e+02 7.377018963595052128e+02 1.746645892406248953e-03 5.204992701035032407e-03
3.124294932089492818e+02 6.466132296165710613e+02 7.908355873215635809e-03 -2.471719707085245910e-02
1.187318622174734628e+03 3.921767276496066756e+02 -4.734241403598794394e-04 -1.894395333884252991e-02
2.283178670389976048e+02 7.505397547982832975e+02 -6.601385102033357870e-03 -1.235137684245773450e-02
2.410960160720568410e+02 7.281980512922798425e+02 3.078459291822974175e-03 -1.733529821762325521e-02
1.000462949313430613e+03 2.245042889096006036e+02 -3.324229740153914446e-03 8.623944830383220225e-03
2.434250576638267489e+02 6.859248803411489916e+02 -4.196519115725836149e-03 -5.534972457018855901e-03
2.762356204802323987e+02 7.009640246993531036e+02 -4.279933916536427137e-03 2.025297252937367093e-02
1.724952094929084296e+02 5.536632081881748491e+02 -2.714778449187622567e-01 -1.466254147544802378e-01
6.040827095277933267e+02 3.985479719291853371e+02 -1.146657764846591154e-03 1.506095137180033438e-03
1.767458251396831201e+02 5.453640018427291807e+02 -2.363253643031082707e-01 -1.237739986206183862e-01
2.445574154829294855e+02 7.606088317973379844e+02 -1.121336673389974328e-03 -9.790097736913144430e-04
2.641943422437396407e+02 6.570552782521029940e+02 6.946278770787404563e-03 4.546393475490083207e-03
3.125359355164665089e+02 5.885775224621520465e+02 6.154312558946642333e-04 5.234907090825214986e-03
2.068751412734414714e+02 7.251200803333376825e+02 3.908250541159494218e-03 3.691528344284682270e-03
4.933080664800050954e+02 4.543295202974561562e+02 -2.797058262532604866e-03 -1.425470955413996694e-03
7.618802260906517176e+01 3.171071353898005327e+02 3.640844556074280397e-02 -2.067265521802282360e-03
3.131841578897285672e+02 5.686699561019345310e+02 1.257027460188411274e-04 1.072714004407100555e-03
1.012591581988861549e+03 2.593551650753595368e+02 -3.310713710664116381e-03 -7.940952461948730390e-03
2.287498606010190656e+02 7.741989377031142112e+02 6.820026081972610206e-04 -5.690373007397365145e-03
1.025465813227962371e+03 8.634367290629177205e+02 9.552074040717379796e-03 3.428802676335923616e-02
4.877249739437659173e+02 4.755731980782259711e+02 -9.002307652742661329e-03 8.088832249289018908e-03
5.367553758825532668e+02 4.280207157172429220e+02 7.846922670216489176e-03 -1.645448903027477497e-02
2.678955095675488565e+02 6.264622549296757370e+02 1.339913281062740831e-02 -1.412346605811064942e-02
5.223320236752964547e+02 4.614409090164094778e+02 2.196824593103865499e-03 4.350374599325597565e-03
1.057584496585153602e+03 3.031892752151320565e+02 -5.678505199721437663e-03 2.917396657914880613e-03
2.858787902418889075e+02 5.825476367498376931e+02 3.862256800012781044e-02 2.191266224310799982e-01
2.331607596638624216e+02 6.289403285939283705e+02 4.251136699667880901e-03 4.691782305031881942e-03
1.005283591069866475e+03 2.272524916940642470e+02 1.020903218133780441e-03 -3.524425345496170169e-03
5.536205407465541839e+02 4.831227891951455149e+02 5.844149994732781260e-04 -1.003457602103093645e-03
2.561697215686867821e+02 6.996194163647400046e+02 -6.992478562206133532e-04 -4.126882878144987402e-03
5.025422561094146658e+02 4.682216025945532465e+02 -4.532053494810975259e-04 7.063132872091690273e-03
2.383214096798064645e+02 7.107219598995442311e+02 -1.934873366168392414e-03 1.774950466010703082e-03
2.204570040983464025e+02 7.171562372060529924e+02 -2.027882022731534919e-03 -3.060498057294299117e-03
2.136616947276278324e+02 6.320574090883508234e+02 -4.275265788028084074e-03 7.431187960372710082e-04
3.002373077996259099e+02 5.642128891828152746e+02 2.759459681807683359e-03 -9.711963603226334008e-03
2.164369530394214394e+02 7.232881777321761092e+02 7.930870780376096663e-03 3.783924668408250765e-03
4.967796899092952572e+02 4.677828469061005308e+02 -3.183474294323021623e-03 3.731229256800361327e-04
1.203810416722232958e+03 2.807985822956309789e+02 -1.581853915980324307e-02 1.721096468019546119e-02
2.188709815209653300e+02 6.968998677721165222e+02 -7.497524969576295321e-03 -6.236549794250707823e-03
2.736451921694127236e+02 6.270739203423589743e+02 6.226680343320480614e-03 1.453915054597667081e-02
3.010220424380250392e+02 4.094401689519289675e+02 1.597505470522039448e-03 8.370199545491250085e-04
7.808225421218646716e+02 9.354314034781397140e+02 -2.179784440124088798e-02 7.766094159077880721e-04
2.473941506774229424e+02 7.306718667108777936e+02 2.185519621992954454e-03 -1.320185039961609521e-03
6.054903706130428418e+02 4.074678476651441770e+02 -2.720968070015809814e-03 5.577106330041724062e-03
9.758977895456207534e+02 8.627219960526084606e+02 -5.700089455420104603e-03 -7.640069479554884718e-03
2.438673789832581065e+02 6.192432697537261674e+02 -1.050255169555312784e-02 7.497126082961414438e-03
8.086098623681987192e+02 4.029259762645314140e+02 2.592457358015044528e-03 1.553130261430736743e-02
5.446721996668239854e+02 4.273444553414084908e+02 -1.928539022395681828e-03 -1.448238988181252884e-03
2.689891071766305117e+02 5.641529743669836989e+02 -1.488046533212005959e-02 1.404357260850301256e-02
2.638173211590797678e+02 5.394586603513570253e+02 -5.199039124601772394e-02 2.101078675761892597e-02
9.437840716686885116e+02 9.056604457670633792e+02 2.242993134394951141e-02 5.275512331196624549e-02
1.159385279911041835e+03 3.745768089131623242e+02 2.651560903192679702e-02 -2.744802732893850822e-02
2.596458188389339625e+02 5.112851984647515451e+02 9.586972502282040121e-02 -1.909817740092307758e-01
2.635871626998050488e+02 6.001849595322557889e+02 -5.590586852657555839e-02 5.261546036773451229e-03
2.648697242702904759e+02 6.508586608296376426e+02 2.152275680164549183e-03 6.306614614142952088e-03
7.698079893651655539e+02 3.977739169522047291e+02 3.488772599306648985e-07 9.991771348115146450e-05
1.173263766723599929e+03 2.350302657635320713e+02 -4.453009908099311853e-03 1.242563496863723083e-02
2.745723261890763638e+02 6.792738841705444202e+02 1.179484765185240432e-03 -8.913955846044627901e-03
2.250425834640582536e+02 3.229670846477267787e+02 -6.661016037259678835e-02 -2.397046765601770768e-01
1.202022870608588164e+03 2.466381943838689779e+02 -1.239640520236099525e-02 3.684035558572221203e-02
2.882201557163382972e+02 4.980813434849936812e+02 -8.235437537741115491e-03 -1.236711901810737084e-02
2.637257103517816290e+02 6.867260488077824903e+02 -3.390476607838572350e-03 6.590953706204525503e-03
7.527292298142070877e+02 9.109890432658766031e+02 -2.221709144266404475e-03 -1.139447032353630915e-02
5.413660397686144279e+02 5.091122256370323953e+02 -8.846448561697717664e-03 -3.146809652483368962e-03
1.177318618086711240e+03 3.931258893330491446e+02 -3.221321999036704659e-02 3.036480415334612878e-03
3.133001464828032567e+02 5.530858016847698764e+02 -1.924776060736623634e-03 -1.725082241715552916e-03
5.918793077507451699e+02 4.856712606732322683e+02 -4.117103143214828447e-03 9.395157761873903710e-03
1.074709998503706174e+03 3.138616866053585568e+02 -9.659014393953316638e-03 3.046514981604566200e-02
3.927360002246866770e+02 1.088419873613403070e+03 -4.246277268950647034e-03 -3.854136583728663690e-03
1.224705081465829380e+03 3.597323347266035398e+02 -1.288921932566136283e-02 -1.202201016565140890e-02
3.990332161838187517e+02 1.095517018296079641e+03 5.022703428138054760e-02 7.323354484924493590e-03
1.023968729716311714e+03 2.624265273795672329e+02 9.109542042349155419e-03 -3.853143803194886315e-03
8.859818501981505960e+02 9.296535311305216283e+02 -2.850072851895963212e-04 8.254249629882257858e-04
2.689480234804968859e+02 5.550218842120540330e+02 -2.027943994256297192e-02 5.059099029183966589e-02
2.364241972362606816e+02 3.696732703464725773e+02 -9.138396060204583005e-02 -2.958336878082528654e-01
2.700414884050177875e+02 6.126708444487557017e+02 2.943519314781064839e-03 1.369762109103172219e-02
2.344948768228169058e+02 6.492871631651620419e+02 2.889041170151482492e-03 6.891160724632241488e-04
2.775863847835727256e+02 4.743412490537340886e+02 -1.758334865776744332e-02 4.497159341044191377e-02
2.236632144107361171e+02 7.560732461734187382e+02 8.531415631879743066e-04 3.810102879896530310e-03
2.071394770584435889e+02 6.478615625386190686e+02 1.693404492844158412e-03 1.955625268251289135e-03
2.401105670096243330e+02 5.107289475499729292e+02 -7.500273958221936703e-03 8.763286610219708870e-04
1.079410044246530333e+03 2.369668031197431617e+02 2.945190665769758381e-02 6.823818839285084731e-03
2.748016955737771809e+02 6.706639073336590400e+02 9.819276251118260780e-04 4.001237825376631127e-03
9.622545165491683292e+02 8.347797063338225598e+02 1.282409937128830765e-02 3.481680017338620314e-02
2.320935892126303202e+02 3.313876626622270010e+02 -1.059384933694331038e-01 -2.097785122665094260e-01
2.508752465289438760e+02 4.093932619828905786e+02 -6.400828565674623882e-02 -2.464699051741348901e-01
2.953766000962642693e+02 5.853030069950058305e+02 5.395681252291310154e-02 2.039724335636751429e-01
2.317512003570105605e+02 5.127760105823482490e+02 -1.073247035461854029e-02 4.544358276088400483e-02
6.163729744771032983e+02 4.277503399509197948e+02 3.439117786864483162e-02 2.219023808274497855e-02
9.359659410521368272e+02 8.856101690706329919e+02 -4.361992803480330833e-02 -1.665628893176902391e-03
5.482807255281462631e+02 4.421528645473721326e+02 7.905983346258025832e-03 7.400857556961968351e-04
2.443353283597920438e+02 5.144918590170649395e+02 3.625785233562832388e-02 -5.803746832988045112e-02
1.033943667747641484e+03 2.601794782073051806e+02 -1.786283897168272617e-04 2.812617110713303871e-03
1.030910853923580589e+03 2.868691937466621198e+02 -2.879997477261310099e-02 2.090226628363572869e-02
2.664016404623960739e+02 4.371468714815081853e+02 -5.520987238302347416e-02 -2.558538537961624892e-01
1.038656321472709578e+03 1.660314372091710879e+02 2.010468153397515154e-02 -8.252585419321328830e-02
2.439123371751920786e+02 3.814948105703383590e+02 -1.000754014319947677e-01 -2.530269666075231627e-01
9.823227947445204791e+02 1.912117080279092249e+02 1.758882172876243563e-04 -9.708289813069018517e-03
3.084724928157313002e+02 4.923515428105540650e+02 -8.909570901835195400e-03 -2.793654973922146678e-02
1.042273181974151612e+03 2.773913544759276419e+02 -1.584307714742773029e-02 1.366337377661995187e-02
3.913899802461932609e+02 1.066938466261461372e+03 6.536541364151180443e-03 3.148407873149972752e-02
1.164081900351622608e+03 1.436074526118938479e+02 7.526925756423278680e-05 1.673064009028988426e-03
2.177781073235568101e+02 6.465621136279146413e+02 2.555206746507954815e-03 -8.359978465538763144e-05
2.123791888442370066e+02 6.635370966954317282e+02 9.439584950371789508e-04 -7.761902406875630621e-03
1.092182498169852352e+03 2.207619060369998181e+02 1.783277225252835607e-02 1.821939584403474074e-02
2.603598355678119560e+02 4.759221357273135595e+02 4.591451733316709305e-02 -1.452349439795114494e-01
2.607103670923916638e+02 4.433988524133081910e+02 -2.180454775698240782e-02 -1.881057693554430699e-01
9.439594708449815244e+02 8.556436923743262923e+02 -4.533128356867321485e-04 -8.958737029645069639e-05
5.170305955873312769e+02 4.239287865292114361e+02 8.052857479262483242e-02 -1.584776494955308923e-02
2.703678273955398481e+02 6.986033181361686957e+02 9.275970463738420521e-05 -8.454967068984735323e-03
7.902750851378302741e+02 4.024337023637828565e+02 2.604481370417713500e-03 3.643260477806033876e-02
1.041471045057776337e+03 8.620022710488220810e+02 5.538825130788429391e-03 -5.918220205353238832e-03
4.797517841844037321e+02 4.695480766983421859e+02 -2.754893199259600151e-03 -3.486515735878381161e-03
1.052538473940787071e+03 8.439814156279937833e+02 1.107707169800357071e-02 -2.059280246383216051e-02
7.918045088809052459e+02 4.065481517119960699e+02 1.000977174992565867e-02 -8.937682755593882129e-04
3.311002626509929314e+02 5.264670123392431833e+02 -4.608101679296076935e-04 6.015302473089139193e-03
2.219294171374172322e+02 5.336843303377399934e+02 -5.037508216957242713e-02 2.820712797190683824e-02
9.809334737593693490e+02 8.536581414230530527e+02 -9.537943872911986733e-04 6.976333619534914182e-03
5.605450271238062214e+02 3.922739964360271188e+02 -3.816038626085416913e-03 1.523150891726138267e-02
9.243284925223832715e+02 8.919970631486331740e+02 -9.614446083513047622e-03 2.927298406233387693e-03
2.772273705409608624e+02 5.886509693398259060e+02 -7.932951616288000385e-03 5.747351882236990950e-02
2.847729595018729469e+02 5.933136961219322529e+02 -5.875935076727106972e-03 9.189777980830823867e-02
1.149760966129437520e+03 1.901404258586610467e+02 1.178710771788102352e-02 3.178278774679382367e-03
2.684680155600970011e+02 4.463450569550821001e+02 -2.573074479835607553e-02 -2.981110234051456143e-01
1.199181028996991699e+03 3.511253046253742127e+02 5.339343343965731632e-03 -1.886553572847339891e-02
4.996285664237231003e+02 4.358362315853988775e+02 -2.104112198763419261e-02 -3.220990911921998989e-02
2.668133565356573058e+02 5.153212805853913778e+02 -1.259936923246312776e-02 1.513740528489641683e-02
5.020877426466116731e+02 5.203745400561557517e+02 -3.315137267347859074e-02 -1.476286689936017957e-02
9.564807895315333326e+02 8.880037442517389081e+02 -4.256880457393490136e-02 -7.862801661853117963e-02
6.401089008836240737e+02 3.752897280610952748e+02 3.482428634411593223e-03 -4.790323993143257714e-03
9.866542223273339687e+02 1.914993264261062222e+02 -9.088972390731944045e-03 -3.572007956316466753e-04
1.059303951336243699e+03 1.847848661700552668e+02 2.247334926438936814e-02 5.740663004605316144e-02
2.805651036692486286e+02 6.779668486827935112e+02 -2.447114989972096546e-02 -1.184995916745458858e-02
3.008723157468787122e+02 6.416800502539892932e+02 3.141404344750926836e-02 -7.815791015783510320e-02
2.749470399970346079e+02 4.122628589961663010e+02 3.058842422485150148e-03 7.761595131444884964e-03
1.846199514921777052e+02 6.634430904368351776e+02 -3.114450321263659838e-01 4.069531608082705421e-01
1.976227155428557580e+02 6.380172262188930290e+02 -9.033692267197415693e-02 2.568270355259683613e-01
1.865225074284944924e+02 6.393719410179543274e+02 -1.301404777172402993e-01 2.206444845641123420e-01
1.236493895942027848e+03 2.576025819399395687e+02 4.813090068337980143e-03 -4.282862277294286618e-03
2.582019800194992740e+02 6.229154453909916356e+02 2.388629871589809193e-03 5.779989977456649608e-03
2.360995257890131711e+02 5.134903921605313144e+02 7.445219940733815815e-03 -2.029620420714335974e-03
2.692674718679073749e+02 4.112470590370995751e+02 8.107664211483961089e-03 2.503656110727740108e-02
2.171362535850284985e+02 7.650299398148923729e+02 -1.688151335940210954e-02 -3.392349983383578793e-02
2.481619343932666766e+02 6.070935413463258783e+02 1.493738747395843445e-03 -1.541156281797328303e-02
1.126017025231013349e+03 2.202418050553334297e+02 7.512703188564442405e-04 -1.997792917008366781e-03
1.037268165504576018e+03 2.196612219122303031e+02 -2.454718825446983721e-01 -1.934342516772215581e-01
3.093051684197867530e+02 1.059710298016361321e+03 3.603779098175954876e-03 8.488192431583895881e-04
1.038496689604062794e+03 2.523061775737297694e+02 -1.440848106595370680e-02 1.799121845039813178e-02
2.559006786089005629e+02 7.470337397679835476e+02 -1.171226692957140925e-03 1.557197914930028623e-03
5.286109397160236085e+02 4.389958995452169006e+02 -7.892697960227955259e-04 -1.144139491118764500e-02
2.801973203219491779e+02 5.121140202997121378e+02 7.264921143721291517e-03 -1.659919798927747547e-02
2.778003412443063667e+02 4.015066458875057833e+02 2.072352703476042918e-02 2.899993298546468812e-02
2.854481912355494160e+02 5.169463621286631678e+02 2.377854173555972728e-01 -4.265691106912068015e-02
2.238494732522266872e+02 3.101198867232333782e+02 -8.348049135734601778e-02 -2.471450329799086687e-01
1.217167011534891117e+03 2.185471554258701303e+02 -2.771492627435592163e-03 -6.247636866869796420e-03
1.035384406103126821e+03 2.999107583830794965e+02 -7.812170101625261383e-03 1.936260604705550281e-02
1.022746840389735553e+03 2.362136584885704735e+02 9.353844320213680272e-03 -5.840680934947122763e-05
5.889293305035400863e+02 4.790840342184060319e+02 8.737545447528159703e-03 8.865557502828535575e-04
2.769383381829700284e+02 6.049364883121471621e+02 1.300431682324300516e-02 -1.108382742681739488e-02
1.123738628498332673e+03 3.406111359642841876e+02 -1.422709391460044151e-03 4.010251334061266763e-03
1.126265810661479463e+03 1.769419767307979896e+02 7.361784812228687469e-02 -8.293381798122541337e-02
1.118175657076824336e+03 2.361227606786688966e+02 -6.220012970304493460e-04 -2.212915960999925838e-02
2.389251985502284015e+02 6.181330414309032903e+02 -1.787929756525756704e-03 -3.405068838418682815e-03
2.118988267392211640e+02 7.568358457528115650e+02 -1.934590680418908203e-03 -5.458338345270381808e-03
1.849372412133379271e+02 5.506506510031871358e+02 -2.506635526160717609e-01 -1.995114228765147435e-01
2.717797075248700480e+02 5.753742021899938663e+02 3.419577700199429027e-02 -4.031395478987988973e-02
2.494038157176646848e+02 6.877101791561407254e+02 8.514848078363846870e-03 7.090615059164430065e-03
2.189892712161650934e+02 6.360177290787388529e+02 -2.067782627678394717e-03 5.766099406114921186e-05
2.747954653550709736e+02 3.926752100196274569e+02 1.226413132832755628e-03 4.530152696940945890e-03
7.587565756875912939e+02 9.201716907211898615e+02 -1.861413386961772998e-02 -9.899696322233943451e-04
5.081684949929855861e+02 4.962172551310588915e+02 -7.403543838346320809e-04 8.050939114156953000e-03
2.333761814446175151e+02 3.556849726157510077e+02 -8.659842711802406834e-02 -2.946097735986435429e-01
1.177376648862637012e+03 3.427591903680014980e+02 -1.382002305191046623e-02 1.486976643754457129e-02
2.402645632470314467e+02 6.583881361419848872e+02 -6.617672023085083115e-03 2.978935530805837482e-03
3.369470211559313952e+02 1.056175964699830729e+03 4.564673553390282811e-04 -3.226281908132702832e-03
1.168063114899446873e+03 3.193325736519469160e+02 4.706487200125890336e-03 -1.182269343142157599e-02
2.529216857619200880e+02 3.798656886067112737e+02 -2.381269714927926849e-03 -1.251092424943541165e-03
5.065559957651074114e+02 4.855007863044614282e+02 8.965427455141500648e-03 6.819992884798596784e-03
1.174591885610980171e+03 3.600466785953092312e+02 -2.219020370062881314e-03 3.194369010899289572e-03
5.358675306602198134e+02 4.690162929792558657e+02 -8.253660390078219194e-03 -1.426432814277163799e-02
2.791893320722190310e+02 4.874864610314591005e+02 -1.031117081728134127e-02 2.969883132458121279e-03
4.797507496647977518e+02 4.432109259831919985e+02 6.295196815554250950e-04 6.722611288051500052e-03
1.160140715092893061e+03 3.320833448553330527e+02 1.620377233380303032e-03 3.022492809289513763e-03
3.014066866137818579e+02 5.802544684854655088e+02 5.610389590319496411e-02 4.149471748388183778e-02
1.191357480850546608e+03 1.901057518149645489e+02 -6.796203779450560312e-02 1.943529015257254230e-02
9.718382046303130437e+02 8.242969966510512450e+02 3.761570438837449903e-02 4.651461407099691595e-03
1.977443888910965200e+02 6.231899435103375708e+02 -7.754608870183490876e-02 2.174577235313232548e-01
2.833320820159777895e+02 6.474496910924436861e+02 2.158636363334369337e-03 -3.161324081411924589e-03
3.820704704962836900e+02 1.077102611566632959e+03 -9.347470945721789159e-03 -6.491359248072269689e-03
1.199241291442836882e+03 2.557945256083057473e+02 6.050363647759830592e-03 -1.199149029764415286e-02
2.693454850533034914e+02 3.685745709556559859e+02 -1.009106841374909740e-02 -3.001181391195614084e-02
3.286728694902565167e+02 1.055006620463971558e+03 -7.446464421230748927e-03 -4.989778200391774624e-03
1.133514535487517605e+03 3.904232017850386001e+02 -6.900128428084583787e-04 8.445407741545962049e-03
7.844741342864750777e+02 9.585648211344833953e+02 -2.282149668053759690e-03 -6.713228150130303926e-03
3.532680665101084969e+02 1.053290198580593142e+03 -2.307860666312895603e-03 -3.201643289921686161e-03
5.922504927835042281e+02 4.595537430581440503e+02 2.950549270035660726e-03 9.426747774355563256e-03
2.701185675192791678e+02 3.843954691137725490e+02 5.517136136476064566e-03 1.675649458756105215e-02
2.276340012811384099e+02 3.327298484208159834e+02 -7.524468773759887541e-02 -2.583629540583983197e-01
3.841976327373704976e+02 1.061896834095806526e+03 4.433229329952110241e-03 -5.323127582882854160e-04
2.587361580175798963e+02 6.123719788957494075e+02 -1.649594372782017468e-02 2.431627190860086163e-02
1.928204242464137508e+02 6.556582806641005163e+02 -3.062058521023929836e-01 4.533584075386521972e-01
1.182299000899310386e+03 3.703082759813721623e+02 -3.460899986361489259e-04 -2.328584576564435814e-03
2.825697464329820718e+02 5.568002387248374134e+02 7.740527316815697112e-02 -2.185238856956040199e-01
1.040350956689044551e+03 2.597206985698934432e+02 -5.129872036960559344e-03 7.887257150226258465e-04
2.813818602118082595e+02 5.707354573584273112e+02 1.506796114396588560e-01 -1.489135199837758883e-01
5.688630510707333769e+02 5.000194647076870638e+02 -4.278681276916655729e-03 2.026077982520183528e-03
1.058197314311539913e+03 2.714362804175558495e+02 1.762133699236470216e-02 2.141498458104927019e-04
2.133237619650727765e+02 7.220725427353589794e+02 4.985425681750561312e-03 7.495523749593537878e-03
1.197131250140671227e+03 3.268465410730149188e+02 1.558494118526906891e-02 -1.301521993510203548e-02
2.963322571895351416e+02 5.397339177527512675e+02 -2.398867363496319256e-03 -2.955999062290328230e-03
2.776012685947198406e+02 6.514538300285657897e+02 1.520519245754357093e-03 3.998531231794607427e-03
2.576147306606056873e+02 6.740694979330130536e+02 2.621154074733571867e-03 6.106650400390730912e-03
5.874575331535560281e+02 3.930525131862567036e+02 -1.464951554044541769e-02 8.364274188114778630e-03
2.576231051476224252e+02 5.347354835521045970e+02 1.345614304670738059e-01 -2.604118979896208330e-01
3.438866658986146376e+02 1.050903007647377990e+03 1.145853528402985926e-02 4.429552931172354296e-03
2.513840898856700505e+02 4.271871350455539300e+02 -7.247400738705019052e-02 -2.153748325953966092e-01
2.339819372622304741e+02 6.772626217767030994e+02 5.007934732637493239e-06 2.726990646510334734e-03
1.969246283625357137e+02 6.782320491792497705e+02 1.609354443796026310e-02 3.060343154659491902e-02
1.193912251895688541e+03 2.258654084637071833e+02 8.554150861401817879e-03 -6.760139710269017291e-03
1.205049073257828923e+03 3.587298858501097243e+02 1.197462020885191845e-02 -3.092609419470287307e-02
2.624125704787801396e+02 4.558182912316446505e+02 3.964861476443427846e-02 -2.245584028879906990e-01
1.161658237203940189e+03 2.518147465711292341e+02 -3.936349342218295813e-03 8.536073580324966825e-03
2.654615203657865550e+02 3.593742192302043463e+02 1.588924533331631528e-02 3.893319455619236036e-02
2.301915365432535054e+02 6.484295046836838310e+02 -7.673224155308450535e-04 5.190359738599629666e-03
1.195437858006486067e+03 2.324127775324412823e+02 8.422933234919357040e-03 1.340682154064309212e-03
5.901283965669714462e+02 4.167136766426859253e+02 -3.909713930175883791e-03 3.726006078671495333e-06
1.015531748303174595e+03 2.285945735921513631e+02 6.470209318787947805e-02 -5.816013778313966487e-02
3.738843039329154863e+02 1.090531166577723525e+03 3.621551548955793780e-03 2.264149304070574298e-03
4.173004973242846631e+02 1.100379509518382747e+03 -2.647266255256918040e-04 6.999021844282228566e-03
1.177983728250236254e+03 2.396776862814338926e+02 8.158003897539073401e-02 -1.772789845980336787e-01
2.866654269622115976e+02 4.918097655494592573e+02 -2.730327141657563558e-03 -3.562389004447413104e-02
2.844485102270477910e+02 4.594963451682698405e+02 -2.586651304917360339e-02 2.067223917749000384e-02
3.227018879711723685e+02 1.070230457059815308e+03 -4.657567156156986257e-03 3.665657997602789989e-03
1.186641977970417202e+03 1.699365221049569641e+02 2.779137553162706192e-02 2.608128549716826061e-02
6.193963327155474872e+02 9.358246373192549754e+02 -7.827000930355646824e-05 -4.733017353738423597e-04
1.183779350907297612e+03 2.669256707437491514e+02 -2.750540272840640288e-02 7.122864611845403093e-02
1.188632168025733336e+03 2.483062182785380685e+02 2.807700026626815462e-02 -4.748395398493614195e-02
2.647298162546900357e+02 3.988611761595490748e+02 8.363471766678780067e-04 8.362597707495148663e-03
2.262053761012418533e+02 6.846884205627951587e+02 5.532803386132897558e-03 -1.209351225936800955e-03
2.619781552359145849e+02 3.449478523955893365e+02 4.561877274683678873e-02 7.456417479077027954e-02
1.243145563011121794e+03 3.699767361632181633e+02 -2.092292685296711918e-01 5.257334852590214019e-02
1.171178005051445098e+03 3.014651813927358717e+02 5.583629442676598525e-02 5.301902889111052147e-02
1.113615979314093011e+03 1.678102021381525049e+02 2.953713106703752256e-02 4.086098123605801102e-02
2.476488516351065243e+02 5.403647804016300142e+02 1.455325237040683284e-01 -3.840067392704805266e-02
2.758240250214627736e+02 3.856043017221034006e+02 -7.523631519283713494e-03 -4.443403614230885513e-04
2.989701519950915554e+02 4.775366774793529885e+02 1.347583367654218815e-02 3.362552909925679845e-02
2.412091216372857332e+02 3.882249301384743490e+02 -8.226806958608626208e-02 -2.732040644828999665e-01
1.873941587937077031e+02 6.033440596109212493e+02 2.869793456370351489e-03 6.254929279646035713e-03
5.468677421967647660e+02 4.101268594754669721e+02 -1.144549035438112601e-02 2.242784339428156425e-03
2.658674535981717213e+02 7.154130758997905559e+02 -1.084578450499998088e-03 -2.910795056566100244e-05
2.304025027903803391e+02 5.391491411026887590e+02 5.737015646070772051e-02 1.883178207637485960e-02
1.149242327728555210e+03 2.469080947208862824e+02 5.844680219101659443e-04 -5.499354075746115678e-02
1.202236686558371503e+03 3.293259201206907392e+02 -3.497241243338175022e-03 1.543752398528889895e-02
2.488677167284668030e+02 3.704307212569648300e+02 1.431441811428664501e-02 -1.198257039739739419e-02
8.650446805532556027e+02 1.102205471980295215e+03 -5.903046204560151569e-05 -5.593179520213080718e-04
2.464286465745237535e+02 3.392201293750131867e+02 4.227190418825556295e-02 1.601405483845683708e-01
1.051095271024403246e+03 2.839472947928946382e+02 -3.534247080353614730e-03 -2.458497342902296644e-04
2.033533152431123767e+02 6.828885508036969441e+02 -1.757332276604088063e-03 2.691666099158373029e-03
3.821425216080456266e+02 1.088495239671090758e+03 -2.130748019808413260e-02 -1.824676804598410803e-03
2.710700116890713502e+02 4.691554540549101944e+02 3.827946767720020842e-03 -2.390378518312294698e-01
2.462267357102883238e+02 3.465887299228273832e+02 2.908429068070386356e-02 1.012238027929263096e-01
1.053038367750074258e+03 2.105579946585826576e+02 3.965774075424750161e-02 1.434960596511678128e-02
5.812991614152136890e+02 3.818469572564341661e+02 1.734378791991163151e-03 -2.239426572068263510e-03
2.668268192579521383e+02 4.583354126881474144e+02 3.479926754035639336e-02 -2.265928290766909825e-01
1.172738611422760187e+03 1.445152667591378304e+02 -1.821675130094542374e-03 -3.492556113482157658e-03
2.620474389062703153e+02 3.361626744627455992e+02 6.604795460066692492e-02 1.709080407542780400e-01
1.176996204098752287e+03 1.866477710812544615e+02 4.135764356485224086e-02 -8.824482043646391868e-03
2.544998245717721659e+02 6.677323610287344309e+02 -2.124531980358439643e-03 -2.245305680747664359e-03
1.214799066231427787e+03 3.459779166960619250e+02 2.795663119415693620e-02 5.588633108178352876e-02
2.687908786498941254e+02 4.709965521877426795e+02 2.510626559323120288e-02 -2.266668708650386443e-01
1.282192432724644959e+03 3.725552576801218834e+02 -3.299089092580640044e-03 5.839007980856615772e-03
2.827251024272785571e+02 5.026569532547609924e+02 8.343086191169588398e-03 -4.565183566066844875e-03
5.402424259258964412e+02 4.803648300817833956e+02 -2.128136014356200346e-03 -4.614163158282848047e-05
5.462405830252832857e+02 4.920207399806885746e+02 -5.878494178911957899e-03 -1.662151863471162143e-03
1.879075222771573692e+02 6.244611720219381823e+02 -5.450049208310857492e-03 8.291438541538926482e-03
2.528777648423825610e+02 6.233541103490997557e+02 -9.320736791546596536e-04 2.832939156550904648e-03
5.692663322838041040e+02 4.369046919146777554e+02 1.212552993005000697e-02 -1.859612291144460347e-02
3.314108917017269960e+02 1.070230125948883597e+03 -1.280790914136960539e-03 -1.611720396054482692e-03
7.424540446270042366e+02 9.627504904419380409e+02 1.551738220402089363e-03 -6.943205914054298433e-03
2.956765222467539047e+02 4.589330106237835025e+02 -9.510799502100389380e-03 8.804581849429297946e-02
5.122398478118929006e+02 4.738479580136072400e+02 -4.572681566395487250e-03 -1.351753065011118173e-02
9.876696318236099614e+02 1.790843733335616719e+02 -6.986341284543035914e-03 2.306886573718390163e-02
1.026712993357641153e+03 2.423036414773577008e+02 -1.070882415728426507e-03 -2.988524998486489885e-03
1.793803859298384396e+02 6.186418378002239251e+02 3.991022882786973182e-03 5.162430005915810347e-04
2.173052271421680928e+02 6.614113917613418607e+02 2.540507870575387829e-03 6.689975514087555426e-03
1.140064049306896095e+03 2.286547212214857154e+02 -5.719395912736595887e-03 7.361099984532899071e-03
2.610467547495725285e+02 3.636492527773353345e+02 8.101603902662866952e-03 1.670921180167419737e-02
2.454488725400919691e+02 3.974875414529473687e+02 -1.246278552838320924e-01 -3.021390614411101905e-01
2.024513740999393576e+02 6.236054612040970824e+02 -7.730721740649770801e-02 2.443205968391312377e-01
3.207418090761594840e+02 5.301359189649593873e+02 -1.793588139823986197e-03 -1.982176682288399813e-02
1.147549182925081823e+03 2.972886197695514170e+02 3.188531863736780974e-03 1.530690903167556544e-02
2.713093216165028707e+02 5.191895722759844602e+02 1.689697835460853836e-01 -1.657186763987087696e-01
1.182589759137425744e+03 3.021663653868985762e+02 9.551090825452504887e-03 1.180760387889996828e-02
2.270718244727562762e+02 7.289894854100815564e+02 3.783045094905901351e-03 2.114215772299681689e-02
5.211865804946091885e+02 4.333729518961147846e+02 1.811283214674584002e-03 3.448304954611440803e-04
1.186439634929991826e+03 2.194475555205099226e+02 1.112719242275425797e-02 -2.216278392655136528e-02
2.303817783236829655e+02 3.447448222321842763e+02 -5.303776671783031610e-02 -1.993109579196672421e-01
2.696353082083901995e+02 3.942004005298954326e+02 1.442097092705699928e-03 -7.933600563976845113e-03
1.112679857090847918e+03 3.356282463435865111e+02 -2.660719923259159854e-03 3.986866464822694245e-02
2.397918030964729894e+02 3.146663152477908625e+02 3.966089127143226922e-02 1.016095195693223763e-01
2.697893795198797307e+02 6.826578132387231790e+02 8.591981657886127791e-03 -5.203285920765440657e-04
1.075705078678651944e+03 2.252144173686853037e+02 7.008118641637663127e-02 6.071512613465808797e-03
1.208381111964323736e+03 2.136614734218294132e+02 4.901041079617721131e-04 -1.137853944874814109e-02
2.578398363053470916e+02 3.824959394197290976e+02 -2.772337438320936556e-02 -5.331485729200019508e-02
2.462473038306912372e+02 3.168173691085640371e+02 3.377468265719078822e-02 1.897416159336946240e-01
2.535628419551626678e+02 6.009490583255181946e+02 -1.708327387433231093e-02 -3.032573976009071953e-04
1.149108423887944355e+03 3.194122623273632939e+02 -2.658238505079121849e-02 3.789987408636856514e-02
7.446377509262523517e+02 9.483734980298820574e+02 1.031213320015584613e-02 -6.474115653954058127e-04
2.548433782816896382e+02 3.340237475389874362e+02 9.001805399184613365e-02 1.991819631282914504e-01
1.162877016685555418e+03 3.185292107499577696e+02 -2.277801014833409545e-03 1.036165146104615388e-02
3.014270399106636660e+02 5.256446774779960833e+02 -4.601556172440606201e-04 -6.179470513366636369e-04
2.518121241633645297e+02 3.082384575461252894e+02 2.341159807694638550e-02 1.651415153469839026e-01
1.006192204853666908e+03 2.486078861038313335e+02 -9.626685532766984452e-03 8.326202336103177837e-03
1.142806276577553717e+03 2.422012465248516548e+02 -8.456524112982224256e-03 1.055132371744905290e-02
7.184502296170330737e+02 9.673944497014483659e+02 4.963141830969989123e-04 6.448039769991575736e-03
2.741156455138108186e+02 5.938730374852797240e+02 -1.028312659495344249e-02 4.209908508125796006e-02
1.906090261068047482e+02 5.477594985827272467e+02 -2.461077606958162467e-01 -2.293002761418937441e-01
2.217794248148924794e+02 5.557713301146654885e+02 9.402512378898024437e-02 1.764751652788309755e-01
2.145537580856191084e+02 5.596158249948068715e+02 8.379986753651322284e-02 2.028347836883268029e-01
1.132246720624796581e+03 1.769250356411358212e+02 -1.636242713493832324e-01 -5.858875505740255424e-02
3.268527279793203775e+02 5.532401675989610794e+02 5.294914634959294736e-03 4.359330232783703574e-03
8.621782930326641292e+01 3.407342204175164966e+02 -2.067824555544279033e-02 1.517272493754881664e-02
2.397656516526882342e+02 6.296523296161972212e+02 7.174363887253377330e-04 -5.494810061959064110e-04
1.922201427389566675e+02 5.885282069181985207e+02 1.096740042099483663e-02 3.713740361281384766e-02
1.167334881050696595e+03 3.336692598068582924e+02 6.088791506861993864e-03 1.555751776915807565e-02
2.547613036516061413e+02 7.088138532756354380e+02 -5.817667042121586925e-03 -1.576649453891442940e-02
2.423194046327618310e+02 7.000048651203503596e+02 -2.710182157318961459e-03 -3.191214319172959923e-04
1.159462329445620753e+03 3.463291161146190120e+02 -5.042567051061881689e-03 4.608371634341694618e-03
1.159079564674638732e+03 1.443106953992267734e+02 1.014600554391550079e-03 3.404048961706315074e-03
1.165706147218022807e+03 1.807542387315544943e+02 5.291015486151162683e-02 -5.151720805564322971e-03
1.157698947758182840e+03 3.110189038589915071e+02 1.414136777465600011e-03 -1.448383075264284350e-02
1.116130727097741101e+03 2.241167291435514528e+02 8.721614735143046193e-02 4.193825665794658625e-02
9.789317893416082370e+02 1.774833495562539269e+02 -7.071508088092561678e-03 -2.513209777425451028e-03
2.621200220677964126e+02 6.928267659657183231e+02 -5.405466412859783083e-03 -2.091201245902858837e-03
2.683818845034238620e+02 4.929612458721876465e+02 5.394579722973906477e-02 -2.056166869022159616e-01
2.426926817369104299e+02 3.043712142975048209e+02 2.264096893894150878e-02 9.542066146097921697e-02
1.171470934947924889e+03 2.171201580711081931e+02 1.672194872501244975e-02 -4.734437929368656879e-03
1.105403540314513293e+03 3.615421741350915568e+02 -1.823229424584866046e-02 3.861376897124937230e-02
1.146741750046253628e+03 2.179603320151401817e+02 -4.693619502644524877e-02 1.440304058615666793e-01
2.009088070959117545e+02 5.374362874525686493e+02 1.525597824973448646e-01 9.424923679272870225e-02
1.099837302487538864e+03 2.313210636794733830e+02 -1.752500982068133650e-02 5.046020248369863757e-03
1.183560585662045469e+03 2.128692924948181542e+02 4.471762855711300388e-02 4.812208948684761067e-02
2.184087638675620155e+02 5.358174096689674570e+02 1.405976301084159441e-01 1.380603178062366765e-01
3.085931631270324829e+02 4.596014637862015206e+02 3.318368728153783722e-03 3.854137659807788368e-03
5.744303915352744525e+02 3.961891443030212940e+02 2.588727983831883711e-02 -1.181903438631794895e-02
4.976350072969942175e+02 4.594416539434118931e+02 -3.269584534885073158e-03 2.622146821389234519e-03
2.133935414840157989e+02 7.142771429307234712e+02 -1.560815953057060473e-03 3.430353928643574581e-05
1.150885625207835574e+03 2.262018498146248078e+02 -5.966472835118362926e-03 3.095044402111751369e-03
5.214582109927426927e+02 4.438847294468940277e+02 -1.324457657398789507e-03 4.925706278742841490e-03
1.154211556230139195e+03 2.560908109296683506e+02 -7.994750859867540138e-03 5.919155654253425297e-02
2.868597832826913532e+02 6.028468616398747599e+02 -1.149376306555063582e-03 5.082619130126830344e-03
1.107195528043849208e+03 1.850480906440062085e+02 4.733271133837022027e-02 6.496129495370313311e-02
2.913236558236845326e+02 4.519698992619419187e+02 6.974655123715905319e-03 4.635226570582569317e-02
5.247305122974139522e+02 5.005420002088285401e+02 -2.226871906268480458e-03 4.337307534653140652e-03
1.055172245887922600e+03 2.202224013780667917e+02 -1.367736715762210287e-01 2.374835949939631263e-01
1.111456931521741126e+03 3.704781547233523042e+02 -2.516989329120352184e-02 9.399130358476757985e-02
1.124097056508481046e+03 1.953968788841832520e+02 5.588342309841542663e-03 -4.195526945120029577e-02
2.636893780125973308e+02 5.299955458089916647e+02 -4.681610903059443309e-03 -5.709757241383573052e-03
2.532301041694572064e+02 5.396194558113605808e+02 2.135619426023974421e-01 -1.706515973939006781e-01
1.166050294365013087e+03 2.270071917557189636e+02 -4.529455383236733086e-03 -2.867749067939996243e-03
2.827349599761025729e+02 6.098971701811307184e+02 -1.204999222126375627e-02 3.130975857901727166e-02
1.038961347596401083e+03 1.796042398684538739e+02 7.289143669440548146e-02 -1.017507611727076489e-01
1.082141586284330742e+03 1.902868770575579163e+02 3.627410847383823189e-02 2.604148336193884937e-03
1.102538328453228360e+03 3.098116092301809203e+02 8.344424235933234346e-02 1.108623989416650801e-01
1.398242125178514073e+02 3.888244903094486062e+02 -2.627293258527034145e-03 5.018381831665366492e-03
1.221242872651607058e+03 2.338935946985278918e+02 -4.894402603996592278e-03 -9.506057873496426280e-03
1.050490687419168125e+03 1.697156206468372659e+02 1.817736909434566617e-01 -1.016048900100954971e-01
1.207771666055087053e+03 4.007966711918232363e+02 -7.726042988168154747e-03 2.629548984632402650e-02
2.089872836340713604e+02 5.425721496639998804e+02 1.140845187770728186e-01 5.241481154470452319e-02
1.135940132006089016e+03 1.925061902109466985e+02 -6.435807806304516196e-03 -1.091660097323410468e-02
3.358579778324520930e+02 5.318828994004414881e+02 -2.549925389838326745e-03 1.321377464713161323e-02
2.342755786914638065e+02 5.252910846117158599e+02 1.945314876066824190e-03 -2.843661754654773846e-02
5.180727916659661787e+02 4.826432174634117018e+02 2.081728483001978394e-03 4.724568981941956736e-03
1.201966886760214038e+03 2.245095817136682399e+02 -1.512844311331052599e-02 -3.381526013309146123e-02
1.160313453954348006e+03 3.949710763861987743e+02 1.768292647635588471e-03 -2.661153896092693580e-02
1.269386019988381577e+03 3.927690475929042577e+02 -5.144671927785629214e-05 9.490573645508100509e-03
1.028927378506020204e+03 2.478494883301200389e+02 1.719259458304174505e-04 -8.253609233890128044e-03
2.589334525904601492e+02 3.778441842171538951e+02 2.025598070848009039e-02 5.909846816515966668e-03
1.119094291429635632e+03 3.281521128758345753e+02 2.525935528779828503e-03 -8.404053886826348338e-03
1.140443696185968292e+03 2.479908363647986675e+02 -1.989136639838419516e-03 2.322022435233782149e-03
1.113698743421727158e+03 3.477325748601176088e+02 -5.720454569573932106e-03 9.254307124903974127e-03
1.065439545592413651e+03 2.275602915476420094e+02 6.289404277909438346e-02 6.074789716500823833e-02
2.629815401827240180e+02 4.239414411254590505e+02 -3.356864190765810468e-02 -2.146336284478391754e-01
1.017742916995141968e+03 2.647182940455564335e+02 4.282444471936521814e-03 2.042851892450034705e-04
1.125863413275144467e+03 1.547759480203181397e+02 1.731877609336804902e-01 5.021251187124371046e-02
1.051759564400137378e+03 2.994891864725137793e+02 3.345244254406040327e-03 -7.561481647538283515e-03
1.511241906237221428e+02 4.542220486537959232e+02 -7.511034303422941920e-03 -2.743112793409929143e-03
2.808268668647313007e+02 4.764116109250964541e+02 -4.764749158185242750e-02 3.702968126753383021e-02
2.259445211073833946e+02 7.438015686333798158e+02 1.480427589622803144e-03 -2.934178468067464955e-03
1.094036551326114022e+03 3.167392679421162711e+02 -8.481121430176614484e-04 -1.502684078575283397e-02
2.226584349489604335e+02 7.233949589610371049e+02 -1.285848441347605189e-02 5.145239496941219747e-04
2.323835604711921405e+02 5.424293115447447917e+02 6.906622429701432531e-02 5.468477049726961497e-04
2.697145530152577635e+02 6.485822249211167900e+02 8.754816982606808753e-03 -6.560356536850815365e-03
3.059362131187794489e+02 6.342998243179663405e+02 -1.348992263238151662e-02 -1.291689632796949871e-01
3.026734634264930150e+02 5.525118367626416784e+02 2.479818093548255033e-03 -7.512771331037827044e-03
1.175109072426144394e+03 3.075946331111090899e+02 1.242214568223926584e-02 6.932383271731904634e-03
2.545121975451757521e+02 5.285378123271084405e+02 8.085570022346715013e-02 -1.274513996334255550e-01
2.681197891526126114e+02 3.788939085879285926e+02 4.844950514907260704e-03 6.227723274845841511e-03
2.222997945200554568e+02 6.673002108927148583e+02 5.827099148100308573e-03 9.730637929400886427e-03
2.113025607619915149e+02 7.364224592965588272e+02 -2.740770508356121533e-03 5.277237253897573916e-04
2.521259935053481911e+02 5.066127354066491648e+02 3.186323807156160592e-02 -1.689878561438554749e-01
1.063783933366473093e+03 2.661761844737223441e+02 -8.053919975624227769e-05 4.536213696161048303e-01
1.126701632112281914e+03 2.261994428424357579e+02 2.314856674556181864e-03 1.323020184277466605e-03
7.694279388700172149e+02 9.556170541438253849e+02 -5.635008435546080482e-03 -5.320179599857285772e-03
2.767649505319446916e+02 5.788569764726614721e+02 1.708098111496985649e-01 -1.561129810308213017e-01
2.597576993283850015e+02 4.133860701467830268e+02 -7.371815805868434102e-02 -1.849652758712124478e-01
2.928877538792787618e+02 5.617137393738848914e+02 1.392590370569383312e-02 1.437826096526425013e-01
2.546443589391135163e+02 3.527542382692601564e+02 4.880787577346915734e-02 1.637227300828571208e-01
9.914129649502856410e+02 2.278283124500116799e+02 8.118557983235936179e-05 4.753316208930615807e-04
1.013650598021128417e+03 1.786200716687531838e+02 -1.112725112740449787e-02 3.353464688755189438e-02
1.139748210172820336e+03 3.069547054841642080e+02 -6.233694684941847182e-05 3.627277666141077994e-02
2.123862704235147305e+02 5.220661883799078851e+02 -1.884873177570624281e-02 -4.957785475285321486e-02
1.306340830153037132e+03 3.330741384263104123e+02 2.777084909403444435e-01 -2.853519750221431006e-02
1.214631698655905666e+03 2.437403893429205937e+02 -5.086627302723559577e-03 6.660517480864342615e-03
2.608083264529560665e+02 3.953457771820322364e+02 1.473800100598561535e-02 5.144660953603626304e-03
1.205952711682744166e+03 2.567775144294680558e+02 1.481180134505893399e-02 -1.298116807612472064e-02
2.254135652262908138e+02 7.155079375416485163e+02 -5.558577460686425949e-03 -2.004512384121538791e-03
1.495087159971515121e+02 5.365561140379604694e+02 8.815851703858324472e-04 -2.714938938871761659e-03
1.145912627570110999e+03 2.697692884130403854e+02 -4.001950312489349626e-01 -1.021286895664292038e-01
3.020484992674028604e+02 4.970227341787556270e+02 4.255442189774909234e-02 1.474194364451725248e-01
1.008780172577913731e+03 1.829514502883821763e+02 3.857448513217897473e-02 2.365446670855091485e-02
1.140332658585405397e+03 2.096143588218022273e+02 -5.756214162928618462e-04 3.036869549676436079e-03
1.159370288827636841e+03 2.275619434392529286e+02 1.043076156090344412e-03 1.481276017611968775e-02
1.028697538149287539e+03 1.852704610226624879e+02 4.128483563354706093e-02 -2.269758139428037363e-02
1.105250818375295694e+03 2.108115826105464521e+02 2.511342307368725352e-02 6.871620093996014256e-02
1.205879144854326114e+03 3.831037065304986982e+02 1.966962280446318562e-03 -6.316362954099432984e-03
9.338878274302230693e+02 9.006764870929365543e+02 3.286986183307943790e-04 1.842959264227392660e-02
2.518983022374591485e+02 7.051145484273955617e+02 1.449534307175978642e-02 1.004303366505047285e-02
2.095171936668334070e+02 5.566917365962882513e+02 1.261203014126518196e-01 7.489790325497203138e-02
2.743976723201665777e+02 4.353888741245608571e+02 1.313647136010214454e-02 5.301610587714931933e-02
6.553323886817586299e+02 4.187164450344371289e+02 -1.526192225832479488e-01 6.890783470951045153e-02
1.067635530722316616e+03 1.924825910356297243e+02 2.421595884875432300e-02 1.178439527040563289e-01
1.036157912380449261e+03 1.956813854501831429e+02 3.655946717295403131e-02 -3.742929428522227125e-02
1.132107661840998844e+03 2.626667954665448406e+02 -4.196390644755239596e-01 -9.822202097091470296e-02
8.159480585891527653e+02 3.709084693440006504e+02 -3.230463279855444198e-03 1.184109412810355547e-02
2.129495338248679275e+02 6.128882588953205186e+02 1.620831466527958287e-02 2.156578582405135058e-01
2.355568331259180752e+02 6.401299375077634295e+02 -1.759492060152537986e-03 -1.064120307836953494e-02
1.018614933705799785e+03 2.185275131424641586e+02 -4.446304958694574644e-05 1.302395657112322483e-02
2.378645313772377392e+02 6.633109453870806647e+02 3.925992246471502606e-03 1.021523257813018726e-02
9.774661004559945923e+02 8.454155299349243933e+02 5.646831407533015523e-04 7.850108701987746317e-04
2.693942320697772175e+02 4.000907916413970042e+02 -2.874394503677568571e-03 -8.546150838747683040e-03
2.080313197762075674e+02 6.089128531550566095e+02 2.817992167265604558e-02 2.540040586366362207e-01
1.097936455476166202e+03 2.061770737278974650e+02 -1.542295528908184735e-02 7.108231060597755557e-02
9.899786915212667964e+02 2.012356364344687449e+02 -4.028004020104091094e-03 1.794990161365412479e-02
5.743641037237041473e+02 4.074787042513024744e+02 1.619229481828185144e-02 -3.785578869176581263e-02
1.031195506964877495e+03 1.946682350771105519e+02 -5.159971663417786680e-02 -2.486930628291770529e-01
1.067869313874393811e+03 2.439799714802849167e+02 -6.143446585178710499e-03 5.141248560757260416e-02
2.496640471284459863e+02 7.157265406621952479e+02 -5.654796176286547337e-04 -2.203054304345641867e-03
2.405907528660258379e+02 3.256753224321432185e+02 6.615022693313193924e-02 1.558350998145467403e-01
2.540752267655586252e+02 3.946256236314274020e+02 -6.097784890494378079e-02 -2.350049746076676160e-01
1.171669147416224405e+03 2.064453598269671204e+02 -3.048910520212779959e-02 2.040918590124996337e-02
2.218522122633241906e+02 5.287661961025112305e+02 -8.896908585368822064e-02 6.748888610516109998e-02
1.182527444342218359e+03 3.411381238010114316e+02 3.035208242212914832e-03 4.012170523369581847e-03
1.307984037698544739e+02 4.423933837756474077e+02 2.186290980221817781e-01 4.473927868693531318e-01
1.224115335980443888e+03 2.606500512131920004e+02 -2.667837913086619495e-03 -3.069564144862122618e-03
1.250484123886833231e+03 2.848341142613898000e+02 3.157412306624639287e-02 -2.358788002720588542e-02
1.040982059048514202e+03 2.654480120780410175e+02 1.898830331250486248e-03 -4.499204714130937421e-02
1.110220327062214665e+03 3.630866350763888022e+02 -3.107336249049784740e-03 5.871451644772700262e-03
1.045554433701738617e+03 1.722984922348983048e+02 1.215429029551583218e-02 -1.051116798349738951e-01
7.509622185210281486e+02 9.340845537594368579e+02 -1.375511323677564620e-03 -8.524456459596904288e-04
1.172916153438984338e+03 3.405789301042563011e+02 1.294943062215103344e-02 2.280736766271846891e-02
1.240697117180752002e+03 3.181920640053414218e+02 -3.144358474704170292e-01 -9.977146450769497354e-02
2.548049031674939897e+02 3.387792196318650895e+02 5.518799404695153704e-02 1.643554208245519566e-01
1.049610745602180941e+03 1.962069864707378599e+02 3.065157529036327197e-02 -5.105562913594201280e-02
1.941876314536850998e+02 3.194073266904997581e+02 9.535939521216763980e-04 2.283740698568734791e-03
1.015404181436655335e+02 4.024777092774712628e+02 -2.122969477897946600e-01 -2.901755033113768145e-01
5.118685873814628167e+02 4.894564841710165410e+02 1.192166554628243868e-03 -1.061264334239724223e-02
4.375271852231199432e+02 1.086311123646596116e+03 -4.842449138115314730e-03 1.305065237503942252e-02
2.571075158190044476e+02 4.413401819512337170e+02 -7.017085954119450797e-02 -2.512360476194188674e-01
1.146424413338162140e+03 3.843644955989046252e+02 5.472462423156657790e-02 2.304654625592126790e-02
2.598511443040920312e+02 4.183015871167221462e+02 -8.871818685309286467e-02 -2.367962919183725923e-01
2.213223852075331308e+02 7.689359504895340933e+02 -3.591163974639717538e-03 -6.561464924421707076e-03
5.452693273183894007e+02 4.583042517447902924e+02 -8.052167195684644535e-03 1.528260647229771028e-02
1.217982748209379906e+03 3.519505763435513472e+02 -1.105719035025785023e-02 -3.726596216774333281e-03
2.177541199250742636e+02 6.741578427239766143e+02 4.949355779877121116e-04 -1.222144102040610865e-02
2.228619609252077112e+02 3.142857548306270701e+02 -7.740209256060846810e-02 -2.883120700241547651e-01
1.087395836132448267e+03 1.839444397735645964e+02 -1.091490363088305077e-02 2.883577927841683430e-01
2.420149831808082581e+02 3.399585047521365482e+02 5.731823061081558340e-02 1.805255862194897476e-01
1.242299005538359324e+03 3.879475243251345660e+02 -3.862967960282667756e-02 1.547693497295008214e-01
1.026208679946435495e+03 2.684290686902392622e+02 -5.556827532840057093e-03 8.795508044346828785e-03
2.833442833518386124e+02 6.248877102354922499e+02 -2.032796170154971022e-04 5.357641835690394282e-03
1.135261516348781697e+03 1.774763763352895580e+02 5.454750627834100557e-02 -8.953695788584563331e-02
2.832279977296322500e+02 6.344203094312983922e+02 -4.015490817134055590e-02 1.074528257492719276e-02
2.629878158859191899e+02 5.026499144551013956e+02 3.300854767876792994e-02 -2.001162012113295030e-01
2.899093467446578529e+02 5.354944224636658419e+02 -7.723717024184127700e-02 3.636057728840017544e-01
1.153278856186133225e+03 3.628492347932941016e+02 -6.395660019880680495e-03 -3.121654137647839489e-03
3.002186049358205082e+02 5.156452372029565367e+02 4.375587894875623482e-03 3.702035786739425998e-03
1.205455899736911078e+03 2.004432962323537595e+02 1.897916768707815990e-02 -2.138233644240749090e-02
2.702989856840090397e+02 7.032726803416965140e+02 5.859913475619420165e-03 5.504911314887121288e-04
3.260784923582708075e+02 4.963117192849356343e+02 -8.670383192209259182e-03 -1.053564972947091706e-02
1.246902241414139326e+03 3.755039225266099265e+02 -2.846506492557911994e-01 1.211822107553447020e-01
1.078019930403054786e+03 1.989535666770471209e+02 5.634394919455657652e-02 -2.398823954881196610e-02
1.175930859587957229e+03 2.952704370745264555e+02 -4.277338142020819904e-03 -2.813046797447923270e-02
9.196836896725812949e+01 3.612456568536272812e+02 4.299407205829591794e-02 -4.974494944140065572e-02
7.121983258277604136e+02 4.233194716340714763e+02 1.642618303572695657e-02 -1.759452081409229943e-02
2.480047212260439267e+02 3.373438749272544896e+02 4.716287514381403700e-02 1.789086500661100365e-01
1.251450664065338970e+03 2.935969322172320517e+02 3.790192593429886347e-02 -6.978001417611146007e-02
2.726837602617658263e+02 5.450143689437844614e+02 6.123677279406207485e-03 3.472961497893473082e-02
2.358587194125380222e+02 5.351735027886915077e+02 6.410292985850082892e-02 8.508344448156355058e-03
5.707957132672539728e+02 4.047280852684054935e+02 -6.856277260091019066e-03 -3.304347704433325920e-03
2.559591365249574721e+02 3.766239498582920646e+02 8.803259973008164402e-03 -1.162985700797334113e-02
1.264018460153253955e+03 2.937795261294972420e+02 6.166934470127560797e-02 -1.114742398469877882e-01
3.000157057037906725e+02 5.109415019267148068e+02 3.276183460471605944e-03 7.600923596440304145e-03
1.274145881610909782e+03 2.871863128816857511e+02 9.671786704248100733e-03 -5.239405603944054420e-03
5.058221610926227640e+02 4.526661688443886646e+02 1.957769446679130578e-03 -9.756722010130440548e-03
1.062823877079320937e+03 2.268547250340081121e+02 6.914593102963026428e-02 7.444532937651737736e-02
1.168271415145929495e+03 1.859328588950282040e+02 8.023129986621267695e-02 -1.270530155282172668e-01
2.160965873143031217e+02 7.607362653887360011e+02 -2.086035530961578496e-03 1.886354736516398134e-04
2.433754384168994704e+02 5.387292774279172818e+02 -6.476904897968761843e-02 1.641865670658236576e-01
1.155696263097991732e+03 2.961928099239437984e+02 7.092208322024940803e-04 5.119511501771579348e-03
8.961614622769566552e+01 3.618928778733937861e+02 3.693402162671145100e-02 -3.870475987140781227e-02
1.084785210864500641e+03 1.763989629795419773e+02 1.462029190629045017e-01 1.294042700201767371e-01
2.792265060882293710e+02 3.943558923867310000e+02 -7.734333871814066605e-03 -3.216042528820676170e-03
5.103140314903377543e+02 4.361517540414018868e+02 -1.414709006056774979e-02 -1.013943335841776261e-01
1.745030886051177959e+02 5.494480558838897650e+02 -2.334816442717743412e-01 -1.950975888868150265e-01
1.030984588342334291e+03 4.450097769645477115e+02 -2.143828538443076984e-03 6.759394518775522706e-04
1.062869056318863841e+03 2.516856643930737505e+02 4.596459987009526849e-02 -1.092829162724904130e-01
2.159725142885971820e+02 7.673770926220773845e+02 1.395689420698808343e-03 -6.128351247514685378e-04
5.454780517893183287e+02 4.979228733119197727e+02 -3.149215221672021364e-03 -9.139996349956590674e-03
2.667515459203773389e+02 5.572350950845294619e+02 3.106832586634138138e-02 3.669242743825268382e-02
4.813120834417684364e+02 4.464312904513192279e+02 -1.654025236995842335e-02 3.311293107609459413e-02
1.020506438116586764e+03 2.337981313348675769e+02 3.766277888729869811e-03 -9.928688771507085398e-03
2.431054733573606086e+02 5.022596364035017587e+02 2.040382926349125492e-02 3.812545248048943708e-02
9.094808706658785695e+02 8.400125158646469572e+02 9.334286526103080170e-03 5.059019401984754180e-03
2.357763925975336861e+02 3.185784844420851414e+02 4.524874034135967921e-02 1.233383442382945949e-01
8.268671473562520760e+02 8.739549205337050353e+02 3.292326988122639634e-03 8.731463695913757248e-03
1.072074176715402700e+03 3.434836837476283904e+02 3.802032299441216942e-03 -8.449466385891847217e-03
1.990047359695981868e+02 7.181353161594199719e+02 6.087738170030256024e-03 4.500293120508398748e-02
1.188283422218774149e+03 2.022328382617303646e+02 -6.326757149258810387e-02 1.001826975146852088e-02
9.985077848910034390e+02 2.465619667136552380e+02 1.345133853808672814e-02 -3.981046452814180486e-02
1.134695738632231269e+03 3.200858554498767603e+02 -3.739415726192368838e-01 5.937716112672283275e-01
1.149115579508982137e+03 2.529189903528700540e+02 3.574110202023316179e-03 -2.244920563909567554e-03
2.608535051170006227e+02 5.249355679078979620e+02 1.811156123847280919e-01 -3.653191701505257849e-01
1.219245527719164329e+03 2.413899787332345284e+02 8.852807039819826987e-03 -1.366407631845229301e-02
2.590372371021312006e+02 7.186279513698221990e+02 -1.060708457848836585e-03 6.072296130136290229e-03
3.723868720123820140e+02 1.050737397161254194e+03 -3.257799241729888301e-03 -3.929368678503426977e-03
1.194031677750324889e+03 2.097206385519367871e+02 1.080518460206041434e-02 3.461525120625912749e-02
1.215786872937034332e+03 2.544102725414299471e+02 9.780093903293952950e-02 -1.136787401080801979e-01
3.107207629849935984e+02 4.967621044588576638e+02 9.492804294851209940e-03 1.693710800896381513e-02
4.918968540109480614e+02 4.487177549953969447e+02 -1.994121498058514311e-03 2.093727244296438635e-03
4.680892638864331161e+02 1.099483716681035730e+03 5.596970743200632009e-02 -6.810390627212804630e-03
1.211800206237023758e+03 2.159905660299652368e+02 3.200314052275065029e-03 -6.276710502552787160e-03
1.165184155845268378e+03 3.945385173188033718e+02 -6.797877962445784961e-02 2.224175359903097712e-02
1.495322512072093843e+02 4.011825605163725754e+02 5.652135893462592944e-03 2.604361301057276897e-04
1.079138190664359854e+03 1.720324105139106621e+02 2.032058799547765138e-01 2.765546367879853085e-01
1.107215100687065615e+03 3.447186846712422721e+02 -5.362392162219643821e-02 -3.629083904821055195e-02
2.774525469516443081e+02 6.988411453638392459e+02 5.179678760222421532e-03 4.709724673817718837e-03
2.339168889848490664e+02 3.088945634898070693e+02 1.944142811573104992e-02 1.465649820313785767e-01
2.782104983262448741e+02 4.539511791290054816e+02 2.576423776596879073e-02 4.342378673457882032e-02
1.083176053789173238e+03 3.374932415833800405e+02 2.076526410428035374e-02 -3.822455467839252358e-02
1.289880334105586599e+03 3.285723082071185104e+02 -1.587195028577828917e-02 3.176969609966420055e-02
2.477387925123686898e+02 7.401739564802031737e+02 -1.648922520576311113e-02 -1.412114392520796499e-02
1.293328985351323354e+03 3.571540658729325628e+02 -3.380459320609380813e-01 2.643323925994712220e-01
2.133546019228143962e+02 6.709809346749042334e+02 5.706783201421265078e-03 -2.010573591074347327e-03
2.735659939965544822e+02 6.578041106235807547e+02 3.459579190498398692e-03 -8.553176517058749123e-03
2.526074910897633856e+02 3.475302880195631019e+02 -7.638094056567137913e-03 3.201693127786846976e-02
1.013453899905256094e+03 2.378213664276237296e+02 -7.551948155058820986e-03 2.531246353517570963e-02
2.582623749903826251e+02 6.947266603917025805e+02 -1.258691220818215209e-03 4.619562302102460036e-03
5.334883156843523011e+02 4.273765918011602025e+02 3.283440254438961103e-03 -4.155346076576852364e-03
2.660613005581053017e+02 4.283820536173045639e+02 -3.680011623206404237e-02 -1.748380518859079802e-01
1.100601828789178398e+03 1.697733305685780749e+02 1.928111452374359214e-01 2.753814640881503961e-01
9.934701622823138223e+02 2.213733341768326000e+02 8.566120348795489003e-03 -3.071838437193075491e-02
1.176900722425181357e+03 3.750858870871450677e+02 -4.397675413999748741e-03 7.343702812920153630e-03
2.818340174048802851e+02 4.350899797997871019e+02 2.090268813102205345e-02 2.717660292783928219e-02
1.069727252566318612e+03 2.007939462162121345e+02 -5.229312465313394609e-02 2.635227618635302416e-01
1.189430508519707473e+03 2.181134829060351876e+02 1.977539365750019887e-02 -1.521659554115855836e-02
1.132782986041721188e+03 2.399632472656032292e+02 2.080381088208593798e-01 1.167226682044655572e-01
2.804393522614743688e+02 4.484860301383014303e+02 -2.719503491810655593e-02 2.340373134345327330e-02
1.188992804447373146e+02 4.342765890866656946e+02 -1.876089659092195772e-01 -2.501026015909826872e-01
1.119875334143583586e+03 1.736360838140021770e+02 -8.790028560674634228e-02 1.158801354441053727e-01
1.159484279955044713e+03 1.565895839597024803e+02 9.161886048188386603e-03 -1.388775212772448350e-02
1.269919957588240777e+03 2.976390984961234381e+02 -7.161323715972313375e-03 4.098733103195655036e-02
1.255524048916601487e+03 3.075941220438900245e+02 1.412118230789427831e-01 -8.745003734540372775e-02
1.326901058855751899e+03 3.225111368938134433e+02 2.818098843730704739e-01 6.593387469032900572e-02
2.193533096497135944e+02 7.457077786524807834e+02 -3.005403750993451695e-03 5.737585045122746592e-03
1.045526200192661463e+03 2.080610675423490079e+02 1.187912563169118800e-02 9.370724674798164289e-02
1.060026134899406543e+03 2.370495345068445374e+02 1.190289684890403626e-01 8.752715616651282615e-02
1.154690649659562723e+03 1.809902542535811278e+02 2.455256303449730726e-02 -3.329366247893367908e-02
7.734749095326814938e+01 3.272370302465370742e+02 -8.071885476825620132e-02 1.339870187737962348e-01
1.049091296043929106e+03 1.831292959025455502e+02 8.376357150529123441e-02 -2.285406164927495862e-02
3.015890950521011291e+02 5.418019855660043049e+02 -3.510280065426701901e-02 -1.245554432526442545e-02
1.034464561438502187e+03 8.621646445817806352e+02 8.018724598000319479e-04 -2.504553695550147500e-03
3.281204274478401430e+02 1.089710611277337875e+03 2.368161422432372640e-02 -2.222866965639152259e-01
8.579931887045054282e+02 2.343465433277744410e+02 2.796364952841031704e-01 9.790694780986913814e-01
1.105728058128563816e+03 2.272068903007333347e+02 5.982880803704170719e-02 4.890339840786358562e-03
1.134274262815222983e+03 2.463857626037963087e+02 7.663732505352527542e-03 7.123121245740485219e-02
5.209042575816960152e+02 4.752233423056633796e+02 3.233526573198601452e-03 2.211973540972874894e-02
9.971091304275068978e+02 1.657905851461329689e+02 1.435589922346025560e-02 2.447235254314573602e-02
2.552031408028077522e+02 5.837616921342028036e+02 -1.012150119979896706e-01 1.326258640907915509e-01
3.518635622983434246e+02 4.338914453248170844e+02 -4.927623939123680907e-01 -2.792951575865366909e+00
1.209234610618048237e+03 2.619208312839692780e+02 1.021661688640918692e-03 -3.804382718969865664e-04
2.945199248786847761e+02 6.203944123534070059e+02 2.380974122576691443e-02 6.201458248492229541e-02
2.449607247811906348e+02 7.204650145450651735e+02 2.606521794804351230e-04 -2.311478438138882979e-04
2.017197375755113171e+02 4.450357214375595731e+02 1.339984451311801439e-01 -1.232095752745024086e-01
2.716603600210552258e+02 3.718049850742047511e+02 -3.819234379173102548e-03 -9.241610548725378432e-03
3.255624969945866383e+02 5.053423199358269926e+02 -1.251414962778307251e-02 -4.950499606935852837e-03
9.885937006892609702e+01 3.749875253504876014e+02 2.935752508314806164e-01 2.021762897867389053e-01
2.323773137439501681e+02 5.335637280477847071e+02 5.381345813612053650e-03 1.344337655589769587e-01
9.762448689798976602e+02 1.700724874448565060e+02 -3.837886118592506030e-03 -1.500911183342029838e-02
1.277709172096741668e+03 3.242677254442504022e+02 1.564886761447180641e-01 6.770489223781929466e-02
2.781769309161484216e+02 4.942817941626816491e+02 -3.531317981594383863e-03 -2.085397917316527197e-02
2.635366514511767946e+02 6.071160583746650445e+02 -2.869729424103297649e-02 -8.556321017522634798e-02
1.128414872953838312e+03 2.811471266078615940e+02 -4.551969615923401880e-01 9.176409995666436059e-02
2.763428762733083204e+02 4.593519971158434032e+02 -7.396479416458209832e-02 5.642837462236409418e-02
2.754129904513743554e+02 5.125993850051651179e+02 -1.125846130396200139e-03 -2.302293036573425933e-02
1.038477156834465404e+03 8.566288846927366194e+02 1.910199983070158655e-04 3.306340033289021513e-02
5.661184845546525821e+02 4.297398743423250380e+02 1.620733842662195516e-03 1.366275756056377182e-02
5.019452326582697879e+02 4.386945721989670233e+02 6.500922498769095594e-03 -8.864376401859502472e-03
1.027910432384028354e+03 8.685152921526756700e+02 -2.991312341857731150e-02 2.562969765822774998e-02
2.605083474724217467e+02 4.377051539431683409e+02 -5.158443250699286386e-02 -2.525940357429605765e-01
1.176622970138398841e+03 1.597089184556155033e+02 -1.203658763340500690e-02 2.860358764719548013e-03
2.594768531770945970e+02 3.565515461152595549e+02 6.833686578875131264e-03 1.071330805567803114e-02
1.387623710497954903e+02 3.970198499550937754e+02 -5.776444055404843930e-02 7.939218502490023865e-02
1.028620385804139232e+03 1.623449557292830150e+02 8.276743984202507287e-02 -1.547460973479360402e-01
1.112792409582925529e+03 1.984724435452397415e+02 -1.810766717074589749e-01 1.967567179001215583e-01
2.290466100775998939e+02 3.202772231125833287e+02 -6.188899677664076726e-02 -2.366076080521579417e-01
1.325182803736820460e+02 3.936612095971220242e+02 7.044479935575174816e-03 1.397609311800686316e-02
1.255198639415109028e+03 3.154858336463180990e+02 -4.101577441833997306e-01 3.303411161205945662e-02
1.181512748353195832e+02 4.434980837143975236e+02 -1.662415666491212363e-01 -2.585431276258659539e-01
2.762439399629769810e+02 5.288780848542802460e+02 9.199855886530175497e-02 9.866477998882876299e-02
1.171103015358767834e+03 2.303399179623269220e+02 1.706837441599528757e-02 5.970980715693743890e-02
1.230278008834415459e+03 3.191620179212511061e+02 -2.478823907881770872e-01 -2.532141993369770860e-01
5.025734200805313208e+02 4.703457782276883563e+02 -6.415881325669481328e-02 6.482567023925511762e-02
5.619749818622821067e+02 4.950844211627713207e+02 -5.554677571570465489e-03 2.272052102410349050e-02
1.073119828747730935e+03 1.648685475259040345e+02 2.490225609093030812e-01 2.666039150670087565e-01
1.175222816513875841e+03 1.745592812787895411e+02 3.524839700048687519e-02 -7.608060697326735067e-02
1.195055408265725873e+03 1.895595297502012215e+02 -1.046458999227937170e-01 1.094827254974832798e-01
2.651048506749867215e+02 5.838567778995949311e+02 -2.089668011087120192e-02 9.054393459121357068e-02
2.566459227615239911e+02 7.353772431459866539e+02 9.906012677605602335e-03 6.358148244320460662e-03
1.056438813947283961e+03 2.317990228065945928e+02 -7.305428215261511316e-02 3.151833086005459972e-01
1.157511386280070155e+03 1.893478133922477582e+02 5.232181540496903989e-03 1.985330104751927005e-02
1.266532672311994247e+03 2.035498131841922600e+02 -1.094203701692212337e-02 1.701601659610494114e-04
1.748009929218537195e+02 4.435082009742129117e+02 -2.998145279427717400e-02 -4.233900727457466651e-02
2.902994580731942733e+02 4.433267897693032751e+02 5.227862789012836797e-02 -1.000780268930365480e-01
3.557465313692954396e+02 1.052415909063588060e+03 2.516849805567934056e-02 2.209141878392983926e-02
1.096448269726986837e+03 2.323336319064281952e+02 2.398698549186049217e-02 1.227644434391908790e-01
1.021435909888123092e+03 2.803545898558995191e+02 1.125036183284150969e-02 -1.444421845951912309e-01
1.012252317389095879e+03 2.542916955697273806e+02 -3.319108386302056096e-02 6.657226305792107723e-02
1.214347520987748339e+03 3.652374114481668244e+02 2.174167742418018842e-02 -2.730007792067721747e-02
1.183517050243383437e+03 1.912375939359752692e+02 4.044457114610446134e-04 1.617353539541210514e-03
1.184619995312302080e+03 2.060655693860614406e+02 2.896250244174114821e-02 -9.726052844610072468e-02
8.190406339697997851e+01 3.407067138201699095e+02 -4.171186994527829178e-02 -5.477354968411191072e-02
3.067620371943428950e+02 5.633291345702036779e+02 -8.976163620527586456e-03 1.045954476976021334e-02
2.692917958179794482e+02 5.718175129717208165e+02 1.007609666322898008e-02 6.394550347992029871e-03
1.011335468204269887e+03 1.710000898443022095e+02 -1.775633337165965706e-02 1.628835231346024287e-02
1.045203381973395608e+03 1.877901605938488387e+02 1.720028285741674046e-01 3.754992187361936851e-01
1.116058457135727622e+03 1.935313817113802486e+02 1.934245699665511353e-02 2.406884990519428669e-01
1.132542385424306758e+03 1.847562653755283009e+02 1.090915527137522878e-01 -3.670652635341815212e-02
1.067172522763182542e+03 2.051994431893047306e+02 2.197670093610626652e-01 -3.913148567031173031e-02
1.133124601081991159e+03 2.179081877549829471e+02 -6.473403480485599715e-02 6.115876222523685540e-02
5.603289458006657924e+02 4.187383188208085016e+02 3.163852669747159452e-02 3.771451443425023753e-02
2.515167144102167640e+02 7.148780681147321729e+02 -1.921192202137993882e-02 -3.570762336188354480e-02
1.059971547992473461e+03 2.417526316404541831e+02 1.007440579805916059e-01 4.494365618116764882e-02
1.321255075849178411e+03 3.275394119435473499e+02 5.216202676801913185e-01 2.732291141451601013e-01
1.109042490756368124e+03 1.678399543533136580e+02 7.098450032017605826e-02 -5.883028360989012856e-02
1.141031390327782219e+03 1.996394518645371079e+02 -5.280308404437366460e-02 3.041496946539249888e-02
1.154540411790779444e+03 3.219060923449762868e+02 6.426139967440273708e-03 2.860314072317275084e-03
1.313106993996372239e+03 3.372833454619869258e+02 4.478777317892637111e-01 3.800819769129348824e-01
2.735542217508905765e+02 5.684161400343675723e+02 1.481677334107050353e-02 4.376427399550821690e-03
8.087422997944024701e+02 3.687346826621829337e+02 1.362850104868250367e-02 1.428356800283167756e-02
1.119598065446304417e+03 1.573890723588412186e+02 2.838598686785056002e-01 -3.664621213856328330e-01
1.027066101694963663e+03 2.223787742567132852e+02 7.728744117738482224e-03 -2.592161911593393597e-02
1.078086921979385806e+03 3.415209459571656794e+02 -1.307497194468797965e-03 -4.472924883243850624e-02
2.940511234917998422e+02 5.981200738418543779e+02 2.461474646247552300e-02 -1.971366666840126958e-02
2.671397989760826022e+02 7.107003332328748684e+02 -1.731322717961013323e-03 3.487512087156788092e-04
9.443160467832740324e+01 3.798007831867603841e+02 2.852321432180691119e-01 3.278459383060052801e-01
8.567978995091899606e+02 2.100500929900655933e+02 3.564352689721701495e-01 7.942786586269399152e-01
1.157376493116652455e+03 2.031777705600229069e+02 -5.321471826673018768e-02 1.161180375409820442e-02
1.130319595024581758e+03 2.739106068346898155e+02 -2.604579319642539303e-01 2.839022176935337427e-01
1.249961756789332640e+03 3.511463240333252998e+02 -2.398253904256506530e-01 6.465922395961705149e-01
5.483235917510806985e+02 4.120079104943289394e+02 -7.900687705622052096e-03 -1.123695281622872216e-01
1.073216842201864893e+03 1.923483483912329177e+02 1.120278017870229292e-01 2.411052115679391816e-01
1.213461444922981400e+03 2.712391395396685425e+02 -1.732378878033765876e-02 3.441260214739638029e-02
2.376473084498913408e+02 7.648846287303719009e+02 -4.466890231367415080e-03 -6.840484737858787065e-03
9.680987836975687060e+02 8.687592673520059634e+02 -1.485089737037318010e-02 2.287964013944474712e-02
2.838240305135092285e+02 4.826049195920699617e+02 -4.572304080982446568e-03 -3.040487565953802623e-02
3.268946863036358650e+02 5.232656881480104403e+02 -2.589227098679966130e-02 -1.211341390570298999e-02
5.233012073184976316e+02 4.929981646597520353e+02 -1.241513656005313951e-02 -1.104696290709788163e-02
8.553236675907262452e+02 2.445747493017549345e+02 3.492528263177518966e-02 2.477692287290104989e-01
1.114066376067997226e+03 3.608766400905145133e+02 2.375298992676886951e-03 7.400353102424007783e-03
8.886366163886779646e+01 3.662428245228593937e+02 1.754931069761876405e-01 6.672603920761205343e-02
1.085014751903182287e+03 2.529777918939745120e+02 1.181094762682907695e-01 5.849191686409894730e-01
1.161536484883579533e+03 2.323410934640847927e+02 -3.909535351455745850e-02 8.571694319176205445e-02
2.514720244149073096e+02 5.318982448162441869e+02 2.236285707890842134e-01 -1.197447812716413568e-01
7.597984667055264936e+02 9.197731900574035535e+02 -1.670414680603908575e-02 -4.203194340220761660e-03
2.939922032817615332e+02 4.524235930084038273e+02 1.688468745865634446e-02 2.916233164068178854e-02
1.092000996920984790e+03 2.024418650378019606e+02 -1.618414075299673127e-01 -3.305339570054215415e-01
1.085489127830860525e+03 3.400433286249545972e+02 -8.003323416680056812e-02 1.746153822874892680e-01
2.034262294272828910e+02 5.434237284543007718e+02 1.488394394228767792e-01 4.025153864164584400e-02
2.787686417999985906e+02 6.019396444808554634e+02 5.363889566433025641e-02 -7.784123969488139505e-02
3.236624150458745817e+02 1.097780149205258112e+03 -3.253505592515182343e-02 -1.739502257082297942e-01
1.246432787965333318e+03 2.980059168839425752e+02 3.012448802651719604e-02 -6.827255115346340941e-02
3.690503314365046776e+02 5.182787081271503666e+02 1.808808954359619834e-03 3.048796955795296526e-02
1.210815994201228250e+03 3.467146513526946023e+02 -1.175202851769427126e-01 -6.538904657637659157e-02
2.829883959125267552e+02 6.226159090334082293e+02 -2.179052454758902829e-02 -3.901221620822070690e-02
2.249496140080054261e+02 6.769141648284139592e+02 1.390214005979544323e-02 2.706459850985538582e-02
8.181893438436469523e+02 8.869754053046736999e+02 -1.013454412445753336e-02 1.609628788500003932e-02
2.613604436703965916e+02 3.493951325971114557e+02 1.627854576684563404e-02 7.788215271019932606e-02
8.615881735463926816e+02 2.007232464581987301e+02 2.430177849806669788e-01 3.610662252130794059e-01
1.249246448361533339e+03 2.874228030643635634e+02 2.555688311900767840e-01 -8.082238722215606685e-02
1.188808437405959921e+03 3.669453922974994384e+02 -5.704540014602975384e-02 -5.673170895268715881e-03
2.516259617551250471e+02 3.337774369220451263e+02 9.873964150459357825e-02 1.187126155543865025e-01
4.632379175077019795e+02 4.528006989926667529e+02 -7.578638803501291932e-03 7.727312763492477643e-03
3.050408852510051929e+02 5.194802285366708929e+02 4.910904377017288880e-02 6.178211002288946929e-02
1.128735131450428980e+03 2.388046720941433136e+02 7.373271572049588940e-03 6.184042188551330810e-02
1.119973316912777136e+03 2.859272164945217014e+02 -3.305057939482196616e-01 1.808885518216385435e-02
1.147259089873772382e+03 3.375892993841117686e+02 -1.261839465340131028e-02 7.372264209004697477e-02
1.294635175753702470e+03 3.358463306137285826e+02 -1.364797669631911958e-01 -1.405858011516087913e-01
2.296339427928172086e+02 3.397470621848017345e+02 -7.274836364803556610e-02 -1.111206800544469603e-01
2.513311273203277096e+02 3.853348261550428333e+02 -8.221011911585053566e-02 -8.391769584396310822e-02
2.729860602538253715e+02 3.844059595561329843e+02 9.682591161142031777e-02 -7.689625520118527346e-02
2.501743106897268376e+02 4.216689825183885887e+02 -7.359084355042407044e-02 -1.346973753246467342e-01
5.337693019176199414e+02 4.153087512829875436e+02 -1.912921940735096832e-02 4.688700461283750592e-02
5.184719943681644736e+02 4.732720090241254525e+02 2.035588486480069750e-02 5.150643583813722254e-02
9.809979481106408912e+02 1.681994538427706516e+02 2.514921808793652708e-02 -4.759246231856195664e-02
1.068583063976969243e+03 2.568037310350648568e+02 -5.074254117796174468e-02 6.581627437301855732e-01
1.206176738964594733e+03 2.067697686221875699e+02 -5.323987703117641877e-03 4.604264671961898203e-02
1.245960127193513472e+03 2.549632083976721049e+02 5.249688565017355396e-02 -6.687377470280710112e-02
2.402907518955989872e+02 6.741552409152387781e+02 1.577204278361981488e-02 4.994030755363253193e-02
5.291788924435587660e+02 4.395919336939452364e+02 4.211540795641136731e-02 2.287077017395707304e-02
1.013468080579182583e+03 2.253044733589778446e+02 -1.626409554745578134e-02 1.162411049487796361e-01
1.198788049858144177e+03 3.579180951734161908e+02 -6.725662780712582389e-01 4.969853423647900281e-01
1.218808278303286215e+03 3.798280872789026148e+02 -1.787846576064566761e-02 -1.865697543469953647e-03
3.138682601277196227e+02 5.837098877006295652e+02 -3.280044563161747112e-02 3.323741190348528107e-02
2.794731264686062104e+02 7.257789947392446948e+02 -8.083978962162063908e-03 2.143209726841632801e-02
2.789325048034116321e+02 4.011101344805958888e+02 -6.143528058370293504e-02 3.228923543705377597e-01
1.008333572250995644e+03 2.120416978408804027e+02 -2.233694960420962161e-02 8.060500160909782330e-02
9.202674498503650966e+02 9.190260557895346665e+02 -6.069515019521532113e-03 -1.163904494333337369e-01
2.795295529607631693e+02 4.875306604038343607e+02 -2.624910918872558341e-02 -1.536839377095446935e-01
2.783048224251381271e+02 5.013540937174752230e+02 -5.608083993314494364e-02 -2.882298314840170406e-02
3.096346841223592037e+02 5.020842901916917640e+02 -3.750816470399342961e-02 1.166942892349709382e-02
1.083232748056482933e+03 1.671168311391764689e+02 1.162174525394448210e-01 2.191680712798316222e-01
1.043948147293231159e+03 1.771465057141030854e+02 7.014720811190500172e-02 -3.984257652480920342e-01
1.283212447669728135e+03 3.447021722777337800e+02 -3.236895076342420907e-01 -6.967400289446317174e-01
2.175419718584578561e+02 7.709535303471106999e+02 -3.222146077062149061e-02 -4.883601928472103282e-02
7.494937845365516296e+02 9.148978395637969925e+02 2.229593067266648632e-01 -3.296280392305561691e-03
2.269504562206582818e+02 3.110699270370894851e+02 -4.462477995638399614e-02 -2.714876619294462334e-01
5.444018292729620043e+02 4.053569306847444977e+02 1.661628605385582656e-03 -1.541362982754890254e-02
1.087418681131227459e+03 2.119413284749696516e+02 -4.696810361641230898e-03 1.317602443087177201e-02
1.109701985202956848e+03 2.091212304046173074e+02 1.985776404895508163e-01 -1.584340141201323604e-01
1.043438525427777449e+03 2.486332638230989573e+02 -3.338271688858185371e-02 2.324463984803912808e-01
1.208518433004925100e+03 3.572126872550379630e+02 -4.387993154318792222e-02 -4.705476599627900214e-02
2.843727860158716680e+02 6.405492117318193550e+02 -1.225017524514745125e-02 5.526486879364256311e-02
2.445354040512251004e+02 6.639913303220336047e+02 2.267698930052119977e-02 -1.052893303045342038e-01
2.921521001411777547e+02 6.768693612800377650e+02 -1.998389338370998303e-02 -4.688704583194672898e-02
1.003445018138521732e+03 8.364832308288030163e+02 -9.214340541613333727e-03 -2.239952280304654056e-02
2.576209901094037491e+02 4.183804115921417406e+02 -1.552667239315042025e-02 -1.387933277175648072e-01
1.081622666821059283e+03 1.768996467864721183e+02 6.006293081998137495e-02 2.211270343088926893e-01
1.048239801752022913e+03 1.850244491526045465e+02 -9.111225479273343808e-03 -1.234414946522832679e-01
1.064308367650228092e+03 2.128955958855235053e+02 -6.927937336911327293e-02 4.692677332738526275e-02
1.054001783266583516e+03 2.308604894558606020e+02 2.265726067105333641e-02 -2.070566792014005841e-02
1.172287318440121908e+03 1.453591388809496152e+02 9.477831743959086452e-02 -1.421205365295747924e-01
2.379498529198709207e+02 7.649605833960589507e+02 5.448347762934702132e-02 1.333927635914733401e-02
9.057755746673412887e+02 8.456738268506087479e+02 9.871223592881506192e-03 -1.823324342939258713e-02
2.601211789654967106e+02 4.760954676209755689e+02 0.000000000000000000e+00 0.000000000000000000e+00
5.402037372707553686e+02 4.798549719324236094e+02 0.000000000000000000e+00 0.000000000000000000e+00
1.128025446560469618e+03 1.897576545493449771e+02 0.000000000000000000e+00 0.000000000000000000e+00
1.120020494606188777e+03 2.304961668484856432e+02 0.000000000000000000e+00 0.000000000000000000e+00
1.178147931066880801e+03 3.925685223967876141e+02 0.000000000000000000e+00 0.000000000000000000e+00
2.706767363971028431e+02 6.990171089769795572e+02 0.000000000000000000e+00 0.000000000000000000e+00
4.109494175419746398e+02 5.677906424056566266e+02 0.000000000000000000e+00 0.000000000000000000e+00
7.018342059655165031e+02 6.755625881580247096e+02 0.000000000000000000e+00 0.000000000000000000e+00
3.183016668816914603e+02 7.158425871323900083e+02 0.000000000000000000e+00 0.000000000000000000e+00
6.977917975648441598e+02 8.431243886688677094e+02 0.000000000000000000e+00 0.000000000000000000e+00
7.861605795513834209e+02 9.554723632894641696e+02 0.000000000000000000e+00 0.000000000000000000e+00
4.681527971541804618e+02 1.099670986954231466e+03 0.000000000000000000e+00 0.000000000000000000e+00
